Name: Striatum [D1], Title: Raster plot from device '20340', Hist: False
414.1 :    1 : [2315]
414.3 :    1 : [2326]
414.5 :    1 : [2332]
414.6 :    7 : [2287, 2294, 2296, 2298, 2305, 2334, 2337]
414.7 :    6 : [2265, 2286, 2297, 2304, 2320, 2349]
414.8 :    2 : [2310, 2331]
414.9 :    2 : [2275, 2341]
415.0 :    1 : [2318]
415.2 :    1 : [2284]
415.3 :   10 : [2264, 2271, 2285, 2323, 2329, 2330, 2335, 2339, 2348, 2356]
415.4 :    6 : [2262, 2267, 2272, 2289, 2319, 2322]
415.5 :    2 : [2259, 2263]
415.6 :    2 : [2288, 2312]
415.7 :    5 : [2293, 2306, 2311, 2325, 2346]
415.8 :    2 : [2269, 2336]
415.9 :    4 : [2278, 2299, 2338, 2357]
416.0 :    2 : [2273, 2281]
416.1 :   13 : [2266, 2279, 2283, 2302, 2303, 2316, 2327, 2328, 2340, 2345, 2347, 2351, 2355]
416.2 :    9 : [2268, 2274, 2292, 2307, 2317, 2321, 2324, 2342, 2353]
416.3 :    3 : [2291, 2343, 2358]
416.4 :    4 : [2261, 2301, 2308, 2333]
416.5 :    5 : [2270, 2277, 2314, 2315, 2344]
416.6 :    1 : [2280]
416.7 :    2 : [2309, 2326]
417.0 :    1 : [2300]
417.2 :    3 : [2296, 2313, 2332]
417.3 :    9 : [2286, 2287, 2294, 2297, 2305, 2320, 2334, 2337, 2349]
417.4 :    2 : [2298, 2304]
417.5 :    6 : [2260, 2265, 2282, 2290, 2310, 2331]
417.6 :    4 : [2275, 2276, 2295, 2341]
417.7 :    3 : [2271, 2318, 2356]
417.8 :    6 : [2264, 2284, 2285, 2329, 2330, 2339]
417.9 :    7 : [2272, 2322, 2323, 2335, 2348, 2352, 2354]
418.0 :    2 : [2259, 2289]
418.1 :    4 : [2262, 2267, 2288, 2319]
418.2 :    4 : [2263, 2269, 2293, 2312]
418.3 :    5 : [2306, 2311, 2325, 2346, 2350]
418.5 :    5 : [2278, 2299, 2336, 2338, 2357]
418.6 :    6 : [2279, 2281, 2315, 2328, 2340, 2347]
418.7 :   10 : [2266, 2273, 2283, 2292, 2316, 2321, 2327, 2345, 2353, 2358]
418.8 :   10 : [2268, 2274, 2302, 2303, 2307, 2317, 2324, 2326, 2342, 2355]
418.9 :    5 : [2261, 2291, 2333, 2343, 2351]
419.0 :    4 : [2270, 2277, 2301, 2308]
419.1 :    2 : [2314, 2344]
419.2 :    1 : [2309]
419.3 :    3 : [2280, 2296, 2332]
419.4 :    9 : [2286, 2287, 2294, 2297, 2305, 2320, 2334, 2337, 2349]
419.5 :    2 : [2298, 2304]
419.6 :    5 : [2265, 2300, 2310, 2313, 2331]
419.7 :    2 : [2275, 2341]
419.8 :    3 : [2271, 2318, 2356]
419.9 :    6 : [2264, 2284, 2285, 2329, 2330, 2339]
420.0 :    5 : [2272, 2322, 2323, 2335, 2348]
420.1 :    7 : [2259, 2260, 2276, 2282, 2289, 2290, 2295]
420.2 :    4 : [2262, 2267, 2288, 2319]
420.3 :    4 : [2263, 2269, 2293, 2312]
420.4 :    6 : [2306, 2311, 2325, 2346, 2352, 2354]
420.6 :    5 : [2278, 2299, 2336, 2338, 2357]
420.7 :    6 : [2279, 2281, 2315, 2328, 2340, 2347]
420.8 :   11 : [2266, 2273, 2283, 2292, 2316, 2321, 2327, 2345, 2350, 2353, 2358]
420.9 :   10 : [2268, 2274, 2302, 2303, 2307, 2317, 2324, 2326, 2342, 2355]
421.0 :    5 : [2261, 2291, 2333, 2343, 2351]
421.1 :    4 : [2270, 2277, 2301, 2308]
421.2 :    2 : [2314, 2344]
421.3 :    1 : [2309]
421.4 :    3 : [2280, 2296, 2332]
421.5 :    9 : [2286, 2287, 2294, 2297, 2305, 2320, 2334, 2337, 2349]
421.6 :    2 : [2298, 2304]
421.7 :    5 : [2265, 2300, 2310, 2313, 2331]
421.8 :    2 : [2275, 2341]
421.9 :    3 : [2271, 2318, 2356]
422.0 :    6 : [2264, 2284, 2285, 2329, 2330, 2339]
422.1 :    5 : [2272, 2322, 2323, 2335, 2348]
422.2 :    7 : [2259, 2260, 2276, 2282, 2289, 2290, 2295]
422.3 :    4 : [2262, 2267, 2288, 2319]
422.4 :    4 : [2263, 2269, 2293, 2312]
422.5 :    6 : [2306, 2311, 2325, 2346, 2352, 2354]
422.7 :    5 : [2278, 2299, 2336, 2338, 2357]
422.8 :    6 : [2279, 2281, 2315, 2328, 2340, 2347]
422.9 :   11 : [2266, 2273, 2283, 2292, 2316, 2321, 2327, 2345, 2350, 2353, 2358]
423.0 :   10 : [2268, 2274, 2302, 2303, 2307, 2317, 2324, 2326, 2342, 2355]
423.1 :    5 : [2261, 2291, 2333, 2343, 2351]
423.2 :    4 : [2270, 2277, 2301, 2308]
423.3 :    2 : [2314, 2344]
423.4 :    1 : [2309]
423.5 :    3 : [2280, 2296, 2332]
423.6 :    9 : [2286, 2287, 2294, 2297, 2305, 2320, 2334, 2337, 2349]
423.7 :    2 : [2298, 2304]
423.8 :    5 : [2265, 2300, 2310, 2313, 2331]
423.9 :    2 : [2275, 2341]
424.0 :    3 : [2271, 2318, 2356]
424.1 :    6 : [2264, 2284, 2285, 2329, 2330, 2339]
424.2 :    5 : [2272, 2322, 2323, 2335, 2348]
424.3 :    7 : [2259, 2260, 2276, 2282, 2289, 2290, 2295]
424.4 :    4 : [2262, 2267, 2288, 2319]
424.5 :    4 : [2263, 2269, 2293, 2312]
424.6 :    6 : [2306, 2311, 2325, 2346, 2352, 2354]
424.8 :    5 : [2278, 2299, 2336, 2338, 2357]
424.9 :    6 : [2279, 2281, 2315, 2328, 2340, 2347]
425.0 :   11 : [2266, 2273, 2283, 2292, 2316, 2321, 2327, 2345, 2350, 2353, 2358]
425.1 :   10 : [2268, 2274, 2302, 2303, 2307, 2317, 2324, 2326, 2342, 2355]
425.2 :    5 : [2261, 2291, 2333, 2343, 2351]
425.3 :    4 : [2270, 2277, 2301, 2308]
425.4 :    2 : [2314, 2344]
425.5 :    1 : [2309]
425.6 :    3 : [2280, 2296, 2332]
425.7 :    9 : [2286, 2287, 2294, 2297, 2305, 2320, 2334, 2337, 2349]
425.8 :    2 : [2298, 2304]
425.9 :    5 : [2265, 2300, 2310, 2313, 2331]
426.0 :    2 : [2275, 2341]
426.1 :    3 : [2271, 2318, 2356]
426.2 :    6 : [2264, 2284, 2285, 2329, 2330, 2339]
426.3 :    5 : [2272, 2322, 2323, 2335, 2348]
426.4 :    7 : [2259, 2260, 2276, 2282, 2289, 2290, 2295]
426.5 :    4 : [2262, 2267, 2288, 2319]
426.6 :    4 : [2263, 2269, 2293, 2312]
426.7 :    6 : [2306, 2311, 2325, 2346, 2352, 2354]
426.9 :    5 : [2278, 2299, 2336, 2338, 2357]
427.0 :    6 : [2279, 2281, 2315, 2328, 2340, 2347]
427.1 :   11 : [2266, 2273, 2283, 2292, 2316, 2321, 2327, 2345, 2350, 2353, 2358]
427.2 :   10 : [2268, 2274, 2302, 2303, 2307, 2317, 2324, 2326, 2342, 2355]
427.3 :    5 : [2261, 2291, 2333, 2343, 2351]
427.4 :    4 : [2270, 2277, 2301, 2308]
427.5 :    2 : [2314, 2344]
427.6 :    1 : [2309]
427.7 :    3 : [2280, 2296, 2332]
427.8 :    9 : [2286, 2287, 2294, 2297, 2305, 2320, 2334, 2337, 2349]
427.9 :    2 : [2298, 2304]
428.0 :    5 : [2265, 2300, 2310, 2313, 2331]
428.1 :    2 : [2275, 2341]
428.2 :    3 : [2271, 2318, 2356]
428.3 :    6 : [2264, 2284, 2285, 2329, 2330, 2339]
428.4 :    5 : [2272, 2322, 2323, 2335, 2348]
428.5 :    7 : [2259, 2260, 2276, 2282, 2289, 2290, 2295]
428.6 :    4 : [2262, 2267, 2288, 2319]
428.7 :    4 : [2263, 2269, 2293, 2312]
428.8 :    6 : [2306, 2311, 2325, 2346, 2352, 2354]
429.0 :    5 : [2278, 2299, 2336, 2338, 2357]
429.1 :    6 : [2279, 2281, 2315, 2328, 2340, 2347]
429.2 :   11 : [2266, 2273, 2283, 2292, 2316, 2321, 2327, 2345, 2350, 2353, 2358]
429.3 :   10 : [2268, 2274, 2302, 2303, 2307, 2317, 2324, 2326, 2342, 2355]
429.4 :    5 : [2261, 2291, 2333, 2343, 2351]
429.5 :    4 : [2270, 2277, 2301, 2308]
429.6 :    2 : [2314, 2344]
429.7 :    1 : [2309]
429.8 :    3 : [2280, 2296, 2332]
429.9 :    9 : [2286, 2287, 2294, 2297, 2305, 2320, 2334, 2337, 2349]
430.0 :    2 : [2298, 2304]
430.1 :    5 : [2265, 2300, 2310, 2313, 2331]
430.2 :    2 : [2275, 2341]
430.3 :    3 : [2271, 2318, 2356]
430.4 :    6 : [2264, 2284, 2285, 2329, 2330, 2339]
430.5 :    5 : [2272, 2322, 2323, 2335, 2348]
430.6 :    7 : [2259, 2260, 2276, 2282, 2289, 2290, 2295]
430.7 :    4 : [2262, 2267, 2288, 2319]
430.8 :    4 : [2263, 2269, 2293, 2312]
430.9 :    6 : [2306, 2311, 2325, 2346, 2352, 2354]
431.1 :    5 : [2278, 2299, 2336, 2338, 2357]
431.2 :    6 : [2279, 2281, 2315, 2328, 2340, 2347]
431.3 :   11 : [2266, 2273, 2283, 2292, 2316, 2321, 2327, 2345, 2350, 2353, 2358]
431.4 :   10 : [2268, 2274, 2302, 2303, 2307, 2317, 2324, 2326, 2342, 2355]
431.5 :    5 : [2261, 2291, 2333, 2343, 2351]
431.6 :    4 : [2270, 2277, 2301, 2308]
431.7 :    2 : [2314, 2344]
431.8 :    1 : [2309]
431.9 :    3 : [2280, 2296, 2332]
432.0 :    9 : [2286, 2287, 2294, 2297, 2305, 2320, 2334, 2337, 2349]
432.1 :    2 : [2298, 2304]
432.2 :    5 : [2265, 2300, 2310, 2313, 2331]
432.3 :    2 : [2275, 2341]
432.4 :    3 : [2271, 2318, 2356]
432.5 :    6 : [2264, 2284, 2285, 2329, 2330, 2339]
432.6 :    5 : [2272, 2322, 2323, 2335, 2348]
432.7 :    7 : [2259, 2260, 2276, 2282, 2289, 2290, 2295]
432.8 :    4 : [2262, 2267, 2288, 2319]
432.9 :    4 : [2263, 2269, 2293, 2312]
433.0 :    6 : [2306, 2311, 2325, 2346, 2352, 2354]
433.2 :    5 : [2278, 2299, 2336, 2338, 2357]
433.3 :    6 : [2279, 2281, 2315, 2328, 2340, 2347]
433.4 :   11 : [2266, 2273, 2283, 2292, 2316, 2321, 2327, 2345, 2350, 2353, 2358]
433.5 :   10 : [2268, 2274, 2302, 2303, 2307, 2317, 2324, 2326, 2342, 2355]
433.6 :    5 : [2261, 2291, 2333, 2343, 2351]
433.7 :    4 : [2270, 2277, 2301, 2308]
433.8 :    2 : [2314, 2344]
433.9 :    1 : [2309]
434.0 :    3 : [2280, 2296, 2332]
434.1 :    9 : [2286, 2287, 2294, 2297, 2305, 2320, 2334, 2337, 2349]
434.2 :    2 : [2298, 2304]
434.3 :    5 : [2265, 2300, 2310, 2313, 2331]
434.4 :    2 : [2275, 2341]
434.5 :    3 : [2271, 2318, 2356]
434.6 :    6 : [2264, 2284, 2285, 2329, 2330, 2339]
434.7 :    5 : [2272, 2322, 2323, 2335, 2348]
434.8 :    7 : [2259, 2260, 2276, 2282, 2289, 2290, 2295]
434.9 :    4 : [2262, 2267, 2288, 2319]
435.0 :    4 : [2263, 2269, 2293, 2312]
435.1 :    6 : [2306, 2311, 2325, 2346, 2352, 2354]
435.3 :    5 : [2278, 2299, 2336, 2338, 2357]
435.4 :    6 : [2279, 2281, 2315, 2328, 2340, 2347]
435.5 :   11 : [2266, 2273, 2283, 2292, 2316, 2321, 2327, 2345, 2350, 2353, 2358]
435.6 :   10 : [2268, 2274, 2302, 2303, 2307, 2317, 2324, 2326, 2342, 2355]
435.7 :    5 : [2261, 2291, 2333, 2343, 2351]
435.8 :    4 : [2270, 2277, 2301, 2308]
435.9 :    2 : [2314, 2344]
436.0 :    1 : [2309]
436.1 :    3 : [2280, 2296, 2332]
436.2 :    9 : [2286, 2287, 2294, 2297, 2305, 2320, 2334, 2337, 2349]
436.3 :    2 : [2298, 2304]
436.4 :    5 : [2265, 2300, 2310, 2313, 2331]
436.5 :    2 : [2275, 2341]
436.6 :    3 : [2271, 2318, 2356]
436.7 :    6 : [2264, 2284, 2285, 2329, 2330, 2339]
436.8 :    5 : [2272, 2322, 2323, 2335, 2348]
436.9 :    7 : [2259, 2260, 2276, 2282, 2289, 2290, 2295]
437.0 :    4 : [2262, 2267, 2288, 2319]
437.1 :    4 : [2263, 2269, 2293, 2312]
437.2 :    6 : [2306, 2311, 2325, 2346, 2352, 2354]
437.4 :    5 : [2278, 2299, 2336, 2338, 2357]
437.5 :    6 : [2279, 2281, 2315, 2328, 2340, 2347]
437.6 :   11 : [2266, 2273, 2283, 2292, 2316, 2321, 2327, 2345, 2350, 2353, 2358]
437.7 :   10 : [2268, 2274, 2302, 2303, 2307, 2317, 2324, 2326, 2342, 2355]
437.8 :    5 : [2261, 2291, 2333, 2343, 2351]
437.9 :    4 : [2270, 2277, 2301, 2308]
438.0 :    2 : [2314, 2344]
438.1 :    1 : [2309]
438.2 :    3 : [2280, 2296, 2332]
438.3 :    9 : [2286, 2287, 2294, 2297, 2305, 2320, 2334, 2337, 2349]
438.4 :    2 : [2298, 2304]
438.5 :    5 : [2265, 2300, 2310, 2313, 2331]
438.6 :    2 : [2275, 2341]
438.7 :    3 : [2271, 2318, 2356]
438.8 :    6 : [2264, 2284, 2285, 2329, 2330, 2339]
438.9 :    5 : [2272, 2322, 2323, 2335, 2348]
439.0 :    7 : [2259, 2260, 2276, 2282, 2289, 2290, 2295]
439.1 :    4 : [2262, 2267, 2288, 2319]
439.2 :    4 : [2263, 2269, 2293, 2312]
439.3 :    6 : [2306, 2311, 2325, 2346, 2352, 2354]
439.5 :    5 : [2278, 2299, 2336, 2338, 2357]
439.6 :    6 : [2279, 2281, 2315, 2328, 2340, 2347]
439.7 :   11 : [2266, 2273, 2283, 2292, 2316, 2321, 2327, 2345, 2350, 2353, 2358]
439.8 :   10 : [2268, 2274, 2302, 2303, 2307, 2317, 2324, 2326, 2342, 2355]
439.9 :    5 : [2261, 2291, 2333, 2343, 2351]
440.0 :    4 : [2270, 2277, 2301, 2308]
440.1 :    2 : [2314, 2344]
440.2 :    1 : [2309]
440.3 :    3 : [2280, 2296, 2332]
440.4 :    9 : [2286, 2287, 2294, 2297, 2305, 2320, 2334, 2337, 2349]
440.5 :    2 : [2298, 2304]
440.6 :    5 : [2265, 2300, 2310, 2313, 2331]
440.7 :    2 : [2275, 2341]
440.8 :    3 : [2271, 2318, 2356]
440.9 :    6 : [2264, 2284, 2285, 2329, 2330, 2339]
441.0 :    5 : [2272, 2322, 2323, 2335, 2348]
441.1 :    7 : [2259, 2260, 2276, 2282, 2289, 2290, 2295]
441.2 :    4 : [2262, 2267, 2288, 2319]
441.3 :    4 : [2263, 2269, 2293, 2312]
441.4 :    6 : [2306, 2311, 2325, 2346, 2352, 2354]
441.6 :    5 : [2278, 2299, 2336, 2338, 2357]
441.7 :    6 : [2279, 2281, 2315, 2328, 2340, 2347]
441.8 :   11 : [2266, 2273, 2283, 2292, 2316, 2321, 2327, 2345, 2350, 2353, 2358]
441.9 :   10 : [2268, 2274, 2302, 2303, 2307, 2317, 2324, 2326, 2342, 2355]
442.0 :    5 : [2261, 2291, 2333, 2343, 2351]
442.1 :    4 : [2270, 2277, 2301, 2308]
442.2 :    2 : [2314, 2344]
442.3 :    1 : [2309]
442.4 :    3 : [2280, 2296, 2332]
442.5 :    9 : [2286, 2287, 2294, 2297, 2305, 2320, 2334, 2337, 2349]
442.6 :    2 : [2298, 2304]
442.7 :    5 : [2265, 2300, 2310, 2313, 2331]
442.8 :    2 : [2275, 2341]
442.9 :    3 : [2271, 2318, 2356]
443.0 :    6 : [2264, 2284, 2285, 2329, 2330, 2339]
443.1 :    5 : [2272, 2322, 2323, 2335, 2348]
443.2 :    7 : [2259, 2260, 2276, 2282, 2289, 2290, 2295]
443.3 :    4 : [2262, 2267, 2288, 2319]
443.4 :    4 : [2263, 2269, 2293, 2312]
443.5 :    6 : [2306, 2311, 2325, 2346, 2352, 2354]
443.7 :    5 : [2278, 2299, 2336, 2338, 2357]
443.8 :    6 : [2279, 2281, 2315, 2328, 2340, 2347]
443.9 :   11 : [2266, 2273, 2283, 2292, 2316, 2321, 2327, 2345, 2350, 2353, 2358]
444.0 :   10 : [2268, 2274, 2302, 2303, 2307, 2317, 2324, 2326, 2342, 2355]
444.1 :    5 : [2261, 2291, 2333, 2343, 2351]
444.2 :    4 : [2270, 2277, 2301, 2308]
444.3 :    2 : [2314, 2344]
444.4 :    1 : [2309]
444.5 :    3 : [2280, 2296, 2332]
444.6 :    9 : [2286, 2287, 2294, 2297, 2305, 2320, 2334, 2337, 2349]
444.7 :    2 : [2298, 2304]
444.8 :    5 : [2265, 2300, 2310, 2313, 2331]
444.9 :    2 : [2275, 2341]
445.0 :    3 : [2271, 2318, 2356]
445.1 :    6 : [2264, 2284, 2285, 2329, 2330, 2339]
445.2 :    5 : [2272, 2322, 2323, 2335, 2348]
445.3 :    7 : [2259, 2260, 2276, 2282, 2289, 2290, 2295]
445.4 :    4 : [2262, 2267, 2288, 2319]
445.5 :    4 : [2263, 2269, 2293, 2312]
445.6 :    6 : [2306, 2311, 2325, 2346, 2352, 2354]
445.8 :    5 : [2278, 2299, 2336, 2338, 2357]
445.9 :    6 : [2279, 2281, 2315, 2328, 2340, 2347]
446.0 :   11 : [2266, 2273, 2283, 2292, 2316, 2321, 2327, 2345, 2350, 2353, 2358]
446.1 :   10 : [2268, 2274, 2302, 2303, 2307, 2317, 2324, 2326, 2342, 2355]
446.2 :    5 : [2261, 2291, 2333, 2343, 2351]
446.3 :    4 : [2270, 2277, 2301, 2308]
446.4 :    2 : [2314, 2344]
446.5 :    1 : [2309]
446.6 :    3 : [2280, 2296, 2332]
446.7 :    9 : [2286, 2287, 2294, 2297, 2305, 2320, 2334, 2337, 2349]
446.8 :    2 : [2298, 2304]
446.9 :    5 : [2265, 2300, 2310, 2313, 2331]
447.0 :    2 : [2275, 2341]
447.1 :    3 : [2271, 2318, 2356]
447.2 :    6 : [2264, 2284, 2285, 2329, 2330, 2339]
447.3 :    5 : [2272, 2322, 2323, 2335, 2348]
447.4 :    7 : [2259, 2260, 2276, 2282, 2289, 2290, 2295]
447.5 :    4 : [2262, 2267, 2288, 2319]
447.6 :    4 : [2263, 2269, 2293, 2312]
447.7 :    6 : [2306, 2311, 2325, 2346, 2352, 2354]
447.9 :    5 : [2278, 2299, 2336, 2338, 2357]
448.0 :    6 : [2279, 2281, 2315, 2328, 2340, 2347]
448.1 :   11 : [2266, 2273, 2283, 2292, 2316, 2321, 2327, 2345, 2350, 2353, 2358]
448.2 :   10 : [2268, 2274, 2302, 2303, 2307, 2317, 2324, 2326, 2342, 2355]
448.3 :    5 : [2261, 2291, 2333, 2343, 2351]
448.4 :    4 : [2270, 2277, 2301, 2308]
448.5 :    2 : [2314, 2344]
448.6 :    1 : [2309]
448.7 :    3 : [2280, 2296, 2332]
448.8 :    9 : [2286, 2287, 2294, 2297, 2305, 2320, 2334, 2337, 2349]
448.9 :    2 : [2298, 2304]
449.0 :    5 : [2265, 2300, 2310, 2313, 2331]
449.1 :    2 : [2275, 2341]
449.2 :    3 : [2271, 2318, 2356]
449.3 :    6 : [2264, 2284, 2285, 2329, 2330, 2339]
449.4 :    5 : [2272, 2322, 2323, 2335, 2348]
449.5 :    7 : [2259, 2260, 2276, 2282, 2289, 2290, 2295]
449.6 :    4 : [2262, 2267, 2288, 2319]
449.7 :    4 : [2263, 2269, 2293, 2312]
449.8 :    6 : [2306, 2311, 2325, 2346, 2352, 2354]
450.0 :    5 : [2278, 2299, 2336, 2338, 2357]
450.1 :    6 : [2279, 2281, 2315, 2328, 2340, 2347]
450.2 :   11 : [2266, 2273, 2283, 2292, 2316, 2321, 2327, 2345, 2350, 2353, 2358]
450.3 :   10 : [2268, 2274, 2302, 2303, 2307, 2317, 2324, 2326, 2342, 2355]
450.4 :    5 : [2261, 2291, 2333, 2343, 2351]
450.5 :    4 : [2270, 2277, 2301, 2308]
450.6 :    2 : [2314, 2344]
450.7 :    1 : [2309]
450.8 :    3 : [2280, 2296, 2332]
450.9 :    9 : [2286, 2287, 2294, 2297, 2305, 2320, 2334, 2337, 2349]
451.0 :    2 : [2298, 2304]
451.1 :    5 : [2265, 2300, 2310, 2313, 2331]
451.2 :    2 : [2275, 2341]
451.3 :    3 : [2271, 2318, 2356]
451.4 :    6 : [2264, 2284, 2285, 2329, 2330, 2339]
451.5 :    5 : [2272, 2322, 2323, 2335, 2348]
451.6 :    7 : [2259, 2260, 2276, 2282, 2289, 2290, 2295]
451.7 :    4 : [2262, 2267, 2288, 2319]
451.8 :    4 : [2263, 2269, 2293, 2312]
451.9 :    6 : [2306, 2311, 2325, 2346, 2352, 2354]
452.1 :    5 : [2278, 2299, 2336, 2338, 2357]
452.2 :    6 : [2279, 2281, 2315, 2328, 2340, 2347]
452.3 :   11 : [2266, 2273, 2283, 2292, 2316, 2321, 2327, 2345, 2350, 2353, 2358]
452.4 :   10 : [2268, 2274, 2302, 2303, 2307, 2317, 2324, 2326, 2342, 2355]
452.5 :    5 : [2261, 2291, 2333, 2343, 2351]
452.6 :    4 : [2270, 2277, 2301, 2308]
452.7 :    2 : [2314, 2344]
452.8 :    1 : [2309]
452.9 :    3 : [2280, 2296, 2332]
453.0 :    9 : [2286, 2287, 2294, 2297, 2305, 2320, 2334, 2337, 2349]
453.1 :    2 : [2298, 2304]
453.2 :    5 : [2265, 2300, 2310, 2313, 2331]
453.3 :    2 : [2275, 2341]
453.4 :    3 : [2271, 2318, 2356]
453.5 :    6 : [2264, 2284, 2285, 2329, 2330, 2339]
453.6 :    5 : [2272, 2322, 2323, 2335, 2348]
453.7 :    7 : [2259, 2260, 2276, 2282, 2289, 2290, 2295]
453.8 :    4 : [2262, 2267, 2288, 2319]
453.9 :    4 : [2263, 2269, 2293, 2312]
454.0 :    6 : [2306, 2311, 2325, 2346, 2352, 2354]
454.2 :    5 : [2278, 2299, 2336, 2338, 2357]
454.3 :    6 : [2279, 2281, 2315, 2328, 2340, 2347]
454.4 :   11 : [2266, 2273, 2283, 2292, 2316, 2321, 2327, 2345, 2350, 2353, 2358]
454.5 :   10 : [2268, 2274, 2302, 2303, 2307, 2317, 2324, 2326, 2342, 2355]
454.6 :    5 : [2261, 2291, 2333, 2343, 2351]
454.7 :    4 : [2270, 2277, 2301, 2308]
454.8 :    2 : [2314, 2344]
454.9 :    1 : [2309]
455.0 :    3 : [2280, 2296, 2332]
455.1 :    9 : [2286, 2287, 2294, 2297, 2305, 2320, 2334, 2337, 2349]
455.2 :    2 : [2298, 2304]
455.3 :    5 : [2265, 2300, 2310, 2313, 2331]
455.4 :    2 : [2275, 2341]
455.5 :    3 : [2271, 2318, 2356]
455.6 :    6 : [2264, 2284, 2285, 2329, 2330, 2339]
455.7 :    5 : [2272, 2322, 2323, 2335, 2348]
455.8 :    7 : [2259, 2260, 2276, 2282, 2289, 2290, 2295]
455.9 :    4 : [2262, 2267, 2288, 2319]
456.0 :    4 : [2263, 2269, 2293, 2312]
456.1 :    6 : [2306, 2311, 2325, 2346, 2352, 2354]
456.3 :    5 : [2278, 2299, 2336, 2338, 2357]
456.4 :    6 : [2279, 2281, 2315, 2328, 2340, 2347]
456.5 :   11 : [2266, 2273, 2283, 2292, 2316, 2321, 2327, 2345, 2350, 2353, 2358]
456.6 :   10 : [2268, 2274, 2302, 2303, 2307, 2317, 2324, 2326, 2342, 2355]
456.7 :    5 : [2261, 2291, 2333, 2343, 2351]
456.8 :    4 : [2270, 2277, 2301, 2308]
456.9 :    2 : [2314, 2344]
457.0 :    1 : [2309]
457.1 :    3 : [2280, 2296, 2332]
457.2 :    9 : [2286, 2287, 2294, 2297, 2305, 2320, 2334, 2337, 2349]
457.3 :    2 : [2298, 2304]
457.4 :    5 : [2265, 2300, 2310, 2313, 2331]
457.5 :    2 : [2275, 2341]
457.6 :    3 : [2271, 2318, 2356]
457.7 :    6 : [2264, 2284, 2285, 2329, 2330, 2339]
457.8 :    5 : [2272, 2322, 2323, 2335, 2348]
457.9 :    7 : [2259, 2260, 2276, 2282, 2289, 2290, 2295]
458.0 :    4 : [2262, 2267, 2288, 2319]
458.1 :    4 : [2263, 2269, 2293, 2312]
458.2 :    6 : [2306, 2311, 2325, 2346, 2352, 2354]
458.4 :    5 : [2278, 2299, 2336, 2338, 2357]
458.5 :    6 : [2279, 2281, 2315, 2328, 2340, 2347]
458.6 :   11 : [2266, 2273, 2283, 2292, 2316, 2321, 2327, 2345, 2350, 2353, 2358]
458.7 :   10 : [2268, 2274, 2302, 2303, 2307, 2317, 2324, 2326, 2342, 2355]
458.8 :    5 : [2261, 2291, 2333, 2343, 2351]
458.9 :    4 : [2270, 2277, 2301, 2308]
459.0 :    2 : [2314, 2344]
459.1 :    1 : [2309]
459.2 :    3 : [2280, 2296, 2332]
459.3 :    9 : [2286, 2287, 2294, 2297, 2305, 2320, 2334, 2337, 2349]
459.4 :    2 : [2298, 2304]
459.5 :    5 : [2265, 2300, 2310, 2313, 2331]
459.6 :    2 : [2275, 2341]
459.7 :    3 : [2271, 2318, 2356]
459.8 :    6 : [2264, 2284, 2285, 2329, 2330, 2339]
459.9 :    5 : [2272, 2322, 2323, 2335, 2348]
460.0 :    7 : [2259, 2260, 2276, 2282, 2289, 2290, 2295]
460.1 :    4 : [2262, 2267, 2288, 2319]
460.2 :    4 : [2263, 2269, 2293, 2312]
460.3 :    6 : [2306, 2311, 2325, 2346, 2352, 2354]
460.5 :    5 : [2278, 2299, 2336, 2338, 2357]
460.6 :    6 : [2279, 2281, 2315, 2328, 2340, 2347]
460.7 :   11 : [2266, 2273, 2283, 2292, 2316, 2321, 2327, 2345, 2350, 2353, 2358]
460.8 :   10 : [2268, 2274, 2302, 2303, 2307, 2317, 2324, 2326, 2342, 2355]
460.9 :    5 : [2261, 2291, 2333, 2343, 2351]
461.0 :    4 : [2270, 2277, 2301, 2308]
461.1 :    2 : [2314, 2344]
461.2 :    1 : [2309]
461.3 :    3 : [2280, 2296, 2332]
461.4 :    9 : [2286, 2287, 2294, 2297, 2305, 2320, 2334, 2337, 2349]
461.5 :    2 : [2298, 2304]
461.6 :    5 : [2265, 2300, 2310, 2313, 2331]
461.7 :    2 : [2275, 2341]
461.8 :    3 : [2271, 2318, 2356]
461.9 :    6 : [2264, 2284, 2285, 2329, 2330, 2339]
462.0 :    5 : [2272, 2322, 2323, 2335, 2348]
462.1 :    7 : [2259, 2260, 2276, 2282, 2289, 2290, 2295]
462.2 :    4 : [2262, 2267, 2288, 2319]
462.3 :    4 : [2263, 2269, 2293, 2312]
462.4 :    6 : [2306, 2311, 2325, 2346, 2352, 2354]
462.6 :    5 : [2278, 2299, 2336, 2338, 2357]
462.7 :    6 : [2279, 2281, 2315, 2328, 2340, 2347]
462.8 :   11 : [2266, 2273, 2283, 2292, 2316, 2321, 2327, 2345, 2350, 2353, 2358]
462.9 :   10 : [2268, 2274, 2302, 2303, 2307, 2317, 2324, 2326, 2342, 2355]
463.0 :    5 : [2261, 2291, 2333, 2343, 2351]
463.1 :    4 : [2270, 2277, 2301, 2308]
463.2 :    2 : [2314, 2344]
463.3 :    1 : [2309]
463.4 :    3 : [2280, 2296, 2332]
463.5 :    9 : [2286, 2287, 2294, 2297, 2305, 2320, 2334, 2337, 2349]
463.6 :    2 : [2298, 2304]
463.7 :    5 : [2265, 2300, 2310, 2313, 2331]
463.8 :    2 : [2275, 2341]
463.9 :    3 : [2271, 2318, 2356]
464.0 :    6 : [2264, 2284, 2285, 2329, 2330, 2339]
464.1 :    5 : [2272, 2322, 2323, 2335, 2348]
464.2 :    7 : [2259, 2260, 2276, 2282, 2289, 2290, 2295]
464.3 :    4 : [2262, 2267, 2288, 2319]
464.4 :    4 : [2263, 2269, 2293, 2312]
464.5 :    6 : [2306, 2311, 2325, 2346, 2352, 2354]
464.7 :    5 : [2278, 2299, 2336, 2338, 2357]
464.8 :    6 : [2279, 2281, 2315, 2328, 2340, 2347]
464.9 :   11 : [2266, 2273, 2283, 2292, 2316, 2321, 2327, 2345, 2350, 2353, 2358]
465.0 :   10 : [2268, 2274, 2302, 2303, 2307, 2317, 2324, 2326, 2342, 2355]
465.1 :    5 : [2261, 2291, 2333, 2343, 2351]
465.2 :    4 : [2270, 2277, 2301, 2308]
465.3 :    2 : [2314, 2344]
465.4 :    1 : [2309]
465.5 :    3 : [2280, 2296, 2332]
465.6 :    9 : [2286, 2287, 2294, 2297, 2305, 2320, 2334, 2337, 2349]
465.7 :    2 : [2298, 2304]
465.8 :    5 : [2265, 2300, 2310, 2313, 2331]
465.9 :    2 : [2275, 2341]
466.0 :    3 : [2271, 2318, 2356]
466.1 :    6 : [2264, 2284, 2285, 2329, 2330, 2339]
466.2 :    5 : [2272, 2322, 2323, 2335, 2348]
466.3 :    7 : [2259, 2260, 2276, 2282, 2289, 2290, 2295]
466.4 :    4 : [2262, 2267, 2288, 2319]
466.5 :    4 : [2263, 2269, 2293, 2312]
466.6 :    6 : [2306, 2311, 2325, 2346, 2352, 2354]
466.8 :    5 : [2278, 2299, 2336, 2338, 2357]
466.9 :    6 : [2279, 2281, 2315, 2328, 2340, 2347]
467.0 :   11 : [2266, 2273, 2283, 2292, 2316, 2321, 2327, 2345, 2350, 2353, 2358]
467.1 :   10 : [2268, 2274, 2302, 2303, 2307, 2317, 2324, 2326, 2342, 2355]
467.2 :    5 : [2261, 2291, 2333, 2343, 2351]
467.3 :    4 : [2270, 2277, 2301, 2308]
467.4 :    2 : [2314, 2344]
467.5 :    1 : [2309]
467.6 :    3 : [2280, 2296, 2332]
467.7 :    9 : [2286, 2287, 2294, 2297, 2305, 2320, 2334, 2337, 2349]
467.8 :    2 : [2298, 2304]
467.9 :    5 : [2265, 2300, 2310, 2313, 2331]
468.0 :    2 : [2275, 2341]
468.1 :    3 : [2271, 2318, 2356]
468.2 :    6 : [2264, 2284, 2285, 2329, 2330, 2339]
468.3 :    5 : [2272, 2322, 2323, 2335, 2348]
468.4 :    7 : [2259, 2260, 2276, 2282, 2289, 2290, 2295]
468.5 :    4 : [2262, 2267, 2288, 2319]
468.6 :    4 : [2263, 2269, 2293, 2312]
468.7 :    6 : [2306, 2311, 2325, 2346, 2352, 2354]
468.9 :    5 : [2278, 2299, 2336, 2338, 2357]
469.0 :    6 : [2279, 2281, 2315, 2328, 2340, 2347]
469.1 :   11 : [2266, 2273, 2283, 2292, 2316, 2321, 2327, 2345, 2350, 2353, 2358]
469.2 :   10 : [2268, 2274, 2302, 2303, 2307, 2317, 2324, 2326, 2342, 2355]
469.3 :    5 : [2261, 2291, 2333, 2343, 2351]
469.4 :    4 : [2270, 2277, 2301, 2308]
469.5 :    2 : [2314, 2344]
469.6 :    1 : [2309]
469.7 :    3 : [2280, 2296, 2332]
469.8 :    9 : [2286, 2287, 2294, 2297, 2305, 2320, 2334, 2337, 2349]
469.9 :    2 : [2298, 2304]
470.0 :    5 : [2265, 2300, 2310, 2313, 2331]
470.1 :    2 : [2275, 2341]
470.2 :    3 : [2271, 2318, 2356]
470.3 :    6 : [2264, 2284, 2285, 2329, 2330, 2339]
470.4 :    5 : [2272, 2322, 2323, 2335, 2348]
470.5 :    7 : [2259, 2260, 2276, 2282, 2289, 2290, 2295]
470.6 :    4 : [2262, 2267, 2288, 2319]
470.7 :    4 : [2263, 2269, 2293, 2312]
470.8 :    6 : [2306, 2311, 2325, 2346, 2352, 2354]
471.0 :    5 : [2278, 2299, 2336, 2338, 2357]
471.1 :    6 : [2279, 2281, 2315, 2328, 2340, 2347]
471.2 :   11 : [2266, 2273, 2283, 2292, 2316, 2321, 2327, 2345, 2350, 2353, 2358]
471.3 :   10 : [2268, 2274, 2302, 2303, 2307, 2317, 2324, 2326, 2342, 2355]
471.4 :    5 : [2261, 2291, 2333, 2343, 2351]
471.5 :    4 : [2270, 2277, 2301, 2308]
471.6 :    2 : [2314, 2344]
471.7 :    1 : [2309]
471.8 :    3 : [2280, 2296, 2332]
471.9 :    9 : [2286, 2287, 2294, 2297, 2305, 2320, 2334, 2337, 2349]
472.0 :    2 : [2298, 2304]
472.1 :    5 : [2265, 2300, 2310, 2313, 2331]
472.2 :    2 : [2275, 2341]
472.3 :    3 : [2271, 2318, 2356]
472.4 :    6 : [2264, 2284, 2285, 2329, 2330, 2339]
472.5 :    5 : [2272, 2322, 2323, 2335, 2348]
472.6 :    7 : [2259, 2260, 2276, 2282, 2289, 2290, 2295]
472.7 :    4 : [2262, 2267, 2288, 2319]
472.8 :    4 : [2263, 2269, 2293, 2312]
472.9 :    6 : [2306, 2311, 2325, 2346, 2352, 2354]
473.1 :    5 : [2278, 2299, 2336, 2338, 2357]
473.2 :    6 : [2279, 2281, 2315, 2328, 2340, 2347]
473.3 :   11 : [2266, 2273, 2283, 2292, 2316, 2321, 2327, 2345, 2350, 2353, 2358]
473.4 :   10 : [2268, 2274, 2302, 2303, 2307, 2317, 2324, 2326, 2342, 2355]
473.5 :    5 : [2261, 2291, 2333, 2343, 2351]
473.6 :    4 : [2270, 2277, 2301, 2308]
473.7 :    2 : [2314, 2344]
473.8 :    1 : [2309]
473.9 :    3 : [2280, 2296, 2332]
474.0 :    9 : [2286, 2287, 2294, 2297, 2305, 2320, 2334, 2337, 2349]
474.1 :    2 : [2298, 2304]
474.2 :    5 : [2265, 2300, 2310, 2313, 2331]
474.3 :    2 : [2275, 2341]
474.4 :    3 : [2271, 2318, 2356]
474.5 :    6 : [2264, 2284, 2285, 2329, 2330, 2339]
474.6 :    5 : [2272, 2322, 2323, 2335, 2348]
474.7 :    7 : [2259, 2260, 2276, 2282, 2289, 2290, 2295]
474.8 :    4 : [2262, 2267, 2288, 2319]
474.9 :    4 : [2263, 2269, 2293, 2312]
475.0 :    6 : [2306, 2311, 2325, 2346, 2352, 2354]
475.2 :    5 : [2278, 2299, 2336, 2338, 2357]
475.3 :    6 : [2279, 2281, 2315, 2328, 2340, 2347]
475.4 :   11 : [2266, 2273, 2283, 2292, 2316, 2321, 2327, 2345, 2350, 2353, 2358]
475.5 :   10 : [2268, 2274, 2302, 2303, 2307, 2317, 2324, 2326, 2342, 2355]
475.6 :    5 : [2261, 2291, 2333, 2343, 2351]
475.7 :    4 : [2270, 2277, 2301, 2308]
475.8 :    2 : [2314, 2344]
475.9 :    1 : [2309]
476.0 :    3 : [2280, 2296, 2332]
476.1 :    9 : [2286, 2287, 2294, 2297, 2305, 2320, 2334, 2337, 2349]
476.2 :    2 : [2298, 2304]
476.3 :    5 : [2265, 2300, 2310, 2313, 2331]
476.4 :    2 : [2275, 2341]
476.5 :    3 : [2271, 2318, 2356]
476.6 :    6 : [2264, 2284, 2285, 2329, 2330, 2339]
476.7 :    5 : [2272, 2322, 2323, 2335, 2348]
476.8 :    7 : [2259, 2260, 2276, 2282, 2289, 2290, 2295]
476.9 :    4 : [2262, 2267, 2288, 2319]
477.0 :    4 : [2263, 2269, 2293, 2312]
477.1 :    6 : [2306, 2311, 2325, 2346, 2352, 2354]
477.3 :    5 : [2278, 2299, 2336, 2338, 2357]
477.4 :    6 : [2279, 2281, 2315, 2328, 2340, 2347]
477.5 :   11 : [2266, 2273, 2283, 2292, 2316, 2321, 2327, 2345, 2350, 2353, 2358]
477.6 :   10 : [2268, 2274, 2302, 2303, 2307, 2317, 2324, 2326, 2342, 2355]
477.7 :    5 : [2261, 2291, 2333, 2343, 2351]
477.8 :    4 : [2270, 2277, 2301, 2308]
477.9 :    2 : [2314, 2344]
478.0 :    1 : [2309]
478.1 :    3 : [2280, 2296, 2332]
478.2 :    9 : [2286, 2287, 2294, 2297, 2305, 2320, 2334, 2337, 2349]
478.3 :    2 : [2298, 2304]
478.4 :    5 : [2265, 2300, 2310, 2313, 2331]
478.5 :    2 : [2275, 2341]
478.6 :    3 : [2271, 2318, 2356]
478.7 :    6 : [2264, 2284, 2285, 2329, 2330, 2339]
478.8 :    5 : [2272, 2322, 2323, 2335, 2348]
478.9 :    7 : [2259, 2260, 2276, 2282, 2289, 2290, 2295]
479.0 :    4 : [2262, 2267, 2288, 2319]
479.1 :    4 : [2263, 2269, 2293, 2312]
479.2 :    6 : [2306, 2311, 2325, 2346, 2352, 2354]
479.4 :    5 : [2278, 2299, 2336, 2338, 2357]
479.5 :    6 : [2279, 2281, 2315, 2328, 2340, 2347]
479.6 :   11 : [2266, 2273, 2283, 2292, 2316, 2321, 2327, 2345, 2350, 2353, 2358]
479.7 :   10 : [2268, 2274, 2302, 2303, 2307, 2317, 2324, 2326, 2342, 2355]
479.8 :    5 : [2261, 2291, 2333, 2343, 2351]
479.9 :    4 : [2270, 2277, 2301, 2308]
480.0 :    2 : [2314, 2344]
480.1 :    1 : [2309]
480.2 :    3 : [2280, 2296, 2332]
480.3 :    9 : [2286, 2287, 2294, 2297, 2305, 2320, 2334, 2337, 2349]
480.4 :    2 : [2298, 2304]
480.5 :    5 : [2265, 2300, 2310, 2313, 2331]
480.6 :    2 : [2275, 2341]
480.7 :    3 : [2271, 2318, 2356]
480.8 :    6 : [2264, 2284, 2285, 2329, 2330, 2339]
480.9 :    5 : [2272, 2322, 2323, 2335, 2348]
481.0 :    7 : [2259, 2260, 2276, 2282, 2289, 2290, 2295]
481.1 :    4 : [2262, 2267, 2288, 2319]
481.2 :    4 : [2263, 2269, 2293, 2312]
481.3 :    6 : [2306, 2311, 2325, 2346, 2352, 2354]
481.5 :    5 : [2278, 2299, 2336, 2338, 2357]
481.6 :    6 : [2279, 2281, 2315, 2328, 2340, 2347]
481.7 :   11 : [2266, 2273, 2283, 2292, 2316, 2321, 2327, 2345, 2350, 2353, 2358]
481.8 :   10 : [2268, 2274, 2302, 2303, 2307, 2317, 2324, 2326, 2342, 2355]
481.9 :    5 : [2261, 2291, 2333, 2343, 2351]
482.0 :    4 : [2270, 2277, 2301, 2308]
482.1 :    2 : [2314, 2344]
482.2 :    1 : [2309]
482.3 :    3 : [2280, 2296, 2332]
482.4 :    9 : [2286, 2287, 2294, 2297, 2305, 2320, 2334, 2337, 2349]
482.5 :    2 : [2298, 2304]
482.6 :    5 : [2265, 2300, 2310, 2313, 2331]
482.7 :    2 : [2275, 2341]
482.8 :    3 : [2271, 2318, 2356]
482.9 :    6 : [2264, 2284, 2285, 2329, 2330, 2339]
483.0 :    5 : [2272, 2322, 2323, 2335, 2348]
483.1 :    7 : [2259, 2260, 2276, 2282, 2289, 2290, 2295]
483.2 :    4 : [2262, 2267, 2288, 2319]
483.3 :    4 : [2263, 2269, 2293, 2312]
483.4 :    6 : [2306, 2311, 2325, 2346, 2352, 2354]
483.6 :    5 : [2278, 2299, 2336, 2338, 2357]
483.7 :    6 : [2279, 2281, 2315, 2328, 2340, 2347]
483.8 :   11 : [2266, 2273, 2283, 2292, 2316, 2321, 2327, 2345, 2350, 2353, 2358]
483.9 :   10 : [2268, 2274, 2302, 2303, 2307, 2317, 2324, 2326, 2342, 2355]
484.0 :    5 : [2261, 2291, 2333, 2343, 2351]
484.1 :    4 : [2270, 2277, 2301, 2308]
484.2 :    2 : [2314, 2344]
484.3 :    1 : [2309]
484.4 :    3 : [2280, 2296, 2332]
484.5 :    9 : [2286, 2287, 2294, 2297, 2305, 2320, 2334, 2337, 2349]
484.6 :    2 : [2298, 2304]
484.7 :    5 : [2265, 2300, 2310, 2313, 2331]
484.8 :    2 : [2275, 2341]
484.9 :    3 : [2271, 2318, 2356]
485.0 :    6 : [2264, 2284, 2285, 2329, 2330, 2339]
485.1 :    5 : [2272, 2322, 2323, 2335, 2348]
485.2 :    7 : [2259, 2260, 2276, 2282, 2289, 2290, 2295]
485.3 :    4 : [2262, 2267, 2288, 2319]
485.4 :    4 : [2263, 2269, 2293, 2312]
485.5 :    6 : [2306, 2311, 2325, 2346, 2352, 2354]
485.7 :    5 : [2278, 2299, 2336, 2338, 2357]
485.8 :    6 : [2279, 2281, 2315, 2328, 2340, 2347]
485.9 :   11 : [2266, 2273, 2283, 2292, 2316, 2321, 2327, 2345, 2350, 2353, 2358]
486.0 :   10 : [2268, 2274, 2302, 2303, 2307, 2317, 2324, 2326, 2342, 2355]
486.1 :    5 : [2261, 2291, 2333, 2343, 2351]
486.2 :    4 : [2270, 2277, 2301, 2308]
486.3 :    2 : [2314, 2344]
486.4 :    1 : [2309]
486.5 :    3 : [2280, 2296, 2332]
486.6 :    9 : [2286, 2287, 2294, 2297, 2305, 2320, 2334, 2337, 2349]
486.7 :    2 : [2298, 2304]
486.8 :    5 : [2265, 2300, 2310, 2313, 2331]
486.9 :    2 : [2275, 2341]
487.0 :    3 : [2271, 2318, 2356]
487.1 :    6 : [2264, 2284, 2285, 2329, 2330, 2339]
487.2 :    5 : [2272, 2322, 2323, 2335, 2348]
487.3 :    7 : [2259, 2260, 2276, 2282, 2289, 2290, 2295]
487.4 :    4 : [2262, 2267, 2288, 2319]
487.5 :    4 : [2263, 2269, 2293, 2312]
487.6 :    6 : [2306, 2311, 2325, 2346, 2352, 2354]
487.8 :    5 : [2278, 2299, 2336, 2338, 2357]
487.9 :    6 : [2279, 2281, 2315, 2328, 2340, 2347]
488.0 :   11 : [2266, 2273, 2283, 2292, 2316, 2321, 2327, 2345, 2350, 2353, 2358]
488.1 :   10 : [2268, 2274, 2302, 2303, 2307, 2317, 2324, 2326, 2342, 2355]
488.2 :    5 : [2261, 2291, 2333, 2343, 2351]
488.3 :    4 : [2270, 2277, 2301, 2308]
488.4 :    2 : [2314, 2344]
488.5 :    1 : [2309]
488.6 :    3 : [2280, 2296, 2332]
488.7 :    9 : [2286, 2287, 2294, 2297, 2305, 2320, 2334, 2337, 2349]
488.8 :    2 : [2298, 2304]
488.9 :    5 : [2265, 2300, 2310, 2313, 2331]
489.0 :    2 : [2275, 2341]
489.1 :    3 : [2271, 2318, 2356]
489.2 :    6 : [2264, 2284, 2285, 2329, 2330, 2339]
489.3 :    5 : [2272, 2322, 2323, 2335, 2348]
489.4 :    7 : [2259, 2260, 2276, 2282, 2289, 2290, 2295]
489.5 :    4 : [2262, 2267, 2288, 2319]
489.6 :    4 : [2263, 2269, 2293, 2312]
489.7 :    6 : [2306, 2311, 2325, 2346, 2352, 2354]
489.9 :    5 : [2278, 2299, 2336, 2338, 2357]
490.0 :    6 : [2279, 2281, 2315, 2328, 2340, 2347]
490.1 :   11 : [2266, 2273, 2283, 2292, 2316, 2321, 2327, 2345, 2350, 2353, 2358]
490.2 :   10 : [2268, 2274, 2302, 2303, 2307, 2317, 2324, 2326, 2342, 2355]
490.3 :    5 : [2261, 2291, 2333, 2343, 2351]
490.4 :    4 : [2270, 2277, 2301, 2308]
490.5 :    2 : [2314, 2344]
490.6 :    1 : [2309]
490.7 :    3 : [2280, 2296, 2332]
490.8 :    9 : [2286, 2287, 2294, 2297, 2305, 2320, 2334, 2337, 2349]
490.9 :    2 : [2298, 2304]
491.0 :    5 : [2265, 2300, 2310, 2313, 2331]
491.1 :    2 : [2275, 2341]
491.2 :    3 : [2271, 2318, 2356]
491.3 :    6 : [2264, 2284, 2285, 2329, 2330, 2339]
491.4 :    5 : [2272, 2322, 2323, 2335, 2348]
491.5 :    7 : [2259, 2260, 2276, 2282, 2289, 2290, 2295]
491.6 :    4 : [2262, 2267, 2288, 2319]
491.7 :    4 : [2263, 2269, 2293, 2312]
491.8 :    6 : [2306, 2311, 2325, 2346, 2352, 2354]
492.0 :    5 : [2278, 2299, 2336, 2338, 2357]
492.1 :    6 : [2279, 2281, 2315, 2328, 2340, 2347]
492.2 :   11 : [2266, 2273, 2283, 2292, 2316, 2321, 2327, 2345, 2350, 2353, 2358]
492.3 :   10 : [2268, 2274, 2302, 2303, 2307, 2317, 2324, 2326, 2342, 2355]
492.4 :    5 : [2261, 2291, 2333, 2343, 2351]
492.5 :    4 : [2270, 2277, 2301, 2308]
492.6 :    2 : [2314, 2344]
492.7 :    1 : [2309]
492.8 :    3 : [2280, 2296, 2332]
492.9 :    9 : [2286, 2287, 2294, 2297, 2305, 2320, 2334, 2337, 2349]
493.0 :    2 : [2298, 2304]
493.1 :    5 : [2265, 2300, 2310, 2313, 2331]
493.2 :    2 : [2275, 2341]
493.3 :    3 : [2271, 2318, 2356]
493.4 :    6 : [2264, 2284, 2285, 2329, 2330, 2339]
493.5 :    5 : [2272, 2322, 2323, 2335, 2348]
493.6 :    7 : [2259, 2260, 2276, 2282, 2289, 2290, 2295]
493.7 :    4 : [2262, 2267, 2288, 2319]
493.8 :    4 : [2263, 2269, 2293, 2312]
493.9 :    6 : [2306, 2311, 2325, 2346, 2352, 2354]
494.1 :    5 : [2278, 2299, 2336, 2338, 2357]
494.2 :    6 : [2279, 2281, 2315, 2328, 2340, 2347]
494.3 :   11 : [2266, 2273, 2283, 2292, 2316, 2321, 2327, 2345, 2350, 2353, 2358]
494.4 :   10 : [2268, 2274, 2302, 2303, 2307, 2317, 2324, 2326, 2342, 2355]
494.5 :    5 : [2261, 2291, 2333, 2343, 2351]
494.6 :    4 : [2270, 2277, 2301, 2308]
494.7 :    2 : [2314, 2344]
494.8 :    1 : [2309]
494.9 :    3 : [2280, 2296, 2332]
495.0 :    9 : [2286, 2287, 2294, 2297, 2305, 2320, 2334, 2337, 2349]
495.1 :    2 : [2298, 2304]
495.2 :    5 : [2265, 2300, 2310, 2313, 2331]
495.3 :    2 : [2275, 2341]
495.4 :    3 : [2271, 2318, 2356]
495.5 :    6 : [2264, 2284, 2285, 2329, 2330, 2339]
495.6 :    5 : [2272, 2322, 2323, 2335, 2348]
495.7 :    7 : [2259, 2260, 2276, 2282, 2289, 2290, 2295]
495.8 :    4 : [2262, 2267, 2288, 2319]
495.9 :    4 : [2263, 2269, 2293, 2312]
496.0 :    6 : [2306, 2311, 2325, 2346, 2352, 2354]
496.2 :    5 : [2278, 2299, 2336, 2338, 2357]
496.3 :    6 : [2279, 2281, 2315, 2328, 2340, 2347]
496.4 :   11 : [2266, 2273, 2283, 2292, 2316, 2321, 2327, 2345, 2350, 2353, 2358]
496.5 :   10 : [2268, 2274, 2302, 2303, 2307, 2317, 2324, 2326, 2342, 2355]
496.6 :    5 : [2261, 2291, 2333, 2343, 2351]
496.7 :    4 : [2270, 2277, 2301, 2308]
496.8 :    2 : [2314, 2344]
496.9 :    1 : [2309]
497.0 :    3 : [2280, 2296, 2332]
497.1 :    9 : [2286, 2287, 2294, 2297, 2305, 2320, 2334, 2337, 2349]
497.2 :    2 : [2298, 2304]
497.3 :    5 : [2265, 2300, 2310, 2313, 2331]
497.4 :    2 : [2275, 2341]
497.5 :    3 : [2271, 2318, 2356]
497.6 :    6 : [2264, 2284, 2285, 2329, 2330, 2339]
497.7 :    5 : [2272, 2322, 2323, 2335, 2348]
497.8 :    7 : [2259, 2260, 2276, 2282, 2289, 2290, 2295]
497.9 :    4 : [2262, 2267, 2288, 2319]
498.0 :    4 : [2263, 2269, 2293, 2312]
498.1 :    6 : [2306, 2311, 2325, 2346, 2352, 2354]
498.3 :    5 : [2278, 2299, 2336, 2338, 2357]
498.4 :    6 : [2279, 2281, 2315, 2328, 2340, 2347]
498.5 :   11 : [2266, 2273, 2283, 2292, 2316, 2321, 2327, 2345, 2350, 2353, 2358]
498.6 :   10 : [2268, 2274, 2302, 2303, 2307, 2317, 2324, 2326, 2342, 2355]
498.7 :    5 : [2261, 2291, 2333, 2343, 2351]
498.8 :    4 : [2270, 2277, 2301, 2308]
498.9 :    2 : [2314, 2344]
499.0 :    1 : [2309]
499.1 :    3 : [2280, 2296, 2332]
499.2 :    9 : [2286, 2287, 2294, 2297, 2305, 2320, 2334, 2337, 2349]
499.3 :    2 : [2298, 2304]
499.4 :    5 : [2265, 2300, 2310, 2313, 2331]
499.5 :    2 : [2275, 2341]
499.6 :    3 : [2271, 2318, 2356]
499.7 :    6 : [2264, 2284, 2285, 2329, 2330, 2339]
499.8 :    5 : [2272, 2322, 2323, 2335, 2348]
499.9 :    7 : [2259, 2260, 2276, 2282, 2289, 2290, 2295]
500.0 :    4 : [2262, 2267, 2288, 2319]
500.1 :    4 : [2263, 2269, 2293, 2312]
500.2 :    6 : [2306, 2311, 2325, 2346, 2352, 2354]
500.4 :    5 : [2278, 2299, 2336, 2338, 2357]
500.5 :    6 : [2279, 2281, 2315, 2328, 2340, 2347]
500.6 :   11 : [2266, 2273, 2283, 2292, 2316, 2321, 2327, 2345, 2350, 2353, 2358]
500.7 :   10 : [2268, 2274, 2302, 2303, 2307, 2317, 2324, 2326, 2342, 2355]
500.8 :    5 : [2261, 2291, 2333, 2343, 2351]
500.9 :    4 : [2270, 2277, 2301, 2308]
501.0 :    2 : [2314, 2344]
501.1 :    1 : [2309]
501.2 :    3 : [2280, 2296, 2332]
501.3 :    9 : [2286, 2287, 2294, 2297, 2305, 2320, 2334, 2337, 2349]
501.4 :    2 : [2298, 2304]
501.5 :    5 : [2265, 2300, 2310, 2313, 2331]
501.6 :    2 : [2275, 2341]
501.7 :    3 : [2271, 2318, 2356]
501.8 :    6 : [2264, 2284, 2285, 2329, 2330, 2339]
501.9 :    5 : [2272, 2322, 2323, 2335, 2348]
502.0 :    7 : [2259, 2260, 2276, 2282, 2289, 2290, 2295]
502.1 :    4 : [2262, 2267, 2288, 2319]
502.2 :    4 : [2263, 2269, 2293, 2312]
502.3 :    6 : [2306, 2311, 2325, 2346, 2352, 2354]
502.5 :    5 : [2278, 2299, 2336, 2338, 2357]
502.6 :    6 : [2279, 2281, 2315, 2328, 2340, 2347]
502.7 :   11 : [2266, 2273, 2283, 2292, 2316, 2321, 2327, 2345, 2350, 2353, 2358]
502.8 :   10 : [2268, 2274, 2302, 2303, 2307, 2317, 2324, 2326, 2342, 2355]
502.9 :    5 : [2261, 2291, 2333, 2343, 2351]
503.0 :    4 : [2270, 2277, 2301, 2308]
503.1 :    2 : [2314, 2344]
503.2 :    1 : [2309]
503.3 :    3 : [2280, 2296, 2332]
503.4 :    9 : [2286, 2287, 2294, 2297, 2305, 2320, 2334, 2337, 2349]
503.5 :    2 : [2298, 2304]
503.6 :    5 : [2265, 2300, 2310, 2313, 2331]
503.7 :    2 : [2275, 2341]
503.8 :    3 : [2271, 2318, 2356]
503.9 :    6 : [2264, 2284, 2285, 2329, 2330, 2339]
504.0 :    5 : [2272, 2322, 2323, 2335, 2348]
504.1 :    7 : [2259, 2260, 2276, 2282, 2289, 2290, 2295]
504.2 :    4 : [2262, 2267, 2288, 2319]
504.3 :    4 : [2263, 2269, 2293, 2312]
504.4 :    6 : [2306, 2311, 2325, 2346, 2352, 2354]
504.6 :    5 : [2278, 2299, 2336, 2338, 2357]
504.7 :    6 : [2279, 2281, 2315, 2328, 2340, 2347]
504.8 :   11 : [2266, 2273, 2283, 2292, 2316, 2321, 2327, 2345, 2350, 2353, 2358]
504.9 :   10 : [2268, 2274, 2302, 2303, 2307, 2317, 2324, 2326, 2342, 2355]
505.0 :    5 : [2261, 2291, 2333, 2343, 2351]
505.1 :    4 : [2270, 2277, 2301, 2308]
505.2 :    2 : [2314, 2344]
505.3 :    1 : [2309]
505.4 :    3 : [2280, 2296, 2332]
505.5 :    9 : [2286, 2287, 2294, 2297, 2305, 2320, 2334, 2337, 2349]
505.6 :    2 : [2298, 2304]
505.7 :    5 : [2265, 2300, 2310, 2313, 2331]
505.8 :    2 : [2275, 2341]
505.9 :    3 : [2271, 2318, 2356]
506.0 :    6 : [2264, 2284, 2285, 2329, 2330, 2339]
506.1 :    5 : [2272, 2322, 2323, 2335, 2348]
506.2 :    7 : [2259, 2260, 2276, 2282, 2289, 2290, 2295]
506.3 :    4 : [2262, 2267, 2288, 2319]
506.4 :    4 : [2263, 2269, 2293, 2312]
506.5 :    6 : [2306, 2311, 2325, 2346, 2352, 2354]
506.7 :    5 : [2278, 2299, 2336, 2338, 2357]
506.8 :    6 : [2279, 2281, 2315, 2328, 2340, 2347]
506.9 :   11 : [2266, 2273, 2283, 2292, 2316, 2321, 2327, 2345, 2350, 2353, 2358]
507.0 :   10 : [2268, 2274, 2302, 2303, 2307, 2317, 2324, 2326, 2342, 2355]
507.1 :    5 : [2261, 2291, 2333, 2343, 2351]
507.2 :    4 : [2270, 2277, 2301, 2308]
507.3 :    2 : [2314, 2344]
507.4 :    1 : [2309]
507.5 :    3 : [2280, 2296, 2332]
507.6 :    9 : [2286, 2287, 2294, 2297, 2305, 2320, 2334, 2337, 2349]
507.7 :    2 : [2298, 2304]
507.8 :    5 : [2265, 2300, 2310, 2313, 2331]
507.9 :    2 : [2275, 2341]
508.0 :    3 : [2271, 2318, 2356]
508.1 :    6 : [2264, 2284, 2285, 2329, 2330, 2339]
508.2 :    5 : [2272, 2322, 2323, 2335, 2348]
508.3 :    7 : [2259, 2260, 2276, 2282, 2289, 2290, 2295]
508.4 :    4 : [2262, 2267, 2288, 2319]
508.5 :    4 : [2263, 2269, 2293, 2312]
508.6 :    6 : [2306, 2311, 2325, 2346, 2352, 2354]
508.8 :    5 : [2278, 2299, 2336, 2338, 2357]
508.9 :    6 : [2279, 2281, 2315, 2328, 2340, 2347]
509.0 :   11 : [2266, 2273, 2283, 2292, 2316, 2321, 2327, 2345, 2350, 2353, 2358]
509.1 :   10 : [2268, 2274, 2302, 2303, 2307, 2317, 2324, 2326, 2342, 2355]
509.2 :    5 : [2261, 2291, 2333, 2343, 2351]
509.3 :    4 : [2270, 2277, 2301, 2308]
509.4 :    2 : [2314, 2344]
509.5 :    1 : [2309]
509.6 :    3 : [2280, 2296, 2332]
509.7 :    9 : [2286, 2287, 2294, 2297, 2305, 2320, 2334, 2337, 2349]
509.8 :    2 : [2298, 2304]
509.9 :    5 : [2265, 2300, 2310, 2313, 2331]
510.0 :    2 : [2275, 2341]
510.1 :    3 : [2271, 2318, 2356]
510.2 :    6 : [2264, 2284, 2285, 2329, 2330, 2339]
510.3 :    5 : [2272, 2322, 2323, 2335, 2348]
510.4 :    7 : [2259, 2260, 2276, 2282, 2289, 2290, 2295]
510.5 :    4 : [2262, 2267, 2288, 2319]
510.6 :    4 : [2263, 2269, 2293, 2312]
510.7 :    6 : [2306, 2311, 2325, 2346, 2352, 2354]
510.9 :    5 : [2278, 2299, 2336, 2338, 2357]
511.0 :    6 : [2279, 2281, 2315, 2328, 2340, 2347]
511.1 :   11 : [2266, 2273, 2283, 2292, 2316, 2321, 2327, 2345, 2350, 2353, 2358]
511.2 :   10 : [2268, 2274, 2302, 2303, 2307, 2317, 2324, 2326, 2342, 2355]
511.3 :    5 : [2261, 2291, 2333, 2343, 2351]
511.4 :    4 : [2270, 2277, 2301, 2308]
511.5 :    2 : [2314, 2344]
511.6 :    1 : [2309]
511.7 :    3 : [2280, 2296, 2332]
511.8 :    9 : [2286, 2287, 2294, 2297, 2305, 2320, 2334, 2337, 2349]
511.9 :    2 : [2298, 2304]
512.0 :    5 : [2265, 2300, 2310, 2313, 2331]
512.1 :    2 : [2275, 2341]
512.2 :    3 : [2271, 2318, 2356]
512.3 :    6 : [2264, 2284, 2285, 2329, 2330, 2339]
512.4 :    5 : [2272, 2322, 2323, 2335, 2348]
512.5 :    7 : [2259, 2260, 2276, 2282, 2289, 2290, 2295]
512.6 :    4 : [2262, 2267, 2288, 2319]
512.7 :    4 : [2263, 2269, 2293, 2312]
512.8 :    6 : [2306, 2311, 2325, 2346, 2352, 2354]
513.0 :    5 : [2278, 2299, 2336, 2338, 2357]
513.1 :    6 : [2279, 2281, 2315, 2328, 2340, 2347]
513.2 :   11 : [2266, 2273, 2283, 2292, 2316, 2321, 2327, 2345, 2350, 2353, 2358]
513.3 :   10 : [2268, 2274, 2302, 2303, 2307, 2317, 2324, 2326, 2342, 2355]
513.4 :    5 : [2261, 2291, 2333, 2343, 2351]
513.5 :    4 : [2270, 2277, 2301, 2308]
513.6 :    2 : [2314, 2344]
513.7 :    1 : [2309]
513.8 :    3 : [2280, 2296, 2332]
513.9 :    9 : [2286, 2287, 2294, 2297, 2305, 2320, 2334, 2337, 2349]
514.0 :    2 : [2298, 2304]
514.1 :    5 : [2265, 2300, 2310, 2313, 2331]
514.2 :    2 : [2275, 2341]
514.3 :    3 : [2271, 2318, 2356]
514.4 :    6 : [2264, 2284, 2285, 2329, 2330, 2339]
514.5 :    5 : [2272, 2322, 2323, 2335, 2348]
514.6 :    7 : [2259, 2260, 2276, 2282, 2289, 2290, 2295]
514.7 :    4 : [2262, 2267, 2288, 2319]
514.8 :    4 : [2263, 2269, 2293, 2312]
514.9 :    6 : [2306, 2311, 2325, 2346, 2352, 2354]
515.1 :    5 : [2278, 2299, 2336, 2338, 2357]
515.2 :    6 : [2279, 2281, 2315, 2328, 2340, 2347]
515.3 :   11 : [2266, 2273, 2283, 2292, 2316, 2321, 2327, 2345, 2350, 2353, 2358]
515.4 :   10 : [2268, 2274, 2302, 2303, 2307, 2317, 2324, 2326, 2342, 2355]
515.5 :    5 : [2261, 2291, 2333, 2343, 2351]
515.6 :    4 : [2270, 2277, 2301, 2308]
515.7 :    2 : [2314, 2344]
515.8 :    1 : [2309]
515.9 :    3 : [2280, 2296, 2332]
516.0 :    9 : [2286, 2287, 2294, 2297, 2305, 2320, 2334, 2337, 2349]
516.1 :    2 : [2298, 2304]
516.2 :    5 : [2265, 2300, 2310, 2313, 2331]
516.3 :    2 : [2275, 2341]
516.4 :    3 : [2271, 2318, 2356]
516.5 :    6 : [2264, 2284, 2285, 2329, 2330, 2339]
516.6 :    5 : [2272, 2322, 2323, 2335, 2348]
516.7 :    7 : [2259, 2260, 2276, 2282, 2289, 2290, 2295]
516.8 :    4 : [2262, 2267, 2288, 2319]
516.9 :    4 : [2263, 2269, 2293, 2312]
517.0 :    6 : [2306, 2311, 2325, 2346, 2352, 2354]
517.2 :    5 : [2278, 2299, 2336, 2338, 2357]
517.3 :    6 : [2279, 2281, 2315, 2328, 2340, 2347]
517.4 :   11 : [2266, 2273, 2283, 2292, 2316, 2321, 2327, 2345, 2350, 2353, 2358]
517.5 :    8 : [2268, 2274, 2303, 2307, 2317, 2324, 2326, 2342]
517.6 :    5 : [2261, 2302, 2333, 2351, 2355]
517.7 :    3 : [2270, 2291, 2343]
517.8 :    3 : [2277, 2301, 2308]
517.9 :    2 : [2314, 2344]
518.0 :    1 : [2309]
518.1 :    3 : [2280, 2296, 2332]
518.2 :    9 : [2286, 2287, 2294, 2297, 2305, 2320, 2334, 2337, 2349]
518.3 :    2 : [2298, 2304]
518.4 :    4 : [2265, 2310, 2313, 2331]
518.5 :    3 : [2275, 2300, 2341]
518.6 :    2 : [2318, 2356]
518.7 :    1 : [2271]
518.8 :    6 : [2264, 2284, 2285, 2329, 2330, 2339]
518.9 :    4 : [2272, 2322, 2323, 2348]
519.0 :    4 : [2260, 2289, 2295, 2335]
519.1 :    6 : [2259, 2262, 2267, 2276, 2282, 2290]
519.2 :    4 : [2288, 2293, 2312, 2319]
519.3 :    6 : [2263, 2269, 2306, 2311, 2325, 2346]
519.4 :    2 : [2352, 2354]
519.6 :    4 : [2278, 2299, 2338, 2357]
519.7 :    4 : [2279, 2281, 2336, 2340]
519.8 :    7 : [2266, 2292, 2315, 2321, 2327, 2328, 2358]
519.9 :    8 : [2274, 2283, 2316, 2324, 2326, 2333, 2345, 2353]
520.0 :    8 : [2261, 2268, 2303, 2307, 2317, 2342, 2347, 2350]
520.1 :    5 : [2270, 2273, 2343, 2351, 2355]
520.2 :    1 : [2291]
520.3 :    1 : [2344]
520.4 :    2 : [2277, 2308]
520.5 :    2 : [2301, 2302]
520.6 :    2 : [2296, 2334]
520.7 :    5 : [2280, 2287, 2294, 2297, 2309]
520.8 :    5 : [2305, 2310, 2314, 2332, 2337]
520.9 :    1 : [2265]
521.0 :    3 : [2286, 2298, 2304]
521.1 :    3 : [2275, 2320, 2341]
521.2 :    3 : [2318, 2331, 2356]
521.4 :    3 : [2271, 2272, 2348]
521.5 :    5 : [2264, 2267, 2329, 2330, 2349]
521.6 :    2 : [2262, 2313]
521.7 :    1 : [2284]
521.8 :    5 : [2259, 2263, 2285, 2289, 2339]
521.9 :    3 : [2293, 2295, 2311]
522.0 :    5 : [2260, 2306, 2322, 2323, 2346]
522.1 :    4 : [2269, 2300, 2325, 2354]
522.2 :    4 : [2281, 2282, 2299, 2357]
522.3 :    8 : [2266, 2278, 2292, 2312, 2326, 2333, 2340, 2358]
522.4 :    5 : [2274, 2279, 2290, 2319, 2338]
522.5 :    2 : [2261, 2288]
522.6 :    6 : [2283, 2303, 2327, 2328, 2336, 2345]
522.7 :    3 : [2324, 2335, 2343]
522.8 :    4 : [2270, 2317, 2321, 2355]
522.9 :    4 : [2268, 2291, 2307, 2353]
523.0 :    3 : [2344, 2351, 2352]
523.1 :    2 : [2316, 2334]
523.2 :    2 : [2287, 2296]
523.3 :    1 : [2310]
523.4 :    2 : [2294, 2297]
523.5 :    4 : [2265, 2305, 2337, 2342]
523.7 :    3 : [2280, 2301, 2332]
523.8 :    1 : [2308]
523.9 :    3 : [2275, 2318, 2356]
524.0 :    3 : [2267, 2272, 2341]
524.1 :    4 : [2276, 2277, 2315, 2348]
524.2 :    3 : [2262, 2271, 2347]
524.3 :    4 : [2273, 2286, 2298, 2329]
524.4 :    2 : [2263, 2350]
524.6 :    3 : [2314, 2320, 2330]
524.8 :    2 : [2304, 2311]
524.9 :    1 : [2259]
525.0 :    1 : [2264]
525.3 :    1 : [2285]
525.4 :    3 : [2293, 2306, 2326]
525.5 :    1 : [2281]
525.6 :    3 : [2284, 2339, 2346]
525.7 :    3 : [2289, 2354, 2357]
525.8 :    1 : [2333]
525.9 :    1 : [2358]
526.0 :    2 : [2266, 2299]
526.1 :    3 : [2261, 2278, 2295]
526.3 :    1 : [2260]
526.5 :    1 : [2270]
526.6 :    4 : [2274, 2292, 2331, 2340]
526.7 :    1 : [2325]
526.8 :    3 : [2282, 2302, 2327]
526.9 :    4 : [2279, 2287, 2322, 2355]
527.0 :    1 : [2334]
527.1 :    1 : [2328]
527.3 :    2 : [2283, 2307]
527.4 :    2 : [2268, 2303]
527.6 :    2 : [2267, 2337]
527.8 :    2 : [2291, 2336]
528.1 :    2 : [2344, 2351]
713.4 :    2 : [2289, 2297]
713.5 :   10 : [2260, 2275, 2281, 2292, 2296, 2298, 2304, 2306, 2327, 2340]
713.6 :   27 : [2261, 2267, 2268, 2269, 2270, 2272, 2274, 2279, 2287, 2291, 2299, 2302, 2309, 2311, 2312, 2314, 2315, 2321, 2322, 2325, 2328, 2330, 2336, 2350, 2353, 2356, 2357]
713.7 :   44 : [2259, 2262, 2263, 2264, 2266, 2271, 2277, 2278, 2280, 2282, 2283, 2284, 2285, 2286, 2288, 2293, 2294, 2295, 2300, 2303, 2305, 2307, 2308, 2310, 2313, 2316, 2317, 2320, 2326, 2332, 2334, 2335, 2337, 2338, 2339, 2341, 2344, 2345, 2346, 2347, 2349, 2352, 2355, 2358]
713.8 :   16 : [2265, 2273, 2276, 2290, 2301, 2318, 2323, 2324, 2329, 2331, 2333, 2342, 2343, 2348, 2351, 2354]
713.9 :    1 : [2319]
715.5 :    2 : [2289, 2297]
715.6 :   10 : [2260, 2275, 2281, 2292, 2296, 2298, 2304, 2306, 2327, 2340]
715.7 :   27 : [2261, 2267, 2268, 2269, 2270, 2272, 2274, 2279, 2287, 2291, 2299, 2302, 2309, 2311, 2312, 2314, 2315, 2321, 2322, 2325, 2328, 2330, 2336, 2350, 2353, 2356, 2357]
715.8 :   44 : [2259, 2262, 2263, 2264, 2266, 2271, 2277, 2278, 2280, 2282, 2283, 2284, 2285, 2286, 2288, 2293, 2294, 2295, 2300, 2303, 2305, 2307, 2308, 2310, 2313, 2316, 2317, 2320, 2326, 2332, 2334, 2335, 2337, 2338, 2339, 2341, 2344, 2345, 2346, 2347, 2349, 2352, 2355, 2358]
715.9 :   16 : [2265, 2273, 2276, 2290, 2301, 2318, 2323, 2324, 2329, 2331, 2333, 2342, 2343, 2348, 2351, 2354]
716.0 :    1 : [2319]
717.6 :    2 : [2289, 2297]
717.7 :   10 : [2260, 2275, 2281, 2292, 2296, 2298, 2304, 2306, 2327, 2340]
717.8 :   27 : [2261, 2267, 2268, 2269, 2270, 2272, 2274, 2279, 2287, 2291, 2299, 2302, 2309, 2311, 2312, 2314, 2315, 2321, 2322, 2325, 2328, 2330, 2336, 2350, 2353, 2356, 2357]
717.9 :   44 : [2259, 2262, 2263, 2264, 2266, 2271, 2277, 2278, 2280, 2282, 2283, 2284, 2285, 2286, 2288, 2293, 2294, 2295, 2300, 2303, 2305, 2307, 2308, 2310, 2313, 2316, 2317, 2320, 2326, 2332, 2334, 2335, 2337, 2338, 2339, 2341, 2344, 2345, 2346, 2347, 2349, 2352, 2355, 2358]
718.0 :   16 : [2265, 2273, 2276, 2290, 2301, 2318, 2323, 2324, 2329, 2331, 2333, 2342, 2343, 2348, 2351, 2354]
718.1 :    1 : [2319]
719.7 :    2 : [2289, 2297]
719.8 :   10 : [2260, 2275, 2281, 2292, 2296, 2298, 2304, 2306, 2327, 2340]
719.9 :   27 : [2261, 2267, 2268, 2269, 2270, 2272, 2274, 2279, 2287, 2291, 2299, 2302, 2309, 2311, 2312, 2314, 2315, 2321, 2322, 2325, 2328, 2330, 2336, 2350, 2353, 2356, 2357]
720.0 :   44 : [2259, 2262, 2263, 2264, 2266, 2271, 2277, 2278, 2280, 2282, 2283, 2284, 2285, 2286, 2288, 2293, 2294, 2295, 2300, 2303, 2305, 2307, 2308, 2310, 2313, 2316, 2317, 2320, 2326, 2332, 2334, 2335, 2337, 2338, 2339, 2341, 2344, 2345, 2346, 2347, 2349, 2352, 2355, 2358]
720.1 :   16 : [2265, 2273, 2276, 2290, 2301, 2318, 2323, 2324, 2329, 2331, 2333, 2342, 2343, 2348, 2351, 2354]
720.2 :    1 : [2319]
721.8 :    2 : [2289, 2297]
721.9 :   10 : [2260, 2275, 2281, 2292, 2296, 2298, 2304, 2306, 2327, 2340]
722.0 :   27 : [2261, 2267, 2268, 2269, 2270, 2272, 2274, 2279, 2287, 2291, 2299, 2302, 2309, 2311, 2312, 2314, 2315, 2321, 2322, 2325, 2328, 2330, 2336, 2350, 2353, 2356, 2357]
722.1 :   44 : [2259, 2262, 2263, 2264, 2266, 2271, 2277, 2278, 2280, 2282, 2283, 2284, 2285, 2286, 2288, 2293, 2294, 2295, 2300, 2303, 2305, 2307, 2308, 2310, 2313, 2316, 2317, 2320, 2326, 2332, 2334, 2335, 2337, 2338, 2339, 2341, 2344, 2345, 2346, 2347, 2349, 2352, 2355, 2358]
722.2 :   16 : [2265, 2273, 2276, 2290, 2301, 2318, 2323, 2324, 2329, 2331, 2333, 2342, 2343, 2348, 2351, 2354]
722.3 :    1 : [2319]
723.9 :    2 : [2289, 2297]
724.0 :   10 : [2260, 2275, 2281, 2292, 2296, 2298, 2304, 2306, 2327, 2340]
724.1 :   27 : [2261, 2267, 2268, 2269, 2270, 2272, 2274, 2279, 2287, 2291, 2299, 2302, 2309, 2311, 2312, 2314, 2315, 2321, 2322, 2325, 2328, 2330, 2336, 2350, 2353, 2356, 2357]
724.2 :   44 : [2259, 2262, 2263, 2264, 2266, 2271, 2277, 2278, 2280, 2282, 2283, 2284, 2285, 2286, 2288, 2293, 2294, 2295, 2300, 2303, 2305, 2307, 2308, 2310, 2313, 2316, 2317, 2320, 2326, 2332, 2334, 2335, 2337, 2338, 2339, 2341, 2344, 2345, 2346, 2347, 2349, 2352, 2355, 2358]
724.3 :   16 : [2265, 2273, 2276, 2290, 2301, 2318, 2323, 2324, 2329, 2331, 2333, 2342, 2343, 2348, 2351, 2354]
724.4 :    1 : [2319]
726.0 :    2 : [2289, 2297]
726.1 :   10 : [2260, 2275, 2281, 2292, 2296, 2298, 2304, 2306, 2327, 2340]
726.2 :   27 : [2261, 2267, 2268, 2269, 2270, 2272, 2274, 2279, 2287, 2291, 2299, 2302, 2309, 2311, 2312, 2314, 2315, 2321, 2322, 2325, 2328, 2330, 2336, 2350, 2353, 2356, 2357]
726.3 :   44 : [2259, 2262, 2263, 2264, 2266, 2271, 2277, 2278, 2280, 2282, 2283, 2284, 2285, 2286, 2288, 2293, 2294, 2295, 2300, 2303, 2305, 2307, 2308, 2310, 2313, 2316, 2317, 2320, 2326, 2332, 2334, 2335, 2337, 2338, 2339, 2341, 2344, 2345, 2346, 2347, 2349, 2352, 2355, 2358]
726.4 :   16 : [2265, 2273, 2276, 2290, 2301, 2318, 2323, 2324, 2329, 2331, 2333, 2342, 2343, 2348, 2351, 2354]
726.5 :    1 : [2319]
728.1 :    2 : [2289, 2297]
728.2 :   10 : [2260, 2275, 2281, 2292, 2296, 2298, 2304, 2306, 2327, 2340]
728.3 :   27 : [2261, 2267, 2268, 2269, 2270, 2272, 2274, 2279, 2287, 2291, 2299, 2302, 2309, 2311, 2312, 2314, 2315, 2321, 2322, 2325, 2328, 2330, 2336, 2350, 2353, 2356, 2357]
728.4 :   44 : [2259, 2262, 2263, 2264, 2266, 2271, 2277, 2278, 2280, 2282, 2283, 2284, 2285, 2286, 2288, 2293, 2294, 2295, 2300, 2303, 2305, 2307, 2308, 2310, 2313, 2316, 2317, 2320, 2326, 2332, 2334, 2335, 2337, 2338, 2339, 2341, 2344, 2345, 2346, 2347, 2349, 2352, 2355, 2358]
728.5 :   16 : [2265, 2273, 2276, 2290, 2301, 2318, 2323, 2324, 2329, 2331, 2333, 2342, 2343, 2348, 2351, 2354]
728.6 :    1 : [2319]
730.2 :    2 : [2289, 2297]
730.3 :   10 : [2260, 2275, 2281, 2292, 2296, 2298, 2304, 2306, 2327, 2340]
730.4 :   27 : [2261, 2267, 2268, 2269, 2270, 2272, 2274, 2279, 2287, 2291, 2299, 2302, 2309, 2311, 2312, 2314, 2315, 2321, 2322, 2325, 2328, 2330, 2336, 2350, 2353, 2356, 2357]
730.5 :   44 : [2259, 2262, 2263, 2264, 2266, 2271, 2277, 2278, 2280, 2282, 2283, 2284, 2285, 2286, 2288, 2293, 2294, 2295, 2300, 2303, 2305, 2307, 2308, 2310, 2313, 2316, 2317, 2320, 2326, 2332, 2334, 2335, 2337, 2338, 2339, 2341, 2344, 2345, 2346, 2347, 2349, 2352, 2355, 2358]
730.6 :   16 : [2265, 2273, 2276, 2290, 2301, 2318, 2323, 2324, 2329, 2331, 2333, 2342, 2343, 2348, 2351, 2354]
730.7 :    1 : [2319]
732.3 :    2 : [2289, 2297]
732.4 :   10 : [2260, 2275, 2281, 2292, 2296, 2298, 2304, 2306, 2327, 2340]
732.5 :   27 : [2261, 2267, 2268, 2269, 2270, 2272, 2274, 2279, 2287, 2291, 2299, 2302, 2309, 2311, 2312, 2314, 2315, 2321, 2322, 2325, 2328, 2330, 2336, 2350, 2353, 2356, 2357]
732.6 :   44 : [2259, 2262, 2263, 2264, 2266, 2271, 2277, 2278, 2280, 2282, 2283, 2284, 2285, 2286, 2288, 2293, 2294, 2295, 2300, 2303, 2305, 2307, 2308, 2310, 2313, 2316, 2317, 2320, 2326, 2332, 2334, 2335, 2337, 2338, 2339, 2341, 2344, 2345, 2346, 2347, 2349, 2352, 2355, 2358]
732.7 :   16 : [2265, 2273, 2276, 2290, 2301, 2318, 2323, 2324, 2329, 2331, 2333, 2342, 2343, 2348, 2351, 2354]
732.8 :    1 : [2319]
734.4 :    2 : [2289, 2297]
734.5 :   10 : [2260, 2275, 2281, 2292, 2296, 2298, 2304, 2306, 2327, 2340]
734.6 :   27 : [2261, 2267, 2268, 2269, 2270, 2272, 2274, 2279, 2287, 2291, 2299, 2302, 2309, 2311, 2312, 2314, 2315, 2321, 2322, 2325, 2328, 2330, 2336, 2350, 2353, 2356, 2357]
734.7 :   44 : [2259, 2262, 2263, 2264, 2266, 2271, 2277, 2278, 2280, 2282, 2283, 2284, 2285, 2286, 2288, 2293, 2294, 2295, 2300, 2303, 2305, 2307, 2308, 2310, 2313, 2316, 2317, 2320, 2326, 2332, 2334, 2335, 2337, 2338, 2339, 2341, 2344, 2345, 2346, 2347, 2349, 2352, 2355, 2358]
734.8 :   16 : [2265, 2273, 2276, 2290, 2301, 2318, 2323, 2324, 2329, 2331, 2333, 2342, 2343, 2348, 2351, 2354]
734.9 :    1 : [2319]
736.5 :    2 : [2289, 2297]
736.6 :   10 : [2260, 2275, 2281, 2292, 2296, 2298, 2304, 2306, 2327, 2340]
736.7 :   27 : [2261, 2267, 2268, 2269, 2270, 2272, 2274, 2279, 2287, 2291, 2299, 2302, 2309, 2311, 2312, 2314, 2315, 2321, 2322, 2325, 2328, 2330, 2336, 2350, 2353, 2356, 2357]
736.8 :   44 : [2259, 2262, 2263, 2264, 2266, 2271, 2277, 2278, 2280, 2282, 2283, 2284, 2285, 2286, 2288, 2293, 2294, 2295, 2300, 2303, 2305, 2307, 2308, 2310, 2313, 2316, 2317, 2320, 2326, 2332, 2334, 2335, 2337, 2338, 2339, 2341, 2344, 2345, 2346, 2347, 2349, 2352, 2355, 2358]
736.9 :   16 : [2265, 2273, 2276, 2290, 2301, 2318, 2323, 2324, 2329, 2331, 2333, 2342, 2343, 2348, 2351, 2354]
737.0 :    1 : [2319]
738.6 :    2 : [2289, 2297]
738.7 :   10 : [2260, 2275, 2281, 2292, 2296, 2298, 2304, 2306, 2327, 2340]
738.8 :   27 : [2261, 2267, 2268, 2269, 2270, 2272, 2274, 2279, 2287, 2291, 2299, 2302, 2309, 2311, 2312, 2314, 2315, 2321, 2322, 2325, 2328, 2330, 2336, 2350, 2353, 2356, 2357]
738.9 :   44 : [2259, 2262, 2263, 2264, 2266, 2271, 2277, 2278, 2280, 2282, 2283, 2284, 2285, 2286, 2288, 2293, 2294, 2295, 2300, 2303, 2305, 2307, 2308, 2310, 2313, 2316, 2317, 2320, 2326, 2332, 2334, 2335, 2337, 2338, 2339, 2341, 2344, 2345, 2346, 2347, 2349, 2352, 2355, 2358]
739.0 :   16 : [2265, 2273, 2276, 2290, 2301, 2318, 2323, 2324, 2329, 2331, 2333, 2342, 2343, 2348, 2351, 2354]
739.1 :    1 : [2319]
740.7 :    2 : [2289, 2297]
740.8 :   10 : [2260, 2275, 2281, 2292, 2296, 2298, 2304, 2306, 2327, 2340]
740.9 :   27 : [2261, 2267, 2268, 2269, 2270, 2272, 2274, 2279, 2287, 2291, 2299, 2302, 2309, 2311, 2312, 2314, 2315, 2321, 2322, 2325, 2328, 2330, 2336, 2350, 2353, 2356, 2357]
741.0 :   44 : [2259, 2262, 2263, 2264, 2266, 2271, 2277, 2278, 2280, 2282, 2283, 2284, 2285, 2286, 2288, 2293, 2294, 2295, 2300, 2303, 2305, 2307, 2308, 2310, 2313, 2316, 2317, 2320, 2326, 2332, 2334, 2335, 2337, 2338, 2339, 2341, 2344, 2345, 2346, 2347, 2349, 2352, 2355, 2358]
741.1 :   16 : [2265, 2273, 2276, 2290, 2301, 2318, 2323, 2324, 2329, 2331, 2333, 2342, 2343, 2348, 2351, 2354]
741.2 :    1 : [2319]
742.8 :    2 : [2289, 2297]
742.9 :   10 : [2260, 2275, 2281, 2292, 2296, 2298, 2304, 2306, 2327, 2340]
743.0 :   27 : [2261, 2267, 2268, 2269, 2270, 2272, 2274, 2279, 2287, 2291, 2299, 2302, 2309, 2311, 2312, 2314, 2315, 2321, 2322, 2325, 2328, 2330, 2336, 2350, 2353, 2356, 2357]
743.1 :   44 : [2259, 2262, 2263, 2264, 2266, 2271, 2277, 2278, 2280, 2282, 2283, 2284, 2285, 2286, 2288, 2293, 2294, 2295, 2300, 2303, 2305, 2307, 2308, 2310, 2313, 2316, 2317, 2320, 2326, 2332, 2334, 2335, 2337, 2338, 2339, 2341, 2344, 2345, 2346, 2347, 2349, 2352, 2355, 2358]
743.2 :   16 : [2265, 2273, 2276, 2290, 2301, 2318, 2323, 2324, 2329, 2331, 2333, 2342, 2343, 2348, 2351, 2354]
743.3 :    1 : [2319]
744.9 :    2 : [2289, 2297]
745.0 :   10 : [2260, 2275, 2281, 2292, 2296, 2298, 2304, 2306, 2327, 2340]
745.1 :   27 : [2261, 2267, 2268, 2269, 2270, 2272, 2274, 2279, 2287, 2291, 2299, 2302, 2309, 2311, 2312, 2314, 2315, 2321, 2322, 2325, 2328, 2330, 2336, 2350, 2353, 2356, 2357]
745.2 :   44 : [2259, 2262, 2263, 2264, 2266, 2271, 2277, 2278, 2280, 2282, 2283, 2284, 2285, 2286, 2288, 2293, 2294, 2295, 2300, 2303, 2305, 2307, 2308, 2310, 2313, 2316, 2317, 2320, 2326, 2332, 2334, 2335, 2337, 2338, 2339, 2341, 2344, 2345, 2346, 2347, 2349, 2352, 2355, 2358]
745.3 :   16 : [2265, 2273, 2276, 2290, 2301, 2318, 2323, 2324, 2329, 2331, 2333, 2342, 2343, 2348, 2351, 2354]
745.4 :    1 : [2319]
747.0 :    2 : [2289, 2297]
747.1 :   10 : [2260, 2275, 2281, 2292, 2296, 2298, 2304, 2306, 2327, 2340]
747.2 :   27 : [2261, 2267, 2268, 2269, 2270, 2272, 2274, 2279, 2287, 2291, 2299, 2302, 2309, 2311, 2312, 2314, 2315, 2321, 2322, 2325, 2328, 2330, 2336, 2350, 2353, 2356, 2357]
747.3 :   44 : [2259, 2262, 2263, 2264, 2266, 2271, 2277, 2278, 2280, 2282, 2283, 2284, 2285, 2286, 2288, 2293, 2294, 2295, 2300, 2303, 2305, 2307, 2308, 2310, 2313, 2316, 2317, 2320, 2326, 2332, 2334, 2335, 2337, 2338, 2339, 2341, 2344, 2345, 2346, 2347, 2349, 2352, 2355, 2358]
747.4 :   16 : [2265, 2273, 2276, 2290, 2301, 2318, 2323, 2324, 2329, 2331, 2333, 2342, 2343, 2348, 2351, 2354]
747.5 :    1 : [2319]
749.1 :    2 : [2289, 2297]
749.2 :   10 : [2260, 2275, 2281, 2292, 2296, 2298, 2304, 2306, 2327, 2340]
749.3 :   27 : [2261, 2267, 2268, 2269, 2270, 2272, 2274, 2279, 2287, 2291, 2299, 2302, 2309, 2311, 2312, 2314, 2315, 2321, 2322, 2325, 2328, 2330, 2336, 2350, 2353, 2356, 2357]
749.4 :   44 : [2259, 2262, 2263, 2264, 2266, 2271, 2277, 2278, 2280, 2282, 2283, 2284, 2285, 2286, 2288, 2293, 2294, 2295, 2300, 2303, 2305, 2307, 2308, 2310, 2313, 2316, 2317, 2320, 2326, 2332, 2334, 2335, 2337, 2338, 2339, 2341, 2344, 2345, 2346, 2347, 2349, 2352, 2355, 2358]
749.5 :   16 : [2265, 2273, 2276, 2290, 2301, 2318, 2323, 2324, 2329, 2331, 2333, 2342, 2343, 2348, 2351, 2354]
749.6 :    1 : [2319]
751.2 :    2 : [2289, 2297]
751.3 :   10 : [2260, 2275, 2281, 2292, 2296, 2298, 2304, 2306, 2327, 2340]
751.4 :   27 : [2261, 2267, 2268, 2269, 2270, 2272, 2274, 2279, 2287, 2291, 2299, 2302, 2309, 2311, 2312, 2314, 2315, 2321, 2322, 2325, 2328, 2330, 2336, 2350, 2353, 2356, 2357]
751.5 :   44 : [2259, 2262, 2263, 2264, 2266, 2271, 2277, 2278, 2280, 2282, 2283, 2284, 2285, 2286, 2288, 2293, 2294, 2295, 2300, 2303, 2305, 2307, 2308, 2310, 2313, 2316, 2317, 2320, 2326, 2332, 2334, 2335, 2337, 2338, 2339, 2341, 2344, 2345, 2346, 2347, 2349, 2352, 2355, 2358]
751.6 :   16 : [2265, 2273, 2276, 2290, 2301, 2318, 2323, 2324, 2329, 2331, 2333, 2342, 2343, 2348, 2351, 2354]
751.7 :    1 : [2319]
753.3 :    2 : [2289, 2297]
753.4 :   10 : [2260, 2275, 2281, 2292, 2296, 2298, 2304, 2306, 2327, 2340]
753.5 :   27 : [2261, 2267, 2268, 2269, 2270, 2272, 2274, 2279, 2287, 2291, 2299, 2302, 2309, 2311, 2312, 2314, 2315, 2321, 2322, 2325, 2328, 2330, 2336, 2350, 2353, 2356, 2357]
753.6 :   44 : [2259, 2262, 2263, 2264, 2266, 2271, 2277, 2278, 2280, 2282, 2283, 2284, 2285, 2286, 2288, 2293, 2294, 2295, 2300, 2303, 2305, 2307, 2308, 2310, 2313, 2316, 2317, 2320, 2326, 2332, 2334, 2335, 2337, 2338, 2339, 2341, 2344, 2345, 2346, 2347, 2349, 2352, 2355, 2358]
753.7 :   16 : [2265, 2273, 2276, 2290, 2301, 2318, 2323, 2324, 2329, 2331, 2333, 2342, 2343, 2348, 2351, 2354]
753.8 :    1 : [2319]
755.4 :    2 : [2289, 2297]
755.5 :   10 : [2260, 2275, 2281, 2292, 2296, 2298, 2304, 2306, 2327, 2340]
755.6 :   27 : [2261, 2267, 2268, 2269, 2270, 2272, 2274, 2279, 2287, 2291, 2299, 2302, 2309, 2311, 2312, 2314, 2315, 2321, 2322, 2325, 2328, 2330, 2336, 2350, 2353, 2356, 2357]
755.7 :   44 : [2259, 2262, 2263, 2264, 2266, 2271, 2277, 2278, 2280, 2282, 2283, 2284, 2285, 2286, 2288, 2293, 2294, 2295, 2300, 2303, 2305, 2307, 2308, 2310, 2313, 2316, 2317, 2320, 2326, 2332, 2334, 2335, 2337, 2338, 2339, 2341, 2344, 2345, 2346, 2347, 2349, 2352, 2355, 2358]
755.8 :   16 : [2265, 2273, 2276, 2290, 2301, 2318, 2323, 2324, 2329, 2331, 2333, 2342, 2343, 2348, 2351, 2354]
755.9 :    1 : [2319]
757.5 :    2 : [2289, 2297]
757.6 :   10 : [2260, 2275, 2281, 2292, 2296, 2298, 2304, 2306, 2327, 2340]
757.7 :   27 : [2261, 2267, 2268, 2269, 2270, 2272, 2274, 2279, 2287, 2291, 2299, 2302, 2309, 2311, 2312, 2314, 2315, 2321, 2322, 2325, 2328, 2330, 2336, 2350, 2353, 2356, 2357]
757.8 :   44 : [2259, 2262, 2263, 2264, 2266, 2271, 2277, 2278, 2280, 2282, 2283, 2284, 2285, 2286, 2288, 2293, 2294, 2295, 2300, 2303, 2305, 2307, 2308, 2310, 2313, 2316, 2317, 2320, 2326, 2332, 2334, 2335, 2337, 2338, 2339, 2341, 2344, 2345, 2346, 2347, 2349, 2352, 2355, 2358]
757.9 :   16 : [2265, 2273, 2276, 2290, 2301, 2318, 2323, 2324, 2329, 2331, 2333, 2342, 2343, 2348, 2351, 2354]
758.0 :    1 : [2319]
759.6 :    2 : [2289, 2297]
759.7 :   10 : [2260, 2275, 2281, 2292, 2296, 2298, 2304, 2306, 2327, 2340]
759.8 :   27 : [2261, 2267, 2268, 2269, 2270, 2272, 2274, 2279, 2287, 2291, 2299, 2302, 2309, 2311, 2312, 2314, 2315, 2321, 2322, 2325, 2328, 2330, 2336, 2350, 2353, 2356, 2357]
759.9 :   44 : [2259, 2262, 2263, 2264, 2266, 2271, 2277, 2278, 2280, 2282, 2283, 2284, 2285, 2286, 2288, 2293, 2294, 2295, 2300, 2303, 2305, 2307, 2308, 2310, 2313, 2316, 2317, 2320, 2326, 2332, 2334, 2335, 2337, 2338, 2339, 2341, 2344, 2345, 2346, 2347, 2349, 2352, 2355, 2358]
760.0 :   16 : [2265, 2273, 2276, 2290, 2301, 2318, 2323, 2324, 2329, 2331, 2333, 2342, 2343, 2348, 2351, 2354]
760.1 :    1 : [2319]
761.7 :    2 : [2289, 2297]
761.8 :   10 : [2260, 2275, 2281, 2292, 2296, 2298, 2304, 2306, 2327, 2340]
761.9 :   27 : [2261, 2267, 2268, 2269, 2270, 2272, 2274, 2279, 2287, 2291, 2299, 2302, 2309, 2311, 2312, 2314, 2315, 2321, 2322, 2325, 2328, 2330, 2336, 2350, 2353, 2356, 2357]
762.0 :   44 : [2259, 2262, 2263, 2264, 2266, 2271, 2277, 2278, 2280, 2282, 2283, 2284, 2285, 2286, 2288, 2293, 2294, 2295, 2300, 2303, 2305, 2307, 2308, 2310, 2313, 2316, 2317, 2320, 2326, 2332, 2334, 2335, 2337, 2338, 2339, 2341, 2344, 2345, 2346, 2347, 2349, 2352, 2355, 2358]
762.1 :   16 : [2265, 2273, 2276, 2290, 2301, 2318, 2323, 2324, 2329, 2331, 2333, 2342, 2343, 2348, 2351, 2354]
762.2 :    1 : [2319]
763.8 :    2 : [2289, 2297]
763.9 :   10 : [2260, 2275, 2281, 2292, 2296, 2298, 2304, 2306, 2327, 2340]
764.0 :   27 : [2261, 2267, 2268, 2269, 2270, 2272, 2274, 2279, 2287, 2291, 2299, 2302, 2309, 2311, 2312, 2314, 2315, 2321, 2322, 2325, 2328, 2330, 2336, 2350, 2353, 2356, 2357]
764.1 :   44 : [2259, 2262, 2263, 2264, 2266, 2271, 2277, 2278, 2280, 2282, 2283, 2284, 2285, 2286, 2288, 2293, 2294, 2295, 2300, 2303, 2305, 2307, 2308, 2310, 2313, 2316, 2317, 2320, 2326, 2332, 2334, 2335, 2337, 2338, 2339, 2341, 2344, 2345, 2346, 2347, 2349, 2352, 2355, 2358]
764.2 :   16 : [2265, 2273, 2276, 2290, 2301, 2318, 2323, 2324, 2329, 2331, 2333, 2342, 2343, 2348, 2351, 2354]
764.3 :    1 : [2319]
765.9 :    2 : [2289, 2297]
766.0 :   10 : [2260, 2275, 2281, 2292, 2296, 2298, 2304, 2306, 2327, 2340]
766.1 :   27 : [2261, 2267, 2268, 2269, 2270, 2272, 2274, 2279, 2287, 2291, 2299, 2302, 2309, 2311, 2312, 2314, 2315, 2321, 2322, 2325, 2328, 2330, 2336, 2350, 2353, 2356, 2357]
766.2 :   44 : [2259, 2262, 2263, 2264, 2266, 2271, 2277, 2278, 2280, 2282, 2283, 2284, 2285, 2286, 2288, 2293, 2294, 2295, 2300, 2303, 2305, 2307, 2308, 2310, 2313, 2316, 2317, 2320, 2326, 2332, 2334, 2335, 2337, 2338, 2339, 2341, 2344, 2345, 2346, 2347, 2349, 2352, 2355, 2358]
766.3 :   16 : [2265, 2273, 2276, 2290, 2301, 2318, 2323, 2324, 2329, 2331, 2333, 2342, 2343, 2348, 2351, 2354]
766.4 :    1 : [2319]
768.0 :    2 : [2289, 2297]
768.1 :   10 : [2260, 2275, 2281, 2292, 2296, 2298, 2304, 2306, 2327, 2340]
768.2 :   27 : [2261, 2267, 2268, 2269, 2270, 2272, 2274, 2279, 2287, 2291, 2299, 2302, 2309, 2311, 2312, 2314, 2315, 2321, 2322, 2325, 2328, 2330, 2336, 2350, 2353, 2356, 2357]
768.3 :   44 : [2259, 2262, 2263, 2264, 2266, 2271, 2277, 2278, 2280, 2282, 2283, 2284, 2285, 2286, 2288, 2293, 2294, 2295, 2300, 2303, 2305, 2307, 2308, 2310, 2313, 2316, 2317, 2320, 2326, 2332, 2334, 2335, 2337, 2338, 2339, 2341, 2344, 2345, 2346, 2347, 2349, 2352, 2355, 2358]
768.4 :   16 : [2265, 2273, 2276, 2290, 2301, 2318, 2323, 2324, 2329, 2331, 2333, 2342, 2343, 2348, 2351, 2354]
768.5 :    1 : [2319]
770.1 :    2 : [2289, 2297]
770.2 :   10 : [2260, 2275, 2281, 2292, 2296, 2298, 2304, 2306, 2327, 2340]
770.3 :   27 : [2261, 2267, 2268, 2269, 2270, 2272, 2274, 2279, 2287, 2291, 2299, 2302, 2309, 2311, 2312, 2314, 2315, 2321, 2322, 2325, 2328, 2330, 2336, 2350, 2353, 2356, 2357]
770.4 :   44 : [2259, 2262, 2263, 2264, 2266, 2271, 2277, 2278, 2280, 2282, 2283, 2284, 2285, 2286, 2288, 2293, 2294, 2295, 2300, 2303, 2305, 2307, 2308, 2310, 2313, 2316, 2317, 2320, 2326, 2332, 2334, 2335, 2337, 2338, 2339, 2341, 2344, 2345, 2346, 2347, 2349, 2352, 2355, 2358]
770.5 :   16 : [2265, 2273, 2276, 2290, 2301, 2318, 2323, 2324, 2329, 2331, 2333, 2342, 2343, 2348, 2351, 2354]
770.6 :    1 : [2319]
772.2 :    2 : [2289, 2297]
772.3 :   10 : [2260, 2275, 2281, 2292, 2296, 2298, 2304, 2306, 2327, 2340]
772.4 :   27 : [2261, 2267, 2268, 2269, 2270, 2272, 2274, 2279, 2287, 2291, 2299, 2302, 2309, 2311, 2312, 2314, 2315, 2321, 2322, 2325, 2328, 2330, 2336, 2350, 2353, 2356, 2357]
772.5 :   44 : [2259, 2262, 2263, 2264, 2266, 2271, 2277, 2278, 2280, 2282, 2283, 2284, 2285, 2286, 2288, 2293, 2294, 2295, 2300, 2303, 2305, 2307, 2308, 2310, 2313, 2316, 2317, 2320, 2326, 2332, 2334, 2335, 2337, 2338, 2339, 2341, 2344, 2345, 2346, 2347, 2349, 2352, 2355, 2358]
772.6 :   16 : [2265, 2273, 2276, 2290, 2301, 2318, 2323, 2324, 2329, 2331, 2333, 2342, 2343, 2348, 2351, 2354]
772.7 :    1 : [2319]
774.3 :    2 : [2289, 2297]
774.4 :   10 : [2260, 2275, 2281, 2292, 2296, 2298, 2304, 2306, 2327, 2340]
774.5 :   27 : [2261, 2267, 2268, 2269, 2270, 2272, 2274, 2279, 2287, 2291, 2299, 2302, 2309, 2311, 2312, 2314, 2315, 2321, 2322, 2325, 2328, 2330, 2336, 2350, 2353, 2356, 2357]
774.6 :   44 : [2259, 2262, 2263, 2264, 2266, 2271, 2277, 2278, 2280, 2282, 2283, 2284, 2285, 2286, 2288, 2293, 2294, 2295, 2300, 2303, 2305, 2307, 2308, 2310, 2313, 2316, 2317, 2320, 2326, 2332, 2334, 2335, 2337, 2338, 2339, 2341, 2344, 2345, 2346, 2347, 2349, 2352, 2355, 2358]
774.7 :   16 : [2265, 2273, 2276, 2290, 2301, 2318, 2323, 2324, 2329, 2331, 2333, 2342, 2343, 2348, 2351, 2354]
774.8 :    1 : [2319]
776.4 :    2 : [2289, 2297]
776.5 :   10 : [2260, 2275, 2281, 2292, 2296, 2298, 2304, 2306, 2327, 2340]
776.6 :   27 : [2261, 2267, 2268, 2269, 2270, 2272, 2274, 2279, 2287, 2291, 2299, 2302, 2309, 2311, 2312, 2314, 2315, 2321, 2322, 2325, 2328, 2330, 2336, 2350, 2353, 2356, 2357]
776.7 :   44 : [2259, 2262, 2263, 2264, 2266, 2271, 2277, 2278, 2280, 2282, 2283, 2284, 2285, 2286, 2288, 2293, 2294, 2295, 2300, 2303, 2305, 2307, 2308, 2310, 2313, 2316, 2317, 2320, 2326, 2332, 2334, 2335, 2337, 2338, 2339, 2341, 2344, 2345, 2346, 2347, 2349, 2352, 2355, 2358]
776.8 :   16 : [2265, 2273, 2276, 2290, 2301, 2318, 2323, 2324, 2329, 2331, 2333, 2342, 2343, 2348, 2351, 2354]
776.9 :    1 : [2319]
778.5 :    2 : [2289, 2297]
778.6 :   10 : [2260, 2275, 2281, 2292, 2296, 2298, 2304, 2306, 2327, 2340]
778.7 :   27 : [2261, 2267, 2268, 2269, 2270, 2272, 2274, 2279, 2287, 2291, 2299, 2302, 2309, 2311, 2312, 2314, 2315, 2321, 2322, 2325, 2328, 2330, 2336, 2350, 2353, 2356, 2357]
778.8 :   44 : [2259, 2262, 2263, 2264, 2266, 2271, 2277, 2278, 2280, 2282, 2283, 2284, 2285, 2286, 2288, 2293, 2294, 2295, 2300, 2303, 2305, 2307, 2308, 2310, 2313, 2316, 2317, 2320, 2326, 2332, 2334, 2335, 2337, 2338, 2339, 2341, 2344, 2345, 2346, 2347, 2349, 2352, 2355, 2358]
778.9 :   16 : [2265, 2273, 2276, 2290, 2301, 2318, 2323, 2324, 2329, 2331, 2333, 2342, 2343, 2348, 2351, 2354]
779.0 :    1 : [2319]
780.6 :    2 : [2289, 2297]
780.7 :   10 : [2260, 2275, 2281, 2292, 2296, 2298, 2304, 2306, 2327, 2340]
780.8 :   27 : [2261, 2267, 2268, 2269, 2270, 2272, 2274, 2279, 2287, 2291, 2299, 2302, 2309, 2311, 2312, 2314, 2315, 2321, 2322, 2325, 2328, 2330, 2336, 2350, 2353, 2356, 2357]
780.9 :   44 : [2259, 2262, 2263, 2264, 2266, 2271, 2277, 2278, 2280, 2282, 2283, 2284, 2285, 2286, 2288, 2293, 2294, 2295, 2300, 2303, 2305, 2307, 2308, 2310, 2313, 2316, 2317, 2320, 2326, 2332, 2334, 2335, 2337, 2338, 2339, 2341, 2344, 2345, 2346, 2347, 2349, 2352, 2355, 2358]
781.0 :   16 : [2265, 2273, 2276, 2290, 2301, 2318, 2323, 2324, 2329, 2331, 2333, 2342, 2343, 2348, 2351, 2354]
781.1 :    1 : [2319]
782.7 :    2 : [2289, 2297]
782.8 :   10 : [2260, 2275, 2281, 2292, 2296, 2298, 2304, 2306, 2327, 2340]
782.9 :   27 : [2261, 2267, 2268, 2269, 2270, 2272, 2274, 2279, 2287, 2291, 2299, 2302, 2309, 2311, 2312, 2314, 2315, 2321, 2322, 2325, 2328, 2330, 2336, 2350, 2353, 2356, 2357]
783.0 :   44 : [2259, 2262, 2263, 2264, 2266, 2271, 2277, 2278, 2280, 2282, 2283, 2284, 2285, 2286, 2288, 2293, 2294, 2295, 2300, 2303, 2305, 2307, 2308, 2310, 2313, 2316, 2317, 2320, 2326, 2332, 2334, 2335, 2337, 2338, 2339, 2341, 2344, 2345, 2346, 2347, 2349, 2352, 2355, 2358]
783.1 :   16 : [2265, 2273, 2276, 2290, 2301, 2318, 2323, 2324, 2329, 2331, 2333, 2342, 2343, 2348, 2351, 2354]
783.2 :    1 : [2319]
784.8 :    2 : [2289, 2297]
784.9 :   10 : [2260, 2275, 2281, 2292, 2296, 2298, 2304, 2306, 2327, 2340]
785.0 :   27 : [2261, 2267, 2268, 2269, 2270, 2272, 2274, 2279, 2287, 2291, 2299, 2302, 2309, 2311, 2312, 2314, 2315, 2321, 2322, 2325, 2328, 2330, 2336, 2350, 2353, 2356, 2357]
785.1 :   44 : [2259, 2262, 2263, 2264, 2266, 2271, 2277, 2278, 2280, 2282, 2283, 2284, 2285, 2286, 2288, 2293, 2294, 2295, 2300, 2303, 2305, 2307, 2308, 2310, 2313, 2316, 2317, 2320, 2326, 2332, 2334, 2335, 2337, 2338, 2339, 2341, 2344, 2345, 2346, 2347, 2349, 2352, 2355, 2358]
785.2 :   16 : [2265, 2273, 2276, 2290, 2301, 2318, 2323, 2324, 2329, 2331, 2333, 2342, 2343, 2348, 2351, 2354]
785.3 :    1 : [2319]
786.9 :    2 : [2289, 2297]
787.0 :   10 : [2260, 2275, 2281, 2292, 2296, 2298, 2304, 2306, 2327, 2340]
787.1 :   27 : [2261, 2267, 2268, 2269, 2270, 2272, 2274, 2279, 2287, 2291, 2299, 2302, 2309, 2311, 2312, 2314, 2315, 2321, 2322, 2325, 2328, 2330, 2336, 2350, 2353, 2356, 2357]
787.2 :   44 : [2259, 2262, 2263, 2264, 2266, 2271, 2277, 2278, 2280, 2282, 2283, 2284, 2285, 2286, 2288, 2293, 2294, 2295, 2300, 2303, 2305, 2307, 2308, 2310, 2313, 2316, 2317, 2320, 2326, 2332, 2334, 2335, 2337, 2338, 2339, 2341, 2344, 2345, 2346, 2347, 2349, 2352, 2355, 2358]
787.3 :   16 : [2265, 2273, 2276, 2290, 2301, 2318, 2323, 2324, 2329, 2331, 2333, 2342, 2343, 2348, 2351, 2354]
787.4 :    1 : [2319]
789.0 :    2 : [2289, 2297]
789.1 :   10 : [2260, 2275, 2281, 2292, 2296, 2298, 2304, 2306, 2327, 2340]
789.2 :   27 : [2261, 2267, 2268, 2269, 2270, 2272, 2274, 2279, 2287, 2291, 2299, 2302, 2309, 2311, 2312, 2314, 2315, 2321, 2322, 2325, 2328, 2330, 2336, 2350, 2353, 2356, 2357]
789.3 :   44 : [2259, 2262, 2263, 2264, 2266, 2271, 2277, 2278, 2280, 2282, 2283, 2284, 2285, 2286, 2288, 2293, 2294, 2295, 2300, 2303, 2305, 2307, 2308, 2310, 2313, 2316, 2317, 2320, 2326, 2332, 2334, 2335, 2337, 2338, 2339, 2341, 2344, 2345, 2346, 2347, 2349, 2352, 2355, 2358]
789.4 :   16 : [2265, 2273, 2276, 2290, 2301, 2318, 2323, 2324, 2329, 2331, 2333, 2342, 2343, 2348, 2351, 2354]
789.5 :    1 : [2319]
791.1 :    2 : [2289, 2297]
791.2 :   10 : [2260, 2275, 2281, 2292, 2296, 2298, 2304, 2306, 2327, 2340]
791.3 :   27 : [2261, 2267, 2268, 2269, 2270, 2272, 2274, 2279, 2287, 2291, 2299, 2302, 2309, 2311, 2312, 2314, 2315, 2321, 2322, 2325, 2328, 2330, 2336, 2350, 2353, 2356, 2357]
791.4 :   44 : [2259, 2262, 2263, 2264, 2266, 2271, 2277, 2278, 2280, 2282, 2283, 2284, 2285, 2286, 2288, 2293, 2294, 2295, 2300, 2303, 2305, 2307, 2308, 2310, 2313, 2316, 2317, 2320, 2326, 2332, 2334, 2335, 2337, 2338, 2339, 2341, 2344, 2345, 2346, 2347, 2349, 2352, 2355, 2358]
791.5 :   16 : [2265, 2273, 2276, 2290, 2301, 2318, 2323, 2324, 2329, 2331, 2333, 2342, 2343, 2348, 2351, 2354]
791.6 :    1 : [2319]
793.2 :    2 : [2289, 2297]
793.3 :   10 : [2260, 2275, 2281, 2292, 2296, 2298, 2304, 2306, 2327, 2340]
793.4 :   27 : [2261, 2267, 2268, 2269, 2270, 2272, 2274, 2279, 2287, 2291, 2299, 2302, 2309, 2311, 2312, 2314, 2315, 2321, 2322, 2325, 2328, 2330, 2336, 2350, 2353, 2356, 2357]
793.5 :   44 : [2259, 2262, 2263, 2264, 2266, 2271, 2277, 2278, 2280, 2282, 2283, 2284, 2285, 2286, 2288, 2293, 2294, 2295, 2300, 2303, 2305, 2307, 2308, 2310, 2313, 2316, 2317, 2320, 2326, 2332, 2334, 2335, 2337, 2338, 2339, 2341, 2344, 2345, 2346, 2347, 2349, 2352, 2355, 2358]
793.6 :   16 : [2265, 2273, 2276, 2290, 2301, 2318, 2323, 2324, 2329, 2331, 2333, 2342, 2343, 2348, 2351, 2354]
793.7 :    1 : [2319]
795.3 :    2 : [2289, 2297]
795.4 :   10 : [2260, 2275, 2281, 2292, 2296, 2298, 2304, 2306, 2327, 2340]
795.5 :   27 : [2261, 2267, 2268, 2269, 2270, 2272, 2274, 2279, 2287, 2291, 2299, 2302, 2309, 2311, 2312, 2314, 2315, 2321, 2322, 2325, 2328, 2330, 2336, 2350, 2353, 2356, 2357]
795.6 :   44 : [2259, 2262, 2263, 2264, 2266, 2271, 2277, 2278, 2280, 2282, 2283, 2284, 2285, 2286, 2288, 2293, 2294, 2295, 2300, 2303, 2305, 2307, 2308, 2310, 2313, 2316, 2317, 2320, 2326, 2332, 2334, 2335, 2337, 2338, 2339, 2341, 2344, 2345, 2346, 2347, 2349, 2352, 2355, 2358]
795.7 :   16 : [2265, 2273, 2276, 2290, 2301, 2318, 2323, 2324, 2329, 2331, 2333, 2342, 2343, 2348, 2351, 2354]
795.8 :    1 : [2319]
797.4 :    2 : [2289, 2297]
797.5 :   10 : [2260, 2275, 2281, 2292, 2296, 2298, 2304, 2306, 2327, 2340]
797.6 :   27 : [2261, 2267, 2268, 2269, 2270, 2272, 2274, 2279, 2287, 2291, 2299, 2302, 2309, 2311, 2312, 2314, 2315, 2321, 2322, 2325, 2328, 2330, 2336, 2350, 2353, 2356, 2357]
797.7 :   44 : [2259, 2262, 2263, 2264, 2266, 2271, 2277, 2278, 2280, 2282, 2283, 2284, 2285, 2286, 2288, 2293, 2294, 2295, 2300, 2303, 2305, 2307, 2308, 2310, 2313, 2316, 2317, 2320, 2326, 2332, 2334, 2335, 2337, 2338, 2339, 2341, 2344, 2345, 2346, 2347, 2349, 2352, 2355, 2358]
797.8 :   16 : [2265, 2273, 2276, 2290, 2301, 2318, 2323, 2324, 2329, 2331, 2333, 2342, 2343, 2348, 2351, 2354]
797.9 :    1 : [2319]
799.5 :    2 : [2289, 2297]
799.6 :   10 : [2260, 2275, 2281, 2292, 2296, 2298, 2304, 2306, 2327, 2340]
799.7 :   27 : [2261, 2267, 2268, 2269, 2270, 2272, 2274, 2279, 2287, 2291, 2299, 2302, 2309, 2311, 2312, 2314, 2315, 2321, 2322, 2325, 2328, 2330, 2336, 2350, 2353, 2356, 2357]
799.8 :   44 : [2259, 2262, 2263, 2264, 2266, 2271, 2277, 2278, 2280, 2282, 2283, 2284, 2285, 2286, 2288, 2293, 2294, 2295, 2300, 2303, 2305, 2307, 2308, 2310, 2313, 2316, 2317, 2320, 2326, 2332, 2334, 2335, 2337, 2338, 2339, 2341, 2344, 2345, 2346, 2347, 2349, 2352, 2355, 2358]
799.9 :   16 : [2265, 2273, 2276, 2290, 2301, 2318, 2323, 2324, 2329, 2331, 2333, 2342, 2343, 2348, 2351, 2354]
800.0 :    1 : [2319]
801.6 :    2 : [2289, 2297]
801.7 :   10 : [2260, 2275, 2281, 2292, 2296, 2298, 2304, 2306, 2327, 2340]
801.8 :   27 : [2261, 2267, 2268, 2269, 2270, 2272, 2274, 2279, 2287, 2291, 2299, 2302, 2309, 2311, 2312, 2314, 2315, 2321, 2322, 2325, 2328, 2330, 2336, 2350, 2353, 2356, 2357]
801.9 :   44 : [2259, 2262, 2263, 2264, 2266, 2271, 2277, 2278, 2280, 2282, 2283, 2284, 2285, 2286, 2288, 2293, 2294, 2295, 2300, 2303, 2305, 2307, 2308, 2310, 2313, 2316, 2317, 2320, 2326, 2332, 2334, 2335, 2337, 2338, 2339, 2341, 2344, 2345, 2346, 2347, 2349, 2352, 2355, 2358]
802.0 :   16 : [2265, 2273, 2276, 2290, 2301, 2318, 2323, 2324, 2329, 2331, 2333, 2342, 2343, 2348, 2351, 2354]
802.1 :    1 : [2319]
803.7 :    2 : [2289, 2297]
803.8 :   10 : [2260, 2275, 2281, 2292, 2296, 2298, 2304, 2306, 2327, 2340]
803.9 :   27 : [2261, 2267, 2268, 2269, 2270, 2272, 2274, 2279, 2287, 2291, 2299, 2302, 2309, 2311, 2312, 2314, 2315, 2321, 2322, 2325, 2328, 2330, 2336, 2350, 2353, 2356, 2357]
804.0 :   44 : [2259, 2262, 2263, 2264, 2266, 2271, 2277, 2278, 2280, 2282, 2283, 2284, 2285, 2286, 2288, 2293, 2294, 2295, 2300, 2303, 2305, 2307, 2308, 2310, 2313, 2316, 2317, 2320, 2326, 2332, 2334, 2335, 2337, 2338, 2339, 2341, 2344, 2345, 2346, 2347, 2349, 2352, 2355, 2358]
804.1 :   16 : [2265, 2273, 2276, 2290, 2301, 2318, 2323, 2324, 2329, 2331, 2333, 2342, 2343, 2348, 2351, 2354]
804.2 :    1 : [2319]
805.8 :    2 : [2289, 2297]
805.9 :   10 : [2260, 2275, 2281, 2292, 2296, 2298, 2304, 2306, 2327, 2340]
806.0 :   27 : [2261, 2267, 2268, 2269, 2270, 2272, 2274, 2279, 2287, 2291, 2299, 2302, 2309, 2311, 2312, 2314, 2315, 2321, 2322, 2325, 2328, 2330, 2336, 2350, 2353, 2356, 2357]
806.1 :   44 : [2259, 2262, 2263, 2264, 2266, 2271, 2277, 2278, 2280, 2282, 2283, 2284, 2285, 2286, 2288, 2293, 2294, 2295, 2300, 2303, 2305, 2307, 2308, 2310, 2313, 2316, 2317, 2320, 2326, 2332, 2334, 2335, 2337, 2338, 2339, 2341, 2344, 2345, 2346, 2347, 2349, 2352, 2355, 2358]
806.2 :   16 : [2265, 2273, 2276, 2290, 2301, 2318, 2323, 2324, 2329, 2331, 2333, 2342, 2343, 2348, 2351, 2354]
806.3 :    1 : [2319]
807.9 :    2 : [2289, 2297]
808.0 :   10 : [2260, 2275, 2281, 2292, 2296, 2298, 2304, 2306, 2327, 2340]
808.1 :   27 : [2261, 2267, 2268, 2269, 2270, 2272, 2274, 2279, 2287, 2291, 2299, 2302, 2309, 2311, 2312, 2314, 2315, 2321, 2322, 2325, 2328, 2330, 2336, 2350, 2353, 2356, 2357]
808.2 :   44 : [2259, 2262, 2263, 2264, 2266, 2271, 2277, 2278, 2280, 2282, 2283, 2284, 2285, 2286, 2288, 2293, 2294, 2295, 2300, 2303, 2305, 2307, 2308, 2310, 2313, 2316, 2317, 2320, 2326, 2332, 2334, 2335, 2337, 2338, 2339, 2341, 2344, 2345, 2346, 2347, 2349, 2352, 2355, 2358]
808.3 :   16 : [2265, 2273, 2276, 2290, 2301, 2318, 2323, 2324, 2329, 2331, 2333, 2342, 2343, 2348, 2351, 2354]
808.4 :    1 : [2319]
810.0 :    2 : [2289, 2297]
810.1 :   10 : [2260, 2275, 2281, 2292, 2296, 2298, 2304, 2306, 2327, 2340]
810.2 :   27 : [2261, 2267, 2268, 2269, 2270, 2272, 2274, 2279, 2287, 2291, 2299, 2302, 2309, 2311, 2312, 2314, 2315, 2321, 2322, 2325, 2328, 2330, 2336, 2350, 2353, 2356, 2357]
810.3 :   44 : [2259, 2262, 2263, 2264, 2266, 2271, 2277, 2278, 2280, 2282, 2283, 2284, 2285, 2286, 2288, 2293, 2294, 2295, 2300, 2303, 2305, 2307, 2308, 2310, 2313, 2316, 2317, 2320, 2326, 2332, 2334, 2335, 2337, 2338, 2339, 2341, 2344, 2345, 2346, 2347, 2349, 2352, 2355, 2358]
810.4 :   16 : [2265, 2273, 2276, 2290, 2301, 2318, 2323, 2324, 2329, 2331, 2333, 2342, 2343, 2348, 2351, 2354]
810.5 :    1 : [2319]
812.1 :    2 : [2289, 2297]
812.2 :   10 : [2260, 2275, 2281, 2292, 2296, 2298, 2304, 2306, 2327, 2340]
812.3 :   27 : [2261, 2267, 2268, 2269, 2270, 2272, 2274, 2279, 2287, 2291, 2299, 2302, 2309, 2311, 2312, 2314, 2315, 2321, 2322, 2325, 2328, 2330, 2336, 2350, 2353, 2356, 2357]
812.4 :   44 : [2259, 2262, 2263, 2264, 2266, 2271, 2277, 2278, 2280, 2282, 2283, 2284, 2285, 2286, 2288, 2293, 2294, 2295, 2300, 2303, 2305, 2307, 2308, 2310, 2313, 2316, 2317, 2320, 2326, 2332, 2334, 2335, 2337, 2338, 2339, 2341, 2344, 2345, 2346, 2347, 2349, 2352, 2355, 2358]
812.5 :   16 : [2265, 2273, 2276, 2290, 2301, 2318, 2323, 2324, 2329, 2331, 2333, 2342, 2343, 2348, 2351, 2354]
812.6 :    1 : [2319]
814.2 :    2 : [2289, 2297]
814.3 :   10 : [2260, 2275, 2281, 2292, 2296, 2298, 2304, 2306, 2327, 2340]
814.4 :   27 : [2261, 2267, 2268, 2269, 2270, 2272, 2274, 2279, 2287, 2291, 2299, 2302, 2309, 2311, 2312, 2314, 2315, 2321, 2322, 2325, 2328, 2330, 2336, 2350, 2353, 2356, 2357]
814.5 :   44 : [2259, 2262, 2263, 2264, 2266, 2271, 2277, 2278, 2280, 2282, 2283, 2284, 2285, 2286, 2288, 2293, 2294, 2295, 2300, 2303, 2305, 2307, 2308, 2310, 2313, 2316, 2317, 2320, 2326, 2332, 2334, 2335, 2337, 2338, 2339, 2341, 2344, 2345, 2346, 2347, 2349, 2352, 2355, 2358]
814.6 :   16 : [2265, 2273, 2276, 2290, 2301, 2318, 2323, 2324, 2329, 2331, 2333, 2342, 2343, 2348, 2351, 2354]
814.7 :    1 : [2319]
816.3 :    2 : [2289, 2297]
816.4 :   10 : [2260, 2275, 2281, 2292, 2296, 2298, 2304, 2306, 2327, 2340]
816.5 :   27 : [2261, 2267, 2268, 2269, 2270, 2272, 2274, 2279, 2287, 2291, 2299, 2302, 2309, 2311, 2312, 2314, 2315, 2321, 2322, 2325, 2328, 2330, 2336, 2350, 2353, 2356, 2357]
816.6 :   44 : [2259, 2262, 2263, 2264, 2266, 2271, 2277, 2278, 2280, 2282, 2283, 2284, 2285, 2286, 2288, 2293, 2294, 2295, 2300, 2303, 2305, 2307, 2308, 2310, 2313, 2316, 2317, 2320, 2326, 2332, 2334, 2335, 2337, 2338, 2339, 2341, 2344, 2345, 2346, 2347, 2349, 2352, 2355, 2358]
816.7 :   16 : [2265, 2273, 2276, 2290, 2301, 2318, 2323, 2324, 2329, 2331, 2333, 2342, 2343, 2348, 2351, 2354]
816.8 :    1 : [2319]
818.5 :    2 : [2289, 2297]
818.6 :    7 : [2275, 2281, 2292, 2296, 2304, 2306, 2340]
818.7 :   11 : [2260, 2261, 2267, 2274, 2298, 2299, 2311, 2327, 2328, 2330, 2357]
818.8 :   17 : [2268, 2269, 2270, 2272, 2279, 2287, 2291, 2302, 2309, 2312, 2321, 2322, 2325, 2326, 2336, 2353, 2356]
818.9 :   39 : [2262, 2263, 2264, 2266, 2271, 2277, 2278, 2280, 2282, 2283, 2284, 2285, 2286, 2288, 2293, 2294, 2295, 2303, 2305, 2307, 2308, 2310, 2314, 2315, 2316, 2317, 2332, 2334, 2337, 2338, 2339, 2341, 2344, 2345, 2346, 2350, 2352, 2355, 2358]
819.0 :   15 : [2259, 2265, 2300, 2313, 2318, 2320, 2324, 2329, 2331, 2333, 2335, 2347, 2348, 2349, 2351]
819.1 :    5 : [2301, 2323, 2342, 2343, 2354]
819.2 :    4 : [2273, 2276, 2290, 2319]
821.0 :    3 : [2289, 2292, 2340]
821.1 :    6 : [2261, 2267, 2296, 2297, 2306, 2357]
821.2 :    1 : [2274]
821.3 :    4 : [2281, 2299, 2311, 2328]
821.4 :    4 : [2275, 2304, 2326, 2330]
821.5 :    2 : [2287, 2310]
821.6 :    3 : [2260, 2327, 2337]
821.7 :    6 : [2270, 2272, 2291, 2298, 2334, 2356]
821.8 :   13 : [2262, 2265, 2266, 2269, 2279, 2283, 2294, 2295, 2312, 2333, 2344, 2345, 2358]
821.9 :    8 : [2264, 2271, 2278, 2303, 2318, 2322, 2346, 2353]
822.0 :   14 : [2263, 2268, 2284, 2293, 2305, 2308, 2317, 2325, 2329, 2336, 2341, 2348, 2351, 2352]
822.1 :   14 : [2277, 2280, 2285, 2286, 2307, 2309, 2316, 2321, 2324, 2331, 2332, 2338, 2339, 2355]
822.2 :    7 : [2259, 2282, 2288, 2301, 2319, 2343, 2354]
822.3 :    5 : [2302, 2314, 2320, 2323, 2342]
822.4 :    3 : [2300, 2313, 2315]
822.5 :    1 : [2347]
822.7 :    2 : [2290, 2350]
822.8 :    2 : [2335, 2349]
822.9 :    1 : [2273]
823.7 :    4 : [2267, 2292, 2340, 2357]
823.8 :    1 : [2261]
824.0 :    1 : [2296]
824.1 :    2 : [2289, 2306]
824.3 :    1 : [2274]
824.7 :    1 : [2299]
824.8 :    2 : [2297, 2310]
824.9 :    1 : [2326]
825.2 :    1 : [2328]
825.7 :    1 : [2311]
825.8 :    1 : [2281]
825.9 :    1 : [2287]
826.0 :    1 : [2265]
826.1 :    1 : [2318]
826.2 :    2 : [2333, 2337]
826.3 :    4 : [2262, 2266, 2272, 2345]
826.4 :    5 : [2260, 2276, 2278, 2284, 2294]
826.5 :    8 : [2264, 2267, 2275, 2291, 2298, 2324, 2329, 2330]
826.6 :    6 : [2271, 2279, 2283, 2303, 2344, 2351]
826.7 :    7 : [2282, 2295, 2308, 2334, 2341, 2354, 2358]
826.8 :    2 : [2340, 2346]
826.9 :    7 : [2280, 2293, 2296, 2312, 2343, 2353, 2356]
827.0 :    4 : [2263, 2305, 2317, 2325]
827.1 :    2 : [2323, 2357]
827.2 :    4 : [2261, 2270, 2307, 2336]
827.3 :    2 : [2301, 2355]
827.4 :    3 : [2286, 2332, 2339]
827.5 :    2 : [2285, 2321]
827.8 :    1 : [2274]
