Name: Prefrontal cortex [Glu1], Title: Raster plot from device '20336', Hist: False
414.3 :    1 : [903]
414.5 :    1 : [889]
414.7 :    1 : [970]
414.8 :    1 : [948]
415.8 :    2 : [899, 942]
415.9 :    9 : [924, 933, 939, 945, 949, 956, 965, 969, 976]
416.5 :    3 : [884, 885, 916]
416.7 :    7 : [931, 943, 946, 950, 955, 964, 966]
417.2 :    8 : [887, 902, 908, 910, 932, 935, 941, 963]
417.3 :    1 : [903]
417.4 :    1 : [927]
417.5 :    2 : [894, 961]
417.6 :    6 : [889, 895, 913, 930, 953, 959]
417.7 :    4 : [920, 940, 948, 970]
417.8 :    4 : [882, 922, 926, 977]
417.9 :    5 : [888, 923, 925, 952, 962]
418.0 :    3 : [901, 917, 951]
418.1 :    7 : [892, 893, 898, 905, 938, 944, 957]
418.2 :    2 : [906, 934]
418.3 :    8 : [886, 891, 897, 914, 915, 919, 954, 975]
418.4 :    1 : [911]
418.5 :    2 : [900, 912]
418.6 :    3 : [909, 924, 947]
418.7 :    4 : [899, 936, 945, 976]
418.8 :    5 : [907, 939, 969, 972, 973]
418.9 :    7 : [896, 904, 929, 933, 942, 958, 974]
419.0 :    3 : [937, 965, 967]
419.1 :    5 : [884, 890, 943, 956, 960]
419.2 :    2 : [955, 971]
419.3 :    5 : [916, 918, 928, 949, 950]
419.4 :    2 : [964, 968]
419.5 :    3 : [921, 931, 946]
419.6 :    4 : [885, 910, 963, 966]
419.7 :    4 : [887, 903, 932, 941]
419.8 :    1 : [935]
419.9 :    3 : [883, 902, 908]
420.0 :    1 : [894]
420.1 :    2 : [889, 953]
420.2 :    4 : [895, 913, 961, 970]
420.3 :    2 : [920, 948]
420.4 :    2 : [882, 959]
420.5 :    6 : [888, 922, 923, 926, 930, 940]
420.6 :    6 : [893, 901, 905, 927, 962, 977]
420.7 :    3 : [892, 938, 957]
420.8 :    5 : [906, 917, 934, 944, 951]
420.9 :    5 : [891, 898, 925, 952, 954]
421.0 :    4 : [886, 911, 914, 919]
421.1 :    3 : [899, 924, 975]
421.2 :    3 : [912, 936, 945]
421.3 :    5 : [897, 915, 929, 939, 976]
421.4 :    5 : [909, 933, 947, 967, 969]
421.5 :    5 : [900, 942, 943, 965, 973]
421.6 :    4 : [884, 955, 958, 974]
421.7 :    2 : [904, 937]
421.8 :    3 : [949, 956, 971]
421.9 :    3 : [890, 896, 950]
422.0 :    2 : [928, 963]
422.1 :    6 : [903, 907, 910, 921, 964, 972]
422.2 :    3 : [916, 918, 932]
422.3 :    4 : [887, 941, 946, 960]
422.4 :    4 : [894, 953, 966, 968]
422.6 :    2 : [889, 913]
422.8 :    2 : [908, 970]
422.9 :    3 : [920, 959, 961]
423.0 :    1 : [901]
423.2 :    5 : [882, 888, 905, 923, 957]
423.3 :    5 : [883, 902, 922, 930, 948]
423.4 :    5 : [891, 893, 911, 944, 962]
423.5 :    3 : [926, 951, 977]
423.6 :    3 : [899, 924, 952]
423.7 :    4 : [895, 925, 934, 945]
423.8 :    4 : [885, 914, 917, 943]
423.9 :   10 : [892, 897, 912, 933, 936, 939, 965, 967, 969, 976]
424.0 :    5 : [898, 929, 938, 954, 955]
424.1 :    1 : [886]
424.2 :    2 : [909, 940]
424.3 :    2 : [900, 927]
424.4 :    3 : [915, 950, 963]
424.6 :    4 : [906, 910, 937, 947]
424.7 :    5 : [884, 949, 953, 971, 975]
424.8 :    5 : [887, 904, 919, 932, 964]
424.9 :    5 : [894, 907, 916, 941, 956]
425.0 :    5 : [889, 903, 913, 918, 921]
425.1 :    3 : [931, 973, 974]
425.2 :    1 : [970]
425.3 :    4 : [942, 946, 966, 968]
425.4 :    6 : [896, 908, 920, 928, 958, 959]
425.5 :    2 : [901, 961]
425.6 :    1 : [957]
425.7 :    4 : [882, 935, 948, 960]
425.8 :    2 : [888, 911]
425.9 :    3 : [890, 902, 922]
426.0 :    7 : [891, 899, 905, 924, 926, 930, 962]
426.1 :    2 : [945, 951]
426.2 :    3 : [923, 943, 944]
426.3 :    1 : [883]
426.4 :    2 : [965, 969]
426.5 :    1 : [955]
426.6 :    3 : [934, 967, 976]
426.7 :    3 : [897, 914, 925]
426.8 :    2 : [950, 963]
427.0 :    1 : [909]
427.1 :    2 : [910, 953]
427.2 :    1 : [900]
427.3 :    1 : [964]
427.4 :    3 : [889, 913, 915]
427.5 :    2 : [916, 971]
427.8 :    1 : [921]
428.0 :    3 : [901, 907, 918]
428.1 :    1 : [959]
428.2 :    2 : [911, 957]
428.4 :    1 : [970]
428.5 :    4 : [888, 924, 943, 968]
428.6 :    1 : [905]
428.7 :    1 : [962]
429.2 :    2 : [934, 976]
429.5 :    2 : [953, 969]
429.6 :    1 : [891]
429.7 :    1 : [889]
430.2 :    1 : [955]
430.4 :    1 : [971]
430.7 :    2 : [901, 911]
430.8 :    2 : [943, 957]
431.0 :    1 : [950]
431.2 :    3 : [915, 951, 965]
431.3 :    1 : [905]
431.6 :    1 : [909]
431.8 :    3 : [963, 964, 976]
431.9 :    1 : [910]
432.0 :    3 : [924, 953, 962]
432.1 :    3 : [889, 900, 969]
432.2 :    1 : [888]
432.3 :    1 : [891]
432.4 :    1 : [897]
432.6 :    3 : [930, 944, 945]
432.7 :    1 : [955]
432.8 :    2 : [913, 968]
432.9 :    2 : [916, 921]
433.1 :    1 : [970]
433.2 :    2 : [901, 911]
433.3 :    1 : [943]
435.7 :    2 : [911, 976]
437.1 :    1 : [901]
437.4 :    1 : [943]
438.1 :    1 : [911]
438.2 :    1 : [969]
438.3 :    1 : [976]
438.7 :    1 : [955]
440.5 :    1 : [911]
