       0.0    525.6      525.6  0.0 02:05:51.372098
     525.6    505.9     1031.5 10.0 02:06:54.641294
    1031.5    554.4     1585.9 20.0 02:08:03.954291
    1585.9    543.9     2129.8 30.0 02:09:12.065810
    2129.8    528.4     2658.2 40.0 02:10:18.348423
    2658.2    532.7     3190.9 50.0 02:11:24.976739
    3190.9    541.0     3731.8 60.0 02:12:32.644347
    3731.8    556.0     4287.8 70.0 02:13:42.186932
    4287.8    531.5     4819.3 80.0 02:14:48.663405
    4819.3    531.7     5350.9 90.0 02:15:55.165513
    5350.9    532.1     5883.1 100.0 02:17:01.727882
    5883.1    537.5     6420.6 110.0 02:18:08.955886
    6420.6    551.1     6971.7 120.0 02:19:17.890713
    6971.7    544.9     7516.6 130.0 02:20:26.055632
    7516.6    530.9     8047.5 140.0 02:21:32.470393
    8047.5    531.0     8578.5 150.0 02:22:38.894703
    8578.5    532.8     9111.3 160.0 02:23:45.535981
    9111.3    540.8     9652.0 170.0 02:24:53.180732
    9652.0    556.4    10208.4 180.0 02:26:02.780780
   10208.4    530.4    10738.9 190.0 02:27:09.131139
   10738.9    530.2    11269.0 200.0 02:28:15.448989
   11269.0    530.2    11799.2 210.0 02:29:21.773210
   11799.2    529.9    12329.1 220.0 02:30:28.051172
   12329.1    529.4    12858.5 230.0 02:31:34.271358
   12858.5    529.2    13387.7 240.0 02:32:40.465148
   13387.7    529.1    13916.7 250.0 02:33:46.646492
   13916.7    529.0    14445.8 260.0 02:34:52.823372
   14445.8    528.9    14974.7 270.0 02:35:59.002127
   14974.7    529.0    15503.7 280.0 02:37:05.171190
   15503.7    528.8    16032.5 290.0 02:38:11.307822
   16032.5    528.9    16561.4 300.0 02:39:17.458941
   16561.4    529.1    17090.5 310.0 02:40:23.640352
   17090.5    529.2    17619.7 320.0 02:41:29.829970
   17619.7    530.4    18150.1 330.0 02:42:36.172696
   18150.1    536.2    18686.4 340.0 02:43:43.242667
   18686.4    558.3    19244.7 350.0 02:44:53.069327
   19244.7    530.0    19774.7 360.0 02:45:59.359197
   19774.7    529.0    20303.6 370.0 02:47:05.528388
   20303.6    529.2    20832.8 380.0 02:48:11.746891
   20832.8    531.9    21364.7 390.0 02:49:18.289028
   21364.7    540.4    21905.1 400.0 02:50:25.892880
   21905.1    553.5    22458.6 410.0 02:51:35.130739
   22458.6    530.8    22989.4 420.0 02:52:41.525518
   22989.4    530.9    23520.3 430.0 02:53:47.930480
   23520.3    531.5    24051.8 440.0 02:54:54.419250
   24051.8    537.1    24588.9 450.0 02:56:01.603174
   24588.9    558.8    25147.8 460.0 02:57:11.497938
   25147.8    532.6    25680.3 470.0 02:58:18.108054
   25680.3    530.1    26210.4 480.0 02:59:24.410883
   26210.4    530.3    26740.7 490.0 03:00:30.737118
   26740.7    533.0    27273.6 500.0 03:01:37.399643
   27273.6    541.5    27815.1 510.0 03:02:45.132872
   27815.1    553.7    28368.9 520.0 03:03:54.394029
   28368.9    529.3    28898.2 530.0 03:05:00.604222
   28898.2    529.6    29427.8 540.0 03:06:06.844805
   29427.8    530.4    29958.2 550.0 03:07:13.187309
   29958.2    536.3    30494.5 560.0 03:08:20.265472
   30494.5    556.4    31050.8 570.0 03:09:29.858828
   31050.8    534.9    31585.8 580.0 03:10:36.777315
   31585.8    530.0    32115.7 590.0 03:11:43.065827
   32115.7    530.1    32645.8 600.0 03:12:49.368411
   32645.8    532.6    33178.5 610.0 03:13:55.997065
   33178.5    541.3    33719.8 620.0 03:15:03.705757
   33719.8    554.5    34274.4 630.0 03:16:13.064333
   34274.4    531.3    34805.6 640.0 03:17:19.513078
   34805.6    531.4    35337.0 650.0 03:18:25.980770
   35337.0    531.7    35868.7 660.0 03:19:32.483829
   35868.7    537.7    36406.4 670.0 03:20:39.734077
   36406.4    556.3    36962.7 680.0 03:21:49.321678
   36962.7    536.3    37499.0 690.0 03:22:56.396736
   37499.0    531.1    38030.1 700.0 03:24:02.822771
   38030.1    532.9    38563.0 710.0 03:25:09.479175
   38563.0    532.9    39095.9 720.0 03:26:16.136614
   39095.9    533.0    39628.9 730.0 03:27:22.801570
   39628.9    532.6    40161.5 740.0 03:28:29.423831
   40161.5    532.5    40694.0 750.0 03:29:36.024781
   40694.0    532.5    41226.5 760.0 03:30:42.632464
   41226.5    532.3    41758.9 770.0 03:31:49.216617
   41758.9    532.5    42291.4 780.0 03:32:55.821950
   42291.4    532.4    42823.7 790.0 03:34:02.410704
   42823.7    532.4    43356.1 800.0 03:35:08.999223
   43356.1    531.8    43887.9 810.0 03:36:15.529001
   43887.9    531.9    44419.9 820.0 03:37:22.068654
   44419.9    534.0    44953.9 830.0 03:38:28.873584
   44953.9    540.8    45494.7 840.0 03:39:36.513294
   45494.7    561.1    46055.7 850.0 03:40:46.689266
   46055.7    530.8    46586.5 860.0 03:41:53.075757
   46586.5    530.9    47117.4 870.0 03:42:59.480789
   47117.4    531.1    47648.5 880.0 03:44:05.910954
   47648.5    535.1    48183.6 890.0 03:45:12.838426
   48183.6    545.0    48728.6 900.0 03:46:21.004853
   48728.6    550.0    49278.6 910.0 03:47:29.791421
   49278.6    530.7    49809.2 920.0 03:48:36.161732
   49809.2    530.5    50339.7 930.0 03:49:42.504692
   50339.7    532.0    50871.7 940.0 03:50:49.046441
   50871.7    539.2    51410.9 950.0 03:51:56.487854
   51410.9    558.7    51969.6 960.0 03:53:06.365848
   51969.6    530.9    52500.5 970.0 03:54:12.764253
   52500.5    530.7    53031.2 980.0 03:55:19.140753
   53031.2    531.3    53562.6 990.0 03:56:25.593079
