       0.0    379.1      379.1  0.0 13:53:54.398386
     379.1    367.3      746.3 10.0 13:54:40.321308
     746.3    415.5     1161.8 20.0 13:55:32.276440
    1161.8    593.2     1755.0 30.0 13:56:46.439227
    1755.0    587.9     2342.9 40.0 13:57:59.942781
    2342.9    588.0     2930.9 50.0 13:59:13.620618
    2930.9    586.4     3517.3 60.0 14:00:26.973503
    3517.3    577.5     4094.8 70.0 14:01:39.216846
    4094.8    575.4     4670.2 80.0 14:02:51.195445
    4670.2    576.4     5246.6 90.0 14:04:03.288654
    5246.6    587.2     5833.8 100.0 14:05:16.740269
    5833.8    579.5     6413.3 110.0 14:06:29.225173
    6413.3    578.8     6992.1 120.0 14:07:41.637940
    6992.1    585.3     7577.5 130.0 14:08:54.860047
    7577.5    581.7     8159.1 140.0 14:10:07.622795
    8159.1    578.6     8737.7 150.0 14:11:19.997861
    8737.7    580.2     9317.9 160.0 14:12:32.580902
    9317.9    586.7     9904.6 170.0 14:13:45.966276
    9904.6    576.6    10481.2 180.0 14:14:58.091678
   10481.2    578.6    11059.8 190.0 14:16:10.470307
   11059.8    579.2    11639.0 200.0 14:17:22.924227
   11639.0    583.1    12222.2 210.0 14:18:36.049932
   12222.2    576.4    12798.6 220.0 14:19:48.114077
   12798.6    578.3    13376.8 230.0 14:21:00.417339
   13376.8    586.5    13963.3 240.0 14:22:13.744378
   13963.3    581.4    14544.7 250.0 14:23:26.603970
   14544.7    579.7    15124.4 260.0 14:24:39.116793
   15124.4    583.7    15708.2 270.0 14:25:52.132227
   15708.2    587.7    16295.9 280.0 14:27:05.654090
   16295.9    581.8    16877.7 290.0 14:28:18.437700
   16877.7    581.6    17459.4 300.0 14:29:31.190433
   17459.4    586.4    18045.7 310.0 14:30:44.534089
   18045.7    586.1    18631.9 320.0 14:31:57.850345
   18631.9    582.7    19214.5 330.0 14:33:10.737874
   19214.5    581.1    19795.6 340.0 14:34:23.424448
   19795.6    587.9    20383.5 350.0 14:35:36.958698
   20383.5    585.1    20968.6 360.0 14:36:50.150076
   20968.6    582.8    21551.4 370.0 14:38:03.052419
   21551.4    583.3    22134.7 380.0 14:39:16.011864
   22134.7    587.8    22722.5 390.0 14:40:29.539126
   22722.5    583.1    23305.6 400.0 14:41:42.472004
   23305.6    582.3    23887.9 410.0 14:42:55.321876
   23887.9    588.8    24476.8 420.0 14:44:08.970478
   24476.8    584.1    25060.8 430.0 14:45:22.035993
   25060.8    583.1    25644.0 440.0 14:46:34.978951
   25644.0    586.9    26230.9 450.0 14:47:48.389691
   26230.9    583.6    26814.5 460.0 14:49:01.402939
   26814.5    586.7    27401.2 470.0 14:50:14.798494
   27401.2    585.0    27986.2 480.0 14:51:27.972860
   27986.2    587.7    28573.9 490.0 14:52:41.677643
   28573.9    584.9    29158.8 500.0 14:53:54.811635
   29158.8    588.1    29746.9 510.0 14:55:08.348263
   29746.9    589.1    30336.1 520.0 14:56:22.000835
   30336.1    586.6    30922.6 530.0 14:57:35.337401
   30922.6    587.0    31509.6 540.0 14:58:48.726592
   31509.6    582.8    32092.4 550.0 15:00:01.735603
   32092.4    588.1    32680.4 560.0 15:01:15.290487
   32680.4    587.0    33267.4 570.0 15:02:28.714065
   33267.4    583.8    33851.3 580.0 15:03:41.774927
   33851.3    585.6    34436.9 590.0 15:04:55.224579
   34436.9    588.4    35025.3 600.0 15:06:08.787120
   35025.3    587.0    35612.2 610.0 15:07:22.173784
   35612.2    584.3    36196.6 620.0 15:08:35.233111
   36196.6    588.5    36785.1 630.0 15:09:48.960157
   36785.1    584.8    37369.9 640.0 15:11:02.106820
   37369.9    587.1    37957.0 650.0 15:12:15.535445
   37957.0    587.0    38543.9 660.0 15:13:28.954518
   38543.9    585.9    39129.8 670.0 15:14:42.234147
   39129.8    586.9    39716.7 680.0 15:15:55.645988
   39716.7    587.0    40303.7 690.0 15:17:09.067716
   40303.7    587.0    40890.7 700.0 15:18:22.493215
   40890.7    586.1    41476.7 710.0 15:19:35.796441
   41476.7    590.7    42067.5 720.0 15:20:49.685325
   42067.5    589.6    42657.1 730.0 15:22:03.434394
   42657.1    587.0    43244.1 740.0 15:23:16.862843
   43244.1    589.8    43833.9 750.0 15:24:30.629830
   43833.9    588.8    44422.7 760.0 15:25:44.275678
   44422.7    590.6    45013.3 770.0 15:26:58.146950
   45013.3    586.6    45599.9 780.0 15:28:11.517337
   45599.9    590.4    46190.2 790.0 15:29:25.358071
   46190.2    585.6    46775.9 800.0 15:30:38.827749
   46775.9    588.7    47364.6 810.0 15:31:52.428654
   47364.6    586.6    47951.1 820.0 15:33:05.772132
   47951.1    587.7    48538.9 830.0 15:34:19.253289
   48538.9    591.5    49130.3 840.0 15:35:33.359898
   49130.3    586.8    49717.1 850.0 15:36:46.750311
   49717.1    586.7    50303.7 860.0 15:38:00.281295
   50303.7    591.1    50894.8 870.0 15:39:14.192535
   50894.8    587.0    51481.9 880.0 15:40:27.620788
   51481.9    586.5    52068.4 890.0 15:41:40.948667
   52068.4    585.4    52653.7 900.0 15:42:54.132921
   52653.7    590.5    53244.2 910.0 15:44:07.959136
   53244.2    585.6    53829.7 920.0 15:45:21.224760
   53829.7    585.7    54415.5 930.0 15:46:34.711643
   54415.5    587.5    55003.0 940.0 15:47:48.168766
   55003.0    588.3    55591.3 950.0 15:49:01.726045
   55591.3    589.6    56181.0 960.0 15:50:15.446204
   56181.0    588.7    56769.6 970.0 15:51:29.042770
   56769.6    590.3    57359.9 980.0 15:52:42.850645
   57359.9    587.9    57947.9 990.0 15:53:56.356356
