       0.0    130.7      130.7  0.0 18:37:14.653538
     130.7      2.8      133.5 10.0 18:37:15.466128
     133.5      2.8      136.4 20.0 18:37:16.276772
     136.4      2.8      139.2 30.0 18:37:17.084306
     139.2      2.8      142.0 40.0 18:37:17.895055
     142.0      2.8      144.9 50.0 18:37:18.706299
     144.9      2.8      147.7 60.0 18:37:19.512878
     147.7      2.8      150.5 70.0 18:37:20.316970
     150.5      2.8      153.3 80.0 18:37:21.127512
     153.3      2.8      156.1 90.0 18:37:21.937034
     156.1      2.9      159.0 100.0 18:37:22.755473
     159.0     12.6      171.6 110.0 18:37:26.548103
     171.6      6.7      178.3 120.0 18:37:28.547698
     178.3      2.8      181.1 130.0 18:37:29.350958
     181.1      2.8      183.9 140.0 18:37:30.156384
     183.9      2.8      186.8 150.0 18:37:30.962358
     186.8      2.8      189.6 160.0 18:37:31.774075
     189.6      2.8      192.4 170.0 18:37:32.586053
     192.4      2.8      195.3 180.0 18:37:33.394972
     195.3      2.8      198.1 190.0 18:37:34.205146
     198.1      2.9      201.0 200.0 18:37:35.032239
     201.0     10.0      210.9 210.0 18:37:38.066964
     210.9      5.1      216.0 220.0 18:37:39.602975
     216.0      2.8      218.8 230.0 18:37:40.398239
     218.8      2.8      221.6 240.0 18:37:41.197480
     221.6      2.8      224.4 250.0 18:37:41.993575
     224.4      2.8      227.2 260.0 18:37:42.793920
     227.2      2.8      229.9 270.0 18:37:43.588860
     229.9      2.8      232.7 280.0 18:37:44.385044
     232.7      3.2      235.9 290.0 18:37:45.195137
     235.9      3.3      239.2 300.0 18:37:46.014193
     239.2     10.5      249.7 310.0 18:37:48.694525
     249.7      5.8      255.6 320.0 18:37:50.163136
     255.6      3.2      258.8 330.0 18:37:50.973058
     258.8      3.2      262.0 340.0 18:37:51.783463
     262.0      3.2      265.3 350.0 18:37:52.593210
     265.3      3.2      268.5 360.0 18:37:53.399760
     268.5      3.2      271.8 370.0 18:37:54.210802
     271.8      3.2      275.0 380.0 18:37:55.017209
     275.0      3.2      278.2 390.0 18:37:55.826990
     278.2      3.3      281.5 400.0 18:37:56.639310
     281.5      9.7      291.1 410.0 18:37:59.091476
     291.1      5.6      296.7 420.0 18:38:00.512497
     296.7      3.2      299.9 430.0 18:38:01.318339
     299.9      3.2      303.2 440.0 18:38:02.124994
     303.2      3.2      306.4 450.0 18:38:02.929418
     306.4      3.2      309.6 460.0 18:38:03.733786
     309.6      3.2      312.8 470.0 18:38:04.542782
     312.8      3.2      316.1 480.0 18:38:05.349841
     316.1      3.2      319.3 490.0 18:38:06.155225
     319.3      3.3      322.6 500.0 18:38:06.970105
     322.6      9.4      332.0 510.0 18:38:09.368835
     332.0      5.4      337.4 520.0 18:38:10.734739
     337.4      3.2      340.6 530.0 18:38:11.542473
     340.6      3.2      343.8 540.0 18:38:12.346753
     343.8      3.2      347.1 550.0 18:38:13.154329
     347.1      3.2      350.3 560.0 18:38:13.960118
     350.3      3.2      353.5 570.0 18:38:14.763673
     353.5      3.2      356.7 580.0 18:38:15.571867
     356.7      3.2      360.0 590.0 18:38:16.376693
     360.0      3.2      363.2 600.0 18:38:17.183333
     363.2      3.2      366.4 610.0 18:38:17.990338
     366.4      3.2      369.6 620.0 18:38:18.796073
     369.6      3.2      372.9 630.0 18:38:19.598413
     372.9      3.2      376.1 640.0 18:38:20.406688
     376.1      3.2      379.3 650.0 18:38:21.215048
     379.3      3.2      382.6 660.0 18:38:22.020628
     382.6      3.2      385.8 670.0 18:38:22.830203
     385.8      3.2      389.0 680.0 18:38:23.634592
     389.0      3.2      392.2 690.0 18:38:24.438674
     392.2      3.2      395.5 700.0 18:38:25.244621
     395.5      3.2      398.7 710.0 18:38:26.050166
     398.7      3.2      401.9 720.0 18:38:26.857062
     401.9      3.2      405.1 730.0 18:38:27.660195
     405.1      3.2      408.3 740.0 18:38:28.464867
     408.3      3.2      411.6 750.0 18:38:29.270699
     411.6      3.2      414.8 760.0 18:38:30.072756
     414.8      3.2      418.0 770.0 18:38:30.873949
     418.0      3.2      421.2 780.0 18:38:31.679615
     421.2      3.2      424.4 790.0 18:38:32.485910
     424.4      3.2      427.6 800.0 18:38:33.288858
     427.6      3.2      430.8 810.0 18:38:34.089869
     430.8      3.3      434.2 820.0 18:38:34.925236
     434.2      3.2      437.4 830.0 18:38:35.729430
     437.4      3.2      440.6 840.0 18:38:36.531908
     440.6      3.2      443.8 850.0 18:38:37.338592
     443.8      3.2      447.0 860.0 18:38:38.144140
     447.0      3.2      450.3 870.0 18:38:38.950710
     450.3      3.2      453.5 880.0 18:38:39.753132
     453.5      3.2      456.7 890.0 18:38:40.563379
     456.7      3.2      459.9 900.0 18:38:41.368903
     459.9      3.2      463.2 910.0 18:38:42.171420
     463.2      3.2      466.4 920.0 18:38:42.979061
     466.4      3.2      469.6 930.0 18:38:43.790608
     469.6      3.2      472.9 940.0 18:38:44.596333
     472.9      3.2      476.1 950.0 18:38:45.404782
     476.1      3.2      479.3 960.0 18:38:46.207515
     479.3      3.2      482.5 970.0 18:38:47.012529
     482.5      3.2      485.8 980.0 18:38:47.820872
     485.8      3.2      489.0 990.0 18:38:48.625043
