       0.0      5.9        5.9  0.0 14:47:02.966808
       5.9      4.1       10.1 10.0 14:47:03.485293
      10.1      4.1       14.2 20.0 14:47:04.005282
      14.2      4.1       18.3 30.0 14:47:04.522572
      18.3      4.1       22.4 40.0 14:47:05.039691
      22.4      4.2       26.6 50.0 14:47:05.582562
      26.6      4.1       30.7 60.0 14:47:06.103097
      30.7      4.1       34.8 70.0 14:47:06.617750
      34.8      4.1       39.0 80.0 14:47:07.135682
      39.0      4.1       43.1 90.0 14:47:07.658789
      43.1      4.2       47.2 100.0 14:47:08.180848
      47.2      4.1       51.4 110.0 14:47:08.700518
      51.4      4.1       55.5 120.0 14:47:09.231124
      55.5      4.2       59.7 130.0 14:47:09.763785
      59.7      4.1       63.8 140.0 14:47:10.290912
      63.8      4.1       67.9 150.0 14:47:10.813611
      67.9      4.2       72.1 160.0 14:47:11.352590
      72.1      4.1       76.2 170.0 14:47:11.874019
      76.2      4.2       80.3 180.0 14:47:12.422340
      80.3      4.1       84.4 190.0 14:47:12.945281
      84.4      4.2       88.6 200.0 14:47:13.476619
      88.6      4.2       92.8 210.0 14:47:14.001548
      92.8      4.1       96.9 220.0 14:47:14.518898
      96.9      4.1      101.0 230.0 14:47:15.041227
     101.0      4.1      105.2 240.0 14:47:15.558922
     105.2      4.1      109.3 250.0 14:47:16.076182
     109.3      4.1      113.4 260.0 14:47:16.593404
     113.4      4.1      117.6 270.0 14:47:17.111861
     117.6      4.1      121.7 280.0 14:47:17.630045
     121.7      4.1      125.8 290.0 14:47:18.148532
     125.8      4.1      130.0 300.0 14:47:18.666512
     130.0      4.1      134.1 310.0 14:47:19.184609
     134.1      4.1      138.2 320.0 14:47:19.701995
     138.2      4.1      142.3 330.0 14:47:20.219288
     142.3      4.1      146.5 340.0 14:47:20.737346
     146.5      4.1      150.6 350.0 14:47:21.256666
     150.6      4.1      154.8 360.0 14:47:21.776241
     154.8      4.1      158.9 370.0 14:47:22.295684
     158.9      4.1      163.1 380.0 14:47:22.814171
     163.1      4.1      167.2 390.0 14:47:23.332720
     167.2      4.1      171.3 400.0 14:47:23.851625
     171.3      4.3      175.6 410.0 14:47:24.390702
     175.6      4.1      179.8 420.0 14:47:24.909030
     179.8      4.1      183.9 430.0 14:47:25.426693
     183.9      4.1      188.0 440.0 14:47:25.944967
     188.0      4.1      192.2 450.0 14:47:26.462493
     192.2      4.1      196.3 460.0 14:47:26.979696
     196.3      4.1      200.4 470.0 14:47:27.498287
     200.4      4.1      204.6 480.0 14:47:28.016145
     204.6      4.1      208.7 490.0 14:47:28.534463
     208.7      4.2      212.9 500.0 14:47:29.057023
     212.9      4.1      217.0 510.0 14:47:29.581121
     217.0      4.1      221.1 520.0 14:47:30.099439
     221.1      4.1      225.3 530.0 14:47:30.617824
     225.3      4.1      229.4 540.0 14:47:31.136428
     229.4      4.1      233.6 550.0 14:47:31.655260
     233.6      4.1      237.7 560.0 14:47:32.174414
     237.7      4.1      241.8 570.0 14:47:32.693066
     241.8      4.1      246.0 580.0 14:47:33.213024
     246.0      4.1      250.1 590.0 14:47:33.732387
     250.1      4.1      254.3 600.0 14:47:34.250952
     254.3      4.1      258.4 610.0 14:47:34.769343
     258.4      4.1      262.5 620.0 14:47:35.288062
     262.5      4.1      266.7 630.0 14:47:35.807021
     266.7      4.1      270.8 640.0 14:47:36.325946
     270.8      4.1      275.0 650.0 14:47:36.844084
     275.0      4.1      279.1 660.0 14:47:37.362094
     279.1      4.1      283.2 670.0 14:47:37.880477
     283.2      4.1      287.4 680.0 14:47:38.398433
     287.4      4.1      291.5 690.0 14:47:38.916429
     291.5      4.1      295.6 700.0 14:47:39.435539
     295.6      4.1      299.8 710.0 14:47:39.953986
     299.8      4.1      303.9 720.0 14:47:40.471582
     303.9      4.1      308.0 730.0 14:47:40.990396
     308.0      4.1      312.2 740.0 14:47:41.508876
     312.2      4.1      316.3 750.0 14:47:42.027718
     316.3      4.1      320.5 760.0 14:47:42.546956
     320.5      4.2      324.6 770.0 14:47:43.067136
     324.6      4.1      328.8 780.0 14:47:43.586330
     328.8      4.1      332.9 790.0 14:47:44.105934
     332.9      4.1      337.1 800.0 14:47:44.625280
     337.1      4.1      341.2 810.0 14:47:45.143709
     341.2      4.4      345.6 820.0 14:47:45.701865
     345.6      4.1      349.7 830.0 14:47:46.219156
     349.7      4.1      353.8 840.0 14:47:46.737097
     353.8      4.1      358.0 850.0 14:47:47.255135
     358.0      4.1      362.1 860.0 14:47:47.772427
     362.1      4.1      366.2 870.0 14:47:48.288767
     366.2      4.1      370.4 880.0 14:47:48.805266
     370.4      4.1      374.5 890.0 14:47:49.321052
     374.5      4.1      378.6 900.0 14:47:49.837493
     378.6      4.1      382.7 910.0 14:47:50.354968
     382.7      4.1      386.9 920.0 14:47:50.871252
     386.9      4.1      391.0 930.0 14:47:51.387592
     391.0      4.1      395.1 940.0 14:47:51.904250
     395.1      4.1      399.2 950.0 14:47:52.420970
     399.2      4.1      403.4 960.0 14:47:52.937779
     403.4      4.1      407.5 970.0 14:47:53.454985
     407.5      4.1      411.6 980.0 14:47:53.973369
     411.6      4.1      415.8 990.0 14:47:54.491407
