       0.0    381.1      381.1  0.0 11:08:17.757417
     381.1    367.3      748.4 10.0 11:09:03.687453
     748.4    367.5     1116.0 20.0 11:09:49.643035
    1116.0    367.6     1483.5 30.0 11:10:35.599917
    1483.5    367.7     1851.3 40.0 11:11:21.576386
    1851.3    367.9     2219.1 50.0 11:12:07.573196
    2219.1    366.9     2586.0 60.0 11:12:53.580661
    2586.0    367.6     2953.6 70.0 11:13:39.562385
    2953.6    367.7     3321.4 80.0 11:14:25.558248
    3321.4    367.6     3689.0 90.0 11:15:11.550304
    3689.0    367.9     4056.9 100.0 11:15:57.572295
    4056.9    367.4     4424.3 110.0 11:16:43.533980
    4424.3    367.1     4791.4 120.0 11:17:29.454442
    4791.4    366.9     5158.3 130.0 11:18:15.357631
    5158.3    366.8     5525.1 140.0 11:19:01.235829
    5525.1    366.6     5891.7 150.0 11:19:47.094688
    5891.7    366.6     6258.2 160.0 11:20:32.952764
    6258.2    366.5     6624.8 170.0 11:21:18.801212
    6624.8    366.3     6991.0 180.0 11:22:04.618978
    6991.0    366.3     7357.3 190.0 11:22:50.435377
    7357.3    366.1     7723.4 200.0 11:23:36.231143
    7723.4    409.0     8132.4 210.0 11:24:27.397419
    8132.4    583.3     8715.7 220.0 11:25:40.364606
    8715.7    592.6     9308.3 230.0 11:26:54.498037
    9308.3    584.0     9892.3 240.0 11:28:07.540979
    9892.3    578.8    10471.1 250.0 11:29:19.937047
   10471.1    583.2    11054.3 260.0 11:30:32.888602
   11054.3    572.7    11627.0 270.0 11:31:44.516322
   11627.0    570.8    12197.8 280.0 11:32:55.923592
   12197.8    584.9    12782.7 290.0 11:34:09.082765
   12782.7    579.8    13362.5 300.0 11:35:21.604032
   13362.5    570.9    13933.4 310.0 11:36:33.008701
   13933.4    585.8    14519.2 320.0 11:37:46.281749
   14519.2    581.8    15101.0 330.0 11:38:59.048155
   15101.0    572.5    15673.5 340.0 11:40:10.661326
   15673.5    581.8    16255.3 350.0 11:41:23.427952
   16255.3    583.1    16838.4 360.0 11:42:36.359180
   16838.4    577.4    17415.7 370.0 11:43:48.578580
   17415.7    582.1    17997.9 380.0 11:45:01.393319
   17997.9    577.6    18575.5 390.0 11:46:13.633829
   18575.5    585.6    19161.1 400.0 11:47:26.881892
   19161.1    515.2    19676.3 410.0 11:48:31.329049
   19676.3    389.6    20066.0 420.0 11:49:20.064491
   20066.0    389.4    20455.3 430.0 11:50:08.766386
   20455.3    389.4    20844.7 440.0 11:50:57.472513
   20844.7    389.4    21234.1 450.0 11:51:46.176994
   21234.1    389.4    21623.5 460.0 11:52:34.881193
   21623.5    389.5    22013.0 470.0 11:53:23.594668
   22013.0    389.4    22402.4 480.0 11:54:12.308968
   22402.4    389.5    22791.9 490.0 11:55:01.030902
   22791.9    389.5    23181.4 500.0 11:55:49.746079
   23181.4    389.4    23570.9 510.0 11:56:38.458264
   23570.9    389.6    23960.5 520.0 11:57:27.195099
   23960.5    391.4    24351.9 530.0 11:58:16.156918
   24351.9    404.2    24756.2 540.0 11:59:06.719972
   24756.2    431.5    25187.6 550.0 12:00:00.685979
   25187.6    575.9    25763.6 560.0 12:01:12.722559
   25763.6    588.3    26351.9 570.0 12:02:26.317496
   26351.9    588.5    26940.4 580.0 12:03:39.929926
   26940.4    584.1    27524.5 590.0 12:04:52.991192
   27524.5    588.0    28112.5 600.0 12:06:06.544761
   28112.5    587.7    28700.2 610.0 12:07:20.057994
   28700.2    586.0    29286.2 620.0 12:08:33.374045
   29286.2    588.0    29874.2 630.0 12:09:46.916167
   29874.2    586.0    30460.1 640.0 12:11:00.207433
   30460.1    587.0    31047.1 650.0 12:12:13.634648
   31047.1    589.5    31636.6 660.0 12:13:27.365449
   31636.6    585.8    32222.4 670.0 12:14:40.643185
   32222.4    585.4    32807.8 680.0 12:15:53.867552
   32807.8    591.1    33398.9 690.0 12:17:07.812166
   33398.9    586.2    33985.1 700.0 12:18:21.138339
   33985.1    585.6    34570.7 710.0 12:19:34.403560
   34570.7    589.3    35160.1 720.0 12:20:48.117943
   35160.1    586.5    35746.6 730.0 12:22:01.489998
   35746.6    586.1    36332.7 740.0 12:23:14.803394
   36332.7    589.0    36921.7 750.0 12:24:28.475703
   36921.7    586.2    37507.9 760.0 12:25:41.799103
   37507.9    587.5    38095.4 770.0 12:26:55.281699
   38095.4    588.6    38684.0 780.0 12:28:08.904360
   38684.0    586.0    39270.0 790.0 12:29:22.203553
   39270.0    587.9    39857.9 800.0 12:30:35.739982
   39857.9    588.3    40446.2 810.0 12:31:49.322534
   40446.2    586.0    41032.2 820.0 12:33:02.630758
   41032.2    589.9    41622.0 830.0 12:34:16.415012
   41622.0    587.7    42209.8 840.0 12:35:29.939059
   42209.8    586.4    42796.2 850.0 12:36:43.288593
   42796.2    589.5    43385.7 860.0 12:37:57.034003
   43385.7    587.7    43973.4 870.0 12:39:10.545118
   43973.4    585.5    44558.8 880.0 12:40:23.774532
   44558.8    589.7    45148.6 890.0 12:41:37.538686
   45148.6    586.4    45735.0 900.0 12:42:50.882665
   45735.0    586.6    46321.6 910.0 12:44:04.253878
   46321.6    588.8    46910.4 920.0 12:45:17.900119
   46910.4    586.4    47496.8 930.0 12:46:31.253732
   47496.8    586.5    48083.3 940.0 12:47:44.613758
   48083.3    589.5    48672.8 950.0 12:48:58.345495
   48672.8    584.1    49256.9 960.0 12:50:11.407526
   49256.9    586.8    49843.7 970.0 12:51:24.802227
   49843.7    589.5    50433.2 980.0 12:52:38.538214
   50433.2    585.1    51018.3 990.0 12:53:51.717992
