Name: STN [Glu], Title: Raster plot from device '20323', Hist: False
 13.5 :    7 : [371, 372, 375, 377, 378, 380, 381]
 13.6 :    4 : [373, 374, 376, 379]
 15.6 :    7 : [371, 372, 375, 377, 378, 380, 381]
 15.7 :    4 : [373, 374, 376, 379]
 17.7 :    7 : [371, 372, 375, 377, 378, 380, 381]
 17.8 :    4 : [373, 374, 376, 379]
 19.8 :    7 : [371, 372, 375, 377, 378, 380, 381]
 19.9 :    4 : [373, 374, 376, 379]
 21.9 :    7 : [371, 372, 375, 377, 378, 380, 381]
 22.0 :    4 : [373, 374, 376, 379]
 24.0 :    7 : [371, 372, 375, 377, 378, 380, 381]
 24.1 :    4 : [373, 374, 376, 379]
 26.1 :    7 : [371, 372, 375, 377, 378, 380, 381]
 26.2 :    4 : [373, 374, 376, 379]
 28.2 :    7 : [371, 372, 375, 377, 378, 380, 381]
 28.3 :    4 : [373, 374, 376, 379]
 30.3 :    7 : [371, 372, 375, 377, 378, 380, 381]
 30.4 :    4 : [373, 374, 376, 379]
 32.4 :    7 : [371, 372, 375, 377, 378, 380, 381]
 32.5 :    4 : [373, 374, 376, 379]
 34.5 :    7 : [371, 372, 375, 377, 378, 380, 381]
 34.6 :    4 : [373, 374, 376, 379]
 36.6 :    7 : [371, 372, 375, 377, 378, 380, 381]
 36.7 :    4 : [373, 374, 376, 379]
 38.7 :    7 : [371, 372, 375, 377, 378, 380, 381]
 38.8 :    4 : [373, 374, 376, 379]
 40.8 :    7 : [371, 372, 375, 377, 378, 380, 381]
 40.9 :    4 : [373, 374, 376, 379]
 42.9 :    7 : [371, 372, 375, 377, 378, 380, 381]
 43.0 :    4 : [373, 374, 376, 379]
 45.0 :    7 : [371, 372, 375, 377, 378, 380, 381]
 45.1 :    4 : [373, 374, 376, 379]
 47.1 :    7 : [371, 372, 375, 377, 378, 380, 381]
 47.2 :    4 : [373, 374, 376, 379]
 49.2 :    7 : [371, 372, 375, 377, 378, 380, 381]
 49.3 :    4 : [373, 374, 376, 379]
 51.3 :    7 : [371, 372, 375, 377, 378, 380, 381]
 51.4 :    4 : [373, 374, 376, 379]
 53.4 :    7 : [371, 372, 375, 377, 378, 380, 381]
 53.5 :    4 : [373, 374, 376, 379]
 55.5 :    7 : [371, 372, 375, 377, 378, 380, 381]
 55.6 :    4 : [373, 374, 376, 379]
 57.6 :    7 : [371, 372, 375, 377, 378, 380, 381]
 57.7 :    4 : [373, 374, 376, 379]
 59.7 :    7 : [371, 372, 375, 377, 378, 380, 381]
 59.8 :    4 : [373, 374, 376, 379]
 61.8 :    7 : [371, 372, 375, 377, 378, 380, 381]
 61.9 :    4 : [373, 374, 376, 379]
 63.9 :    7 : [371, 372, 375, 377, 378, 380, 381]
 64.0 :    4 : [373, 374, 376, 379]
 66.0 :    7 : [371, 372, 375, 377, 378, 380, 381]
 66.1 :    4 : [373, 374, 376, 379]
 68.1 :    7 : [371, 372, 375, 377, 378, 380, 381]
 68.2 :    4 : [373, 374, 376, 379]
 70.2 :    7 : [371, 372, 375, 377, 378, 380, 381]
 70.3 :    4 : [373, 374, 376, 379]
 72.3 :    7 : [371, 372, 375, 377, 378, 380, 381]
 72.4 :    4 : [373, 374, 376, 379]
 74.4 :    7 : [371, 372, 375, 377, 378, 380, 381]
 74.5 :    4 : [373, 374, 376, 379]
 76.5 :    7 : [371, 372, 375, 377, 378, 380, 381]
 76.6 :    4 : [373, 374, 376, 379]
 78.6 :    7 : [371, 372, 375, 377, 378, 380, 381]
 78.7 :    4 : [373, 374, 376, 379]
 80.7 :    7 : [371, 372, 375, 377, 378, 380, 381]
 80.8 :    4 : [373, 374, 376, 379]
 82.8 :    7 : [371, 372, 375, 377, 378, 380, 381]
 82.9 :    4 : [373, 374, 376, 379]
 84.9 :    7 : [371, 372, 375, 377, 378, 380, 381]
 85.0 :    4 : [373, 374, 376, 379]
 87.0 :    7 : [371, 372, 375, 377, 378, 380, 381]
 87.1 :    4 : [373, 374, 376, 379]
 89.1 :    7 : [371, 372, 375, 377, 378, 380, 381]
 89.2 :    4 : [373, 374, 376, 379]
 91.2 :    7 : [371, 372, 375, 377, 378, 380, 381]
 91.3 :    4 : [373, 374, 376, 379]
 93.3 :    7 : [371, 372, 375, 377, 378, 380, 381]
 93.4 :    4 : [373, 374, 376, 379]
 95.4 :    7 : [371, 372, 375, 377, 378, 380, 381]
 95.5 :    4 : [373, 374, 376, 379]
 97.5 :    7 : [371, 372, 375, 377, 378, 380, 381]
 97.6 :    4 : [373, 374, 376, 379]
 99.6 :    7 : [371, 372, 375, 377, 378, 380, 381]
 99.7 :    4 : [373, 374, 376, 379]
101.7 :    7 : [371, 372, 375, 377, 378, 380, 381]
101.8 :    4 : [373, 374, 376, 379]
103.8 :    7 : [371, 372, 375, 377, 378, 380, 381]
103.9 :    4 : [373, 374, 376, 379]
105.9 :    7 : [371, 372, 375, 377, 378, 380, 381]
106.0 :    4 : [373, 374, 376, 379]
108.0 :    7 : [371, 372, 375, 377, 378, 380, 381]
108.1 :    4 : [373, 374, 376, 379]
110.1 :    7 : [371, 372, 375, 377, 378, 380, 381]
110.2 :    4 : [373, 374, 376, 379]
112.2 :    7 : [371, 372, 375, 377, 378, 380, 381]
112.3 :    4 : [373, 374, 376, 379]
114.3 :    7 : [371, 372, 375, 377, 378, 380, 381]
114.4 :    4 : [373, 374, 376, 379]
116.4 :    7 : [371, 372, 375, 377, 378, 380, 381]
116.5 :    4 : [373, 374, 376, 379]
118.5 :    7 : [371, 372, 375, 377, 378, 380, 381]
118.6 :    4 : [373, 374, 376, 379]
120.6 :    7 : [371, 372, 375, 377, 378, 380, 381]
120.7 :    4 : [373, 374, 376, 379]
122.7 :    7 : [371, 372, 375, 377, 378, 380, 381]
122.8 :    4 : [373, 374, 376, 379]
124.8 :    7 : [371, 372, 375, 377, 378, 380, 381]
124.9 :    4 : [373, 374, 376, 379]
126.9 :    7 : [371, 372, 375, 377, 378, 380, 381]
127.0 :    4 : [373, 374, 376, 379]
129.0 :    7 : [371, 372, 375, 377, 378, 380, 381]
129.1 :    4 : [373, 374, 376, 379]
131.1 :    7 : [371, 372, 375, 377, 378, 380, 381]
131.2 :    4 : [373, 374, 376, 379]
133.2 :    7 : [371, 372, 375, 377, 378, 380, 381]
133.3 :    4 : [373, 374, 376, 379]
135.3 :    7 : [371, 372, 375, 377, 378, 380, 381]
135.4 :    4 : [373, 374, 376, 379]
137.4 :    7 : [371, 372, 375, 377, 378, 380, 381]
137.5 :    4 : [373, 374, 376, 379]
139.5 :    7 : [371, 372, 375, 377, 378, 380, 381]
139.6 :    4 : [373, 374, 376, 379]
141.6 :    7 : [371, 372, 375, 377, 378, 380, 381]
141.7 :    4 : [373, 374, 376, 379]
143.7 :    7 : [371, 372, 375, 377, 378, 380, 381]
143.8 :    4 : [373, 374, 376, 379]
145.8 :    7 : [371, 372, 375, 377, 378, 380, 381]
145.9 :    4 : [373, 374, 376, 379]
147.9 :    7 : [371, 372, 375, 377, 378, 380, 381]
148.0 :    4 : [373, 374, 376, 379]
150.0 :    7 : [371, 372, 375, 377, 378, 380, 381]
150.1 :    4 : [373, 374, 376, 379]
152.1 :    7 : [371, 372, 375, 377, 378, 380, 381]
152.2 :    4 : [373, 374, 376, 379]
154.2 :    7 : [371, 372, 375, 377, 378, 380, 381]
154.3 :    4 : [373, 374, 376, 379]
156.3 :    7 : [371, 372, 375, 377, 378, 380, 381]
156.4 :    4 : [373, 374, 376, 379]
158.4 :    7 : [371, 372, 375, 377, 378, 380, 381]
158.5 :    4 : [373, 374, 376, 379]
160.5 :    7 : [371, 372, 375, 377, 378, 380, 381]
160.6 :    4 : [373, 374, 376, 379]
162.6 :    7 : [371, 372, 375, 377, 378, 380, 381]
162.7 :    4 : [373, 374, 376, 379]
164.7 :    7 : [371, 372, 375, 377, 378, 380, 381]
164.8 :    4 : [373, 374, 376, 379]
166.8 :    7 : [371, 372, 375, 377, 378, 380, 381]
166.9 :    4 : [373, 374, 376, 379]
168.9 :    7 : [371, 372, 375, 377, 378, 380, 381]
169.0 :    4 : [373, 374, 376, 379]
171.0 :    7 : [371, 372, 375, 377, 378, 380, 381]
171.1 :    4 : [373, 374, 376, 379]
173.1 :    7 : [371, 372, 375, 377, 378, 380, 381]
173.2 :    4 : [373, 374, 376, 379]
175.2 :    7 : [371, 372, 375, 377, 378, 380, 381]
175.3 :    4 : [373, 374, 376, 379]
177.3 :    7 : [371, 372, 375, 377, 378, 380, 381]
177.4 :    4 : [373, 374, 376, 379]
179.4 :    7 : [371, 372, 375, 377, 378, 380, 381]
179.5 :    4 : [373, 374, 376, 379]
181.5 :    7 : [371, 372, 375, 377, 378, 380, 381]
181.6 :    4 : [373, 374, 376, 379]
183.6 :    7 : [371, 372, 375, 377, 378, 380, 381]
183.7 :    4 : [373, 374, 376, 379]
185.7 :    7 : [371, 372, 375, 377, 378, 380, 381]
185.8 :    4 : [373, 374, 376, 379]
187.8 :    7 : [371, 372, 375, 377, 378, 380, 381]
187.9 :    4 : [373, 374, 376, 379]
189.9 :    7 : [371, 372, 375, 377, 378, 380, 381]
190.0 :    4 : [373, 374, 376, 379]
192.0 :    7 : [371, 372, 375, 377, 378, 380, 381]
192.1 :    4 : [373, 374, 376, 379]
194.1 :    7 : [371, 372, 375, 377, 378, 380, 381]
194.2 :    4 : [373, 374, 376, 379]
196.2 :    7 : [371, 372, 375, 377, 378, 380, 381]
196.3 :    4 : [373, 374, 376, 379]
198.3 :    7 : [371, 372, 375, 377, 378, 380, 381]
198.4 :    4 : [373, 374, 376, 379]
200.4 :    7 : [371, 372, 375, 377, 378, 380, 381]
200.5 :    4 : [373, 374, 376, 379]
202.5 :    7 : [371, 372, 375, 377, 378, 380, 381]
202.6 :    4 : [373, 374, 376, 379]
204.6 :    7 : [371, 372, 375, 377, 378, 380, 381]
204.7 :    4 : [373, 374, 376, 379]
206.7 :    7 : [371, 372, 375, 377, 378, 380, 381]
206.8 :    4 : [373, 374, 376, 379]
208.8 :    7 : [371, 372, 375, 377, 378, 380, 381]
208.9 :    4 : [373, 374, 376, 379]
210.9 :    7 : [371, 372, 375, 377, 378, 380, 381]
211.0 :    4 : [373, 374, 376, 379]
213.0 :    7 : [371, 372, 375, 377, 378, 380, 381]
213.1 :    4 : [373, 374, 376, 379]
215.1 :    7 : [371, 372, 375, 377, 378, 380, 381]
215.2 :    4 : [373, 374, 376, 379]
217.2 :    7 : [371, 372, 375, 377, 378, 380, 381]
217.3 :    4 : [373, 374, 376, 379]
219.3 :    7 : [371, 372, 375, 377, 378, 380, 381]
219.4 :    4 : [373, 374, 376, 379]
221.4 :    7 : [371, 372, 375, 377, 378, 380, 381]
221.5 :    4 : [373, 374, 376, 379]
223.5 :    7 : [371, 372, 375, 377, 378, 380, 381]
223.6 :    4 : [373, 374, 376, 379]
225.6 :    7 : [371, 372, 375, 377, 378, 380, 381]
225.7 :    4 : [373, 374, 376, 379]
227.7 :    7 : [371, 372, 375, 377, 378, 380, 381]
227.8 :    4 : [373, 374, 376, 379]
229.8 :    7 : [371, 372, 375, 377, 378, 380, 381]
229.9 :    4 : [373, 374, 376, 379]
231.9 :    7 : [371, 372, 375, 377, 378, 380, 381]
232.0 :    4 : [373, 374, 376, 379]
234.0 :    7 : [371, 372, 375, 377, 378, 380, 381]
234.1 :    4 : [373, 374, 376, 379]
236.1 :    7 : [371, 372, 375, 377, 378, 380, 381]
236.2 :    4 : [373, 374, 376, 379]
238.2 :    7 : [371, 372, 375, 377, 378, 380, 381]
238.3 :    4 : [373, 374, 376, 379]
240.3 :    7 : [371, 372, 375, 377, 378, 380, 381]
240.4 :    4 : [373, 374, 376, 379]
242.4 :    7 : [371, 372, 375, 377, 378, 380, 381]
242.5 :    4 : [373, 374, 376, 379]
244.5 :    7 : [371, 372, 375, 377, 378, 380, 381]
244.6 :    4 : [373, 374, 376, 379]
246.6 :    7 : [371, 372, 375, 377, 378, 380, 381]
246.7 :    4 : [373, 374, 376, 379]
248.7 :    7 : [371, 372, 375, 377, 378, 380, 381]
248.8 :    4 : [373, 374, 376, 379]
250.8 :    7 : [371, 372, 375, 377, 378, 380, 381]
250.9 :    4 : [373, 374, 376, 379]
252.9 :    7 : [371, 372, 375, 377, 378, 380, 381]
253.0 :    4 : [373, 374, 376, 379]
255.0 :    7 : [371, 372, 375, 377, 378, 380, 381]
255.1 :    4 : [373, 374, 376, 379]
257.1 :    7 : [371, 372, 375, 377, 378, 380, 381]
257.2 :    4 : [373, 374, 376, 379]
259.2 :    7 : [371, 372, 375, 377, 378, 380, 381]
259.3 :    4 : [373, 374, 376, 379]
261.3 :    7 : [371, 372, 375, 377, 378, 380, 381]
261.4 :    4 : [373, 374, 376, 379]
263.4 :    7 : [371, 372, 375, 377, 378, 380, 381]
263.5 :    4 : [373, 374, 376, 379]
265.5 :    7 : [371, 372, 375, 377, 378, 380, 381]
265.6 :    4 : [373, 374, 376, 379]
267.6 :    7 : [371, 372, 375, 377, 378, 380, 381]
267.7 :    4 : [373, 374, 376, 379]
269.7 :    7 : [371, 372, 375, 377, 378, 380, 381]
269.8 :    4 : [373, 374, 376, 379]
271.8 :    7 : [371, 372, 375, 377, 378, 380, 381]
271.9 :    4 : [373, 374, 376, 379]
273.9 :    7 : [371, 372, 375, 377, 378, 380, 381]
274.0 :    4 : [373, 374, 376, 379]
276.0 :    7 : [371, 372, 375, 377, 378, 380, 381]
276.1 :    4 : [373, 374, 376, 379]
278.1 :    7 : [371, 372, 375, 377, 378, 380, 381]
278.2 :    4 : [373, 374, 376, 379]
280.2 :    7 : [371, 372, 375, 377, 378, 380, 381]
280.3 :    4 : [373, 374, 376, 379]
282.3 :    7 : [371, 372, 375, 377, 378, 380, 381]
282.4 :    4 : [373, 374, 376, 379]
284.4 :    7 : [371, 372, 375, 377, 378, 380, 381]
284.5 :    4 : [373, 374, 376, 379]
286.5 :    7 : [371, 372, 375, 377, 378, 380, 381]
286.6 :    4 : [373, 374, 376, 379]
288.6 :    7 : [371, 372, 375, 377, 378, 380, 381]
288.7 :    4 : [373, 374, 376, 379]
290.7 :    7 : [371, 372, 375, 377, 378, 380, 381]
290.8 :    4 : [373, 374, 376, 379]
292.8 :    7 : [371, 372, 375, 377, 378, 380, 381]
292.9 :    4 : [373, 374, 376, 379]
294.9 :    7 : [371, 372, 375, 377, 378, 380, 381]
295.0 :    4 : [373, 374, 376, 379]
297.0 :    7 : [371, 372, 375, 377, 378, 380, 381]
297.1 :    4 : [373, 374, 376, 379]
299.1 :    7 : [371, 372, 375, 377, 378, 380, 381]
299.2 :    4 : [373, 374, 376, 379]
301.2 :    7 : [371, 372, 375, 377, 378, 380, 381]
301.3 :    4 : [373, 374, 376, 379]
303.3 :    7 : [371, 372, 375, 377, 378, 380, 381]
303.4 :    4 : [373, 374, 376, 379]
305.4 :    7 : [371, 372, 375, 377, 378, 380, 381]
305.5 :    4 : [373, 374, 376, 379]
307.5 :    7 : [371, 372, 375, 377, 378, 380, 381]
307.6 :    4 : [373, 374, 376, 379]
309.6 :    7 : [371, 372, 375, 377, 378, 380, 381]
309.7 :    4 : [373, 374, 376, 379]
311.7 :    7 : [371, 372, 375, 377, 378, 380, 381]
311.8 :    4 : [373, 374, 376, 379]
313.8 :    7 : [371, 372, 375, 377, 378, 380, 381]
313.9 :    4 : [373, 374, 376, 379]
315.9 :    7 : [371, 372, 375, 377, 378, 380, 381]
316.0 :    4 : [373, 374, 376, 379]
318.0 :    7 : [371, 372, 375, 377, 378, 380, 381]
318.1 :    4 : [373, 374, 376, 379]
320.1 :    7 : [371, 372, 375, 377, 378, 380, 381]
320.2 :    4 : [373, 374, 376, 379]
322.2 :    7 : [371, 372, 375, 377, 378, 380, 381]
322.3 :    4 : [373, 374, 376, 379]
324.3 :    7 : [371, 372, 375, 377, 378, 380, 381]
324.4 :    4 : [373, 374, 376, 379]
326.4 :    7 : [371, 372, 375, 377, 378, 380, 381]
326.5 :    4 : [373, 374, 376, 379]
328.5 :    7 : [371, 372, 375, 377, 378, 380, 381]
328.6 :    4 : [373, 374, 376, 379]
330.6 :    7 : [371, 372, 375, 377, 378, 380, 381]
330.7 :    4 : [373, 374, 376, 379]
332.7 :    7 : [371, 372, 375, 377, 378, 380, 381]
332.8 :    4 : [373, 374, 376, 379]
334.8 :    7 : [371, 372, 375, 377, 378, 380, 381]
334.9 :    4 : [373, 374, 376, 379]
336.9 :    7 : [371, 372, 375, 377, 378, 380, 381]
337.0 :    4 : [373, 374, 376, 379]
339.0 :    7 : [371, 372, 375, 377, 378, 380, 381]
339.1 :    4 : [373, 374, 376, 379]
341.1 :    7 : [371, 372, 375, 377, 378, 380, 381]
341.2 :    4 : [373, 374, 376, 379]
343.2 :    7 : [371, 372, 375, 377, 378, 380, 381]
343.3 :    4 : [373, 374, 376, 379]
345.3 :    7 : [371, 372, 375, 377, 378, 380, 381]
345.4 :    4 : [373, 374, 376, 379]
347.4 :    7 : [371, 372, 375, 377, 378, 380, 381]
347.5 :    4 : [373, 374, 376, 379]
349.5 :    7 : [371, 372, 375, 377, 378, 380, 381]
349.6 :    4 : [373, 374, 376, 379]
351.6 :    7 : [371, 372, 375, 377, 378, 380, 381]
351.7 :    4 : [373, 374, 376, 379]
353.7 :    7 : [371, 372, 375, 377, 378, 380, 381]
353.8 :    4 : [373, 374, 376, 379]
355.8 :    7 : [371, 372, 375, 377, 378, 380, 381]
355.9 :    4 : [373, 374, 376, 379]
357.9 :    7 : [371, 372, 375, 377, 378, 380, 381]
358.0 :    4 : [373, 374, 376, 379]
360.0 :    7 : [371, 372, 375, 377, 378, 380, 381]
360.1 :    4 : [373, 374, 376, 379]
362.1 :    7 : [371, 372, 375, 377, 378, 380, 381]
362.2 :    4 : [373, 374, 376, 379]
364.2 :    7 : [371, 372, 375, 377, 378, 380, 381]
364.3 :    4 : [373, 374, 376, 379]
366.3 :    7 : [371, 372, 375, 377, 378, 380, 381]
366.4 :    4 : [373, 374, 376, 379]
368.4 :    7 : [371, 372, 375, 377, 378, 380, 381]
368.5 :    4 : [373, 374, 376, 379]
370.5 :    7 : [371, 372, 375, 377, 378, 380, 381]
370.6 :    4 : [373, 374, 376, 379]
372.6 :    7 : [371, 372, 375, 377, 378, 380, 381]
372.7 :    4 : [373, 374, 376, 379]
374.7 :    7 : [371, 372, 375, 377, 378, 380, 381]
374.8 :    4 : [373, 374, 376, 379]
376.8 :    7 : [371, 372, 375, 377, 378, 380, 381]
376.9 :    4 : [373, 374, 376, 379]
378.9 :    7 : [371, 372, 375, 377, 378, 380, 381]
379.0 :    4 : [373, 374, 376, 379]
381.0 :    7 : [371, 372, 375, 377, 378, 380, 381]
381.1 :    4 : [373, 374, 376, 379]
383.1 :    7 : [371, 372, 375, 377, 378, 380, 381]
383.2 :    4 : [373, 374, 376, 379]
385.2 :    7 : [371, 372, 375, 377, 378, 380, 381]
385.3 :    4 : [373, 374, 376, 379]
387.3 :    7 : [371, 372, 375, 377, 378, 380, 381]
387.4 :    4 : [373, 374, 376, 379]
389.4 :    7 : [371, 372, 375, 377, 378, 380, 381]
389.5 :    4 : [373, 374, 376, 379]
391.5 :    7 : [371, 372, 375, 377, 378, 380, 381]
391.6 :    4 : [373, 374, 376, 379]
393.6 :    7 : [371, 372, 375, 377, 378, 380, 381]
393.7 :    4 : [373, 374, 376, 379]
395.7 :    7 : [371, 372, 375, 377, 378, 380, 381]
395.8 :    4 : [373, 374, 376, 379]
397.8 :    7 : [371, 372, 375, 377, 378, 380, 381]
397.9 :    4 : [373, 374, 376, 379]
399.9 :    7 : [371, 372, 375, 377, 378, 380, 381]
400.0 :    4 : [373, 374, 376, 379]
402.0 :    7 : [371, 372, 375, 377, 378, 380, 381]
402.1 :    4 : [373, 374, 376, 379]
404.1 :    7 : [371, 372, 375, 377, 378, 380, 381]
404.2 :    4 : [373, 374, 376, 379]
406.2 :    7 : [371, 372, 375, 377, 378, 380, 381]
406.3 :    4 : [373, 374, 376, 379]
408.3 :    7 : [371, 372, 375, 377, 378, 380, 381]
408.4 :    4 : [373, 374, 376, 379]
410.4 :    7 : [371, 372, 375, 377, 378, 380, 381]
410.5 :    4 : [373, 374, 376, 379]
412.5 :    7 : [371, 372, 375, 377, 378, 380, 381]
412.6 :    4 : [373, 374, 376, 379]
414.6 :    7 : [371, 372, 375, 377, 378, 380, 381]
414.7 :    4 : [373, 374, 376, 379]
416.7 :    7 : [371, 372, 375, 377, 378, 380, 381]
416.8 :    4 : [373, 374, 376, 379]
418.8 :    7 : [371, 372, 375, 377, 378, 380, 381]
418.9 :    4 : [373, 374, 376, 379]
420.9 :    7 : [371, 372, 375, 377, 378, 380, 381]
421.0 :    4 : [373, 374, 376, 379]
423.0 :    7 : [371, 372, 375, 377, 378, 380, 381]
423.1 :    4 : [373, 374, 376, 379]
425.1 :    7 : [371, 372, 375, 377, 378, 380, 381]
425.2 :    4 : [373, 374, 376, 379]
427.2 :    7 : [371, 372, 375, 377, 378, 380, 381]
427.3 :    4 : [373, 374, 376, 379]
429.3 :    7 : [371, 372, 375, 377, 378, 380, 381]
429.4 :    4 : [373, 374, 376, 379]
431.4 :    7 : [371, 372, 375, 377, 378, 380, 381]
431.5 :    4 : [373, 374, 376, 379]
433.5 :    7 : [371, 372, 375, 377, 378, 380, 381]
433.6 :    4 : [373, 374, 376, 379]
435.6 :    7 : [371, 372, 375, 377, 378, 380, 381]
435.7 :    4 : [373, 374, 376, 379]
437.7 :    7 : [371, 372, 375, 377, 378, 380, 381]
437.8 :    4 : [373, 374, 376, 379]
439.8 :    7 : [371, 372, 375, 377, 378, 380, 381]
439.9 :    4 : [373, 374, 376, 379]
441.9 :    7 : [371, 372, 375, 377, 378, 380, 381]
442.0 :    4 : [373, 374, 376, 379]
444.0 :    7 : [371, 372, 375, 377, 378, 380, 381]
444.1 :    4 : [373, 374, 376, 379]
446.1 :    7 : [371, 372, 375, 377, 378, 380, 381]
446.2 :    4 : [373, 374, 376, 379]
448.2 :    7 : [371, 372, 375, 377, 378, 380, 381]
448.3 :    4 : [373, 374, 376, 379]
450.3 :    7 : [371, 372, 375, 377, 378, 380, 381]
450.4 :    4 : [373, 374, 376, 379]
452.4 :    7 : [371, 372, 375, 377, 378, 380, 381]
452.5 :    4 : [373, 374, 376, 379]
454.5 :    7 : [371, 372, 375, 377, 378, 380, 381]
454.6 :    4 : [373, 374, 376, 379]
456.6 :    7 : [371, 372, 375, 377, 378, 380, 381]
456.7 :    4 : [373, 374, 376, 379]
458.7 :    7 : [371, 372, 375, 377, 378, 380, 381]
458.8 :    4 : [373, 374, 376, 379]
460.8 :    7 : [371, 372, 375, 377, 378, 380, 381]
460.9 :    4 : [373, 374, 376, 379]
462.9 :    7 : [371, 372, 375, 377, 378, 380, 381]
463.0 :    4 : [373, 374, 376, 379]
465.0 :    7 : [371, 372, 375, 377, 378, 380, 381]
465.1 :    4 : [373, 374, 376, 379]
467.1 :    7 : [371, 372, 375, 377, 378, 380, 381]
467.2 :    4 : [373, 374, 376, 379]
469.2 :    7 : [371, 372, 375, 377, 378, 380, 381]
469.3 :    4 : [373, 374, 376, 379]
471.3 :    7 : [371, 372, 375, 377, 378, 380, 381]
471.4 :    4 : [373, 374, 376, 379]
473.4 :    7 : [371, 372, 375, 377, 378, 380, 381]
473.5 :    4 : [373, 374, 376, 379]
475.5 :    7 : [371, 372, 375, 377, 378, 380, 381]
475.6 :    4 : [373, 374, 376, 379]
477.6 :    7 : [371, 372, 375, 377, 378, 380, 381]
477.7 :    4 : [373, 374, 376, 379]
479.7 :    7 : [371, 372, 375, 377, 378, 380, 381]
479.8 :    4 : [373, 374, 376, 379]
481.8 :    7 : [371, 372, 375, 377, 378, 380, 381]
481.9 :    4 : [373, 374, 376, 379]
483.9 :    7 : [371, 372, 375, 377, 378, 380, 381]
484.0 :    4 : [373, 374, 376, 379]
486.0 :    7 : [371, 372, 375, 377, 378, 380, 381]
486.1 :    4 : [373, 374, 376, 379]
488.1 :    7 : [371, 372, 375, 377, 378, 380, 381]
488.2 :    4 : [373, 374, 376, 379]
490.2 :    7 : [371, 372, 375, 377, 378, 380, 381]
490.3 :    4 : [373, 374, 376, 379]
492.3 :    7 : [371, 372, 375, 377, 378, 380, 381]
492.4 :    4 : [373, 374, 376, 379]
494.4 :    7 : [371, 372, 375, 377, 378, 380, 381]
494.5 :    4 : [373, 374, 376, 379]
496.5 :    7 : [371, 372, 375, 377, 378, 380, 381]
496.6 :    4 : [373, 374, 376, 379]
498.6 :    7 : [371, 372, 375, 377, 378, 380, 381]
498.7 :    4 : [373, 374, 376, 379]
500.7 :    7 : [371, 372, 375, 377, 378, 380, 381]
500.8 :    4 : [373, 374, 376, 379]
502.8 :    7 : [371, 372, 375, 377, 378, 380, 381]
502.9 :    4 : [373, 374, 376, 379]
504.9 :    7 : [371, 372, 375, 377, 378, 380, 381]
505.0 :    4 : [373, 374, 376, 379]
507.0 :    7 : [371, 372, 375, 377, 378, 380, 381]
507.1 :    4 : [373, 374, 376, 379]
509.1 :    7 : [371, 372, 375, 377, 378, 380, 381]
509.2 :    4 : [373, 374, 376, 379]
511.2 :    7 : [371, 372, 375, 377, 378, 380, 381]
511.3 :    4 : [373, 374, 376, 379]
513.3 :    7 : [371, 372, 375, 377, 378, 380, 381]
513.4 :    4 : [373, 374, 376, 379]
515.4 :    7 : [371, 372, 375, 377, 378, 380, 381]
515.5 :    4 : [373, 374, 376, 379]
517.5 :    7 : [371, 372, 375, 377, 378, 380, 381]
517.6 :    4 : [373, 374, 376, 379]
519.6 :    7 : [371, 372, 375, 377, 378, 380, 381]
519.7 :    4 : [373, 374, 376, 379]
521.7 :    7 : [371, 372, 375, 377, 378, 380, 381]
521.8 :    4 : [373, 374, 376, 379]
523.8 :    7 : [371, 372, 375, 377, 378, 380, 381]
523.9 :    4 : [373, 374, 376, 379]
525.9 :    7 : [371, 372, 375, 377, 378, 380, 381]
526.0 :    4 : [373, 374, 376, 379]
528.0 :    7 : [371, 372, 375, 377, 378, 380, 381]
528.1 :    4 : [373, 374, 376, 379]
530.1 :    7 : [371, 372, 375, 377, 378, 380, 381]
530.2 :    4 : [373, 374, 376, 379]
532.2 :    7 : [371, 372, 375, 377, 378, 380, 381]
532.3 :    4 : [373, 374, 376, 379]
534.3 :    7 : [371, 372, 375, 377, 378, 380, 381]
534.4 :    4 : [373, 374, 376, 379]
536.4 :    7 : [371, 372, 375, 377, 378, 380, 381]
536.5 :    4 : [373, 374, 376, 379]
538.5 :    7 : [371, 372, 375, 377, 378, 380, 381]
538.6 :    4 : [373, 374, 376, 379]
540.6 :    7 : [371, 372, 375, 377, 378, 380, 381]
540.7 :    4 : [373, 374, 376, 379]
542.7 :    7 : [371, 372, 375, 377, 378, 380, 381]
542.8 :    4 : [373, 374, 376, 379]
544.8 :    7 : [371, 372, 375, 377, 378, 380, 381]
544.9 :    4 : [373, 374, 376, 379]
546.9 :    7 : [371, 372, 375, 377, 378, 380, 381]
547.0 :    4 : [373, 374, 376, 379]
549.0 :    7 : [371, 372, 375, 377, 378, 380, 381]
549.1 :    4 : [373, 374, 376, 379]
551.1 :    7 : [371, 372, 375, 377, 378, 380, 381]
551.2 :    4 : [373, 374, 376, 379]
553.2 :    7 : [371, 372, 375, 377, 378, 380, 381]
553.3 :    4 : [373, 374, 376, 379]
555.3 :    7 : [371, 372, 375, 377, 378, 380, 381]
555.4 :    4 : [373, 374, 376, 379]
557.4 :    7 : [371, 372, 375, 377, 378, 380, 381]
557.5 :    4 : [373, 374, 376, 379]
559.5 :    7 : [371, 372, 375, 377, 378, 380, 381]
559.6 :    4 : [373, 374, 376, 379]
561.6 :    7 : [371, 372, 375, 377, 378, 380, 381]
561.7 :    4 : [373, 374, 376, 379]
563.7 :    7 : [371, 372, 375, 377, 378, 380, 381]
563.8 :    4 : [373, 374, 376, 379]
565.8 :    7 : [371, 372, 375, 377, 378, 380, 381]
565.9 :    4 : [373, 374, 376, 379]
567.9 :    7 : [371, 372, 375, 377, 378, 380, 381]
568.0 :    4 : [373, 374, 376, 379]
570.0 :    7 : [371, 372, 375, 377, 378, 380, 381]
570.1 :    4 : [373, 374, 376, 379]
572.1 :    7 : [371, 372, 375, 377, 378, 380, 381]
572.2 :    4 : [373, 374, 376, 379]
574.2 :    7 : [371, 372, 375, 377, 378, 380, 381]
574.3 :    4 : [373, 374, 376, 379]
576.3 :    7 : [371, 372, 375, 377, 378, 380, 381]
576.4 :    4 : [373, 374, 376, 379]
578.4 :    7 : [371, 372, 375, 377, 378, 380, 381]
578.5 :    4 : [373, 374, 376, 379]
580.5 :    7 : [371, 372, 375, 377, 378, 380, 381]
580.6 :    4 : [373, 374, 376, 379]
582.6 :    7 : [371, 372, 375, 377, 378, 380, 381]
582.7 :    4 : [373, 374, 376, 379]
584.7 :    7 : [371, 372, 375, 377, 378, 380, 381]
584.8 :    4 : [373, 374, 376, 379]
586.8 :    7 : [371, 372, 375, 377, 378, 380, 381]
586.9 :    4 : [373, 374, 376, 379]
588.9 :    7 : [371, 372, 375, 377, 378, 380, 381]
589.0 :    4 : [373, 374, 376, 379]
591.0 :    7 : [371, 372, 375, 377, 378, 380, 381]
591.1 :    4 : [373, 374, 376, 379]
593.1 :    7 : [371, 372, 375, 377, 378, 380, 381]
593.2 :    4 : [373, 374, 376, 379]
595.2 :    7 : [371, 372, 375, 377, 378, 380, 381]
595.3 :    4 : [373, 374, 376, 379]
597.3 :    7 : [371, 372, 375, 377, 378, 380, 381]
597.4 :    4 : [373, 374, 376, 379]
599.4 :    7 : [371, 372, 375, 377, 378, 380, 381]
599.5 :    4 : [373, 374, 376, 379]
601.5 :    7 : [371, 372, 375, 377, 378, 380, 381]
601.6 :    4 : [373, 374, 376, 379]
603.6 :    7 : [371, 372, 375, 377, 378, 380, 381]
603.7 :    4 : [373, 374, 376, 379]
605.7 :    7 : [371, 372, 375, 377, 378, 380, 381]
605.8 :    4 : [373, 374, 376, 379]
607.8 :    7 : [371, 372, 375, 377, 378, 380, 381]
607.9 :    4 : [373, 374, 376, 379]
609.9 :    7 : [371, 372, 375, 377, 378, 380, 381]
610.0 :    4 : [373, 374, 376, 379]
612.0 :    7 : [371, 372, 375, 377, 378, 380, 381]
612.1 :    4 : [373, 374, 376, 379]
614.1 :    7 : [371, 372, 375, 377, 378, 380, 381]
614.2 :    4 : [373, 374, 376, 379]
616.2 :    7 : [371, 372, 375, 377, 378, 380, 381]
616.3 :    4 : [373, 374, 376, 379]
618.3 :    7 : [371, 372, 375, 377, 378, 380, 381]
618.4 :    4 : [373, 374, 376, 379]
620.4 :    7 : [371, 372, 375, 377, 378, 380, 381]
620.5 :    4 : [373, 374, 376, 379]
622.5 :    7 : [371, 372, 375, 377, 378, 380, 381]
622.6 :    4 : [373, 374, 376, 379]
624.6 :    7 : [371, 372, 375, 377, 378, 380, 381]
624.7 :    4 : [373, 374, 376, 379]
626.7 :    7 : [371, 372, 375, 377, 378, 380, 381]
626.8 :    4 : [373, 374, 376, 379]
628.8 :    7 : [371, 372, 375, 377, 378, 380, 381]
628.9 :    4 : [373, 374, 376, 379]
630.9 :    7 : [371, 372, 375, 377, 378, 380, 381]
631.0 :    4 : [373, 374, 376, 379]
633.0 :    7 : [371, 372, 375, 377, 378, 380, 381]
633.1 :    4 : [373, 374, 376, 379]
635.1 :    7 : [371, 372, 375, 377, 378, 380, 381]
635.2 :    4 : [373, 374, 376, 379]
637.2 :    7 : [371, 372, 375, 377, 378, 380, 381]
637.3 :    4 : [373, 374, 376, 379]
639.3 :    7 : [371, 372, 375, 377, 378, 380, 381]
639.4 :    4 : [373, 374, 376, 379]
641.4 :    7 : [371, 372, 375, 377, 378, 380, 381]
641.5 :    4 : [373, 374, 376, 379]
643.5 :    7 : [371, 372, 375, 377, 378, 380, 381]
643.6 :    4 : [373, 374, 376, 379]
645.6 :    7 : [371, 372, 375, 377, 378, 380, 381]
645.7 :    4 : [373, 374, 376, 379]
647.7 :    7 : [371, 372, 375, 377, 378, 380, 381]
647.8 :    4 : [373, 374, 376, 379]
649.8 :    7 : [371, 372, 375, 377, 378, 380, 381]
649.9 :    4 : [373, 374, 376, 379]
651.9 :    7 : [371, 372, 375, 377, 378, 380, 381]
652.0 :    4 : [373, 374, 376, 379]
654.0 :    7 : [371, 372, 375, 377, 378, 380, 381]
654.1 :    4 : [373, 374, 376, 379]
656.1 :    7 : [371, 372, 375, 377, 378, 380, 381]
656.2 :    4 : [373, 374, 376, 379]
658.2 :    7 : [371, 372, 375, 377, 378, 380, 381]
658.3 :    4 : [373, 374, 376, 379]
660.3 :    7 : [371, 372, 375, 377, 378, 380, 381]
660.4 :    4 : [373, 374, 376, 379]
662.4 :    7 : [371, 372, 375, 377, 378, 380, 381]
662.5 :    4 : [373, 374, 376, 379]
664.5 :    7 : [371, 372, 375, 377, 378, 380, 381]
664.6 :    4 : [373, 374, 376, 379]
666.6 :    7 : [371, 372, 375, 377, 378, 380, 381]
666.7 :    4 : [373, 374, 376, 379]
668.7 :    7 : [371, 372, 375, 377, 378, 380, 381]
668.8 :    4 : [373, 374, 376, 379]
670.8 :    7 : [371, 372, 375, 377, 378, 380, 381]
670.9 :    4 : [373, 374, 376, 379]
672.9 :    7 : [371, 372, 375, 377, 378, 380, 381]
673.0 :    4 : [373, 374, 376, 379]
675.0 :    7 : [371, 372, 375, 377, 378, 380, 381]
675.1 :    4 : [373, 374, 376, 379]
677.1 :    7 : [371, 372, 375, 377, 378, 380, 381]
677.2 :    4 : [373, 374, 376, 379]
679.2 :    7 : [371, 372, 375, 377, 378, 380, 381]
679.3 :    4 : [373, 374, 376, 379]
681.3 :    7 : [371, 372, 375, 377, 378, 380, 381]
681.4 :    4 : [373, 374, 376, 379]
683.4 :    7 : [371, 372, 375, 377, 378, 380, 381]
683.5 :    4 : [373, 374, 376, 379]
685.5 :    7 : [371, 372, 375, 377, 378, 380, 381]
685.6 :    4 : [373, 374, 376, 379]
687.6 :    7 : [371, 372, 375, 377, 378, 380, 381]
687.7 :    4 : [373, 374, 376, 379]
689.7 :    7 : [371, 372, 375, 377, 378, 380, 381]
689.8 :    4 : [373, 374, 376, 379]
691.8 :    7 : [371, 372, 375, 377, 378, 380, 381]
691.9 :    4 : [373, 374, 376, 379]
693.9 :    7 : [371, 372, 375, 377, 378, 380, 381]
694.0 :    4 : [373, 374, 376, 379]
696.0 :    7 : [371, 372, 375, 377, 378, 380, 381]
696.1 :    4 : [373, 374, 376, 379]
698.1 :    7 : [371, 372, 375, 377, 378, 380, 381]
698.2 :    4 : [373, 374, 376, 379]
700.2 :    7 : [371, 372, 375, 377, 378, 380, 381]
700.3 :    4 : [373, 374, 376, 379]
702.3 :    7 : [371, 372, 375, 377, 378, 380, 381]
702.4 :    4 : [373, 374, 376, 379]
704.4 :    7 : [371, 372, 375, 377, 378, 380, 381]
704.5 :    4 : [373, 374, 376, 379]
706.5 :    7 : [371, 372, 375, 377, 378, 380, 381]
706.6 :    4 : [373, 374, 376, 379]
708.6 :    7 : [371, 372, 375, 377, 378, 380, 381]
708.7 :    4 : [373, 374, 376, 379]
710.7 :    7 : [371, 372, 375, 377, 378, 380, 381]
710.8 :    4 : [373, 374, 376, 379]
712.8 :    7 : [371, 372, 375, 377, 378, 380, 381]
712.9 :    4 : [373, 374, 376, 379]
714.9 :    7 : [371, 372, 375, 377, 378, 380, 381]
715.0 :    4 : [373, 374, 376, 379]
717.0 :    7 : [371, 372, 375, 377, 378, 380, 381]
717.1 :    4 : [373, 374, 376, 379]
719.1 :    7 : [371, 372, 375, 377, 378, 380, 381]
719.2 :    4 : [373, 374, 376, 379]
721.2 :    7 : [371, 372, 375, 377, 378, 380, 381]
721.3 :    4 : [373, 374, 376, 379]
723.3 :    7 : [371, 372, 375, 377, 378, 380, 381]
723.4 :    4 : [373, 374, 376, 379]
725.4 :    7 : [371, 372, 375, 377, 378, 380, 381]
725.5 :    4 : [373, 374, 376, 379]
727.5 :    7 : [371, 372, 375, 377, 378, 380, 381]
727.6 :    4 : [373, 374, 376, 379]
729.6 :    7 : [371, 372, 375, 377, 378, 380, 381]
729.7 :    4 : [373, 374, 376, 379]
731.7 :    7 : [371, 372, 375, 377, 378, 380, 381]
731.8 :    4 : [373, 374, 376, 379]
733.8 :    7 : [371, 372, 375, 377, 378, 380, 381]
733.9 :    4 : [373, 374, 376, 379]
735.9 :    7 : [371, 372, 375, 377, 378, 380, 381]
736.0 :    4 : [373, 374, 376, 379]
738.0 :    7 : [371, 372, 375, 377, 378, 380, 381]
738.1 :    4 : [373, 374, 376, 379]
740.1 :    7 : [371, 372, 375, 377, 378, 380, 381]
740.2 :    4 : [373, 374, 376, 379]
742.2 :    7 : [371, 372, 375, 377, 378, 380, 381]
742.3 :    4 : [373, 374, 376, 379]
744.3 :    7 : [371, 372, 375, 377, 378, 380, 381]
744.4 :    4 : [373, 374, 376, 379]
746.4 :    7 : [371, 372, 375, 377, 378, 380, 381]
746.5 :    4 : [373, 374, 376, 379]
748.5 :    7 : [371, 372, 375, 377, 378, 380, 381]
748.6 :    4 : [373, 374, 376, 379]
750.6 :    7 : [371, 372, 375, 377, 378, 380, 381]
750.7 :    4 : [373, 374, 376, 379]
752.7 :    7 : [371, 372, 375, 377, 378, 380, 381]
752.8 :    4 : [373, 374, 376, 379]
754.8 :    7 : [371, 372, 375, 377, 378, 380, 381]
754.9 :    4 : [373, 374, 376, 379]
756.9 :    7 : [371, 372, 375, 377, 378, 380, 381]
757.0 :    4 : [373, 374, 376, 379]
759.0 :    7 : [371, 372, 375, 377, 378, 380, 381]
759.1 :    4 : [373, 374, 376, 379]
761.1 :    7 : [371, 372, 375, 377, 378, 380, 381]
761.2 :    4 : [373, 374, 376, 379]
763.2 :    7 : [371, 372, 375, 377, 378, 380, 381]
763.3 :    4 : [373, 374, 376, 379]
765.3 :    7 : [371, 372, 375, 377, 378, 380, 381]
765.4 :    4 : [373, 374, 376, 379]
767.4 :    7 : [371, 372, 375, 377, 378, 380, 381]
767.5 :    4 : [373, 374, 376, 379]
769.5 :    7 : [371, 372, 375, 377, 378, 380, 381]
769.6 :    4 : [373, 374, 376, 379]
771.6 :    7 : [371, 372, 375, 377, 378, 380, 381]
771.7 :    4 : [373, 374, 376, 379]
773.7 :    7 : [371, 372, 375, 377, 378, 380, 381]
773.8 :    4 : [373, 374, 376, 379]
775.8 :    7 : [371, 372, 375, 377, 378, 380, 381]
775.9 :    4 : [373, 374, 376, 379]
777.9 :    7 : [371, 372, 375, 377, 378, 380, 381]
778.0 :    4 : [373, 374, 376, 379]
780.0 :    7 : [371, 372, 375, 377, 378, 380, 381]
780.1 :    4 : [373, 374, 376, 379]
782.1 :    7 : [371, 372, 375, 377, 378, 380, 381]
782.2 :    4 : [373, 374, 376, 379]
784.2 :    7 : [371, 372, 375, 377, 378, 380, 381]
784.3 :    4 : [373, 374, 376, 379]
786.3 :    7 : [371, 372, 375, 377, 378, 380, 381]
786.4 :    4 : [373, 374, 376, 379]
788.4 :    7 : [371, 372, 375, 377, 378, 380, 381]
788.5 :    4 : [373, 374, 376, 379]
790.5 :    7 : [371, 372, 375, 377, 378, 380, 381]
790.6 :    4 : [373, 374, 376, 379]
792.6 :    7 : [371, 372, 375, 377, 378, 380, 381]
792.7 :    4 : [373, 374, 376, 379]
794.7 :    7 : [371, 372, 375, 377, 378, 380, 381]
794.8 :    4 : [373, 374, 376, 379]
796.8 :    7 : [371, 372, 375, 377, 378, 380, 381]
796.9 :    4 : [373, 374, 376, 379]
798.9 :    7 : [371, 372, 375, 377, 378, 380, 381]
799.0 :    4 : [373, 374, 376, 379]
801.0 :    7 : [371, 372, 375, 377, 378, 380, 381]
801.1 :    4 : [373, 374, 376, 379]
803.1 :    7 : [371, 372, 375, 377, 378, 380, 381]
803.2 :    4 : [373, 374, 376, 379]
805.2 :    7 : [371, 372, 375, 377, 378, 380, 381]
805.3 :    4 : [373, 374, 376, 379]
807.3 :    7 : [371, 372, 375, 377, 378, 380, 381]
807.4 :    4 : [373, 374, 376, 379]
809.4 :    7 : [371, 372, 375, 377, 378, 380, 381]
809.5 :    4 : [373, 374, 376, 379]
811.5 :    7 : [371, 372, 375, 377, 378, 380, 381]
811.6 :    4 : [373, 374, 376, 379]
813.6 :    7 : [371, 372, 375, 377, 378, 380, 381]
813.7 :    4 : [373, 374, 376, 379]
815.7 :    7 : [371, 372, 375, 377, 378, 380, 381]
815.8 :    4 : [373, 374, 376, 379]
817.8 :    7 : [371, 372, 375, 377, 378, 380, 381]
817.9 :    4 : [373, 374, 376, 379]
819.9 :    7 : [371, 372, 375, 377, 378, 380, 381]
820.0 :    4 : [373, 374, 376, 379]
822.0 :    7 : [371, 372, 375, 377, 378, 380, 381]
822.1 :    4 : [373, 374, 376, 379]
824.1 :    7 : [371, 372, 375, 377, 378, 380, 381]
824.2 :    4 : [373, 374, 376, 379]
826.2 :    7 : [371, 372, 375, 377, 378, 380, 381]
826.3 :    4 : [373, 374, 376, 379]
828.3 :    7 : [371, 372, 375, 377, 378, 380, 381]
828.4 :    4 : [373, 374, 376, 379]
830.4 :    7 : [371, 372, 375, 377, 378, 380, 381]
830.5 :    4 : [373, 374, 376, 379]
832.5 :    7 : [371, 372, 375, 377, 378, 380, 381]
832.6 :    4 : [373, 374, 376, 379]
834.6 :    7 : [371, 372, 375, 377, 378, 380, 381]
834.7 :    4 : [373, 374, 376, 379]
836.7 :    7 : [371, 372, 375, 377, 378, 380, 381]
836.8 :    4 : [373, 374, 376, 379]
838.8 :    7 : [371, 372, 375, 377, 378, 380, 381]
838.9 :    4 : [373, 374, 376, 379]
840.9 :    7 : [371, 372, 375, 377, 378, 380, 381]
841.0 :    4 : [373, 374, 376, 379]
843.0 :    7 : [371, 372, 375, 377, 378, 380, 381]
843.1 :    4 : [373, 374, 376, 379]
845.1 :    7 : [371, 372, 375, 377, 378, 380, 381]
845.2 :    4 : [373, 374, 376, 379]
847.2 :    7 : [371, 372, 375, 377, 378, 380, 381]
847.3 :    4 : [373, 374, 376, 379]
849.3 :    7 : [371, 372, 375, 377, 378, 380, 381]
849.4 :    4 : [373, 374, 376, 379]
851.4 :    7 : [371, 372, 375, 377, 378, 380, 381]
851.5 :    4 : [373, 374, 376, 379]
853.5 :    7 : [371, 372, 375, 377, 378, 380, 381]
853.6 :    4 : [373, 374, 376, 379]
855.6 :    7 : [371, 372, 375, 377, 378, 380, 381]
855.7 :    4 : [373, 374, 376, 379]
857.7 :    7 : [371, 372, 375, 377, 378, 380, 381]
857.8 :    4 : [373, 374, 376, 379]
859.8 :    7 : [371, 372, 375, 377, 378, 380, 381]
859.9 :    4 : [373, 374, 376, 379]
861.9 :    7 : [371, 372, 375, 377, 378, 380, 381]
862.0 :    4 : [373, 374, 376, 379]
864.0 :    7 : [371, 372, 375, 377, 378, 380, 381]
864.1 :    4 : [373, 374, 376, 379]
866.1 :    7 : [371, 372, 375, 377, 378, 380, 381]
866.2 :    4 : [373, 374, 376, 379]
868.2 :    7 : [371, 372, 375, 377, 378, 380, 381]
868.3 :    4 : [373, 374, 376, 379]
870.3 :    7 : [371, 372, 375, 377, 378, 380, 381]
870.4 :    4 : [373, 374, 376, 379]
872.4 :    7 : [371, 372, 375, 377, 378, 380, 381]
872.5 :    4 : [373, 374, 376, 379]
874.5 :    7 : [371, 372, 375, 377, 378, 380, 381]
874.6 :    4 : [373, 374, 376, 379]
876.6 :    7 : [371, 372, 375, 377, 378, 380, 381]
876.7 :    4 : [373, 374, 376, 379]
878.7 :    7 : [371, 372, 375, 377, 378, 380, 381]
878.8 :    4 : [373, 374, 376, 379]
880.8 :    7 : [371, 372, 375, 377, 378, 380, 381]
880.9 :    4 : [373, 374, 376, 379]
882.9 :    7 : [371, 372, 375, 377, 378, 380, 381]
883.0 :    4 : [373, 374, 376, 379]
885.0 :    7 : [371, 372, 375, 377, 378, 380, 381]
885.1 :    4 : [373, 374, 376, 379]
887.1 :    7 : [371, 372, 375, 377, 378, 380, 381]
887.2 :    4 : [373, 374, 376, 379]
889.2 :    7 : [371, 372, 375, 377, 378, 380, 381]
889.3 :    4 : [373, 374, 376, 379]
891.3 :    7 : [371, 372, 375, 377, 378, 380, 381]
891.4 :    4 : [373, 374, 376, 379]
893.4 :    7 : [371, 372, 375, 377, 378, 380, 381]
893.5 :    4 : [373, 374, 376, 379]
895.5 :    7 : [371, 372, 375, 377, 378, 380, 381]
895.6 :    4 : [373, 374, 376, 379]
897.6 :    7 : [371, 372, 375, 377, 378, 380, 381]
897.7 :    4 : [373, 374, 376, 379]
899.7 :    7 : [371, 372, 375, 377, 378, 380, 381]
899.8 :    4 : [373, 374, 376, 379]
901.8 :    7 : [371, 372, 375, 377, 378, 380, 381]
901.9 :    4 : [373, 374, 376, 379]
903.9 :    7 : [371, 372, 375, 377, 378, 380, 381]
904.0 :    4 : [373, 374, 376, 379]
906.0 :    7 : [371, 372, 375, 377, 378, 380, 381]
906.1 :    4 : [373, 374, 376, 379]
908.1 :    7 : [371, 372, 375, 377, 378, 380, 381]
908.2 :    4 : [373, 374, 376, 379]
910.2 :    7 : [371, 372, 375, 377, 378, 380, 381]
910.3 :    4 : [373, 374, 376, 379]
912.3 :    7 : [371, 372, 375, 377, 378, 380, 381]
912.4 :    4 : [373, 374, 376, 379]
914.4 :    7 : [371, 372, 375, 377, 378, 380, 381]
914.5 :    4 : [373, 374, 376, 379]
916.5 :    7 : [371, 372, 375, 377, 378, 380, 381]
916.6 :    4 : [373, 374, 376, 379]
918.6 :    7 : [371, 372, 375, 377, 378, 380, 381]
918.7 :    4 : [373, 374, 376, 379]
920.7 :    7 : [371, 372, 375, 377, 378, 380, 381]
920.8 :    4 : [373, 374, 376, 379]
922.8 :    7 : [371, 372, 375, 377, 378, 380, 381]
922.9 :    4 : [373, 374, 376, 379]
924.9 :    7 : [371, 372, 375, 377, 378, 380, 381]
925.0 :    4 : [373, 374, 376, 379]
927.0 :    7 : [371, 372, 375, 377, 378, 380, 381]
927.1 :    4 : [373, 374, 376, 379]
929.1 :    7 : [371, 372, 375, 377, 378, 380, 381]
929.2 :    4 : [373, 374, 376, 379]
931.2 :    7 : [371, 372, 375, 377, 378, 380, 381]
931.3 :    4 : [373, 374, 376, 379]
933.3 :    7 : [371, 372, 375, 377, 378, 380, 381]
933.4 :    4 : [373, 374, 376, 379]
935.4 :    7 : [371, 372, 375, 377, 378, 380, 381]
935.5 :    4 : [373, 374, 376, 379]
937.5 :    7 : [371, 372, 375, 377, 378, 380, 381]
937.6 :    4 : [373, 374, 376, 379]
939.6 :    7 : [371, 372, 375, 377, 378, 380, 381]
939.7 :    4 : [373, 374, 376, 379]
941.7 :    7 : [371, 372, 375, 377, 378, 380, 381]
941.8 :    4 : [373, 374, 376, 379]
943.8 :    7 : [371, 372, 375, 377, 378, 380, 381]
943.9 :    4 : [373, 374, 376, 379]
945.9 :    7 : [371, 372, 375, 377, 378, 380, 381]
946.0 :    4 : [373, 374, 376, 379]
948.0 :    7 : [371, 372, 375, 377, 378, 380, 381]
948.1 :    4 : [373, 374, 376, 379]
950.1 :    7 : [371, 372, 375, 377, 378, 380, 381]
950.2 :    4 : [373, 374, 376, 379]
952.2 :    7 : [371, 372, 375, 377, 378, 380, 381]
952.3 :    4 : [373, 374, 376, 379]
954.3 :    7 : [371, 372, 375, 377, 378, 380, 381]
954.4 :    4 : [373, 374, 376, 379]
956.4 :    7 : [371, 372, 375, 377, 378, 380, 381]
956.5 :    4 : [373, 374, 376, 379]
958.5 :    7 : [371, 372, 375, 377, 378, 380, 381]
958.6 :    4 : [373, 374, 376, 379]
960.6 :    7 : [371, 372, 375, 377, 378, 380, 381]
960.7 :    4 : [373, 374, 376, 379]
962.7 :    7 : [371, 372, 375, 377, 378, 380, 381]
962.8 :    4 : [373, 374, 376, 379]
964.8 :    7 : [371, 372, 375, 377, 378, 380, 381]
964.9 :    4 : [373, 374, 376, 379]
966.9 :    7 : [371, 372, 375, 377, 378, 380, 381]
967.0 :    4 : [373, 374, 376, 379]
969.0 :    7 : [371, 372, 375, 377, 378, 380, 381]
969.1 :    4 : [373, 374, 376, 379]
971.1 :    7 : [371, 372, 375, 377, 378, 380, 381]
971.2 :    4 : [373, 374, 376, 379]
973.2 :    7 : [371, 372, 375, 377, 378, 380, 381]
973.3 :    4 : [373, 374, 376, 379]
975.3 :    7 : [371, 372, 375, 377, 378, 380, 381]
975.4 :    4 : [373, 374, 376, 379]
977.4 :    7 : [371, 372, 375, 377, 378, 380, 381]
977.5 :    4 : [373, 374, 376, 379]
979.5 :    7 : [371, 372, 375, 377, 378, 380, 381]
979.6 :    4 : [373, 374, 376, 379]
981.6 :    7 : [371, 372, 375, 377, 378, 380, 381]
981.7 :    4 : [373, 374, 376, 379]
983.7 :    7 : [371, 372, 375, 377, 378, 380, 381]
983.8 :    4 : [373, 374, 376, 379]
985.8 :    7 : [371, 372, 375, 377, 378, 380, 381]
985.9 :    4 : [373, 374, 376, 379]
987.9 :    7 : [371, 372, 375, 377, 378, 380, 381]
988.0 :    4 : [373, 374, 376, 379]
990.0 :    7 : [371, 372, 375, 377, 378, 380, 381]
990.1 :    4 : [373, 374, 376, 379]
992.1 :    7 : [371, 372, 375, 377, 378, 380, 381]
992.2 :    4 : [373, 374, 376, 379]
994.2 :    7 : [371, 372, 375, 377, 378, 380, 381]
994.3 :    4 : [373, 374, 376, 379]
996.3 :    7 : [371, 372, 375, 377, 378, 380, 381]
996.4 :    4 : [373, 374, 376, 379]
998.4 :    7 : [371, 372, 375, 377, 378, 380, 381]
998.5 :    4 : [373, 374, 376, 379]
