       0.0    529.4      529.4  0.0 17:29:58.126366
     529.4    507.7     1037.0 10.0 17:31:01.640897
    1037.0    508.1     1545.2 20.0 17:32:05.215237
    1545.2    508.6     2053.8 30.0 17:33:08.848466
    2053.8    500.5     2554.2 40.0 17:34:12.333080
    2554.2    505.0     3059.2 50.0 17:35:15.853812
    3059.2    505.0     3564.2 60.0 17:36:19.382429
    3564.2    505.0     4069.2 70.0 17:37:22.907669
    4069.2    505.2     4574.4 80.0 17:38:26.486027
    4574.4    504.9     5079.4 90.0 17:39:30.008274
    5079.4    504.8     5584.2 100.0 17:40:33.569266
    5584.2    506.7     6090.9 110.0 17:41:37.198848
    6090.9    509.0     6599.8 120.0 17:42:40.877561
    6599.8    509.1     7109.0 130.0 17:43:44.576351
    7109.0    509.1     7618.1 140.0 17:44:48.269158
    7618.1    501.3     8119.3 150.0 17:45:51.891540
    8119.3    505.6     8624.9 160.0 17:46:55.497889
    8624.9    502.4     9127.3 170.0 17:47:59.015067
    9127.3    509.6     9636.9 180.0 17:49:02.777304
    9636.9    510.2    10147.2 190.0 17:50:06.616896
   10147.2    509.2    10656.3 200.0 17:51:10.324451
   10656.3    509.8    11166.1 210.0 17:52:14.106012
   11166.1    501.5    11667.6 220.0 17:53:17.852735
   11667.6    506.7    12174.3 230.0 17:54:21.601794
   12174.3    506.6    12680.9 240.0 17:55:25.338425
   12680.9    506.6    13187.5 250.0 17:56:29.116555
   13187.5    505.5    13693.0 260.0 17:57:32.745438
   13693.0    506.9    14199.9 270.0 17:58:36.514229
   14199.9    504.8    14704.7 280.0 17:59:40.187199
   14704.7    510.0    15214.7 290.0 18:00:44.001805
   15214.7    509.7    15724.4 300.0 18:01:47.772520
   15724.4    509.4    16233.7 310.0 18:02:51.501599
   16233.7    509.2    16742.9 320.0 18:03:55.207893
   16742.9    498.3    17241.2 330.0 18:04:58.701200
   17241.2    505.1    17746.3 340.0 18:06:02.262441
   17746.3    505.3    18251.6 350.0 18:07:05.850259
   18251.6    504.0    18755.6 360.0 18:08:09.267153
   18755.6    502.1    19257.8 370.0 18:09:12.731134
   19257.8    508.1    19765.8 380.0 18:10:16.277753
   19765.8    508.0    20273.8 390.0 18:11:19.834569
   20273.8    507.9    20781.7 400.0 18:12:23.387758
   20781.7    508.3    21290.0 410.0 18:13:26.979269
   21290.0    500.3    21790.3 420.0 18:14:30.551571
   21790.3    502.6    22292.9 430.0 18:15:34.304992
   22292.9    509.0    22801.9 440.0 18:16:37.971256
   22801.9    509.2    23311.1 450.0 18:17:41.680416
   23311.1    509.3    23820.4 460.0 18:18:45.395812
   23820.4    509.5    24329.9 470.0 18:19:49.145293
   24329.9    501.8    24831.7 480.0 18:20:52.747630
   24831.7    506.3    25338.0 490.0 18:21:56.434129
   25338.0    506.4    25844.4 500.0 18:23:00.134604
   25844.4    506.4    26350.8 510.0 18:24:03.846342
   26350.8    506.7    26857.5 520.0 18:25:07.605238
   26857.5    506.4    27363.9 530.0 18:26:11.323505
   27363.9    506.9    27870.8 540.0 18:27:15.111973
   27870.8    506.7    28377.5 550.0 18:28:18.849216
   28377.5    507.1    28884.6 560.0 18:29:22.638349
   28884.6    507.0    29391.7 570.0 18:30:26.434021
   29391.7    507.3    29899.0 580.0 18:31:30.262538
   29899.0    508.5    30407.5 590.0 18:32:34.250022
   30407.5    510.9    30918.4 600.0 18:33:38.168045
   30918.4    510.8    31429.2 610.0 18:34:42.072993
   31429.2    510.8    31940.0 620.0 18:35:45.995607
   31940.0    510.1    32450.1 630.0 18:36:49.849035
   32450.1    510.7    32960.8 640.0 18:37:53.746929
   32960.8    511.2    33472.0 650.0 18:38:57.704461
   33472.0    510.7    33982.7 660.0 18:40:01.602397
   33982.7    502.3    34485.0 670.0 18:41:05.486845
   34485.0    506.9    34991.9 680.0 18:42:09.484011
   34991.9    511.0    35502.9 690.0 18:43:13.427790
   35502.9    510.7    36013.6 700.0 18:44:17.335557
   36013.6    511.9    36525.5 710.0 18:45:21.373115
   36525.5    512.1    37037.6 720.0 18:46:25.438147
   37037.6    504.4    37541.9 730.0 18:47:29.522213
   37541.9    508.5    38050.4 740.0 18:48:33.477116
   38050.4    508.3    38558.7 750.0 18:49:37.409160
   38558.7    508.8    39067.5 760.0 18:50:41.462617
   39067.5    508.7    39576.2 770.0 18:51:45.451862
   39576.2    508.9    40085.1 780.0 18:52:49.456091
   40085.1    509.7    40594.8 790.0 18:53:53.672833
   40594.8    512.7    41107.5 800.0 18:54:57.820125
   41107.5    512.8    41620.4 810.0 18:56:01.981630
   41620.4    512.9    42133.3 820.0 18:57:06.156826
   42133.3    512.9    42646.2 830.0 18:58:10.322551
   42646.2    502.0    43148.2 840.0 18:59:14.245051
   43148.2    509.2    43657.4 850.0 19:00:18.303502
   43657.4    506.3    44163.7 860.0 19:01:22.280639
   44163.7    512.9    44676.6 870.0 19:02:26.450777
   44676.6    513.2    45189.8 880.0 19:03:30.659264
   45189.8    513.4    45703.3 890.0 19:04:34.891096
   45703.3    513.5    46216.8 900.0 19:05:39.138808
   46216.8    502.2    46719.0 910.0 19:06:43.268899
   46719.0    514.2    47233.2 920.0 19:07:47.569269
   47233.2    513.9    47747.1 930.0 19:08:51.874558
   47747.1    513.9    48261.0 940.0 19:09:56.170036
   48261.0    514.4    48775.3 950.0 19:11:00.527466
   48775.3    514.2    49289.5 960.0 19:12:04.869540
   49289.5    514.3    49803.8 970.0 19:13:09.242200
   49803.8    514.7    50318.5 980.0 19:14:13.630147
   50318.5    514.8    50833.3 990.0 19:15:18.039754
