       0.0      5.8        5.8  0.0 19:24:08.316121
       5.8      2.6        8.4 10.0 19:24:08.680681
       8.4      2.6       11.0 20.0 19:24:09.008660
      11.0      2.6       13.5 30.0 19:24:09.339725
      13.5      2.6       16.1 40.0 19:24:09.672813
      16.1      2.6       18.7 50.0 19:24:10.009549
      18.7      2.6       21.2 60.0 19:24:10.342380
      21.2      2.6       23.8 70.0 19:24:10.673656
      23.8      2.6       26.4 80.0 19:24:11.008392
      26.4      2.6       28.9 90.0 19:24:11.350081
      28.9      2.6       31.5 100.0 19:24:11.693463
      31.5      2.6       34.1 110.0 19:24:12.026659
      34.1      2.6       36.7 120.0 19:24:12.373954
      36.7      2.6       39.2 130.0 19:24:12.708021
      39.2      2.6       41.8 140.0 19:24:13.047350
      41.8      2.6       44.3 150.0 19:24:13.381994
      44.3      2.6       46.9 160.0 19:24:13.723870
      46.9      2.6       49.5 170.0 19:24:14.053515
      49.5      2.5       52.0 180.0 19:24:14.383913
      52.0      2.6       54.6 190.0 19:24:14.714985
      54.6      2.6       57.2 200.0 19:24:15.054535
      57.2      2.6       59.8 210.0 19:24:15.398461
      59.8      2.6       62.3 220.0 19:24:15.726571
      62.3      2.6       64.9 230.0 19:24:16.060479
      64.9      2.6       67.4 240.0 19:24:16.389726
      67.4      2.6       70.0 250.0 19:24:16.719998
      70.0      2.6       72.6 260.0 19:24:17.065606
      72.6      2.6       75.1 270.0 19:24:17.395159
      75.1      2.6       77.7 280.0 19:24:17.737815
      77.7      2.6       80.3 290.0 19:24:18.070285
      80.3      2.6       82.8 300.0 19:24:18.410485
      82.8      2.6       85.4 310.0 19:24:18.740103
      85.4      2.6       88.0 320.0 19:24:19.072633
      88.0      2.6       90.5 330.0 19:24:19.407071
      90.5      2.6       93.1 340.0 19:24:19.739279
      93.1      2.6       95.7 350.0 19:24:20.073906
      95.7      2.6       98.2 360.0 19:24:20.406611
      98.2      2.6      100.8 370.0 19:24:20.738408
     100.8      2.6      103.3 380.0 19:24:21.073781
     103.3      2.6      105.9 390.0 19:24:21.406184
     105.9      2.6      108.5 400.0 19:24:21.735939
     108.5      2.7      111.1 410.0 19:24:22.082273
     111.1      2.6      113.7 420.0 19:24:22.422206
     113.7      2.6      116.3 430.0 19:24:22.753175
     116.3      2.6      118.9 440.0 19:24:23.083553
     118.9      2.6      121.5 450.0 19:24:23.418306
     121.5      2.6      124.1 460.0 19:24:23.759153
     124.1      2.6      126.6 470.0 19:24:24.091648
     126.6      2.6      129.2 480.0 19:24:24.422396
     129.2      2.6      131.8 490.0 19:24:24.749971
     131.8      2.6      134.4 500.0 19:24:25.080576
     134.4      2.6      137.0 510.0 19:24:25.414315
     137.0      2.6      139.5 520.0 19:24:25.746835
     139.5      2.6      142.1 530.0 19:24:26.082497
     142.1      2.6      144.7 540.0 19:24:26.414755
     144.7      2.6      147.3 550.0 19:24:26.742872
     147.3      2.6      149.9 560.0 19:24:27.079793
     149.9      2.6      152.5 570.0 19:24:27.413700
     152.5      2.6      155.1 580.0 19:24:27.745152
     155.1      2.6      157.7 590.0 19:24:28.085476
     157.7      2.6      160.3 600.0 19:24:28.416132
     160.3      2.6      162.9 610.0 19:24:28.752560
     162.9      2.6      165.4 620.0 19:24:29.087795
     165.4      2.6      168.0 630.0 19:24:29.425820
     168.0      2.6      170.6 640.0 19:24:29.761881
     170.6      2.6      173.2 650.0 19:24:30.096081
     173.2      2.6      175.8 660.0 19:24:30.438060
     175.8      2.6      178.4 670.0 19:24:30.768750
     178.4      2.6      181.0 680.0 19:24:31.103456
     181.0      2.6      183.6 690.0 19:24:31.442174
     183.6      2.6      186.2 700.0 19:24:31.791079
     186.2      2.6      188.8 710.0 19:24:32.134180
     188.8      2.6      191.4 720.0 19:24:32.466341
     191.4      2.6      193.9 730.0 19:24:32.796335
     193.9      2.6      196.5 740.0 19:24:33.134120
     196.5      2.6      199.1 750.0 19:24:33.473080
     199.1      2.6      201.7 760.0 19:24:33.805568
     201.7      2.6      204.3 770.0 19:24:34.137336
     204.3      2.6      206.9 780.0 19:24:34.474324
     206.9      2.6      209.5 790.0 19:24:34.809629
     209.5      2.6      212.1 800.0 19:24:35.149127
     212.1      2.6      214.7 810.0 19:24:35.489285
     214.7      2.8      217.5 820.0 19:24:35.857733
     217.5      2.6      220.1 830.0 19:24:36.192333
     220.1      2.6      222.7 840.0 19:24:36.522125
     222.7      2.6      225.3 850.0 19:24:36.858192
     225.3      2.6      227.9 860.0 19:24:37.186901
     227.9      2.6      230.5 870.0 19:24:37.522990
     230.5      2.6      233.1 880.0 19:24:37.857568
     233.1      2.6      235.7 890.0 19:24:38.195655
     235.7      2.6      238.3 900.0 19:24:38.533026
     238.3      2.6      240.9 910.0 19:24:38.870392
     240.9      2.6      243.5 920.0 19:24:39.206361
     243.5      2.6      246.1 930.0 19:24:39.545040
     246.1      2.6      248.7 940.0 19:24:39.883925
     248.7      2.6      251.3 950.0 19:24:40.219498
     251.3      2.6      253.9 960.0 19:24:40.556340
     253.9      2.6      256.5 970.0 19:24:40.904770
     256.5      2.6      259.2 980.0 19:24:41.249791
     259.2      2.6      261.8 990.0 19:24:41.584101
