       0.0      0.7        0.7  0.0 16:26:32.153953
       0.7      0.2        0.8 10.0 16:26:32.198388
       0.8      0.2        1.1 20.0 16:26:32.287322
       1.1      0.1        1.2 30.0 16:26:32.325161
       1.2      0.1        1.3 40.0 16:26:32.355300
       1.3      0.1        1.5 50.0 16:26:32.392255
       1.5      0.2        1.6 60.0 16:26:32.446672
       1.6      0.2        1.9 70.0 16:26:32.521229
       1.9      0.2        2.1 80.0 16:26:32.573883
       2.1      0.1        2.2 90.0 16:26:32.610973
       2.2      0.1        2.3 100.0 16:26:32.646356
       2.3      0.2        2.6 110.0 16:26:32.715666
       2.6      0.2        2.7 120.0 16:26:32.772788
       2.7      0.1        2.9 130.0 16:26:32.810058
       2.9      0.1        3.0 140.0 16:26:32.845338
       3.0      0.2        3.2 150.0 16:26:32.912588
       3.2      0.2        3.4 160.0 16:26:32.963364
       3.4      0.2        3.6 170.0 16:26:33.001619
       3.6      0.1        3.7 180.0 16:26:33.039359
       3.7      0.1        3.9 190.0 16:26:33.077072
       3.9      0.2        4.1 200.0 16:26:33.128935
       4.1      0.2        4.3 210.0 16:26:33.191613
       4.3      0.1        4.4 220.0 16:26:33.230912
       4.4      0.1        4.5 230.0 16:26:33.262092
       4.5      0.1        4.7 240.0 16:26:33.293928
       4.7      0.2        4.8 250.0 16:26:33.346941
       4.8      0.2        5.0 260.0 16:26:33.415852
       5.0      0.2        5.2 270.0 16:26:33.464723
       5.2      0.2        5.4 280.0 16:26:33.503400
       5.4      0.2        5.5 290.0 16:26:33.544168
       5.5      0.2        5.7 300.0 16:26:33.612479
       5.7      0.2        5.9 310.0 16:26:33.660260
       5.9      0.1        6.0 320.0 16:26:33.693211
       6.0      0.1        6.2 330.0 16:26:33.725642
       6.2      0.1        6.3 340.0 16:26:33.757309
       6.3      0.1        6.4 350.0 16:26:33.794995
       6.4      0.2        6.6 360.0 16:26:33.851387
       6.6      0.2        6.8 370.0 16:26:33.907324
       6.8      0.2        7.0 380.0 16:26:33.952819
       7.0      0.1        7.1 390.0 16:26:33.990234
       7.1      0.2        7.3 400.0 16:26:34.029773
       7.3      0.3        7.6 410.0 16:26:34.113617
       7.6      0.2        7.8 420.0 16:26:34.168233
       7.8      0.2        7.9 430.0 16:26:34.206492
       7.9      0.1        8.1 440.0 16:26:34.243659
       8.1      0.1        8.2 450.0 16:26:34.277729
       8.2      0.2        8.3 460.0 16:26:34.317499
       8.3      0.2        8.5 470.0 16:26:34.376397
       8.5      0.2        8.7 480.0 16:26:34.436943
       8.7      0.1        8.9 490.0 16:26:34.475122
       8.9      0.2        9.1 500.0 16:26:34.514371
       9.1      0.2        9.3 510.0 16:26:34.578616
       9.3      0.2        9.5 520.0 16:26:34.637729
       9.5      0.1        9.6 530.0 16:26:34.671086
       9.6      0.1        9.7 540.0 16:26:34.708400
       9.7      0.1        9.9 550.0 16:26:34.745239
       9.9      0.2       10.0 560.0 16:26:34.790391
      10.0      0.2       10.2 570.0 16:26:34.843289
      10.2      0.2       10.4 580.0 16:26:34.893536
      10.4      0.1       10.5 590.0 16:26:34.928991
      10.5      0.2       10.7 600.0 16:26:34.967900
      10.7      0.1       10.8 610.0 16:26:35.008654
      10.8      0.2       11.0 620.0 16:26:35.075825
      11.0      0.2       11.2 630.0 16:26:35.123727
      11.2      0.1       11.3 640.0 16:26:35.157133
      11.3      0.1       11.5 650.0 16:26:35.194630
      11.5      0.2       11.7 660.0 16:26:35.242305
      11.7      0.2       11.9 670.0 16:26:35.305314
      11.9      0.2       12.0 680.0 16:26:35.347612
      12.0      0.1       12.2 690.0 16:26:35.380624
      12.2      0.1       12.3 700.0 16:26:35.418332
      12.3      0.2       12.5 710.0 16:26:35.472732
      12.5      0.2       12.7 720.0 16:26:35.544112
      12.7      0.1       12.8 730.0 16:26:35.579669
      12.8      0.1       13.0 740.0 16:26:35.616429
      13.0      0.1       13.1 750.0 16:26:35.648762
      13.1      0.2       13.3 760.0 16:26:35.697015
      13.3      0.2       13.5 770.0 16:26:35.755811
      13.5      0.2       13.7 780.0 16:26:35.814730
      13.7      0.1       13.8 790.0 16:26:35.851531
      13.8      0.2       14.0 800.0 16:26:35.890211
      14.0      0.2       14.2 810.0 16:26:35.956209
      14.2      0.3       14.5 820.0 16:26:36.042213
      14.5      0.2       14.6 830.0 16:26:36.080954
      14.6      0.1       14.8 840.0 16:26:36.113796
      14.8      0.1       14.9 850.0 16:26:36.146578
      14.9      0.2       15.1 860.0 16:26:36.200328
      15.1      0.2       15.3 870.0 16:26:36.260816
      15.3      0.2       15.4 880.0 16:26:36.305257
      15.4      0.1       15.6 890.0 16:26:36.340426
      15.6      0.1       15.7 900.0 16:26:36.372424
      15.7      0.2       15.9 910.0 16:26:36.419770
      15.9      0.2       16.1 920.0 16:26:36.498684
      16.1      0.1       16.2 930.0 16:26:36.535551
      16.2      0.1       16.4 940.0 16:26:36.568112
      16.4      0.1       16.5 950.0 16:26:36.602939
      16.5      0.2       16.7 960.0 16:26:36.667330
      16.7      0.2       16.9 970.0 16:26:36.736735
      16.9      0.1       17.1 980.0 16:26:36.769392
      17.1      0.2       17.2 990.0 16:26:36.814503
