Name: Prefrontal cortex [Glu1], Title: Raster plot from device '20335', Hist: False
213.5 :    1 : [953]
213.6 :    1 : [888]
213.7 :    1 : [911]
213.8 :    1 : [894]
213.9 :    1 : [886]
214.3 :    1 : [967]
214.4 :    5 : [928, 941, 943, 944, 961]
214.5 :    1 : [905]
214.6 :    2 : [952, 971]
214.7 :    2 : [957, 969]
214.8 :    4 : [887, 912, 936, 963]
214.9 :   12 : [889, 892, 893, 913, 915, 926, 929, 933, 948, 950, 955, 970]
215.0 :    2 : [910, 932]
215.1 :    2 : [898, 923]
215.2 :    2 : [890, 973]
215.3 :    7 : [884, 903, 904, 937, 940, 974, 977]
215.4 :    2 : [902, 920]
215.5 :    4 : [882, 899, 947, 954]
215.6 :    3 : [921, 939, 942]
215.7 :    2 : [934, 938]
215.8 :    2 : [895, 975]
215.9 :    1 : [922]
216.0 :    6 : [896, 900, 909, 930, 945, 964]
216.1 :    2 : [907, 927]
216.3 :    1 : [966]
216.6 :    1 : [888]
216.9 :    4 : [891, 894, 931, 951]
217.0 :    5 : [897, 917, 935, 958, 972]
217.1 :    1 : [953]
217.4 :    3 : [911, 943, 965]
217.5 :    3 : [916, 956, 961]
217.6 :    9 : [903, 908, 918, 924, 929, 933, 959, 963, 976]
217.7 :   17 : [883, 887, 889, 901, 906, 910, 914, 941, 946, 948, 949, 950, 955, 957, 969, 970, 971]
217.8 :    9 : [886, 905, 913, 919, 920, 926, 932, 936, 962]
217.9 :   10 : [882, 884, 893, 899, 912, 940, 944, 954, 967, 977]
218.0 :    6 : [885, 902, 925, 939, 968, 973]
218.1 :    3 : [892, 923, 952]
218.2 :    5 : [898, 921, 928, 938, 942]
218.3 :    4 : [895, 934, 937, 974]
218.4 :    2 : [904, 947]
218.5 :    1 : [945]
218.6 :    2 : [890, 922]
218.7 :    1 : [960]
218.8 :    1 : [964]
219.0 :    1 : [909]
219.1 :    2 : [930, 975]
219.2 :    1 : [915]
219.4 :    1 : [900]
219.5 :    4 : [888, 896, 927, 966]
219.6 :    1 : [907]
219.7 :    1 : [894]
219.8 :    1 : [953]
219.9 :    2 : [931, 943]
220.0 :    6 : [889, 891, 903, 911, 917, 935]
220.1 :   14 : [887, 897, 901, 910, 924, 933, 941, 948, 951, 955, 961, 963, 970, 976]
220.2 :    8 : [908, 913, 929, 949, 950, 959, 965, 969]
220.3 :   10 : [899, 906, 916, 920, 932, 936, 946, 956, 957, 958]
220.4 :    6 : [882, 884, 912, 914, 962, 967]
220.5 :    9 : [886, 893, 905, 918, 919, 926, 940, 954, 972]
220.6 :    4 : [892, 939, 944, 971]
220.7 :    4 : [902, 925, 938, 977]
220.8 :    2 : [895, 968]
220.9 :    1 : [885]
221.0 :    6 : [883, 921, 934, 942, 945, 952]
221.1 :    3 : [898, 923, 974]
221.2 :    2 : [928, 937]
221.3 :    2 : [947, 973]
221.5 :    1 : [922]
221.6 :    1 : [964]
221.9 :    1 : [904]
222.3 :    1 : [909]
222.4 :    1 : [890]
222.5 :    3 : [889, 903, 953]
222.6 :    2 : [901, 924]
222.7 :   10 : [887, 894, 910, 917, 943, 948, 955, 963, 965, 970]
222.8 :    9 : [900, 908, 913, 930, 933, 935, 941, 959, 976]
222.9 :    7 : [882, 891, 899, 920, 949, 951, 966]
223.0 :    5 : [906, 911, 962, 969, 975]
223.1 :    5 : [888, 897, 932, 950, 960]
223.2 :    4 : [884, 912, 954, 961]
223.3 :    5 : [914, 916, 940, 946, 956]
223.4 :    5 : [919, 931, 936, 939, 967]
223.5 :    2 : [895, 925]
223.6 :    3 : [892, 918, 929]
223.7 :    2 : [945, 957]
223.8 :    1 : [905]
223.9 :    1 : [938]
224.1 :    1 : [927]
224.2 :    1 : [885]
224.3 :    1 : [896]
224.4 :    1 : [893]
226.3 :    4 : [886, 902, 926, 944]
226.4 :    5 : [907, 910, 922, 934, 977]
226.6 :    1 : [953]
226.7 :    3 : [884, 968, 974]
226.8 :    3 : [887, 903, 936]
226.9 :    6 : [889, 901, 924, 929, 937, 942]
227.0 :    2 : [933, 945]
227.1 :    2 : [912, 921]
227.2 :    2 : [967, 972]
227.5 :    1 : [963]
227.6 :    1 : [913]
227.7 :    3 : [891, 917, 948]
227.8 :    3 : [939, 957, 971]
227.9 :    1 : [954]
228.0 :    3 : [894, 943, 955]
228.1 :    3 : [941, 970, 973]
228.3 :    1 : [951]
228.4 :    1 : [899]
228.6 :    1 : [959]
228.8 :    2 : [964, 976]
229.1 :    3 : [882, 911, 965]
229.2 :    3 : [923, 961, 962]
229.3 :    3 : [898, 932, 958]
229.4 :    1 : [956]
229.5 :    1 : [897]
229.6 :    2 : [890, 905]
229.7 :    2 : [904, 910]
229.8 :    1 : [883]
229.9 :    1 : [929]
230.0 :    1 : [931]
230.1 :    1 : [928]
230.2 :    1 : [952]
230.3 :    1 : [933]
230.4 :    6 : [888, 902, 926, 930, 935, 940]
230.5 :    3 : [916, 936, 950]
230.6 :    3 : [922, 925, 969]
230.7 :    2 : [903, 975]
230.8 :    6 : [884, 908, 909, 927, 943, 966]
230.9 :    2 : [945, 963]
231.0 :    1 : [894]
231.1 :    1 : [970]
231.2 :    4 : [942, 944, 955, 957]
231.3 :    1 : [915]
231.4 :    1 : [887]
231.6 :    1 : [913]
231.7 :    1 : [896]
231.8 :    5 : [889, 920, 939, 948, 977]
231.9 :    6 : [899, 937, 971, 972, 973, 974]
232.0 :    3 : [912, 921, 941]
232.2 :    1 : [967]
232.5 :    1 : [910]
232.7 :    3 : [911, 929, 953]
232.8 :    4 : [886, 891, 900, 947]
232.9 :    1 : [932]
233.0 :    4 : [946, 949, 961, 964]
233.1 :    3 : [890, 892, 938]
233.2 :    1 : [917]
233.3 :    1 : [893]
233.4 :    1 : [882]
233.5 :    5 : [895, 897, 928, 952, 958]
233.6 :    2 : [888, 904]
233.7 :    3 : [898, 905, 923]
233.8 :    2 : [894, 959]
233.9 :    4 : [933, 934, 936, 943]
234.0 :    1 : [969]
234.1 :    1 : [926]
234.2 :    1 : [907]
234.5 :    1 : [950]
234.9 :    1 : [963]
235.2 :    1 : [957]
235.3 :    1 : [970]
235.4 :    2 : [944, 975]
235.5 :    1 : [915]
235.6 :    2 : [955, 965]
235.7 :    1 : [940]
235.8 :    1 : [884]
235.9 :    1 : [887]
236.0 :    2 : [960, 967]
236.1 :    2 : [911, 941]
236.2 :    5 : [883, 889, 912, 924, 971]
236.3 :    3 : [902, 913, 951]
236.4 :    5 : [903, 929, 931, 948, 953]
236.5 :    5 : [894, 906, 910, 922, 976]
236.6 :    3 : [901, 945, 974]
236.7 :    2 : [928, 952]
236.8 :    3 : [899, 936, 973]
236.9 :    3 : [917, 943, 977]
237.0 :    4 : [890, 930, 932, 937]
237.1 :    3 : [921, 939, 942]
237.2 :    4 : [926, 933, 935, 956]
237.3 :    1 : [954]
237.4 :    2 : [897, 958]
238.3 :    1 : [920]
238.4 :    2 : [947, 949]
238.5 :    1 : [888]
238.6 :    2 : [886, 891]
238.9 :    4 : [892, 893, 904, 918]
239.0 :    1 : [961]
239.1 :    4 : [909, 911, 966, 967]
239.2 :    5 : [882, 898, 927, 946, 969]
239.3 :    4 : [905, 941, 957, 963]
239.4 :    6 : [894, 900, 912, 944, 953, 971]
239.5 :    3 : [896, 950, 972]
239.6 :    3 : [887, 889, 923]
239.7 :    4 : [915, 929, 943, 955]
239.8 :    3 : [884, 910, 970]
239.9 :    2 : [913, 948]
240.0 :    3 : [902, 936, 964]
240.1 :    5 : [899, 928, 933, 940, 975]
240.2 :    7 : [903, 916, 922, 931, 952, 973, 974]
240.3 :    3 : [908, 939, 945]
240.4 :    3 : [932, 942, 959]
240.5 :    2 : [926, 930]
240.7 :    5 : [885, 890, 919, 965, 977]
240.9 :    1 : [921]
241.0 :    2 : [925, 976]
241.5 :    1 : [935]
241.8 :    1 : [937]
242.0 :    1 : [951]
242.1 :    2 : [883, 917]
242.3 :    1 : [956]
242.4 :    1 : [895]
242.5 :    2 : [934, 961]
242.6 :    5 : [888, 907, 929, 943, 963]
242.7 :    3 : [894, 957, 971]
242.8 :    1 : [905]
243.0 :    2 : [910, 911]
243.1 :    1 : [923]
243.2 :    1 : [933]
243.3 :    1 : [904]
243.4 :    1 : [969]
243.5 :    1 : [886]
243.6 :    9 : [897, 898, 941, 944, 950, 953, 955, 958, 967]
243.7 :    1 : [882]
243.8 :    5 : [887, 912, 913, 927, 948]
243.9 :    1 : [936]
244.0 :    1 : [928]
244.1 :    5 : [884, 889, 892, 893, 970]
244.2 :    2 : [902, 915]
244.3 :    1 : [952]
244.9 :    1 : [924]
245.0 :    4 : [899, 966, 974, 975]
245.2 :    2 : [947, 949]
245.3 :    3 : [891, 931, 946]
245.4 :    2 : [940, 942]
245.6 :    2 : [903, 973]
245.7 :    3 : [922, 932, 945]
245.8 :    2 : [916, 939]
245.9 :    2 : [926, 972]
246.0 :    1 : [930]
246.1 :    3 : [920, 929, 943]
246.2 :    2 : [894, 938]
246.3 :    3 : [910, 954, 977]
246.4 :    4 : [906, 957, 961, 964]
246.5 :    3 : [911, 963, 971]
246.6 :    4 : [896, 909, 933, 950]
246.7 :    3 : [885, 890, 921]
246.8 :    2 : [962, 965]
246.9 :    3 : [901, 914, 937]
247.1 :    2 : [959, 970]
247.2 :    6 : [900, 904, 913, 934, 956, 969]
247.3 :    2 : [887, 893]
247.4 :    2 : [951, 955]
247.5 :    1 : [948]
247.7 :    1 : [882]
247.8 :    1 : [941]
248.3 :    2 : [936, 976]
248.4 :    3 : [884, 889, 935]
248.5 :    1 : [925]
248.6 :    1 : [912]
248.9 :    1 : [899]
249.0 :    1 : [903]
249.2 :    1 : [942]
249.5 :    2 : [902, 923]
249.6 :    3 : [916, 943, 944]
249.7 :    3 : [894, 898, 907]
249.8 :    1 : [939]
249.9 :    3 : [919, 950, 967]
250.0 :    1 : [932]
250.1 :    6 : [920, 929, 930, 954, 973, 974]
250.2 :    3 : [910, 931, 961]
250.3 :    5 : [888, 911, 947, 952, 977]
250.4 :    5 : [891, 893, 917, 946, 957]
250.5 :    3 : [915, 940, 963]
250.6 :    4 : [905, 926, 928, 971]
250.7 :    6 : [897, 913, 934, 938, 953, 958]
250.8 :    5 : [904, 918, 933, 945, 969]
250.9 :    6 : [886, 887, 892, 924, 937, 955]
251.0 :    5 : [883, 906, 922, 927, 970]
251.1 :    1 : [941]
251.2 :    3 : [908, 948, 966]
251.3 :    2 : [895, 964]
251.4 :    1 : [975]
251.5 :    1 : [960]
252.0 :    1 : [882]
252.5 :    1 : [889]
252.6 :    2 : [884, 936]
252.7 :    2 : [912, 921]
252.9 :    1 : [890]
253.0 :    2 : [896, 972]
253.2 :    1 : [943]
253.3 :    1 : [899]
253.4 :    4 : [885, 902, 910, 929]
253.6 :    3 : [894, 949, 956]
253.7 :    1 : [942]
253.8 :    1 : [961]
253.9 :    9 : [903, 909, 911, 923, 931, 939, 950, 957, 963]
254.0 :    9 : [916, 933, 935, 944, 959, 965, 970, 971, 973]
254.1 :    2 : [898, 930]
254.2 :    8 : [888, 900, 932, 945, 951, 955, 969, 976]
254.3 :    3 : [905, 913, 926]
254.4 :    3 : [887, 927, 948]
254.5 :    4 : [940, 941, 966, 967]
254.6 :    4 : [922, 952, 964, 977]
254.8 :    1 : [904]
255.1 :    2 : [974, 975]
255.5 :    4 : [886, 915, 928, 953]
255.7 :    1 : [920]
255.8 :    2 : [891, 893]
256.1 :    3 : [892, 917, 947]
256.2 :    4 : [897, 937, 946, 958]
256.3 :    2 : [889, 936]
256.4 :    1 : [912]
256.5 :    1 : [884]
256.6 :    4 : [894, 910, 929, 943]
256.9 :    2 : [882, 911]
257.0 :    1 : [971]
257.4 :    2 : [895, 933]
257.5 :    4 : [899, 902, 957, 961]
257.6 :    1 : [907]
257.7 :    2 : [890, 963]
257.8 :    4 : [888, 934, 944, 950]
257.9 :    3 : [905, 923, 954]
258.0 :    1 : [969]
258.1 :    5 : [898, 913, 914, 955, 973]
258.3 :    4 : [921, 926, 932, 938]
258.4 :    1 : [970]
258.6 :    2 : [918, 942]
258.7 :    1 : [893]
258.8 :    1 : [919]
258.9 :    1 : [962]
259.0 :    1 : [887]
259.2 :    2 : [896, 939]
259.3 :    8 : [886, 904, 906, 924, 931, 948, 953, 967]
259.4 :    3 : [883, 940, 941]
259.5 :    3 : [930, 974, 977]
259.6 :    3 : [915, 916, 920]
259.7 :    3 : [911, 943, 952]
259.8 :    3 : [894, 912, 928]
259.9 :    5 : [910, 922, 929, 936, 971]
260.0 :    2 : [884, 889]
260.1 :    3 : [901, 903, 937]
260.2 :    2 : [900, 972]
260.3 :    4 : [927, 945, 949, 975]
260.4 :    5 : [892, 908, 935, 947, 951]
260.5 :    3 : [909, 957, 965]
260.6 :    9 : [891, 897, 917, 933, 956, 958, 963, 964, 966]
260.7 :    3 : [882, 888, 961]
261.0 :    1 : [969]
261.1 :    2 : [890, 905]
261.4 :    1 : [944]
261.5 :    1 : [913]
261.6 :    2 : [955, 970]
261.7 :    2 : [923, 950]
261.8 :    1 : [973]
262.4 :    1 : [926]
262.5 :    2 : [899, 960]
262.6 :    1 : [932]
262.9 :    2 : [898, 946]
263.1 :    2 : [911, 967]
263.2 :    2 : [894, 953]
263.3 :    2 : [902, 941]
263.4 :    2 : [887, 893]
263.5 :    2 : [912, 928]
263.6 :    1 : [971]
263.7 :    3 : [889, 936, 952]
263.8 :    2 : [910, 929]
263.9 :    2 : [943, 974]
264.0 :    4 : [884, 886, 895, 948]
264.2 :    2 : [904, 921]
264.3 :    4 : [915, 933, 957, 961]
264.4 :    1 : [888]
264.5 :    1 : [937]
264.6 :    2 : [905, 963]
264.8 :    1 : [892]
265.1 :    1 : [940]
265.2 :    2 : [944, 969]
265.4 :    1 : [975]
265.5 :    5 : [897, 913, 917, 923, 958]
265.6 :    1 : [955]
265.8 :    1 : [950]
265.9 :    2 : [942, 949]
266.1 :    1 : [911]
266.2 :    1 : [947]
266.3 :    1 : [967]
266.5 :    4 : [890, 894, 970, 977]
266.7 :    1 : [922]
266.9 :    4 : [882, 883, 900, 941]
267.0 :    2 : [903, 939]
267.1 :    1 : [926]
267.2 :    1 : [920]
267.3 :    7 : [918, 927, 945, 953, 959, 973, 976]
267.4 :    2 : [887, 932]
267.5 :    5 : [896, 943, 952, 966, 971]
267.7 :    4 : [888, 928, 930, 931]
267.8 :    2 : [907, 965]
267.9 :    3 : [934, 957, 963]
268.0 :    3 : [909, 964, 972]
268.1 :    1 : [935]
268.2 :    1 : [961]
268.3 :    3 : [886, 898, 905]
268.4 :    1 : [893]
268.6 :    1 : [948]
268.8 :    1 : [969]
268.9 :    1 : [891]
269.0 :    2 : [889, 938]
269.1 :    1 : [915]
269.3 :    2 : [892, 912]
269.4 :    5 : [911, 929, 933, 936, 944]
269.5 :    2 : [899, 967]
269.6 :    2 : [894, 910]
269.9 :    5 : [884, 895, 904, 913, 974]
270.0 :    5 : [902, 923, 937, 955, 960]
270.1 :    3 : [940, 946, 975]
270.2 :    2 : [941, 950]
270.4 :    2 : [921, 943]
270.5 :    1 : [953]
270.6 :    2 : [888, 971]
270.8 :    1 : [926]
270.9 :    1 : [970]
271.5 :    4 : [890, 897, 917, 958]
271.6 :    5 : [887, 951, 957, 963, 973]
271.7 :    3 : [882, 908, 922]
271.9 :    4 : [924, 932, 952, 961]
272.0 :    2 : [903, 954]
272.1 :    1 : [928]
272.2 :    2 : [945, 977]
272.3 :    1 : [939]
272.5 :    1 : [894]
272.7 :    2 : [947, 949]
272.9 :    2 : [911, 948]
273.0 :    1 : [967]
273.1 :    2 : [886, 942]
273.2 :    2 : [889, 900]
273.6 :    1 : [941]
274.1 :    1 : [929]
274.3 :    3 : [883, 912, 936]
274.5 :    1 : [910]
274.6 :    1 : [971]
274.9 :    1 : [933]
275.0 :    2 : [884, 974]
275.1 :    2 : [899, 943]
275.4 :    1 : [931]
276.2 :    3 : [898, 905, 944]
276.4 :    5 : [893, 902, 926, 953, 969]
276.5 :    7 : [888, 896, 904, 913, 927, 937, 961]
276.6 :    2 : [955, 957]
276.7 :    1 : [930]
276.8 :    2 : [915, 963]
276.9 :    2 : [892, 966]
277.1 :    2 : [923, 950]
277.4 :    1 : [972]
277.5 :    2 : [935, 973]
277.6 :    3 : [882, 922, 940]
277.7 :    1 : [894]
277.9 :    1 : [921]
278.0 :    1 : [911]
278.1 :    5 : [887, 901, 929, 948, 956]
278.2 :    5 : [890, 910, 939, 970, 971]
278.3 :    6 : [891, 907, 928, 932, 933, 975]
278.4 :    5 : [903, 909, 943, 945, 964]
278.6 :    1 : [936]
278.7 :    3 : [920, 941, 967]
278.9 :    1 : [965]
279.0 :    1 : [977]
279.1 :    1 : [951]
280.4 :    1 : [899]
280.6 :    4 : [897, 917, 934, 958]
281.1 :    2 : [912, 926]
281.2 :    2 : [929, 931]
281.3 :    5 : [884, 902, 910, 963, 974]
281.4 :    2 : [952, 957]
281.5 :    1 : [889]
281.6 :    1 : [971]
281.7 :    1 : [911]
281.9 :    2 : [894, 942]
282.0 :    2 : [886, 967]
282.1 :    1 : [954]
282.2 :    4 : [904, 936, 937, 943]
282.3 :    2 : [883, 961]
282.4 :    5 : [913, 916, 938, 944, 950]
282.5 :    5 : [887, 893, 928, 947, 953]
282.6 :    3 : [941, 955, 969]
282.7 :    8 : [888, 895, 898, 905, 932, 933, 948, 973]
282.8 :    1 : [918]
282.9 :    4 : [882, 892, 900, 915]
283.0 :    2 : [923, 940]
283.1 :    1 : [920]
283.2 :    4 : [906, 914, 946, 970]
283.5 :    1 : [907]
283.7 :    1 : [896]
284.0 :    2 : [930, 977]
284.1 :    4 : [921, 922, 939, 962]
284.3 :    1 : [890]
284.7 :    1 : [891]
284.8 :    4 : [899, 910, 927, 929]
284.9 :    6 : [884, 903, 911, 912, 971, 975]
285.0 :    7 : [894, 902, 949, 957, 959, 974, 976]
285.1 :    3 : [889, 945, 967]
285.2 :    5 : [924, 936, 942, 943, 960]
285.3 :    8 : [919, 926, 931, 934, 935, 963, 966, 972]
285.4 :    4 : [941, 950, 952, 964]
285.5 :    6 : [888, 944, 953, 955, 961, 969]
285.6 :    6 : [886, 887, 904, 928, 956, 965]
285.7 :    2 : [909, 913]
285.8 :    7 : [897, 908, 917, 933, 948, 958, 970]
285.9 :    2 : [893, 932]
286.0 :    2 : [898, 905]
286.1 :    4 : [915, 916, 947, 973]
286.2 :    1 : [937]
286.3 :    3 : [923, 925, 951]
286.7 :    2 : [892, 940]
286.8 :    1 : [885]
288.1 :    1 : [895]
288.5 :    1 : [882]
288.7 :    3 : [894, 943, 961]
288.9 :    3 : [888, 905, 957]
289.0 :    3 : [933, 963, 971]
289.1 :    2 : [922, 929]
289.2 :    1 : [910]
289.3 :    1 : [902]
289.4 :    2 : [911, 927]
289.8 :    1 : [969]
290.0 :    1 : [939]
290.2 :    1 : [926]
290.4 :    1 : [955]
291.0 :    3 : [923, 936, 948]
291.1 :    8 : [904, 913, 921, 930, 931, 944, 950, 973]
291.2 :    3 : [890, 896, 937]
291.3 :    1 : [898]
291.4 :    1 : [899]
291.5 :    2 : [884, 967]
291.6 :    1 : [912]
291.7 :    1 : [974]
292.5 :    1 : [945]
292.6 :    2 : [903, 929]
292.7 :    1 : [941]
292.9 :    5 : [887, 910, 942, 970, 977]
293.0 :    3 : [916, 933, 943]
293.1 :    5 : [932, 935, 961, 966, 972]
293.2 :    1 : [889]
293.3 :    5 : [886, 907, 953, 957, 975]
293.4 :    2 : [894, 963]
293.6 :    6 : [902, 905, 915, 928, 940, 971]
293.7 :    7 : [883, 888, 911, 922, 927, 955, 969]
293.8 :    6 : [882, 891, 934, 959, 964, 976]
293.9 :    3 : [893, 946, 952]
294.0 :    2 : [901, 939]
294.1 :    3 : [900, 923, 936]
294.2 :    7 : [892, 897, 917, 944, 950, 958, 967]
294.3 :    1 : [948]
294.4 :    5 : [884, 904, 912, 913, 926]
294.5 :    1 : [931]
294.6 :    4 : [899, 920, 954, 956]
294.7 :    1 : [973]
294.8 :    2 : [898, 937]
294.9 :    2 : [890, 909]
295.1 :    2 : [949, 951]
295.2 :    2 : [930, 974]
295.3 :    2 : [921, 947]
295.5 :    1 : [965]
295.7 :    1 : [903]
296.2 :    1 : [929]
296.4 :    1 : [941]
296.5 :    2 : [894, 918]
296.6 :    1 : [910]
296.7 :    3 : [887, 911, 943]
296.8 :    3 : [889, 967, 971]
297.0 :    4 : [928, 933, 936, 957]
297.1 :    3 : [924, 945, 970]
297.3 :    2 : [896, 977]
297.4 :    1 : [912]
297.5 :    4 : [932, 952, 953, 963]
297.6 :    2 : [888, 961]
297.7 :    3 : [895, 902, 944]
297.8 :    4 : [886, 908, 948, 960]
297.9 :    1 : [955]
298.0 :    5 : [884, 905, 915, 926, 938]
298.1 :    6 : [893, 897, 917, 942, 958, 969]
298.2 :    6 : [892, 913, 922, 940, 950, 975]
298.3 :    2 : [882, 904]
298.4 :    2 : [923, 939]
298.5 :    1 : [973]
298.7 :    1 : [890]
298.9 :    3 : [903, 935, 972]
299.1 :    2 : [899, 966]
299.2 :    3 : [891, 927, 964]
299.3 :    2 : [898, 925]
299.4 :    2 : [894, 931]
299.5 :    5 : [883, 909, 920, 930, 946]
299.6 :    5 : [885, 900, 929, 937, 941]
299.7 :    6 : [906, 911, 943, 959, 974, 976]
299.8 :    7 : [889, 910, 916, 921, 949, 965, 967]
299.9 :    4 : [887, 936, 947, 971]
300.0 :    2 : [957, 970]
300.1 :    2 : [912, 933]
300.2 :    1 : [928]
300.5 :    1 : [956]
300.9 :    1 : [945]
301.1 :    1 : [952]
301.4 :    1 : [963]
301.5 :    3 : [888, 953, 961]
301.6 :    1 : [919]
301.7 :    1 : [944]
301.9 :    1 : [932]
302.0 :    3 : [902, 948, 955]
302.1 :    2 : [886, 905]
302.2 :    3 : [884, 907, 969]
302.3 :    2 : [934, 977]
302.4 :    3 : [923, 950, 951]
302.5 :    2 : [913, 926]
302.6 :    3 : [894, 904, 915]
302.7 :    2 : [893, 911]
302.8 :    5 : [892, 922, 929, 943, 971]
302.9 :    2 : [910, 967]
303.0 :    5 : [898, 936, 940, 941, 973]
303.1 :    4 : [897, 912, 917, 958]
303.2 :    3 : [882, 942, 975]
303.3 :    5 : [889, 928, 933, 957, 974]
303.4 :    1 : [937]
303.5 :    1 : [899]
303.7 :    1 : [887]
303.8 :    1 : [890]
304.8 :    1 : [954]
304.9 :    1 : [939]
305.0 :    3 : [895, 896, 962]
305.1 :    3 : [914, 918, 927]
305.2 :    1 : [931]
305.3 :    5 : [947, 950, 953, 961, 970]
305.4 :    5 : [888, 893, 894, 938, 943]
305.5 :   10 : [886, 891, 905, 920, 924, 930, 944, 946, 960, 969]
305.6 :    6 : [900, 911, 913, 921, 952, 963]
305.7 :    4 : [923, 932, 934, 955]
305.8 :    5 : [884, 902, 915, 967, 971]
305.9 :    5 : [892, 904, 912, 926, 966]
306.0 :    7 : [910, 916, 929, 935, 936, 941, 972]
306.1 :    6 : [898, 906, 907, 948, 949, 977]
306.2 :    2 : [883, 957]
306.3 :    3 : [928, 933, 974]
306.4 :    1 : [889]
306.8 :    2 : [940, 973]
306.9 :    1 : [937]
308.5 :    1 : [882]
308.9 :    2 : [922, 975]
309.1 :    3 : [887, 888, 961]
309.2 :    1 : [953]
309.3 :    5 : [897, 905, 917, 943, 958]
309.4 :    2 : [886, 894]
309.5 :    1 : [911]
309.6 :    2 : [893, 969]
309.7 :    2 : [942, 944]
309.8 :    4 : [899, 915, 941, 967]
309.9 :    5 : [892, 928, 950, 957, 971]
310.0 :    5 : [890, 912, 913, 923, 952]
310.1 :    3 : [933, 945, 955]
310.2 :    2 : [898, 936]
310.3 :    3 : [910, 929, 963]
310.4 :    4 : [884, 889, 904, 926]
310.5 :    3 : [902, 948, 974]
311.0 :    4 : [895, 927, 937, 970]
311.2 :    2 : [931, 932]
311.8 :    1 : [964]
312.0 :    1 : [966]
312.2 :    1 : [973]
312.4 :    2 : [940, 961]
312.7 :    1 : [888]
714.8 :    1 : [901]
715.4 :    1 : [955]
715.8 :    1 : [953]
716.0 :    1 : [920]
716.9 :    9 : [889, 891, 903, 906, 908, 913, 945, 959, 976]
717.0 :    3 : [887, 910, 924]
717.2 :    2 : [884, 899]
717.4 :    1 : [925]
717.6 :    1 : [970]
718.0 :    1 : [914]
718.1 :    6 : [894, 919, 922, 936, 941, 964]
718.2 :    1 : [939]
718.4 :    3 : [892, 895, 911]
718.5 :    3 : [940, 955, 967]
718.6 :    8 : [901, 912, 916, 917, 929, 943, 944, 957]
718.7 :    1 : [950]
718.8 :    7 : [905, 923, 931, 938, 953, 961, 975]
718.9 :    8 : [882, 888, 893, 918, 920, 937, 946, 966]
719.0 :    8 : [886, 928, 932, 933, 942, 954, 962, 974]
719.1 :    4 : [898, 927, 947, 948]
719.2 :    3 : [960, 963, 969]
719.3 :    2 : [934, 971]
719.4 :    3 : [907, 935, 952]
719.5 :    4 : [902, 904, 915, 926]
720.5 :    1 : [913]
720.6 :    2 : [889, 897]
720.7 :    2 : [910, 977]
720.8 :    4 : [883, 887, 930, 973]
720.9 :    2 : [958, 972]
721.0 :    4 : [884, 890, 899, 911]
721.1 :    3 : [894, 949, 967]
721.2 :    5 : [909, 936, 941, 943, 951]
721.3 :    8 : [891, 900, 903, 929, 945, 955, 957, 970]
721.4 :    7 : [892, 908, 912, 944, 953, 961, 965]
721.5 :    8 : [888, 895, 905, 921, 922, 940, 959, 976]
721.6 :    6 : [896, 901, 920, 923, 939, 950]
721.7 :    8 : [882, 893, 906, 917, 928, 932, 956, 964]
721.8 :    5 : [914, 933, 937, 963, 975]
721.9 :    2 : [924, 954]
722.0 :    4 : [886, 938, 948, 969]
722.1 :    5 : [918, 931, 947, 968, 971]
722.2 :    1 : [919]
722.3 :    2 : [942, 966]
722.5 :    2 : [898, 974]
722.6 :    2 : [926, 934]
722.8 :    2 : [907, 952]
723.0 :    1 : [915]
723.1 :    2 : [902, 904]
723.3 :    4 : [916, 927, 935, 946]
723.4 :    2 : [889, 913]
723.5 :    2 : [910, 911]
723.6 :    1 : [960]
723.7 :    3 : [887, 894, 962]
723.9 :    2 : [943, 967]
724.0 :    1 : [973]
724.1 :    4 : [897, 941, 957, 977]
724.2 :    4 : [890, 899, 929, 936]
724.3 :    4 : [884, 955, 961, 970]
724.4 :    1 : [903]
724.5 :    4 : [930, 953, 958, 963]
724.6 :    4 : [888, 920, 932, 950]
724.7 :    2 : [893, 944]
724.8 :    3 : [905, 921, 954]
724.9 :    7 : [892, 909, 912, 939, 940, 945, 951]
725.0 :    5 : [882, 883, 891, 895, 964]
725.1 :    3 : [901, 938, 969]
725.2 :    3 : [914, 923, 928]
725.3 :    3 : [908, 922, 965]
725.4 :    6 : [900, 906, 925, 933, 947, 972]
725.5 :    3 : [886, 937, 975]
725.6 :    4 : [896, 959, 971, 976]
725.7 :    2 : [918, 948]
725.8 :    2 : [917, 919]
725.9 :    1 : [924]
726.0 :    4 : [898, 911, 926, 942]
726.1 :    2 : [949, 966]
726.2 :    8 : [889, 894, 913, 915, 931, 934, 952, 974]
726.3 :    2 : [907, 910]
726.5 :    6 : [887, 902, 904, 943, 956, 967]
726.8 :    2 : [941, 957]
726.9 :    2 : [929, 968]
727.0 :    2 : [973, 977]
727.1 :    2 : [935, 970]
727.2 :    3 : [899, 903, 936]
727.3 :    5 : [920, 950, 955, 961, 963]
727.4 :    1 : [893]
727.5 :    1 : [932]
727.6 :    2 : [890, 954]
728.0 :    1 : [916]
728.3 :    1 : [953]
728.5 :    1 : [927]
728.6 :    2 : [888, 905]
728.7 :    5 : [884, 885, 944, 946, 969]
728.8 :    1 : [930]
729.0 :    5 : [895, 923, 939, 940, 964]
729.1 :    3 : [894, 909, 945]
729.2 :    2 : [892, 943]
729.3 :    2 : [921, 933]
729.4 :    4 : [882, 886, 913, 966]
729.5 :    4 : [897, 942, 948, 975]
729.6 :    2 : [938, 951]
729.7 :    8 : [891, 911, 922, 952, 959, 965, 971, 976]
729.8 :    6 : [887, 898, 912, 926, 957, 970]
729.9 :    6 : [889, 903, 928, 929, 931, 972]
730.0 :    3 : [910, 941, 973]
730.1 :    3 : [902, 947, 963]
730.3 :    3 : [899, 908, 958]
730.4 :    3 : [896, 904, 937]
730.5 :    2 : [936, 977]
730.6 :    1 : [961]
730.9 :    4 : [915, 955, 967, 974]
731.3 :    4 : [900, 917, 932, 950]
731.4 :    1 : [883]
731.5 :    1 : [949]
732.1 :    1 : [960]
732.3 :    5 : [890, 894, 901, 920, 924]
732.4 :    2 : [925, 953]
732.5 :    2 : [906, 935]
732.6 :    2 : [914, 956]
732.8 :    2 : [903, 918]
732.9 :    3 : [893, 911, 943]
733.0 :    1 : [941]
733.1 :    3 : [919, 940, 970]
733.2 :    2 : [888, 964]
733.3 :    1 : [889]
733.4 :    4 : [887, 913, 939, 944]
733.5 :    1 : [899]
733.6 :    2 : [929, 957]
733.9 :    3 : [891, 945, 954]
734.0 :    1 : [908]
734.5 :    4 : [892, 928, 952, 971]
734.8 :    1 : [884]
734.9 :    2 : [947, 967]
735.0 :    1 : [948]
735.1 :    6 : [882, 897, 910, 926, 936, 963]
735.2 :    2 : [912, 955]
735.3 :    1 : [951]
735.4 :    1 : [894]
735.5 :    3 : [946, 958, 962]
735.6 :    5 : [921, 922, 933, 969, 975]
735.7 :    4 : [895, 907, 953, 973]
735.8 :    8 : [886, 905, 909, 911, 937, 959, 961, 976]
735.9 :    4 : [917, 923, 943, 974]
736.0 :    3 : [931, 932, 938]
736.1 :    4 : [901, 941, 950, 966]
736.2 :    3 : [898, 904, 920]
736.3 :    2 : [888, 915]
736.4 :    6 : [902, 913, 940, 942, 965, 977]
736.5 :    4 : [899, 903, 957, 970]
736.6 :    6 : [883, 887, 889, 890, 893, 944]
736.7 :    2 : [929, 930]
736.8 :    2 : [914, 964]
737.0 :    2 : [935, 939]
737.1 :    2 : [918, 972]
737.4 :    2 : [908, 945]
737.5 :    2 : [896, 927]
737.7 :    2 : [891, 949]
737.8 :    3 : [906, 919, 924]
738.0 :    3 : [916, 925, 934]
738.1 :    5 : [884, 894, 900, 952, 960]
738.2 :    1 : [955]
738.3 :    4 : [910, 936, 967, 971]
738.4 :    3 : [912, 928, 953]
738.5 :    1 : [892]
738.6 :    3 : [911, 948, 954]
738.7 :    2 : [946, 956]
738.8 :    1 : [963]
738.9 :    1 : [947]
739.0 :    2 : [886, 917]
739.2 :    1 : [941]
739.4 :    2 : [959, 976]
739.5 :    3 : [897, 926, 974]
739.6 :    2 : [922, 975]
739.7 :    2 : [903, 943]
739.8 :    4 : [887, 889, 969, 970]
739.9 :    3 : [901, 920, 938]
740.0 :    1 : [913]
740.1 :    3 : [899, 932, 951]
740.2 :    1 : [957]
740.4 :    3 : [888, 929, 964]
740.5 :    1 : [909]
740.6 :    3 : [882, 940, 977]
740.7 :    2 : [908, 965]
740.8 :    1 : [945]
740.9 :    1 : [939]
741.0 :    1 : [914]
741.2 :    1 : [894]
741.4 :    1 : [895]
742.4 :    2 : [891, 955]
742.5 :    1 : [966]
742.6 :    1 : [942]
742.7 :    2 : [885, 950]
742.8 :    1 : [973]
742.9 :    1 : [933]
743.3 :    1 : [903]
743.4 :    3 : [925, 931, 970]
743.6 :    1 : [930]
743.7 :    4 : [890, 899, 924, 935]
743.8 :    1 : [963]
743.9 :    4 : [894, 921, 943, 952]
744.1 :    6 : [884, 941, 959, 961, 964, 976]
744.2 :   10 : [887, 889, 906, 910, 911, 936, 944, 945, 948, 958]
744.3 :    3 : [920, 923, 967]
744.4 :    4 : [916, 929, 953, 957]
744.5 :    7 : [905, 912, 913, 949, 971, 972, 977]
744.6 :    8 : [883, 893, 917, 932, 939, 946, 965, 969]
744.7 :    6 : [888, 898, 928, 937, 947, 962]
744.8 :    2 : [922, 975]
744.9 :    2 : [915, 926]
745.1 :    1 : [938]
745.2 :    1 : [897]
745.3 :    2 : [886, 974]
745.4 :    1 : [892]
745.6 :    1 : [954]
745.7 :    1 : [960]
745.9 :    1 : [901]
747.2 :    1 : [919]
747.3 :    3 : [908, 940, 955]
747.4 :    5 : [891, 900, 914, 918, 951]
747.5 :    1 : [911]
747.6 :    5 : [889, 894, 904, 941, 967]
747.7 :    4 : [899, 910, 936, 953]
747.8 :    2 : [920, 929]
747.9 :    5 : [882, 912, 928, 934, 971]
748.0 :    2 : [884, 887]
748.2 :    6 : [903, 907, 913, 917, 943, 944]
748.3 :    1 : [957]
748.4 :    1 : [937]
748.6 :    1 : [956]
748.7 :    2 : [906, 933]
748.8 :   10 : [893, 902, 922, 924, 948, 950, 952, 961, 968, 974]
748.9 :    7 : [888, 892, 895, 905, 926, 945, 970]
749.0 :    6 : [886, 923, 927, 939, 959, 976]
749.1 :    4 : [909, 932, 963, 975]
749.2 :    3 : [897, 898, 901]
749.3 :    1 : [931]
749.4 :    2 : [938, 962]
749.6 :    1 : [915]
749.8 :    1 : [969]
750.3 :    1 : [925]
750.4 :    1 : [947]
750.5 :    5 : [883, 946, 954, 958, 964]
750.6 :    4 : [953, 955, 960, 966]
750.7 :    2 : [890, 911]
750.8 :    5 : [889, 894, 941, 967, 977]
751.0 :    2 : [920, 935]
751.1 :    1 : [914]
751.2 :    2 : [908, 928]
751.3 :    2 : [891, 899]
751.4 :    3 : [887, 936, 949]
751.5 :    1 : [940]
751.6 :    1 : [913]
751.7 :    1 : [918]
751.8 :    2 : [912, 944]
751.9 :    1 : [910]
752.0 :    3 : [917, 929, 942]
752.1 :    1 : [971]
752.2 :    3 : [884, 943, 973]
752.3 :    2 : [882, 957]
752.6 :    1 : [937]
753.9 :    2 : [901, 903]
754.1 :    1 : [919]
754.2 :    1 : [961]
754.5 :    5 : [892, 895, 922, 933, 955]
754.6 :    3 : [920, 921, 939]
754.7 :    2 : [894, 951]
754.8 :    2 : [926, 948]
754.9 :    7 : [899, 906, 932, 945, 963, 970, 972]
755.0 :    2 : [911, 941]
755.2 :    2 : [908, 965]
755.3 :    2 : [959, 976]
755.4 :    1 : [964]
755.6 :    1 : [889]
757.0 :    5 : [887, 891, 913, 929, 952]
757.1 :    3 : [909, 924, 967]
757.2 :    7 : [896, 910, 936, 940, 943, 953, 957]
757.3 :    5 : [903, 938, 954, 975, 977]
757.4 :    1 : [914]
757.5 :    3 : [905, 917, 925]
757.6 :    4 : [890, 894, 897, 971]
757.7 :    4 : [888, 900, 945, 973]
757.8 :    6 : [893, 923, 930, 934, 963, 970]
757.9 :    1 : [907]
758.0 :    2 : [886, 966]
758.1 :    3 : [882, 928, 962]
758.2 :    6 : [901, 922, 935, 950, 955, 969]
758.3 :    4 : [926, 941, 948, 961]
758.4 :    3 : [920, 931, 944]
758.5 :    3 : [883, 895, 939]
758.6 :    9 : [892, 898, 908, 932, 933, 951, 956, 959, 976]
758.7 :    3 : [902, 918, 974]
758.8 :    6 : [884, 899, 904, 911, 927, 937]
758.9 :    2 : [947, 964]
759.0 :    2 : [906, 919]
759.1 :    2 : [889, 972]
759.3 :    2 : [912, 921]
759.8 :    1 : [916]
759.9 :    1 : [942]
760.4 :    1 : [929]
760.5 :    3 : [894, 903, 943]
760.6 :    4 : [887, 910, 958, 965]
760.7 :    5 : [913, 915, 936, 957, 970]
760.8 :    2 : [949, 967]
760.9 :    4 : [891, 946, 952, 960]
761.0 :    2 : [941, 945]
761.1 :    5 : [940, 953, 963, 971, 977]
761.2 :    1 : [888]
761.3 :    3 : [928, 955, 975]
761.4 :    4 : [909, 948, 969, 973]
761.5 :    3 : [890, 917, 926]
761.6 :    7 : [886, 905, 911, 930, 944, 950, 961]
761.7 :    6 : [897, 923, 924, 932, 933, 966]
761.8 :    4 : [893, 920, 922, 939]
761.9 :    3 : [882, 884, 925]
762.0 :    2 : [898, 899]
762.1 :    2 : [892, 974]
762.2 :   10 : [889, 901, 902, 927, 931, 935, 937, 954, 959, 976]
762.3 :    7 : [895, 900, 904, 908, 912, 934, 938]
762.4 :    1 : [951]
762.5 :    2 : [914, 964]
762.6 :    2 : [896, 907]
762.7 :    3 : [883, 906, 968]
762.9 :    3 : [919, 962, 972]
763.2 :    1 : [918]
764.2 :    1 : [894]
764.3 :    1 : [947]
764.4 :    5 : [887, 903, 910, 929, 967]
764.5 :    1 : [936]
764.6 :    6 : [913, 921, 941, 943, 953, 956]
764.7 :    3 : [911, 957, 970]
764.9 :    1 : [952]
765.0 :    2 : [928, 971]
765.1 :    2 : [888, 955]
765.2 :    3 : [891, 945, 963]
765.3 :    1 : [889]
765.4 :    3 : [886, 926, 948]
765.5 :    8 : [892, 917, 920, 932, 940, 944, 969, 975]
765.6 :    3 : [890, 893, 915]
765.7 :    4 : [899, 905, 961, 965]
765.8 :    2 : [895, 901]
765.9 :    2 : [908, 909]
766.0 :    4 : [923, 950, 964, 977]
766.1 :    4 : [882, 959, 966, 976]
766.2 :    1 : [960]
766.3 :    1 : [958]
766.5 :    1 : [924]
766.6 :    1 : [914]
766.7 :    2 : [922, 933]
767.7 :    2 : [939, 973]
767.8 :    1 : [894]
767.9 :    1 : [951]
768.0 :    1 : [935]
768.1 :    1 : [897]
768.2 :    2 : [903, 938]
768.3 :    1 : [949]
768.4 :    2 : [937, 942]
768.5 :    1 : [929]
768.6 :    2 : [943, 963]
768.7 :    9 : [883, 898, 900, 910, 941, 954, 957, 970, 971]
768.8 :   10 : [887, 911, 912, 913, 918, 919, 927, 930, 931, 955]
768.9 :    4 : [920, 926, 936, 948]
769.0 :   12 : [884, 896, 899, 901, 904, 906, 907, 932, 945, 953, 961, 967]
769.1 :   11 : [882, 888, 889, 902, 905, 925, 928, 940, 952, 972, 974]
769.2 :    5 : [890, 891, 895, 921, 944]
769.3 :    5 : [892, 908, 923, 969, 975]
769.4 :    3 : [917, 950, 964]
769.5 :    3 : [886, 893, 947]
769.9 :    1 : [914]
770.0 :    2 : [915, 933]
770.1 :    4 : [909, 959, 966, 976]
770.2 :    1 : [946]
771.1 :    1 : [922]
771.2 :    1 : [977]
771.3 :    2 : [894, 958]
771.4 :    1 : [965]
771.5 :    1 : [903]
771.6 :    1 : [970]
771.7 :    2 : [916, 924]
771.8 :    1 : [939]
771.9 :    2 : [943, 945]
772.0 :    5 : [884, 887, 934, 956, 963]
772.1 :    5 : [899, 929, 941, 942, 955]
772.2 :    4 : [889, 910, 957, 962]
772.3 :    3 : [913, 925, 973]
772.4 :    3 : [936, 948, 960]
772.5 :    2 : [885, 953]
772.6 :    3 : [891, 901, 920]
772.8 :    7 : [906, 908, 911, 932, 951, 964, 967]
772.9 :    1 : [938]
773.1 :    1 : [954]
773.2 :    2 : [917, 940]
773.3 :    4 : [919, 959, 975, 976]
773.5 :    1 : [912]
773.6 :    6 : [888, 905, 926, 927, 935, 961]
773.7 :    5 : [892, 895, 923, 944, 952]
773.8 :    4 : [914, 930, 931, 969]
773.9 :    2 : [882, 886]
774.0 :    2 : [950, 972]
774.1 :    1 : [898]
774.2 :    1 : [893]
774.4 :    1 : [966]
774.9 :    1 : [894]
775.0 :    3 : [928, 937, 971]
775.1 :    2 : [918, 933]
775.3 :    2 : [890, 900]
775.4 :    4 : [897, 909, 947, 970]
775.5 :    3 : [915, 943, 949]
775.6 :    1 : [941]
775.7 :    3 : [887, 903, 911]
775.8 :    2 : [953, 967]
775.9 :    2 : [889, 955]
776.0 :    3 : [883, 957, 963]
776.1 :    1 : [974]
776.2 :    3 : [913, 922, 945]
776.3 :    2 : [924, 936]
776.4 :    4 : [884, 910, 948, 977]
776.5 :    2 : [929, 965]
776.6 :    2 : [917, 946]
776.7 :    1 : [891]
776.9 :    2 : [907, 938]
777.0 :    2 : [920, 921]
777.1 :    2 : [932, 939]
777.2 :    3 : [901, 912, 934]
777.4 :    3 : [899, 904, 926]
777.5 :    3 : [951, 958, 973]
777.6 :    1 : [954]
777.8 :    1 : [902]
778.0 :    2 : [888, 960]
778.1 :    5 : [886, 906, 944, 952, 971]
778.3 :    1 : [894]
778.4 :    2 : [942, 975]
778.5 :    2 : [940, 967]
778.6 :    3 : [892, 911, 928]
779.0 :    1 : [941]
779.2 :    1 : [953]
779.6 :    4 : [893, 905, 937, 961]
779.7 :    4 : [887, 889, 898, 933]
779.8 :    3 : [943, 959, 976]
779.9 :    6 : [882, 896, 908, 923, 950, 955]
780.0 :    2 : [914, 969]
780.1 :    2 : [895, 964]
780.2 :    4 : [913, 957, 962, 970]
780.3 :    2 : [915, 925]
780.4 :    1 : [901]
780.6 :    4 : [919, 920, 927, 931]
780.7 :    4 : [899, 903, 918, 936]
780.8 :    7 : [884, 910, 935, 945, 966, 968, 972]
780.9 :    3 : [891, 922, 963]
781.0 :    3 : [916, 924, 947]
781.1 :    3 : [897, 929, 956]
781.2 :    2 : [888, 930]
781.3 :    2 : [917, 974]
781.4 :    1 : [948]
781.5 :    1 : [939]
781.6 :    3 : [894, 906, 934]
781.7 :    2 : [912, 944]
781.8 :    2 : [886, 946]
783.6 :    1 : [953]
783.8 :    2 : [938, 975]
783.9 :    1 : [932]
784.0 :    4 : [909, 941, 954, 955]
784.1 :    5 : [892, 901, 911, 940, 967]
784.2 :    2 : [903, 920]
784.3 :    3 : [894, 951, 977]
784.4 :    2 : [889, 908]
784.5 :    5 : [887, 959, 965, 970, 976]
784.6 :    3 : [890, 899, 964]
784.7 :    1 : [942]
784.8 :    1 : [926]
785.0 :    2 : [913, 943]
785.3 :    1 : [973]
785.5 :    5 : [883, 900, 914, 952, 957]
785.6 :    3 : [891, 945, 949]
785.7 :    1 : [928]
785.8 :    1 : [929]
785.9 :    1 : [971]
786.0 :    1 : [960]
786.1 :    1 : [936]
786.3 :    2 : [917, 947]
786.6 :    2 : [910, 924]
786.7 :    1 : [893]
786.8 :    1 : [953]
786.9 :    8 : [884, 888, 906, 912, 925, 939, 948, 963]
787.0 :    2 : [897, 907]
787.1 :    1 : [922]
787.3 :    5 : [887, 894, 903, 958, 967]
787.4 :    3 : [882, 941, 944]
787.5 :    1 : [886]
787.7 :    3 : [889, 905, 970]
787.9 :    1 : [938]
788.1 :    1 : [921]
788.7 :    1 : [977]
788.8 :    1 : [901]
788.9 :    5 : [911, 920, 955, 959, 976]
789.0 :    4 : [895, 937, 951, 965]
789.1 :    5 : [918, 919, 932, 954, 975]
789.2 :    5 : [892, 908, 913, 946, 974]
789.3 :    2 : [899, 962]
789.4 :    2 : [926, 969]
789.5 :    2 : [940, 964]
789.6 :    1 : [953]
789.7 :    2 : [914, 928]
789.8 :    3 : [891, 950, 952]
789.9 :    2 : [943, 966]
790.0 :    5 : [890, 909, 935, 936, 957]
790.1 :    4 : [894, 917, 929, 945]
790.3 :    3 : [915, 947, 971]
790.4 :    3 : [903, 933, 941]
790.5 :    1 : [967]
790.7 :    1 : [887]
791.1 :    1 : [970]
791.3 :    1 : [949]
791.5 :    2 : [910, 924]
792.2 :    2 : [883, 889]
792.3 :    3 : [888, 893, 963]
792.4 :    3 : [923, 948, 961]
792.5 :    2 : [906, 960]
792.6 :    2 : [939, 955]
792.7 :    5 : [882, 898, 901, 920, 972]
792.8 :    3 : [895, 944, 973]
792.9 :    4 : [905, 911, 922, 953]
793.0 :    5 : [894, 904, 912, 913, 943]
793.1 :    3 : [899, 908, 931]
793.2 :    2 : [892, 957]
793.3 :    1 : [886]
793.4 :    3 : [929, 930, 940]
793.5 :    2 : [896, 934]
793.6 :    2 : [933, 950]
793.7 :    3 : [902, 936, 937]
793.8 :    5 : [884, 897, 932, 941, 971]
793.9 :    4 : [900, 928, 942, 975]
794.0 :    5 : [918, 926, 927, 958, 967]
794.1 :    3 : [891, 914, 969]
794.3 :    2 : [959, 976]
794.4 :    3 : [887, 956, 964]
794.5 :    6 : [907, 917, 945, 952, 966, 974]
794.6 :    2 : [903, 915]
794.7 :    2 : [919, 935]
794.8 :    2 : [925, 970]
795.1 :    1 : [910]
795.2 :    2 : [916, 947]
795.3 :    3 : [889, 946, 977]
795.4 :    2 : [890, 921]
795.5 :    2 : [909, 938]
795.7 :    2 : [894, 951]
795.8 :    2 : [949, 965]
795.9 :    1 : [955]
796.0 :    2 : [920, 963]
796.1 :    5 : [899, 911, 939, 943, 948]
796.2 :    3 : [901, 924, 954]
796.3 :    2 : [929, 957]
796.4 :    1 : [913]
796.5 :    3 : [882, 908, 973]
796.6 :    2 : [922, 961]
796.7 :    3 : [888, 936, 940]
796.8 :    1 : [941]
797.0 :    3 : [883, 931, 971]
797.1 :    1 : [933]
797.6 :    1 : [962]
797.7 :    4 : [885, 912, 944, 967]
797.8 :    5 : [884, 902, 906, 923, 932]
798.0 :    2 : [903, 950]
798.1 :    2 : [930, 942]
798.2 :    3 : [891, 904, 953]
798.3 :    3 : [937, 945, 972]
798.4 :    4 : [887, 959, 970, 976]
798.5 :    2 : [910, 926]
798.7 :    2 : [889, 898]
798.8 :    4 : [905, 916, 925, 964]
799.2 :    2 : [892, 895]
799.3 :    5 : [914, 934, 955, 968, 975]
799.4 :    2 : [901, 917]
799.5 :    6 : [893, 894, 899, 919, 924, 974]
799.6 :    2 : [928, 960]
799.7 :    4 : [911, 913, 920, 946]
799.8 :    6 : [897, 929, 936, 939, 941, 966]
799.9 :    1 : [943]
800.0 :    7 : [908, 938, 948, 952, 956, 957, 977]
800.1 :    8 : [886, 918, 922, 935, 947, 954, 963, 969]
800.2 :    4 : [940, 951, 958, 971]
800.3 :    3 : [882, 965, 967]
800.4 :    1 : [907]
800.5 :    1 : [961]
800.6 :    2 : [909, 933]
800.7 :    4 : [903, 912, 921, 973]
800.8 :    2 : [883, 890]
800.9 :    2 : [888, 949]
801.1 :    1 : [932]
801.2 :    2 : [884, 931]
802.5 :    1 : [944]
802.6 :    1 : [887]
802.7 :    2 : [915, 953]
802.8 :    3 : [889, 900, 910]
803.0 :    2 : [894, 970]
803.1 :    2 : [891, 911]
803.2 :    1 : [942]
803.3 :    3 : [941, 945, 967]
803.4 :    5 : [899, 906, 927, 950, 955]
803.6 :    6 : [920, 928, 936, 952, 959, 976]
803.7 :    1 : [964]
803.8 :    5 : [892, 901, 903, 943, 946]
803.9 :    2 : [913, 947]
804.1 :    2 : [914, 940]
804.2 :    3 : [908, 917, 929]
804.6 :    1 : [925]
804.7 :    2 : [937, 974]
804.9 :    1 : [939]
805.0 :    1 : [957]
806.0 :    1 : [912]
806.1 :    5 : [884, 893, 924, 960, 975]
806.2 :    2 : [926, 969]
806.3 :    2 : [894, 971]
806.4 :    7 : [888, 897, 904, 932, 948, 949, 977]
806.5 :    4 : [918, 958, 965, 966]
806.6 :    3 : [911, 930, 941]
806.7 :    3 : [889, 952, 967]
806.8 :    1 : [887]
806.9 :    2 : [938, 970]
807.0 :    1 : [963]
807.1 :    3 : [903, 909, 928]
807.2 :    1 : [886]
807.4 :    1 : [953]
807.8 :    1 : [890]
808.0 :    1 : [920]
808.1 :    1 : [943]
808.2 :    4 : [885, 899, 916, 936]
808.3 :    2 : [942, 947]
808.4 :    1 : [955]
808.5 :    2 : [945, 964]
808.6 :    5 : [883, 891, 919, 922, 935]
808.7 :    7 : [895, 898, 913, 931, 944, 946, 973]
808.8 :    5 : [882, 910, 929, 959, 976]
808.9 :    3 : [901, 923, 940]
809.1 :    2 : [908, 950]
809.3 :    3 : [892, 906, 951]
809.5 :    1 : [939]
809.6 :    1 : [894]
809.7 :    1 : [914]
810.1 :    1 : [961]
810.2 :    3 : [915, 925, 957]
810.3 :    2 : [911, 917]
810.4 :    3 : [889, 941, 972]
810.5 :    8 : [884, 888, 905, 927, 933, 969, 970, 975]
810.6 :    4 : [887, 932, 953, 966]
810.7 :    4 : [893, 903, 952, 967]
810.8 :    2 : [928, 943]
810.9 :    4 : [886, 900, 963, 971]
811.0 :    1 : [948]
811.1 :    2 : [912, 924]
811.2 :    5 : [896, 918, 926, 954, 974]
811.3 :    1 : [977]
811.4 :    3 : [937, 956, 965]
811.5 :    5 : [890, 920, 936, 945, 955]
811.6 :    4 : [909, 938, 949, 960]
811.7 :    1 : [897]
811.8 :    1 : [962]
811.9 :    1 : [913]
812.1 :    1 : [910]
812.4 :    1 : [934]
812.6 :    1 : [891]
