Name: Prefrontal cortex [Glu0], Title: Raster plot from device '20334', Hist: False
213.5 :    1 : [793]
213.7 :    1 : [877]
213.8 :    1 : [823]
213.9 :    1 : [828]
214.3 :    2 : [788, 854]
214.4 :    3 : [796, 816, 881]
214.5 :    3 : [801, 821, 876]
214.6 :    3 : [792, 798, 832]
214.7 :    2 : [806, 848]
214.8 :    6 : [794, 814, 820, 840, 842, 879]
214.9 :    5 : [817, 826, 833, 861, 873]
215.0 :    7 : [791, 797, 803, 807, 818, 824, 856]
215.1 :    2 : [790, 864]
215.2 :    2 : [815, 860]
215.3 :    8 : [799, 800, 802, 836, 853, 858, 867, 874]
215.4 :    5 : [810, 819, 837, 852, 878]
215.5 :    2 : [825, 850]
215.8 :    2 : [846, 855]
215.9 :    3 : [829, 835, 847]
216.0 :    5 : [822, 838, 843, 866, 872]
216.1 :    1 : [834]
216.3 :    1 : [831]
216.8 :    1 : [869]
216.9 :    5 : [793, 828, 859, 863, 871]
217.1 :    2 : [849, 870]
217.2 :    1 : [854]
217.4 :    2 : [801, 805]
217.5 :    5 : [787, 811, 823, 827, 880]
217.6 :    8 : [786, 798, 806, 820, 848, 877, 879, 881]
217.7 :   10 : [788, 802, 814, 840, 842, 845, 865, 873, 874, 876]
217.8 :   18 : [789, 791, 795, 797, 803, 807, 808, 809, 815, 819, 821, 826, 830, 833, 844, 856, 861, 862]
217.9 :   11 : [790, 792, 794, 810, 816, 824, 832, 839, 841, 860, 864]
218.0 :   10 : [796, 799, 800, 812, 813, 837, 852, 853, 858, 868]
218.1 :    7 : [825, 836, 850, 851, 867, 875, 878]
218.2 :    2 : [846, 857]
218.3 :    1 : [818]
218.4 :    1 : [817]
218.5 :    1 : [872]
218.9 :    1 : [822]
219.0 :    1 : [847]
219.1 :    3 : [835, 838, 866]
219.3 :    1 : [831]
219.4 :    2 : [829, 855]
219.6 :    1 : [843]
219.7 :    2 : [828, 854]
219.8 :    2 : [793, 801]
219.9 :    3 : [823, 859, 871]
220.0 :    7 : [806, 811, 863, 869, 877, 879, 881]
220.1 :    6 : [798, 802, 814, 848, 870, 880]
220.2 :   12 : [788, 789, 805, 820, 827, 833, 834, 840, 865, 873, 874, 876]
220.3 :    7 : [786, 791, 797, 807, 816, 819, 842]
220.4 :    7 : [787, 792, 795, 815, 821, 849, 860]
220.5 :   10 : [794, 796, 799, 803, 826, 832, 853, 856, 858, 861]
220.6 :    4 : [790, 839, 841, 846]
220.7 :    3 : [800, 824, 852]
220.8 :    9 : [810, 830, 836, 837, 844, 845, 862, 867, 868]
220.9 :    4 : [825, 851, 864, 878]
221.0 :    1 : [872]
221.1 :    1 : [850]
221.3 :    3 : [808, 809, 818]
221.6 :    2 : [812, 857]
221.7 :    2 : [813, 817]
222.1 :    1 : [822]
222.4 :    2 : [801, 823]
222.5 :    3 : [811, 831, 866]
222.6 :    4 : [847, 854, 871, 880]
222.7 :    8 : [789, 806, 833, 838, 840, 848, 877, 879]
222.8 :    6 : [793, 797, 814, 835, 863, 873]
222.9 :    6 : [802, 816, 820, 869, 876, 881]
223.0 :   10 : [795, 798, 807, 819, 846, 859, 860, 865, 870, 874]
223.1 :    6 : [786, 792, 799, 805, 842, 843]
223.2 :    3 : [815, 828, 855]
223.3 :    6 : [791, 827, 829, 841, 858, 875]
223.5 :    5 : [796, 803, 826, 839, 853]
223.6 :    2 : [832, 872]
223.7 :    1 : [821]
223.8 :    2 : [790, 852]
223.9 :    1 : [787]
224.1 :    1 : [788]
224.3 :    1 : [856]
226.0 :    1 : [851]
226.1 :    1 : [867]
226.2 :    3 : [794, 844, 861]
226.3 :    3 : [800, 801, 836]
226.4 :    1 : [830]
226.6 :    1 : [797]
226.7 :    4 : [807, 848, 871, 880]
226.8 :    5 : [791, 810, 840, 854, 878]
226.9 :    3 : [811, 873, 879]
227.0 :    2 : [864, 876]
227.1 :    2 : [798, 838]
227.2 :    1 : [833]
227.4 :    1 : [849]
227.5 :    2 : [823, 846]
227.7 :    6 : [820, 824, 837, 850, 859, 863]
227.8 :    3 : [842, 869, 874]
227.9 :    1 : [816]
228.0 :    2 : [803, 814]
228.2 :    1 : [806]
228.4 :    1 : [790]
228.6 :    1 : [826]
228.9 :    1 : [881]
229.1 :    4 : [799, 802, 805, 819]
229.2 :    3 : [793, 860, 866]
229.4 :    1 : [858]
229.7 :    2 : [801, 835]
229.8 :    1 : [822]
229.9 :    1 : [856]
230.0 :    2 : [791, 854]
230.1 :    4 : [788, 828, 829, 831]
230.3 :    4 : [798, 832, 845, 848]
230.4 :    2 : [815, 879]
230.5 :    6 : [786, 821, 825, 840, 870, 873]
230.6 :    4 : [808, 809, 817, 872]
230.7 :    3 : [797, 807, 877]
230.8 :    2 : [833, 836]
230.9 :    2 : [814, 864]
231.0 :    1 : [852]
231.1 :    2 : [847, 876]
231.2 :    3 : [823, 838, 859]
231.4 :    1 : [867]
231.5 :    2 : [841, 846]
231.6 :    2 : [861, 875]
231.8 :    6 : [800, 806, 810, 812, 820, 874]
231.9 :    4 : [794, 842, 850, 880]
232.1 :    2 : [824, 881]
232.2 :    6 : [790, 802, 803, 826, 830, 871]
232.3 :    1 : [801]
232.4 :    1 : [818]
232.5 :    1 : [865]
232.7 :    5 : [793, 796, 816, 843, 855]
232.8 :    5 : [787, 792, 795, 819, 863]
232.9 :    2 : [854, 869]
233.0 :    1 : [866]
233.1 :    3 : [791, 837, 878]
233.2 :    1 : [799]
233.3 :    4 : [811, 853, 856, 858]
233.4 :    4 : [788, 789, 835, 860]
233.5 :    2 : [828, 862]
233.6 :    3 : [827, 849, 877]
233.7 :    2 : [798, 848]
233.8 :    1 : [879]
233.9 :    3 : [813, 832, 840]
234.0 :    1 : [821]
234.3 :    1 : [817]
234.4 :    2 : [823, 873]
234.5 :    1 : [814]
234.6 :    2 : [833, 876]
234.9 :    1 : [822]
235.4 :    1 : [829]
235.6 :    1 : [815]
235.7 :    1 : [807]
235.8 :    1 : [868]
236.0 :    2 : [793, 839]
236.2 :    7 : [792, 794, 797, 801, 806, 861, 870]
236.3 :    5 : [820, 825, 864, 872, 881]
236.4 :    6 : [796, 816, 824, 836, 842, 854]
236.5 :    3 : [788, 791, 826]
236.6 :    3 : [856, 867, 877]
236.7 :    3 : [790, 840, 852]
236.8 :    1 : [805]
236.9 :    4 : [799, 800, 802, 879]
237.0 :    4 : [828, 858, 859, 874]
237.1 :    4 : [798, 810, 846, 848]
237.5 :    1 : [850]
238.3 :    1 : [855]
238.4 :    2 : [789, 795]
238.5 :    3 : [823, 837, 871]
238.6 :    3 : [835, 860, 863]
238.7 :    1 : [878]
238.8 :    1 : [817]
238.9 :    3 : [818, 832, 853]
239.0 :    3 : [793, 814, 831]
239.1 :    2 : [866, 873]
239.2 :    5 : [803, 821, 838, 843, 847]
239.3 :    2 : [792, 801]
239.4 :    6 : [794, 819, 849, 854, 869, 876]
239.5 :    3 : [833, 875, 881]
239.6 :    3 : [788, 806, 880]
239.7 :    2 : [796, 816]
239.8 :    7 : [791, 807, 811, 820, 829, 861, 865]
239.9 :    5 : [786, 798, 848, 877, 879]
240.0 :    3 : [812, 840, 842]
240.1 :    7 : [797, 802, 822, 824, 826, 828, 845]
240.2 :    6 : [815, 836, 859, 864, 872, 874]
240.3 :    6 : [790, 808, 809, 830, 856, 867]
240.4 :    3 : [787, 825, 870]
240.5 :    2 : [799, 846]
240.6 :    1 : [810]
240.7 :    1 : [800]
240.9 :    2 : [852, 858]
241.0 :    1 : [850]
241.9 :    1 : [805]
242.3 :    2 : [801, 854]
242.5 :    2 : [813, 827]
242.6 :    1 : [823]
242.7 :    5 : [798, 814, 835, 844, 873]
242.8 :    1 : [848]
242.9 :    1 : [793]
243.0 :    2 : [821, 833]
243.1 :    2 : [791, 881]
243.2 :    3 : [828, 876, 879]
243.5 :    2 : [788, 820]
243.6 :    1 : [860]
243.7 :    3 : [806, 807, 862]
243.8 :    3 : [794, 816, 817]
243.9 :    5 : [796, 832, 840, 842, 855]
244.0 :    3 : [803, 829, 877]
244.1 :    2 : [838, 861]
244.3 :    1 : [792]
244.8 :    1 : [818]
245.0 :    1 : [802]
245.1 :    8 : [797, 819, 824, 826, 841, 859, 871, 872]
245.2 :    1 : [822]
245.3 :    3 : [799, 863, 866]
245.4 :    2 : [815, 875]
245.5 :    2 : [856, 874]
245.6 :    2 : [790, 801]
245.7 :    3 : [825, 836, 867]
245.8 :    2 : [858, 870]
245.9 :    1 : [854]
246.0 :    1 : [814]
246.1 :    3 : [843, 849, 864]
246.2 :    4 : [811, 835, 846, 848]
246.3 :    5 : [793, 800, 865, 869, 878]
246.4 :    6 : [823, 831, 837, 853, 879, 881]
246.5 :    4 : [791, 810, 868, 880]
246.6 :    4 : [786, 820, 834, 850]
246.7 :    2 : [812, 842]
246.8 :    4 : [798, 803, 805, 806]
247.0 :    2 : [828, 861]
247.1 :    4 : [840, 860, 873, 876]
247.2 :    1 : [807]
247.3 :    2 : [833, 847]
247.6 :    1 : [852]
248.1 :    1 : [877]
248.3 :    2 : [787, 830]
248.5 :    1 : [802]
248.6 :    1 : [794]
248.7 :    1 : [792]
248.8 :    1 : [859]
249.1 :    2 : [801, 819]
249.3 :    2 : [822, 872]
249.6 :    5 : [815, 832, 841, 857, 874]
249.7 :    4 : [788, 797, 838, 848]
249.8 :    4 : [814, 826, 851, 854]
249.9 :    6 : [793, 817, 818, 825, 856, 881]
250.1 :    1 : [842]
250.2 :    3 : [799, 803, 879]
250.3 :    4 : [800, 835, 861, 871]
250.4 :    8 : [790, 796, 810, 816, 821, 824, 863, 878]
250.5 :    5 : [791, 806, 823, 858, 876]
250.6 :    1 : [867]
250.7 :    4 : [807, 820, 860, 875]
250.8 :    4 : [789, 795, 811, 844]
250.9 :    4 : [798, 829, 836, 853]
251.0 :    2 : [828, 877]
251.1 :    3 : [833, 834, 840]
251.2 :    4 : [805, 808, 809, 855]
251.4 :    3 : [843, 850, 870]
251.5 :    1 : [846]
251.6 :    1 : [873]
251.7 :    1 : [866]
251.8 :    1 : [813]
252.6 :    1 : [864]
252.7 :    4 : [794, 801, 845, 869]
253.0 :    1 : [854]
253.2 :    3 : [802, 827, 849]
253.3 :    1 : [865]
253.4 :    3 : [786, 848, 874]
253.5 :    4 : [819, 859, 879, 881]
253.6 :    2 : [791, 792]
253.7 :    3 : [793, 814, 822]
253.9 :    2 : [831, 835]
254.0 :    9 : [797, 806, 812, 837, 838, 847, 852, 872, 880]
254.1 :    4 : [788, 823, 826, 828]
254.2 :    7 : [798, 807, 815, 820, 821, 840, 842]
254.3 :    4 : [787, 790, 824, 833]
254.4 :    4 : [810, 825, 856, 861]
254.5 :    2 : [803, 876]
254.6 :    3 : [800, 832, 867]
254.7 :    3 : [860, 873, 877]
254.9 :    2 : [846, 850]
255.0 :    1 : [818]
255.1 :    1 : [817]
255.2 :    1 : [866]
255.4 :    1 : [836]
255.5 :    2 : [799, 816]
255.6 :    1 : [858]
255.7 :    1 : [796]
255.8 :    2 : [863, 871]
256.0 :    1 : [839]
256.1 :    2 : [801, 875]
256.2 :    3 : [829, 830, 868]
256.3 :    1 : [854]
256.4 :    2 : [794, 855]
256.5 :    1 : [870]
256.6 :    1 : [878]
256.7 :    1 : [791]
256.8 :    2 : [793, 879]
256.9 :    1 : [864]
257.2 :    1 : [881]
257.3 :    1 : [805]
257.4 :    3 : [843, 848, 862]
257.5 :    2 : [798, 811]
257.6 :    2 : [788, 853]
257.7 :    2 : [792, 814]
257.8 :    2 : [828, 874]
257.9 :    3 : [802, 842, 876]
258.0 :    6 : [797, 806, 820, 821, 823, 835]
258.1 :    4 : [803, 819, 833, 861]
258.2 :    1 : [807]
258.3 :    3 : [818, 832, 838]
258.4 :    1 : [834]
258.6 :    1 : [826]
258.9 :    1 : [860]
259.1 :    1 : [815]
259.2 :    4 : [822, 840, 856, 869]
259.3 :    6 : [790, 825, 836, 859, 873, 877]
259.4 :    6 : [789, 801, 817, 849, 854, 867]
259.5 :    1 : [800]
259.6 :    2 : [796, 799]
259.7 :    3 : [793, 795, 813]
259.8 :    3 : [794, 816, 824]
259.9 :    2 : [791, 810]
260.0 :    1 : [858]
260.1 :    5 : [837, 850, 852, 872, 879]
260.2 :    1 : [846]
260.3 :    1 : [847]
260.4 :    6 : [808, 809, 844, 864, 865, 881]
260.5 :    6 : [787, 828, 829, 848, 866, 878]
260.6 :    6 : [798, 820, 831, 855, 863, 871]
260.7 :    1 : [845]
260.8 :    6 : [786, 788, 806, 814, 823, 842]
260.9 :    1 : [827]
261.0 :    2 : [797, 880]
261.1 :    1 : [876]
261.2 :    1 : [833]
261.4 :    2 : [792, 821]
261.7 :    1 : [803]
262.4 :    2 : [832, 861]
262.6 :    3 : [802, 818, 870]
262.7 :    1 : [853]
262.8 :    1 : [807]
262.9 :    2 : [868, 877]
263.0 :    2 : [793, 826]
263.3 :    1 : [843]
263.4 :    2 : [801, 835]
263.5 :    3 : [794, 854, 874]
263.6 :    2 : [796, 816]
263.7 :    1 : [840]
263.8 :    1 : [791]
263.9 :    1 : [856]
264.0 :    3 : [799, 817, 879]
264.1 :    1 : [788]
264.2 :    3 : [798, 873, 881]
264.3 :    1 : [838]
264.4 :    5 : [824, 836, 848, 860, 875]
264.5 :    3 : [790, 820, 828]
264.7 :    3 : [823, 829, 876]
264.9 :    2 : [819, 821]
265.0 :    3 : [814, 833, 842]
265.1 :    5 : [789, 806, 855, 858, 867]
265.2 :    2 : [849, 862]
265.4 :    1 : [811]
265.5 :    1 : [815]
265.6 :    1 : [792]
265.8 :    2 : [793, 795]
265.9 :    1 : [877]
266.5 :    4 : [800, 812, 825, 864]
266.6 :    4 : [797, 832, 837, 846]
266.8 :    2 : [859, 861]
266.9 :    2 : [839, 872]
267.1 :    1 : [852]
267.2 :    2 : [826, 850]
267.3 :    2 : [803, 866]
267.4 :    1 : [810]
267.5 :    6 : [818, 822, 828, 831, 840, 847]
267.6 :    2 : [820, 854]
267.7 :    1 : [848]
267.8 :    1 : [801]
268.0 :    1 : [873]
268.1 :    3 : [798, 807, 813]
268.2 :    1 : [823]
268.4 :    2 : [824, 881]
268.5 :    1 : [827]
268.8 :    2 : [833, 853]
268.9 :    6 : [787, 796, 816, 863, 871, 878]
269.0 :    7 : [802, 814, 817, 821, 842, 856, 876]
269.1 :    2 : [790, 806]
269.2 :    2 : [788, 793]
269.3 :    1 : [794]
269.4 :    2 : [877, 879]
269.6 :    3 : [791, 792, 870]
269.7 :    2 : [835, 860]
269.8 :    1 : [869]
269.9 :    3 : [799, 836, 855]
270.0 :    3 : [829, 843, 865]
270.1 :    2 : [867, 868]
270.2 :    1 : [805]
270.3 :    4 : [786, 832, 845, 854]
270.4 :    1 : [874]
270.5 :    2 : [849, 861]
270.6 :    2 : [828, 858]
270.7 :    2 : [838, 848]
270.9 :    1 : [862]
271.0 :    1 : [801]
271.3 :    2 : [797, 864]
271.5 :    5 : [798, 815, 820, 840, 846]
271.6 :    2 : [826, 880]
271.7 :    3 : [803, 808, 809]
271.8 :    1 : [873]
272.0 :    3 : [830, 837, 852]
272.2 :    4 : [800, 823, 850, 866]
272.5 :    1 : [818]
272.6 :    4 : [789, 806, 810, 824]
272.7 :    2 : [795, 877]
272.8 :    3 : [793, 825, 881]
273.1 :    3 : [792, 807, 856]
273.2 :    3 : [814, 842, 872]
273.5 :    1 : [859]
273.8 :    2 : [796, 816]
273.9 :    2 : [788, 817]
274.3 :    2 : [790, 794]
274.5 :    4 : [791, 802, 819, 879]
274.6 :    1 : [854]
274.8 :    1 : [801]
275.0 :    1 : [799]
276.2 :    1 : [798]
276.3 :    3 : [821, 833, 876]
276.4 :    1 : [848]
276.5 :    3 : [822, 829, 835]
276.6 :    2 : [828, 861]
276.7 :    1 : [855]
276.8 :    2 : [832, 836]
276.9 :    3 : [831, 847, 873]
277.0 :    1 : [820]
277.4 :    3 : [840, 860, 874]
277.5 :    1 : [864]
277.6 :    2 : [838, 867]
277.7 :    2 : [797, 854]
277.9 :    3 : [803, 846, 869]
278.1 :    2 : [793, 801]
278.2 :    7 : [791, 807, 814, 826, 842, 870, 881]
278.3 :    6 : [806, 858, 863, 871, 878, 879]
278.4 :    3 : [843, 850, 866]
278.5 :    1 : [823]
278.7 :    2 : [805, 824]
278.8 :    1 : [810]
279.0 :    2 : [800, 852]
279.1 :    2 : [790, 880]
280.4 :    3 : [788, 819, 856]
280.6 :    2 : [798, 849]
280.7 :    2 : [802, 875]
280.8 :    1 : [817]
280.9 :    2 : [811, 848]
281.1 :    2 : [794, 854]
281.3 :    4 : [791, 799, 801, 820]
281.5 :    1 : [877]
281.6 :    2 : [796, 816]
282.0 :    3 : [793, 840, 874]
282.1 :    6 : [792, 815, 859, 861, 865, 879]
282.2 :    3 : [818, 837, 853]
282.4 :    2 : [842, 876]
282.5 :    5 : [806, 807, 828, 829, 835]
282.6 :    9 : [803, 823, 825, 832, 833, 836, 860, 873, 878]
282.7 :    2 : [834, 881]
282.8 :    3 : [797, 821, 858]
282.9 :    3 : [826, 855, 872]
283.0 :    2 : [838, 867]
283.1 :    3 : [786, 787, 845]
283.2 :    2 : [814, 868]
283.3 :    1 : [864]
283.5 :    1 : [843]
283.7 :    1 : [822]
284.0 :    2 : [790, 800]
284.1 :    1 : [869]
284.2 :    1 : [798]
284.3 :    3 : [788, 848, 854]
284.4 :    1 : [846]
284.5 :    1 : [801]
284.6 :    1 : [850]
284.7 :    6 : [805, 819, 824, 863, 870, 871]
284.8 :    4 : [789, 810, 830, 856]
284.9 :    5 : [791, 794, 802, 813, 827]
285.0 :    3 : [793, 799, 812]
285.1 :    2 : [874, 879]
285.2 :    5 : [795, 816, 817, 859, 877]
285.3 :    5 : [792, 796, 823, 844, 881]
285.4 :    6 : [806, 820, 840, 847, 861, 866]
285.5 :    3 : [831, 835, 852]
285.6 :    3 : [828, 862, 875]
285.7 :    3 : [807, 815, 876]
285.8 :    8 : [808, 809, 821, 825, 832, 833, 842, 849]
285.9 :    4 : [814, 826, 860, 872]
286.0 :    2 : [797, 873]
286.1 :    2 : [818, 839]
286.2 :    2 : [841, 880]
286.3 :    1 : [811]
286.4 :    2 : [837, 858]
286.5 :    2 : [803, 864]
286.7 :    1 : [867]
288.2 :    2 : [836, 853]
288.3 :    1 : [848]
288.4 :    3 : [798, 829, 854]
288.5 :    1 : [855]
288.6 :    3 : [801, 822, 838]
288.9 :    2 : [790, 828]
289.1 :    3 : [833, 846, 879]
289.2 :    3 : [793, 821, 876]
289.3 :    2 : [791, 873]
289.4 :    1 : [788]
289.5 :    1 : [881]
289.6 :    1 : [820]
289.7 :    1 : [786]
289.8 :    1 : [840]
291.0 :    3 : [807, 814, 874]
291.1 :    3 : [797, 835, 842]
291.4 :    1 : [869]
291.5 :    3 : [819, 843, 864]
291.6 :    1 : [794]
291.7 :    1 : [799]
291.8 :    2 : [854, 878]
291.9 :    5 : [801, 805, 845, 850, 865]
292.5 :    1 : [806]
292.6 :    2 : [798, 802]
292.7 :    1 : [859]
292.9 :    7 : [800, 826, 848, 861, 866, 870, 879]
293.0 :    1 : [816]
293.1 :    2 : [823, 860]
293.2 :    1 : [881]
293.3 :    1 : [822]
293.4 :    2 : [803, 872]
293.5 :    3 : [827, 831, 838]
293.6 :    8 : [793, 817, 821, 824, 833, 836, 867, 875]
293.7 :    8 : [787, 791, 796, 815, 828, 829, 849, 856]
293.8 :    9 : [810, 825, 832, 846, 863, 871, 873, 876, 877]
293.9 :    4 : [788, 814, 840, 858]
294.0 :    2 : [790, 811]
294.1 :    2 : [818, 820]
294.2 :    2 : [835, 855]
294.3 :    3 : [792, 807, 830]
294.4 :    2 : [794, 874]
294.5 :    1 : [854]
294.6 :    6 : [801, 813, 842, 847, 852, 880]
294.7 :    1 : [797]
294.9 :    1 : [864]
295.0 :    1 : [812]
295.2 :    2 : [799, 837]
295.5 :    2 : [806, 819]
296.4 :    1 : [789]
296.5 :    5 : [795, 802, 850, 853, 869]
296.6 :    2 : [786, 798]
296.7 :    4 : [823, 826, 843, 879]
296.8 :    2 : [793, 878]
296.9 :    4 : [791, 816, 848, 861]
297.0 :    4 : [788, 868, 877, 881]
297.2 :    2 : [796, 824]
297.3 :    1 : [800]
297.4 :    3 : [794, 840, 859]
297.5 :    5 : [801, 817, 820, 854, 856]
297.6 :    1 : [792]
297.7 :    1 : [828]
297.8 :    8 : [808, 809, 814, 821, 829, 862, 873, 876]
297.9 :    5 : [807, 832, 835, 855, 860]
298.0 :    2 : [858, 866]
298.1 :    3 : [790, 833, 836]
298.2 :    2 : [842, 867]
298.3 :    1 : [803]
298.4 :    5 : [797, 815, 846, 864, 874]
298.5 :    2 : [810, 818]
298.6 :    2 : [806, 870]
298.8 :    1 : [852]
299.0 :    1 : [822]
299.1 :    1 : [872]
299.2 :    6 : [825, 831, 838, 863, 865, 871]
299.3 :    1 : [805]
299.5 :    5 : [802, 837, 839, 849, 875]
299.6 :    4 : [793, 841, 880, 881]
299.7 :    4 : [799, 819, 823, 879]
299.8 :    2 : [811, 877]
299.9 :    2 : [812, 848]
300.0 :    4 : [791, 801, 816, 826]
300.1 :    6 : [787, 788, 794, 798, 830, 861]
300.2 :    2 : [824, 854]
300.3 :    1 : [859]
300.4 :    2 : [796, 840]
301.1 :    2 : [792, 850]
301.2 :    2 : [820, 856]
301.4 :    1 : [813]
301.5 :    2 : [814, 845]
301.6 :    2 : [827, 844]
301.7 :    2 : [828, 847]
301.8 :    1 : [821]
301.9 :    1 : [817]
302.1 :    1 : [876]
302.2 :    2 : [835, 873]
302.3 :    3 : [800, 807, 833]
302.4 :    1 : [829]
302.5 :    4 : [786, 789, 836, 843]
302.6 :    5 : [832, 842, 853, 855, 869]
302.7 :    4 : [793, 801, 806, 860]
302.8 :    3 : [790, 858, 874]
302.9 :    6 : [791, 795, 854, 878, 879, 881]
303.0 :    3 : [788, 797, 867]
303.1 :    4 : [794, 798, 823, 864]
303.2 :    3 : [816, 846, 877]
303.3 :    2 : [799, 848]
303.5 :    2 : [796, 870]
303.6 :    1 : [868]
303.8 :    1 : [803]
303.9 :    1 : [861]
304.7 :    2 : [818, 838]
305.0 :    3 : [815, 819, 834]
305.1 :    2 : [802, 825]
305.2 :    1 : [826]
305.3 :    6 : [792, 822, 840, 842, 872, 876]
305.4 :    5 : [793, 824, 828, 849, 852]
305.5 :    7 : [801, 832, 854, 856, 863, 866, 871]
305.6 :    5 : [805, 811, 820, 837, 859]
305.7 :    6 : [788, 810, 817, 821, 833, 853]
305.8 :    3 : [787, 807, 836]
305.9 :    8 : [794, 798, 806, 814, 823, 860, 877, 881]
306.0 :    3 : [791, 848, 879]
306.1 :    5 : [800, 816, 865, 874, 875]
306.2 :    8 : [797, 829, 831, 835, 843, 855, 873, 878]
306.3 :    1 : [799]
306.4 :    3 : [790, 858, 862]
306.7 :    1 : [796]
306.8 :    1 : [867]
308.6 :    2 : [847, 850]
308.8 :    1 : [803]
308.9 :    1 : [846]
309.1 :    1 : [861]
309.2 :    2 : [789, 828]
309.3 :    2 : [793, 854]
309.4 :    1 : [876]
309.5 :    1 : [823]
309.6 :    3 : [821, 827, 877]
309.7 :    5 : [788, 813, 832, 864, 870]
309.8 :    4 : [798, 801, 848, 881]
309.9 :    3 : [792, 816, 842]
310.0 :    4 : [794, 796, 818, 833]
310.1 :    2 : [869, 879]
310.2 :    3 : [806, 814, 817]
310.3 :    5 : [791, 820, 836, 840, 855]
310.4 :    2 : [807, 873]
310.5 :    4 : [795, 799, 829, 835]
310.7 :    1 : [845]
311.0 :    2 : [786, 838]
311.1 :    2 : [797, 826]
311.2 :    1 : [853]
311.3 :    2 : [849, 860]
311.4 :    1 : [843]
311.5 :    1 : [790]
311.8 :    1 : [852]
312.0 :    1 : [831]
312.4 :    2 : [862, 867]
715.3 :    1 : [873]
715.6 :    1 : [871]
715.8 :    1 : [811]
716.9 :    5 : [801, 816, 833, 846, 848]
717.0 :    1 : [797]
717.1 :    1 : [881]
717.2 :    2 : [841, 872]
717.4 :    2 : [815, 859]
717.5 :    1 : [802]
717.6 :    1 : [814]
718.0 :    3 : [832, 839, 842]
718.1 :    9 : [799, 819, 831, 835, 851, 858, 860, 863, 877]
718.4 :    3 : [807, 823, 845]
718.5 :    4 : [791, 794, 820, 821]
718.6 :    9 : [788, 793, 795, 796, 798, 806, 853, 869, 880]
718.7 :    6 : [790, 792, 827, 873, 874, 879]
718.8 :    8 : [786, 805, 811, 836, 840, 854, 871, 876]
718.9 :    1 : [856]
719.0 :    3 : [838, 849, 861]
719.1 :    2 : [787, 817]
719.2 :    4 : [789, 822, 829, 865]
719.3 :    1 : [828]
719.4 :    4 : [837, 866, 867, 870]
719.5 :    1 : [847]
719.6 :    1 : [803]
719.7 :    1 : [801]
719.8 :    1 : [848]
720.2 :    2 : [816, 833]
720.6 :    6 : [824, 825, 826, 855, 875, 881]
720.7 :    2 : [800, 868]
720.8 :    1 : [878]
720.9 :    2 : [846, 850]
721.0 :    3 : [843, 852, 862]
721.1 :    4 : [810, 818, 864, 877]
721.2 :    5 : [793, 797, 814, 823, 854]
721.3 :   13 : [788, 791, 794, 796, 798, 799, 813, 820, 821, 832, 835, 842, 873]
721.4 :    7 : [806, 815, 844, 858, 860, 872, 879]
721.5 :    3 : [802, 807, 840]
721.6 :    7 : [790, 792, 812, 819, 836, 874, 876]
721.7 :    5 : [845, 853, 856, 869, 871]
721.8 :    9 : [808, 809, 811, 830, 839, 857, 859, 861, 863]
721.9 :    3 : [817, 828, 831]
722.0 :    1 : [834]
722.1 :    1 : [827]
722.2 :    1 : [795]
722.3 :    1 : [803]
722.4 :    3 : [801, 805, 848]
722.5 :    1 : [837]
722.8 :    1 : [829]
722.9 :    2 : [841, 849]
723.0 :    4 : [838, 847, 866, 867]
723.1 :    2 : [786, 822]
723.2 :    1 : [816]
723.3 :    2 : [833, 880]
723.4 :    3 : [787, 789, 881]
723.5 :    1 : [865]
723.6 :    1 : [870]
723.7 :    1 : [854]
723.8 :    2 : [826, 855]
723.9 :    3 : [793, 824, 877]
724.1 :    6 : [798, 800, 820, 823, 846, 864]
724.2 :    3 : [814, 842, 873]
724.3 :    9 : [788, 791, 797, 806, 818, 825, 850, 852, 878]
724.4 :    3 : [810, 832, 840]
724.5 :    2 : [796, 815]
724.6 :    7 : [794, 802, 828, 856, 860, 876, 879]
724.7 :    5 : [790, 792, 819, 821, 861]
724.8 :    3 : [807, 843, 874]
724.9 :    3 : [799, 858, 868]
725.0 :    1 : [872]
725.1 :    6 : [803, 835, 836, 848, 869, 871]
725.2 :    2 : [817, 853]
725.3 :    1 : [801]
725.4 :    1 : [811]
725.5 :    2 : [834, 862]
725.6 :    3 : [839, 845, 863]
725.7 :    1 : [831]
725.8 :    2 : [837, 851]
725.9 :    1 : [827]
726.0 :    2 : [816, 859]
726.1 :    2 : [833, 881]
726.2 :    2 : [829, 854]
726.3 :    1 : [795]
726.4 :    1 : [847]
726.5 :    6 : [793, 805, 849, 866, 867, 877]
726.6 :    2 : [820, 875]
726.7 :    2 : [824, 826]
726.8 :    1 : [842]
726.9 :    5 : [798, 822, 823, 838, 864]
727.0 :    3 : [800, 806, 873]
727.2 :    3 : [797, 810, 814]
727.3 :    5 : [788, 791, 818, 832, 878]
727.4 :    1 : [840]
727.5 :    6 : [815, 819, 828, 856, 861, 876]
727.6 :    1 : [802]
727.7 :    4 : [825, 850, 852, 860]
727.8 :    1 : [792]
728.2 :    3 : [848, 874, 880]
728.4 :    6 : [790, 796, 803, 844, 846, 855]
728.6 :    3 : [787, 808, 809]
728.7 :    3 : [801, 813, 841]
728.8 :    7 : [786, 794, 807, 812, 821, 870, 879]
728.9 :    1 : [830]
729.0 :    1 : [872]
729.1 :    2 : [854, 881]
729.2 :    1 : [833]
729.3 :    1 : [858]
729.4 :    2 : [793, 859]
729.5 :    1 : [836]
729.6 :    3 : [820, 831, 835]
729.7 :    4 : [806, 817, 826, 871]
729.8 :    4 : [799, 823, 866, 877]
729.9 :    5 : [824, 842, 857, 864, 865]
730.0 :    4 : [798, 822, 837, 869]
730.1 :    2 : [814, 873]
730.2 :    1 : [867]
730.3 :    2 : [840, 863]
730.4 :    3 : [791, 797, 810]
730.5 :    1 : [800]
730.6 :    1 : [843]
730.8 :    1 : [802]
730.9 :    1 : [816]
731.0 :    1 : [828]
731.1 :    1 : [789]
731.2 :    5 : [788, 819, 829, 853, 856]
731.3 :    2 : [861, 875]
731.4 :    1 : [811]
731.6 :    1 : [792]
732.0 :    1 : [801]
732.1 :    1 : [832]
732.3 :    3 : [794, 796, 815]
732.4 :    3 : [795, 848, 860]
732.5 :    4 : [805, 827, 839, 847]
732.6 :    1 : [790]
732.7 :    6 : [820, 845, 850, 868, 877, 881]
732.8 :    3 : [873, 874, 878]
732.9 :    1 : [806]
733.0 :    2 : [852, 858]
733.1 :    4 : [842, 854, 871, 872]
733.2 :    1 : [849]
733.3 :    1 : [846]
733.4 :    1 : [793]
733.5 :    1 : [824]
733.6 :    1 : [826]
733.8 :    1 : [821]
734.1 :    1 : [814]
734.3 :    1 : [833]
734.5 :    3 : [818, 823, 837]
734.7 :    5 : [799, 817, 825, 840, 879]
735.1 :    7 : [791, 798, 807, 810, 835, 855, 864]
735.2 :    3 : [788, 816, 869]
735.3 :    3 : [792, 866, 876]
735.4 :    1 : [801]
735.5 :    3 : [794, 838, 880]
735.6 :    3 : [796, 836, 856]
735.7 :    1 : [863]
735.8 :    4 : [802, 828, 854, 877]
735.9 :    6 : [829, 832, 848, 861, 873, 881]
736.0 :    4 : [811, 820, 859, 862]
736.1 :    6 : [797, 803, 819, 831, 860, 867]
736.2 :    4 : [842, 853, 865, 870]
736.3 :    2 : [806, 845]
736.4 :    5 : [790, 800, 815, 846, 874]
736.5 :    5 : [786, 793, 839, 858, 871]
736.7 :    2 : [821, 841]
736.8 :    4 : [795, 827, 852, 872]
737.0 :    3 : [822, 826, 847]
737.2 :    2 : [824, 850]
737.3 :    2 : [812, 814]
737.6 :    1 : [833]
737.8 :    1 : [805]
737.9 :    2 : [823, 830]
738.0 :    5 : [787, 789, 808, 809, 849]
738.1 :    4 : [801, 813, 840, 875]
738.2 :    3 : [851, 878, 879]
738.3 :    1 : [816]
738.4 :    3 : [799, 807, 837]
738.5 :    2 : [792, 868]
738.6 :    4 : [794, 843, 877, 881]
738.7 :    1 : [825]
738.8 :    4 : [802, 835, 876, 880]
738.9 :    2 : [832, 859]
739.0 :    1 : [844]
739.1 :    3 : [788, 848, 863]
739.3 :    3 : [797, 817, 861]
739.5 :    2 : [791, 856]
739.6 :    1 : [820]
739.7 :    4 : [796, 810, 828, 873]
739.8 :    6 : [793, 798, 806, 811, 842, 857]
739.9 :    2 : [815, 871]
740.0 :    2 : [860, 866]
740.1 :    7 : [790, 831, 853, 854, 858, 864, 869]
740.2 :    2 : [839, 846]
740.4 :    1 : [872]
740.5 :    1 : [819]
740.6 :    1 : [800]
740.7 :    1 : [814]
740.8 :    1 : [824]
740.9 :    2 : [795, 826]
742.4 :    2 : [833, 841]
742.7 :    1 : [874]
742.8 :    1 : [802]
742.9 :    3 : [801, 867, 881]
743.1 :    1 : [822]
743.2 :    2 : [823, 859]
743.3 :    1 : [850]
743.4 :    3 : [840, 852, 877]
743.5 :    1 : [848]
743.6 :    2 : [806, 812]
743.8 :    1 : [815]
743.9 :    1 : [820]
744.0 :    2 : [810, 872]
744.1 :    4 : [814, 828, 879, 880]
744.2 :    5 : [793, 797, 803, 821, 838]
744.3 :    8 : [792, 807, 816, 818, 824, 837, 856, 871]
744.4 :    4 : [790, 825, 826, 863]
744.5 :    5 : [800, 832, 842, 858, 873]
744.6 :    3 : [794, 799, 861]
744.7 :    2 : [847, 870]
744.8 :    5 : [789, 795, 846, 860, 878]
744.9 :    2 : [811, 831]
745.0 :    1 : [787]
745.3 :    2 : [853, 876]
747.1 :    1 : [788]
747.2 :    6 : [791, 796, 817, 835, 839, 851]
747.3 :    4 : [801, 854, 855, 865]
747.4 :    4 : [798, 819, 877, 881]
747.5 :    8 : [786, 805, 829, 845, 849, 866, 868, 869]
747.6 :    3 : [816, 864, 875]
747.7 :    6 : [794, 799, 823, 830, 836, 873]
747.8 :    5 : [792, 793, 820, 833, 871]
747.9 :    3 : [811, 827, 858]
748.0 :    2 : [806, 848]
748.1 :    2 : [802, 832]
748.2 :    2 : [842, 856]
748.3 :    5 : [821, 840, 860, 874, 879]
748.6 :    1 : [807]
748.7 :    5 : [789, 795, 815, 859, 863]
748.8 :    5 : [790, 814, 846, 861, 872]
748.9 :    3 : [797, 867, 876]
749.0 :    2 : [844, 853]
749.1 :    3 : [808, 809, 838]
749.3 :    4 : [803, 828, 831, 878]
749.4 :    3 : [837, 841, 880]
749.5 :    1 : [870]
749.7 :    1 : [787]
749.8 :    1 : [847]
750.4 :    1 : [843]
750.5 :    3 : [824, 857, 862]
750.6 :    2 : [801, 877]
750.7 :    5 : [788, 796, 813, 816, 881]
750.8 :    4 : [800, 826, 852, 873]
750.9 :    2 : [798, 818]
751.0 :    5 : [792, 793, 839, 854, 871]
751.1 :    5 : [791, 794, 799, 811, 832]
751.2 :    2 : [823, 858]
751.3 :    1 : [835]
751.4 :    1 : [817]
751.5 :    1 : [820]
751.6 :    1 : [842]
751.7 :    2 : [833, 845]
751.9 :    1 : [848]
752.0 :    2 : [806, 821]
752.1 :    2 : [836, 860]
752.2 :    3 : [829, 856, 869]
752.3 :    1 : [849]
752.4 :    1 : [850]
752.5 :    1 : [819]
752.6 :    2 : [855, 879]
753.0 :    1 : [874]
753.5 :    1 : [840]
753.9 :    1 : [805]
754.0 :    1 : [810]
754.3 :    2 : [846, 865]
754.4 :    1 : [827]
754.5 :    4 : [802, 815, 868, 873]
754.6 :    1 : [814]
754.7 :    5 : [790, 807, 866, 872, 877]
754.8 :    3 : [820, 863, 864]
754.9 :    1 : [871]
755.0 :    2 : [791, 801]
755.1 :    2 : [798, 839]
755.2 :    1 : [795]
755.3 :    1 : [842]
755.4 :    1 : [848]
755.5 :    1 : [881]
755.7 :    1 : [806]
756.2 :    2 : [824, 837]
757.0 :    7 : [797, 811, 826, 828, 832, 833, 858]
757.1 :    1 : [880]
757.2 :    1 : [852]
757.3 :    7 : [800, 823, 831, 854, 856, 859, 861]
757.4 :    5 : [816, 840, 850, 860, 878]
757.5 :    2 : [803, 869]
757.6 :    1 : [820]
757.7 :    5 : [786, 847, 853, 867, 876]
757.8 :    3 : [822, 851, 873]
757.9 :    3 : [793, 807, 825]
758.0 :    3 : [814, 838, 846]
758.1 :    2 : [801, 871]
758.2 :    8 : [788, 790, 815, 817, 821, 842, 845, 848]
758.3 :    4 : [798, 799, 810, 864]
758.4 :    6 : [796, 830, 835, 836, 841, 877]
758.5 :    2 : [819, 872]
758.6 :    6 : [808, 809, 863, 866, 879, 881]
758.7 :    1 : [791]
758.8 :    3 : [794, 818, 839]
758.9 :    3 : [792, 849, 874]
759.0 :    1 : [802]
759.1 :    2 : [806, 827]
759.2 :    1 : [829]
759.4 :    1 : [862]
759.5 :    1 : [805]
759.6 :    1 : [870]
760.1 :    1 : [812]
760.2 :    1 : [787]
760.4 :    1 : [844]
760.5 :    2 : [795, 859]
760.6 :    4 : [789, 824, 854, 875]
760.7 :    2 : [823, 833]
760.8 :    6 : [793, 826, 828, 837, 840, 858]
760.9 :    6 : [797, 801, 814, 816, 820, 856]
761.0 :    2 : [811, 877]
761.1 :    4 : [800, 832, 861, 865]
761.2 :    1 : [860]
761.3 :    6 : [815, 822, 848, 855, 873, 880]
761.4 :    6 : [788, 790, 807, 842, 850, 881]
761.5 :    6 : [798, 825, 831, 843, 864, 867]
761.6 :    8 : [796, 810, 817, 821, 846, 852, 876, 879]
761.7 :    2 : [799, 835]
761.8 :    4 : [791, 803, 871, 872]
761.9 :    1 : [869]
762.0 :    6 : [794, 806, 834, 838, 853, 878]
762.1 :    3 : [836, 857, 866]
762.2 :    5 : [786, 819, 847, 863, 874]
762.3 :    2 : [802, 813]
762.5 :    4 : [792, 829, 845, 849]
762.6 :    1 : [839]
762.8 :    2 : [827, 841]
763.1 :    2 : [851, 868]
763.2 :    1 : [805]
763.3 :    1 : [830]
764.3 :    1 : [818]
764.5 :    3 : [801, 823, 877]
764.6 :    4 : [793, 816, 820, 854]
764.7 :    2 : [795, 840]
764.8 :    4 : [808, 809, 824, 858]
764.9 :    4 : [828, 832, 833, 856]
765.0 :    2 : [806, 814]
765.1 :    9 : [789, 797, 826, 837, 842, 848, 870, 873, 881]
765.2 :    2 : [788, 815]
765.3 :    3 : [790, 796, 861]
765.4 :    1 : [817]
765.5 :    2 : [798, 860]
765.6 :    9 : [811, 821, 846, 852, 859, 862, 864, 871, 876]
765.7 :    3 : [794, 807, 872]
765.8 :    5 : [791, 792, 799, 810, 831]
765.9 :    1 : [853]
766.0 :    5 : [787, 800, 802, 835, 866]
766.1 :    1 : [847]
766.2 :    2 : [836, 839]
766.3 :    1 : [879]
766.4 :    2 : [827, 845]
767.2 :    1 : [869]
767.7 :    2 : [803, 850]
767.8 :    2 : [819, 867]
768.0 :    1 : [863]
768.1 :    1 : [880]
768.2 :    2 : [820, 825]
768.4 :    1 : [874]
768.6 :    3 : [829, 840, 854]
768.7 :    8 : [801, 806, 828, 848, 855, 864, 873, 877]
768.8 :    8 : [791, 798, 814, 822, 826, 833, 842, 849]
768.9 :    2 : [824, 881]
769.0 :   11 : [786, 788, 790, 793, 797, 815, 823, 832, 846, 856, 878]
769.1 :   10 : [810, 816, 821, 836, 837, 852, 858, 860, 865, 871]
769.2 :    5 : [796, 799, 817, 835, 843]
769.3 :    3 : [794, 807, 879]
769.4 :    9 : [792, 811, 818, 838, 845, 861, 866, 872, 876]
769.5 :    1 : [802]
769.6 :    4 : [795, 805, 839, 868]
769.7 :    1 : [841]
769.8 :    3 : [812, 827, 831]
770.0 :    1 : [853]
770.1 :    1 : [847]
771.2 :    2 : [800, 859]
771.3 :    1 : [813]
771.4 :    1 : [875]
771.5 :    1 : [870]
771.7 :    1 : [881]
771.8 :    5 : [801, 806, 814, 820, 848]
771.9 :    5 : [808, 809, 823, 830, 840]
772.0 :    5 : [789, 797, 815, 828, 844]
772.1 :    2 : [787, 880]
772.2 :    8 : [793, 819, 822, 824, 826, 850, 873, 877]
772.3 :    3 : [851, 863, 871]
772.4 :    5 : [790, 802, 810, 833, 842]
772.5 :    3 : [807, 846, 869]
772.6 :    2 : [867, 872]
772.7 :    2 : [832, 874]
772.8 :    7 : [803, 811, 816, 856, 857, 858, 860]
772.9 :    1 : [837]
773.0 :    3 : [791, 798, 854]
773.1 :    1 : [879]
773.2 :    2 : [839, 841]
773.3 :    1 : [799]
773.4 :    2 : [831, 835]
773.5 :    1 : [795]
773.6 :    4 : [825, 862, 864, 876]
773.7 :    3 : [821, 852, 866]
773.9 :    1 : [786]
774.0 :    1 : [845]
774.1 :    1 : [827]
774.2 :    1 : [836]
774.4 :    2 : [838, 847]
774.6 :    1 : [861]
774.7 :    1 : [788]
775.0 :    2 : [796, 853]
775.1 :    3 : [792, 794, 817]
775.2 :    1 : [849]
775.3 :    2 : [878, 881]
775.4 :    5 : [818, 823, 828, 848, 877]
775.5 :    2 : [793, 820]
775.6 :    2 : [806, 814]
775.7 :    1 : [801]
775.8 :    1 : [840]
775.9 :    1 : [824]
776.0 :    2 : [815, 826]
776.1 :    4 : [797, 832, 842, 873]
776.2 :    1 : [816]
776.3 :    4 : [789, 790, 856, 871]
776.4 :    3 : [800, 807, 859]
776.5 :    4 : [833, 837, 858, 880]
776.7 :    1 : [863]
776.9 :    1 : [846]
777.1 :    2 : [850, 872]
777.2 :    9 : [791, 795, 802, 803, 829, 854, 860, 876, 879]
777.3 :    5 : [798, 805, 810, 855, 867]
777.4 :    2 : [787, 811]
777.5 :    1 : [870]
777.6 :    1 : [799]
777.7 :    1 : [869]
777.8 :    1 : [864]
778.1 :    2 : [865, 874]
778.2 :    1 : [868]
778.3 :    2 : [788, 794]
778.5 :    3 : [793, 812, 839]
778.6 :    1 : [861]
778.7 :    3 : [792, 796, 801]
778.8 :    2 : [835, 877]
779.0 :    2 : [823, 843]
779.6 :    1 : [881]
779.7 :    4 : [817, 821, 831, 838]
779.8 :    5 : [806, 819, 820, 848, 853]
779.9 :    2 : [816, 836]
780.0 :    2 : [832, 873]
780.1 :    3 : [814, 828, 842]
780.3 :    4 : [798, 833, 845, 849]
780.4 :    2 : [854, 866]
780.6 :    5 : [786, 815, 846, 852, 871]
780.7 :    7 : [822, 827, 834, 840, 844, 847, 872]
780.8 :   10 : [797, 808, 809, 811, 813, 825, 841, 858, 860, 876]
780.9 :    3 : [790, 807, 851]
781.0 :    3 : [802, 859, 875]
781.1 :    1 : [830]
781.2 :    1 : [799]
781.3 :    4 : [801, 863, 878, 879]
781.4 :    1 : [803]
781.5 :    1 : [789]
781.6 :    2 : [787, 880]
781.7 :    1 : [791]
781.8 :    1 : [793]
782.0 :    2 : [837, 857]
782.5 :    1 : [795]
783.9 :    4 : [839, 856, 869, 877]
784.0 :    2 : [823, 826]
784.1 :    4 : [824, 850, 873, 881]
784.2 :    6 : [805, 810, 820, 835, 848, 874]
784.3 :    2 : [800, 867]
784.5 :    2 : [842, 871]
784.6 :    2 : [806, 815]
784.9 :    1 : [814]
785.0 :    2 : [832, 833]
785.2 :    1 : [819]
785.5 :    5 : [788, 792, 794, 811, 872]
785.6 :    6 : [796, 802, 816, 828, 840, 858]
785.7 :    4 : [790, 846, 860, 861]
785.9 :    2 : [818, 864]
786.0 :    1 : [801]
786.1 :    1 : [793]
786.2 :    2 : [799, 817]
786.5 :    1 : [791]
786.6 :    1 : [853]
786.7 :    2 : [798, 821]
786.8 :    3 : [797, 831, 863]
786.9 :    6 : [789, 795, 807, 837, 870, 880]
787.0 :    3 : [812, 859, 866]
787.1 :    1 : [852]
787.2 :    3 : [823, 854, 878]
787.3 :    1 : [877]
787.4 :    1 : [820]
787.5 :    1 : [876]
787.6 :    3 : [842, 871, 879]
787.7 :    2 : [847, 873]
787.8 :    3 : [803, 824, 848]
788.2 :    1 : [826]
788.3 :    1 : [806]
788.7 :    1 : [800]
788.8 :    2 : [815, 856]
788.9 :    3 : [810, 839, 881]
789.0 :    2 : [841, 868]
789.1 :    3 : [829, 832, 845]
789.2 :    2 : [814, 849]
789.3 :    1 : [865]
789.4 :    2 : [792, 816]
789.5 :    5 : [811, 851, 855, 858, 869]
789.6 :    4 : [787, 788, 796, 833]
789.7 :    1 : [794]
789.8 :    1 : [793]
789.9 :    4 : [799, 801, 825, 872]
790.0 :    3 : [840, 850, 860]
790.1 :    3 : [790, 867, 877]
790.2 :    3 : [791, 802, 828]
790.3 :    1 : [817]
790.4 :    3 : [795, 820, 846]
790.5 :    1 : [823]
790.7 :    2 : [837, 861]
791.0 :    1 : [864]
791.1 :    2 : [819, 824]
791.5 :    1 : [873]
791.8 :    1 : [842]
792.3 :    8 : [798, 821, 827, 835, 836, 848, 853, 871]
792.4 :    1 : [852]
792.5 :    3 : [854, 863, 866]
792.6 :    2 : [806, 862]
792.7 :    4 : [797, 808, 809, 831]
792.8 :    1 : [874]
792.9 :    3 : [786, 833, 881]
793.0 :    3 : [807, 818, 832]
793.1 :    4 : [826, 845, 847, 879]
793.2 :    6 : [788, 791, 801, 814, 815, 877]
793.3 :    4 : [822, 828, 838, 876]
793.4 :    4 : [796, 805, 811, 816]
793.5 :    3 : [820, 839, 860]
793.6 :    3 : [803, 846, 869]
793.7 :    2 : [799, 829]
793.8 :    1 : [793]
793.9 :    2 : [794, 858]
794.0 :    3 : [789, 856, 872]
794.1 :    4 : [790, 817, 840, 843]
794.2 :    2 : [792, 849]
794.4 :    3 : [823, 830, 859]
794.5 :    2 : [802, 870]
794.6 :    2 : [855, 875]
794.7 :    1 : [861]
794.8 :    2 : [810, 841]
794.9 :    4 : [812, 813, 867, 880]
795.0 :    1 : [865]
795.2 :    1 : [819]
795.3 :    3 : [800, 824, 825]
795.4 :    1 : [878]
795.5 :    1 : [850]
795.6 :    1 : [848]
795.7 :    2 : [806, 864]
795.8 :    1 : [873]
795.9 :    5 : [795, 835, 837, 842, 881]
796.0 :    1 : [871]
796.1 :    4 : [854, 857, 868, 877]
796.2 :    6 : [798, 801, 814, 815, 820, 821]
796.3 :    4 : [791, 826, 866, 874]
796.5 :    3 : [833, 863, 879]
796.6 :    1 : [788]
796.7 :    3 : [811, 836, 869]
796.8 :    3 : [797, 799, 860]
796.9 :    1 : [845]
797.0 :    4 : [807, 816, 839, 846]
797.1 :    1 : [832]
797.4 :    1 : [796]
797.7 :    3 : [805, 828, 858]
797.8 :    3 : [794, 822, 827]
797.9 :    3 : [802, 840, 872]
798.1 :    2 : [793, 856]
798.2 :    2 : [831, 859]
798.3 :    5 : [786, 787, 790, 838, 851]
798.4 :    1 : [844]
798.5 :    1 : [841]
798.6 :    1 : [823]
798.7 :    1 : [848]
798.8 :    1 : [880]
799.0 :    4 : [801, 853, 876, 881]
799.2 :    1 : [871]
799.3 :    2 : [819, 873]
799.5 :    1 : [829]
799.6 :    2 : [792, 842]
799.7 :    7 : [803, 806, 814, 815, 835, 861, 877]
799.8 :    7 : [791, 795, 811, 816, 817, 820, 849]
799.9 :    9 : [788, 789, 798, 799, 833, 852, 854, 870, 875]
800.0 :    9 : [800, 810, 824, 830, 847, 863, 867, 874, 879]
800.1 :    9 : [808, 809, 821, 832, 839, 860, 865, 869, 878]
800.2 :    4 : [796, 807, 846, 850]
800.3 :    2 : [797, 837]
800.4 :    2 : [812, 826]
800.5 :    5 : [825, 836, 845, 864, 866]
800.6 :    2 : [840, 858]
800.8 :    1 : [794]
801.0 :    1 : [802]
801.3 :    1 : [828]
801.7 :    2 : [793, 856]
802.5 :    1 : [855]
802.7 :    1 : [868]
802.9 :    1 : [823]
803.0 :    2 : [801, 872]
803.1 :    4 : [790, 859, 877, 881]
803.2 :    1 : [792]
803.4 :    4 : [806, 816, 822, 848]
803.5 :    3 : [788, 814, 871]
803.6 :    4 : [796, 799, 805, 815]
803.7 :    4 : [802, 811, 835, 841]
803.8 :    2 : [858, 873]
803.9 :    2 : [819, 857]
804.0 :    2 : [832, 860]
804.1 :    2 : [794, 821]
804.2 :    2 : [820, 839]
804.4 :    2 : [791, 827]
804.5 :    2 : [824, 842]
804.6 :    1 : [854]
804.8 :    1 : [853]
806.0 :    2 : [817, 861]
806.1 :    4 : [789, 795, 863, 879]
806.2 :    3 : [793, 812, 874]
806.3 :    4 : [818, 825, 826, 833]
806.4 :    7 : [800, 810, 813, 840, 846, 856, 877]
806.5 :    3 : [837, 865, 875]
806.6 :    2 : [792, 823]
806.7 :    2 : [806, 828]
806.9 :    2 : [807, 867]
807.0 :    2 : [831, 866]
807.3 :    2 : [880, 881]
807.4 :    1 : [820]
807.6 :    1 : [801]
808.0 :    4 : [802, 814, 815, 816]
808.1 :    1 : [790]
808.2 :    3 : [858, 859, 872]
808.5 :    4 : [788, 796, 824, 848]
808.6 :    3 : [797, 850, 871]
808.7 :    5 : [794, 798, 799, 832, 873]
808.8 :    5 : [819, 835, 845, 860, 869]
808.9 :    2 : [811, 841]
809.0 :    2 : [787, 822]
809.1 :    1 : [839]
809.3 :    2 : [786, 852]
809.6 :    2 : [821, 877]
809.7 :    1 : [842]
810.1 :    1 : [836]
810.2 :    4 : [829, 849, 854, 870]
810.3 :    3 : [793, 827, 833]
810.4 :    4 : [791, 846, 864, 868]
810.5 :    7 : [792, 806, 823, 828, 847, 876, 881]
810.6 :    2 : [843, 856]
810.7 :    4 : [817, 820, 826, 855]
810.8 :    7 : [808, 809, 840, 853, 861, 862, 879]
810.9 :    6 : [801, 810, 814, 825, 837, 878]
811.1 :    5 : [795, 815, 816, 851, 863]
811.2 :    4 : [790, 803, 807, 831]
811.3 :    2 : [800, 818]
811.4 :    5 : [789, 797, 830, 838, 848]
811.5 :    2 : [866, 867]
811.6 :    4 : [802, 858, 872, 880]
811.7 :    2 : [832, 844]
811.8 :    3 : [859, 871, 873]
811.9 :    1 : [824]
