       0.0    522.7      522.7  0.0 15:04:14.904350
     522.7    506.6     1029.3 10.0 15:05:18.249338
    1029.3    507.0     1536.3 20.0 15:06:21.644337
    1536.3    506.1     2042.4 30.0 15:07:24.930374
    2042.4    504.9     2547.4 40.0 15:08:28.201534
    2547.4    504.9     3052.3 50.0 15:09:31.380201
    3052.3    506.0     3558.3 60.0 15:10:34.676640
    3558.3    506.3     4064.6 70.0 15:11:38.010742
    4064.6    506.2     4570.8 80.0 15:12:41.334812
    4570.8    506.3     5077.2 90.0 15:13:44.672774
    5077.2    506.4     5583.6 100.0 15:14:48.018593
    5583.6    507.2     6090.8 110.0 15:15:51.475563
    6090.8    507.1     6597.9 120.0 15:16:54.911724
    6597.9    507.5     7105.3 130.0 15:17:58.391693
    7105.3    507.0     7612.4 140.0 15:19:01.847467
    7612.4    507.5     8119.9 150.0 15:20:05.332884
    8119.9    506.0     8625.8 160.0 15:21:08.905009
    8625.8    507.7     9133.5 170.0 15:22:12.386998
    9133.5    507.5     9641.0 180.0 15:23:15.847395
    9641.0    507.0    10148.0 190.0 15:24:19.240427
   10148.0    507.0    10655.0 200.0 15:25:22.649537
   10655.0    507.0    11162.0 210.0 15:26:26.056178
   11162.0    507.0    11669.0 220.0 15:27:29.462967
   11669.0    506.7    12175.7 230.0 15:28:32.820923
   12175.7    506.5    12682.2 240.0 15:29:36.154615
   12682.2    504.8    13187.0 250.0 15:30:39.403740
   13187.0    505.5    13692.5 260.0 15:31:42.644986
   13692.5    503.4    14195.9 270.0 15:32:45.852485
   14195.9    505.9    14701.8 280.0 15:33:49.110494
   14701.8    506.2    15208.0 290.0 15:34:52.402101
   15208.0    506.3    15714.3 300.0 15:35:55.705469
   15714.3    506.3    16220.6 310.0 15:36:59.002254
   16220.6    505.0    16725.6 320.0 15:38:02.395057
   16725.6    502.7    17228.3 330.0 15:39:05.547485
   17228.3    506.0    17734.3 340.0 15:40:08.815670
   17734.3    506.5    18240.8 350.0 15:41:12.138362
   18240.8    506.1    18746.9 360.0 15:42:15.421450
   18746.9    506.2    19253.1 370.0 15:43:18.709544
   19253.1    505.0    19758.1 380.0 15:44:21.976044
   19758.1    505.8    20264.0 390.0 15:45:25.247635
   20264.0    505.8    20769.8 400.0 15:46:28.512908
   20769.8    506.0    21275.8 410.0 15:47:31.813307
   21275.8    506.9    21782.8 420.0 15:48:35.221459
   21782.8    506.4    22289.1 430.0 15:49:38.558568
   22289.1    506.7    22795.8 440.0 15:50:41.938418
   22795.8    506.1    23302.0 450.0 15:51:45.246229
   23302.0    506.1    23808.0 460.0 15:52:48.546112
   23808.0    504.2    24312.3 470.0 15:53:51.818193
   24312.3    506.4    24818.7 480.0 15:54:55.132841
   24818.7    506.6    25325.2 490.0 15:55:58.471273
   25325.2    506.5    25831.7 500.0 15:57:01.798026
   25831.7    506.3    26338.1 510.0 15:58:05.104615
   26338.1    506.3    26844.4 520.0 15:59:08.410078
   26844.4    506.4    27350.8 530.0 16:00:11.720553
   27350.8    506.6    27857.3 540.0 16:01:15.056655
   27857.3    505.5    28362.8 550.0 16:02:18.377728
   28362.8    506.6    28869.5 560.0 16:03:21.748900
   28869.5    506.4    29375.9 570.0 16:04:25.092516
   29375.9    506.1    29882.0 580.0 16:05:28.393138
   29882.0    506.0    30388.0 590.0 16:06:31.684893
   30388.0    506.1    30894.1 600.0 16:07:34.991601
   30894.1    506.0    31400.1 610.0 16:08:38.284281
   31400.1    506.3    31906.4 620.0 16:09:41.611543
   31906.4    506.3    32412.7 630.0 16:10:44.936349
   32412.7    506.2    32918.9 640.0 16:11:48.250346
   32918.9    506.2    33425.0 650.0 16:12:51.563657
   33425.0    506.0    33931.0 660.0 16:13:54.854268
   33931.0    506.2    34437.2 670.0 16:14:58.166734
   34437.2    506.2    34943.4 680.0 16:16:01.478112
   34943.4    506.4    35449.8 690.0 16:17:04.825535
   35449.8    506.1    35955.8 700.0 16:18:08.127070
   35955.8    505.0    36460.8 710.0 16:19:11.432156
   36460.8    507.3    36968.1 720.0 16:20:14.853564
   36968.1    508.1    37476.1 730.0 16:21:18.376810
   37476.1    507.4    37983.5 740.0 16:22:21.813581
   37983.5    507.3    38490.8 750.0 16:23:25.239369
   38490.8    506.5    38997.3 760.0 16:24:28.625504
   38997.3    507.7    39505.0 770.0 16:25:32.103393
   39505.0    507.4    40012.4 780.0 16:26:35.547113
   40012.4    507.6    40520.0 790.0 16:27:39.009252
   40520.0    507.4    41027.4 800.0 16:28:42.444014
   41027.4    503.2    41530.6 810.0 16:29:45.679711
   41530.6    507.0    42037.6 820.0 16:30:49.075850
   42037.6    506.8    42544.4 830.0 16:31:52.439184
   42544.4    506.9    43051.2 840.0 16:32:55.811292
   43051.2    507.0    43558.2 850.0 16:33:59.193809
   43558.2    505.1    44063.3 860.0 16:35:02.491396
   44063.3    505.3    44568.6 870.0 16:36:06.143058
   44568.6    507.0    45075.6 880.0 16:37:09.526504
   45075.6    506.9    45582.5 890.0 16:38:12.910685
   45582.5    506.8    46089.2 900.0 16:39:16.273501
   46089.2    507.0    46596.2 910.0 16:40:19.659320
   46596.2    505.8    47102.0 920.0 16:41:22.946102
   47102.0    507.2    47609.3 930.0 16:42:26.365088
   47609.3    506.8    48116.0 940.0 16:43:29.723625
   48116.0    506.8    48622.8 950.0 16:44:33.085240
   48622.8    506.6    49129.4 960.0 16:45:36.436418
   49129.4    506.8    49636.2 970.0 16:46:39.799181
   49636.2    506.7    50142.9 980.0 16:47:43.145982
   50142.9    506.8    50649.7 990.0 16:48:46.513813
