Name: NAc [GABA1], Title: Raster plot from device '30073', Hist: False
417.3 :    2 : [283, 289]
417.4 :    2 : [284, 287]
417.5 :    6 : [285, 285, 292, 292, 292, 292]
419.6 :    1 : [289]
419.7 :    2 : [283, 287]
419.8 :    7 : [284, 285, 285, 292, 292, 292, 292]
421.7 :    1 : [289]
421.8 :    2 : [283, 287]
421.9 :    7 : [284, 285, 285, 292, 292, 292, 292]
423.8 :    1 : [289]
423.9 :    2 : [283, 287]
424.0 :    7 : [284, 285, 285, 292, 292, 292, 292]
425.9 :    1 : [289]
426.0 :    2 : [283, 287]
426.1 :    7 : [284, 285, 285, 292, 292, 292, 292]
428.0 :    1 : [289]
428.1 :    2 : [283, 287]
428.2 :    7 : [284, 285, 285, 292, 292, 292, 292]
430.1 :    1 : [289]
430.2 :    2 : [283, 287]
430.3 :    7 : [284, 285, 285, 292, 292, 292, 292]
432.2 :    1 : [289]
432.3 :    2 : [283, 287]
432.4 :    7 : [284, 285, 285, 292, 292, 292, 292]
434.3 :    1 : [289]
434.4 :    2 : [283, 287]
434.5 :    7 : [284, 285, 285, 292, 292, 292, 292]
436.4 :    1 : [289]
436.5 :    2 : [283, 287]
436.6 :    7 : [284, 285, 285, 292, 292, 292, 292]
438.5 :    1 : [289]
438.6 :    2 : [283, 287]
438.7 :    7 : [284, 285, 285, 292, 292, 292, 292]
440.6 :    1 : [289]
440.7 :    2 : [283, 287]
440.8 :    7 : [284, 285, 285, 292, 292, 292, 292]
442.7 :    1 : [289]
442.8 :    2 : [283, 287]
442.9 :    7 : [284, 285, 285, 292, 292, 292, 292]
444.8 :    1 : [289]
444.9 :    2 : [283, 287]
445.0 :    7 : [284, 285, 285, 292, 292, 292, 292]
446.9 :    1 : [289]
447.0 :    2 : [283, 287]
447.1 :    7 : [284, 285, 285, 292, 292, 292, 292]
449.0 :    1 : [289]
449.1 :    2 : [283, 287]
449.2 :    7 : [284, 285, 285, 292, 292, 292, 292]
451.1 :    1 : [289]
451.2 :    2 : [283, 287]
451.3 :    7 : [284, 285, 285, 292, 292, 292, 292]
453.2 :    1 : [289]
453.3 :    2 : [283, 287]
453.4 :    7 : [284, 285, 285, 292, 292, 292, 292]
455.3 :    1 : [289]
455.4 :    2 : [283, 287]
455.5 :    7 : [284, 285, 285, 292, 292, 292, 292]
457.4 :    1 : [289]
457.5 :    2 : [283, 287]
457.6 :    7 : [284, 285, 285, 292, 292, 292, 292]
459.5 :    1 : [289]
459.6 :    2 : [283, 287]
459.7 :    7 : [284, 285, 285, 292, 292, 292, 292]
461.6 :    1 : [289]
461.7 :    2 : [283, 287]
461.8 :    7 : [284, 285, 285, 292, 292, 292, 292]
463.7 :    1 : [289]
463.8 :    2 : [283, 287]
463.9 :    7 : [284, 285, 285, 292, 292, 292, 292]
465.8 :    1 : [289]
465.9 :    2 : [283, 287]
466.0 :    7 : [284, 285, 285, 292, 292, 292, 292]
467.9 :    1 : [289]
468.0 :    2 : [283, 287]
468.1 :    7 : [284, 285, 285, 292, 292, 292, 292]
470.0 :    1 : [289]
470.1 :    2 : [283, 287]
470.2 :    7 : [284, 285, 285, 292, 292, 292, 292]
472.1 :    1 : [289]
472.2 :    2 : [283, 287]
472.3 :    7 : [284, 285, 285, 292, 292, 292, 292]
474.2 :    1 : [289]
474.3 :    2 : [283, 287]
474.4 :    7 : [284, 285, 285, 292, 292, 292, 292]
476.3 :    1 : [289]
476.4 :    2 : [283, 287]
476.5 :    7 : [284, 285, 285, 292, 292, 292, 292]
478.4 :    1 : [289]
478.5 :    2 : [283, 287]
478.6 :    7 : [284, 285, 285, 292, 292, 292, 292]
480.5 :    1 : [289]
480.6 :    2 : [283, 287]
480.7 :    7 : [284, 285, 285, 292, 292, 292, 292]
482.6 :    1 : [289]
482.7 :    2 : [283, 287]
482.8 :    7 : [284, 285, 285, 292, 292, 292, 292]
484.7 :    1 : [289]
484.8 :    2 : [283, 287]
484.9 :    7 : [284, 285, 285, 292, 292, 292, 292]
486.8 :    1 : [289]
486.9 :    2 : [283, 287]
487.0 :    7 : [284, 285, 285, 292, 292, 292, 292]
488.9 :    1 : [289]
489.0 :    2 : [283, 287]
489.1 :    7 : [284, 285, 285, 292, 292, 292, 292]
491.0 :    1 : [289]
491.1 :    2 : [283, 287]
491.2 :    7 : [284, 285, 285, 292, 292, 292, 292]
493.1 :    1 : [289]
493.2 :    2 : [283, 287]
493.3 :    7 : [284, 285, 285, 292, 292, 292, 292]
495.2 :    1 : [289]
495.3 :    2 : [283, 287]
495.4 :    7 : [284, 285, 285, 292, 292, 292, 292]
497.3 :    1 : [289]
497.4 :    2 : [283, 287]
497.5 :    7 : [284, 285, 285, 292, 292, 292, 292]
499.4 :    1 : [289]
499.5 :    2 : [283, 287]
499.6 :    7 : [284, 285, 285, 292, 292, 292, 292]
501.5 :    1 : [289]
501.6 :    2 : [283, 287]
501.7 :    7 : [284, 285, 285, 292, 292, 292, 292]
503.6 :    1 : [289]
503.7 :    2 : [283, 287]
503.8 :    7 : [284, 285, 285, 292, 292, 292, 292]
505.7 :    1 : [289]
505.8 :    2 : [283, 287]
505.9 :    7 : [284, 285, 285, 292, 292, 292, 292]
507.8 :    1 : [289]
507.9 :    2 : [283, 287]
508.0 :    7 : [284, 285, 285, 292, 292, 292, 292]
509.9 :    1 : [289]
510.0 :    2 : [283, 287]
510.1 :    7 : [284, 285, 285, 292, 292, 292, 292]
512.0 :    1 : [289]
512.1 :    2 : [283, 287]
512.2 :    7 : [284, 285, 285, 292, 292, 292, 292]
514.1 :    1 : [289]
514.2 :    2 : [283, 287]
514.3 :    7 : [284, 285, 285, 292, 292, 292, 292]
516.2 :    1 : [289]
516.3 :    2 : [283, 287]
516.4 :    7 : [284, 285, 285, 292, 292, 292, 292]
518.3 :    1 : [289]
518.4 :    2 : [283, 287]
518.5 :    7 : [284, 285, 285, 292, 292, 292, 292]
520.4 :    1 : [289]
520.5 :    2 : [283, 287]
520.6 :    7 : [284, 285, 285, 292, 292, 292, 292]
522.5 :    1 : [289]
522.6 :    2 : [283, 287]
522.7 :    7 : [284, 285, 285, 292, 292, 292, 292]
524.6 :    1 : [289]
524.7 :    2 : [283, 287]
524.8 :    7 : [284, 285, 285, 292, 292, 292, 292]
526.7 :    1 : [289]
526.8 :    2 : [283, 287]
526.9 :    7 : [284, 285, 285, 292, 292, 292, 292]
528.8 :    1 : [289]
528.9 :    2 : [283, 287]
529.0 :    7 : [284, 285, 285, 292, 292, 292, 292]
530.9 :    1 : [289]
531.0 :    2 : [283, 287]
531.1 :    7 : [284, 285, 285, 292, 292, 292, 292]
533.0 :    1 : [289]
533.1 :    2 : [283, 287]
533.2 :    7 : [284, 285, 285, 292, 292, 292, 292]
535.1 :    1 : [289]
535.2 :    2 : [283, 287]
535.3 :    7 : [284, 285, 285, 292, 292, 292, 292]
537.2 :    1 : [289]
537.3 :    2 : [283, 287]
537.4 :    7 : [284, 285, 285, 292, 292, 292, 292]
539.3 :    1 : [289]
539.4 :    2 : [283, 287]
539.5 :    7 : [284, 285, 285, 292, 292, 292, 292]
541.4 :    1 : [289]
541.5 :    2 : [283, 287]
541.6 :    7 : [284, 285, 285, 292, 292, 292, 292]
543.5 :    1 : [289]
543.6 :    2 : [283, 287]
543.7 :    7 : [284, 285, 285, 292, 292, 292, 292]
545.6 :    1 : [289]
545.7 :    2 : [283, 287]
545.8 :    7 : [284, 285, 285, 292, 292, 292, 292]
547.7 :    1 : [289]
547.8 :    2 : [283, 287]
547.9 :    7 : [284, 285, 285, 292, 292, 292, 292]
549.8 :    1 : [289]
549.9 :    2 : [283, 287]
550.0 :    7 : [284, 285, 285, 292, 292, 292, 292]
551.9 :    1 : [289]
552.0 :    2 : [283, 287]
552.1 :    7 : [284, 285, 285, 292, 292, 292, 292]
554.0 :    1 : [289]
554.1 :    2 : [283, 287]
554.2 :    7 : [284, 285, 285, 292, 292, 292, 292]
556.1 :    1 : [289]
556.2 :    2 : [283, 287]
556.3 :    7 : [284, 285, 285, 292, 292, 292, 292]
558.2 :    1 : [289]
558.3 :    2 : [283, 287]
558.4 :    7 : [284, 285, 285, 292, 292, 292, 292]
560.3 :    1 : [289]
560.4 :    2 : [283, 287]
560.5 :    7 : [284, 285, 285, 292, 292, 292, 292]
562.4 :    1 : [289]
562.5 :    2 : [283, 287]
562.6 :    7 : [284, 285, 285, 292, 292, 292, 292]
564.5 :    1 : [289]
564.6 :    2 : [283, 287]
564.7 :    7 : [284, 285, 285, 292, 292, 292, 292]
566.6 :    1 : [289]
566.7 :    2 : [283, 287]
566.8 :    7 : [284, 285, 285, 292, 292, 292, 292]
568.7 :    1 : [289]
568.8 :    2 : [283, 287]
568.9 :    7 : [284, 285, 285, 292, 292, 292, 292]
570.8 :    1 : [289]
570.9 :    2 : [283, 287]
571.0 :    7 : [284, 285, 285, 292, 292, 292, 292]
572.9 :    1 : [289]
573.0 :    2 : [283, 287]
573.1 :    7 : [284, 285, 285, 292, 292, 292, 292]
575.0 :    1 : [289]
575.1 :    2 : [283, 287]
575.2 :    7 : [284, 285, 285, 292, 292, 292, 292]
577.1 :    1 : [289]
577.2 :    2 : [283, 287]
577.3 :    7 : [284, 285, 285, 292, 292, 292, 292]
579.2 :    1 : [289]
579.3 :    2 : [283, 287]
579.4 :    7 : [284, 285, 285, 292, 292, 292, 292]
581.3 :    1 : [289]
581.4 :    2 : [283, 287]
581.5 :    7 : [284, 285, 285, 292, 292, 292, 292]
583.4 :    1 : [289]
583.5 :    2 : [283, 287]
583.6 :    7 : [284, 285, 285, 292, 292, 292, 292]
585.5 :    1 : [289]
585.6 :    2 : [283, 287]
585.7 :    7 : [284, 285, 285, 292, 292, 292, 292]
587.6 :    1 : [289]
587.7 :    2 : [283, 287]
587.8 :    7 : [284, 285, 285, 292, 292, 292, 292]
589.7 :    1 : [289]
589.8 :    2 : [283, 287]
589.9 :    7 : [284, 285, 285, 292, 292, 292, 292]
591.8 :    1 : [289]
591.9 :    2 : [283, 287]
592.0 :    7 : [284, 285, 285, 292, 292, 292, 292]
593.9 :    1 : [289]
594.0 :    2 : [283, 287]
594.1 :    7 : [284, 285, 285, 292, 292, 292, 292]
596.0 :    1 : [289]
596.1 :    2 : [283, 287]
596.2 :    7 : [284, 285, 285, 292, 292, 292, 292]
598.1 :    1 : [289]
598.2 :    2 : [283, 287]
598.3 :    7 : [284, 285, 285, 292, 292, 292, 292]
600.2 :    1 : [289]
600.3 :    2 : [283, 287]
600.4 :    7 : [284, 285, 285, 292, 292, 292, 292]
602.3 :    1 : [289]
602.4 :    2 : [283, 287]
602.5 :    7 : [284, 285, 285, 292, 292, 292, 292]
604.4 :    1 : [289]
604.5 :    2 : [283, 287]
604.6 :    7 : [284, 285, 285, 292, 292, 292, 292]
606.5 :    1 : [289]
606.6 :    2 : [283, 287]
606.7 :    7 : [284, 285, 285, 292, 292, 292, 292]
608.6 :    1 : [289]
608.7 :    2 : [283, 287]
608.8 :    7 : [284, 285, 285, 292, 292, 292, 292]
610.7 :    1 : [289]
610.8 :    2 : [283, 287]
610.9 :    7 : [284, 285, 285, 292, 292, 292, 292]
612.8 :    1 : [289]
612.9 :    2 : [283, 287]
613.0 :    7 : [284, 285, 285, 292, 292, 292, 292]
614.9 :    1 : [289]
615.0 :    2 : [283, 287]
615.1 :    7 : [284, 285, 285, 292, 292, 292, 292]
617.0 :    1 : [289]
617.1 :    2 : [283, 287]
617.2 :    7 : [284, 285, 285, 292, 292, 292, 292]
619.1 :    1 : [289]
619.2 :    2 : [283, 287]
619.3 :    7 : [284, 285, 285, 292, 292, 292, 292]
621.2 :    1 : [289]
621.3 :    2 : [283, 287]
621.4 :    7 : [284, 285, 285, 292, 292, 292, 292]
623.3 :    1 : [289]
623.4 :    2 : [283, 287]
623.5 :    7 : [284, 285, 285, 292, 292, 292, 292]
625.4 :    1 : [289]
625.5 :    2 : [283, 287]
625.6 :    7 : [284, 285, 285, 292, 292, 292, 292]
627.5 :    1 : [289]
627.6 :    2 : [283, 287]
627.7 :    7 : [284, 285, 285, 292, 292, 292, 292]
629.6 :    1 : [289]
629.7 :    2 : [283, 287]
629.8 :    7 : [284, 285, 285, 292, 292, 292, 292]
631.7 :    1 : [289]
631.8 :    2 : [283, 287]
631.9 :    7 : [284, 285, 285, 292, 292, 292, 292]
633.8 :    1 : [289]
633.9 :    2 : [283, 287]
634.0 :    7 : [284, 285, 285, 292, 292, 292, 292]
635.9 :    1 : [289]
636.0 :    2 : [283, 287]
636.1 :    7 : [284, 285, 285, 292, 292, 292, 292]
638.0 :    1 : [289]
638.1 :    2 : [283, 287]
638.2 :    7 : [284, 285, 285, 292, 292, 292, 292]
640.1 :    1 : [289]
640.2 :    2 : [283, 287]
640.3 :    7 : [284, 285, 285, 292, 292, 292, 292]
642.2 :    1 : [289]
642.3 :    2 : [283, 287]
642.4 :    7 : [284, 285, 285, 292, 292, 292, 292]
644.3 :    1 : [289]
644.4 :    2 : [283, 287]
644.5 :    7 : [284, 285, 285, 292, 292, 292, 292]
646.4 :    1 : [289]
646.5 :    2 : [283, 287]
646.6 :    7 : [284, 285, 285, 292, 292, 292, 292]
648.5 :    1 : [289]
648.6 :    2 : [283, 287]
648.7 :    7 : [284, 285, 285, 292, 292, 292, 292]
650.6 :    1 : [289]
650.7 :    2 : [283, 287]
650.8 :    7 : [284, 285, 285, 292, 292, 292, 292]
652.7 :    1 : [289]
652.8 :    2 : [283, 287]
652.9 :    7 : [284, 285, 285, 292, 292, 292, 292]
654.8 :    1 : [289]
654.9 :    2 : [283, 287]
655.0 :    7 : [284, 285, 285, 292, 292, 292, 292]
656.9 :    1 : [289]
657.0 :    2 : [283, 287]
657.1 :    7 : [284, 285, 285, 292, 292, 292, 292]
659.0 :    1 : [289]
659.1 :    2 : [283, 287]
659.2 :    7 : [284, 285, 285, 292, 292, 292, 292]
661.1 :    1 : [289]
661.2 :    2 : [283, 287]
661.3 :    7 : [284, 285, 285, 292, 292, 292, 292]
663.2 :    1 : [289]
663.3 :    2 : [283, 287]
663.4 :    7 : [284, 285, 285, 292, 292, 292, 292]
665.3 :    1 : [289]
665.4 :    2 : [283, 287]
665.5 :    7 : [284, 285, 285, 292, 292, 292, 292]
667.4 :    1 : [289]
667.5 :    2 : [283, 287]
667.6 :    7 : [284, 285, 285, 292, 292, 292, 292]
669.5 :    1 : [289]
669.6 :    2 : [283, 287]
669.7 :    7 : [284, 285, 285, 292, 292, 292, 292]
671.6 :    1 : [289]
671.7 :    2 : [283, 287]
671.8 :    7 : [284, 285, 285, 292, 292, 292, 292]
673.7 :    1 : [289]
673.8 :    2 : [283, 287]
673.9 :    7 : [284, 285, 285, 292, 292, 292, 292]
675.8 :    1 : [289]
675.9 :    2 : [283, 287]
676.0 :    7 : [284, 285, 285, 292, 292, 292, 292]
677.9 :    1 : [289]
678.0 :    2 : [283, 287]
678.1 :    7 : [284, 285, 285, 292, 292, 292, 292]
680.0 :    1 : [289]
680.1 :    2 : [283, 287]
680.2 :    7 : [284, 285, 285, 292, 292, 292, 292]
682.1 :    1 : [289]
682.2 :    2 : [283, 287]
682.3 :    7 : [284, 285, 285, 292, 292, 292, 292]
684.2 :    1 : [289]
684.3 :    2 : [283, 287]
684.4 :    7 : [284, 285, 285, 292, 292, 292, 292]
686.3 :    1 : [289]
686.4 :    2 : [283, 287]
686.5 :    7 : [284, 285, 285, 292, 292, 292, 292]
688.4 :    1 : [289]
688.5 :    2 : [283, 287]
688.6 :    7 : [284, 285, 285, 292, 292, 292, 292]
690.5 :    1 : [289]
690.6 :    2 : [283, 287]
690.7 :    7 : [284, 285, 285, 292, 292, 292, 292]
692.6 :    1 : [289]
692.7 :    2 : [283, 287]
692.8 :    7 : [284, 285, 285, 292, 292, 292, 292]
694.7 :    1 : [289]
694.8 :    2 : [283, 287]
694.9 :    7 : [284, 285, 285, 292, 292, 292, 292]
696.8 :    1 : [289]
696.9 :    2 : [283, 287]
697.0 :    7 : [284, 285, 285, 292, 292, 292, 292]
698.9 :    1 : [289]
699.0 :    2 : [283, 287]
699.1 :    7 : [284, 285, 285, 292, 292, 292, 292]
701.0 :    1 : [289]
701.1 :    2 : [283, 287]
701.2 :    7 : [284, 285, 285, 292, 292, 292, 292]
703.1 :    1 : [289]
703.2 :    2 : [283, 287]
703.3 :    7 : [284, 285, 285, 292, 292, 292, 292]
705.2 :    1 : [289]
705.3 :    2 : [283, 287]
705.4 :    7 : [284, 285, 285, 292, 292, 292, 292]
707.3 :    1 : [289]
707.4 :    2 : [283, 287]
707.5 :    7 : [284, 285, 285, 292, 292, 292, 292]
709.4 :    1 : [289]
709.5 :    2 : [283, 287]
709.6 :    7 : [284, 285, 285, 292, 292, 292, 292]
711.5 :    1 : [289]
711.6 :    2 : [283, 287]
711.7 :    7 : [284, 285, 285, 292, 292, 292, 292]
713.6 :    1 : [289]
713.7 :    2 : [283, 287]
713.8 :    7 : [284, 285, 285, 292, 292, 292, 292]
715.7 :    1 : [289]
715.8 :    2 : [283, 287]
715.9 :    7 : [284, 285, 285, 292, 292, 292, 292]
717.8 :    1 : [289]
717.9 :    2 : [283, 287]
718.0 :    7 : [284, 285, 285, 292, 292, 292, 292]
719.9 :    1 : [289]
720.0 :    2 : [283, 287]
720.1 :    7 : [284, 285, 285, 292, 292, 292, 292]
722.0 :    1 : [289]
722.1 :    2 : [283, 287]
722.2 :    7 : [284, 285, 285, 292, 292, 292, 292]
724.1 :    1 : [289]
724.2 :    2 : [283, 287]
724.3 :    7 : [284, 285, 285, 292, 292, 292, 292]
726.2 :    1 : [289]
726.3 :    2 : [283, 287]
726.4 :    7 : [284, 285, 285, 292, 292, 292, 292]
728.3 :    1 : [289]
728.4 :    2 : [283, 287]
728.5 :    7 : [284, 285, 285, 292, 292, 292, 292]
730.4 :    1 : [289]
730.5 :    2 : [283, 287]
730.6 :    7 : [284, 285, 285, 292, 292, 292, 292]
732.5 :    1 : [289]
732.6 :    2 : [283, 287]
732.7 :    7 : [284, 285, 285, 292, 292, 292, 292]
734.6 :    1 : [289]
734.7 :    2 : [283, 287]
734.8 :    7 : [284, 285, 285, 292, 292, 292, 292]
736.7 :    1 : [289]
736.8 :    2 : [283, 287]
736.9 :    7 : [284, 285, 285, 292, 292, 292, 292]
738.8 :    1 : [289]
738.9 :    2 : [283, 287]
739.0 :    7 : [284, 285, 285, 292, 292, 292, 292]
740.9 :    1 : [289]
741.0 :    2 : [283, 287]
741.1 :    7 : [284, 285, 285, 292, 292, 292, 292]
743.0 :    1 : [289]
743.1 :    2 : [283, 287]
743.2 :    7 : [284, 285, 285, 292, 292, 292, 292]
745.1 :    1 : [289]
745.2 :    2 : [283, 287]
745.3 :    7 : [284, 285, 285, 292, 292, 292, 292]
747.2 :    1 : [289]
747.3 :    2 : [283, 287]
747.4 :    7 : [284, 285, 285, 292, 292, 292, 292]
749.3 :    1 : [289]
749.4 :    2 : [283, 287]
749.5 :    7 : [284, 285, 285, 292, 292, 292, 292]
751.4 :    1 : [289]
751.5 :    2 : [283, 287]
751.6 :    7 : [284, 285, 285, 292, 292, 292, 292]
753.5 :    1 : [289]
753.6 :    2 : [283, 287]
753.7 :    7 : [284, 285, 285, 292, 292, 292, 292]
755.6 :    1 : [289]
755.7 :    2 : [283, 287]
755.8 :    7 : [284, 285, 285, 292, 292, 292, 292]
757.7 :    1 : [289]
757.8 :    2 : [283, 287]
757.9 :    7 : [284, 285, 285, 292, 292, 292, 292]
759.8 :    1 : [289]
759.9 :    2 : [283, 287]
760.0 :    7 : [284, 285, 285, 292, 292, 292, 292]
761.9 :    1 : [289]
762.0 :    2 : [283, 287]
762.1 :    7 : [284, 285, 285, 292, 292, 292, 292]
764.0 :    1 : [289]
764.1 :    2 : [283, 287]
764.2 :    7 : [284, 285, 285, 292, 292, 292, 292]
766.1 :    1 : [289]
766.2 :    2 : [283, 287]
766.3 :    7 : [284, 285, 285, 292, 292, 292, 292]
768.2 :    1 : [289]
768.3 :    2 : [283, 287]
768.4 :    7 : [284, 285, 285, 292, 292, 292, 292]
770.3 :    1 : [289]
770.4 :    2 : [283, 287]
770.5 :    7 : [284, 285, 285, 292, 292, 292, 292]
772.4 :    1 : [289]
772.5 :    2 : [283, 287]
772.6 :    7 : [284, 285, 285, 292, 292, 292, 292]
774.5 :    1 : [289]
774.6 :    2 : [283, 287]
774.7 :    7 : [284, 285, 285, 292, 292, 292, 292]
776.6 :    1 : [289]
776.7 :    2 : [283, 287]
776.8 :    7 : [284, 285, 285, 292, 292, 292, 292]
778.7 :    1 : [289]
778.8 :    2 : [283, 287]
778.9 :    7 : [284, 285, 285, 292, 292, 292, 292]
780.8 :    1 : [289]
780.9 :    2 : [283, 287]
781.0 :    7 : [284, 285, 285, 292, 292, 292, 292]
782.9 :    1 : [289]
783.0 :    2 : [283, 287]
783.1 :    7 : [284, 285, 285, 292, 292, 292, 292]
785.0 :    1 : [289]
785.1 :    2 : [283, 287]
785.2 :    7 : [284, 285, 285, 292, 292, 292, 292]
787.1 :    1 : [289]
787.2 :    2 : [283, 287]
787.3 :    7 : [284, 285, 285, 292, 292, 292, 292]
789.2 :    1 : [289]
789.3 :    2 : [283, 287]
789.4 :    7 : [284, 285, 285, 292, 292, 292, 292]
791.3 :    1 : [289]
791.4 :    2 : [283, 287]
791.5 :    7 : [284, 285, 285, 292, 292, 292, 292]
793.4 :    1 : [289]
793.5 :    2 : [283, 287]
793.6 :    7 : [284, 285, 285, 292, 292, 292, 292]
795.5 :    1 : [289]
795.6 :    2 : [283, 287]
795.7 :    7 : [284, 285, 285, 292, 292, 292, 292]
797.6 :    1 : [289]
797.7 :    2 : [283, 287]
797.8 :    7 : [284, 285, 285, 292, 292, 292, 292]
799.7 :    1 : [289]
799.8 :    2 : [283, 287]
799.9 :    7 : [284, 285, 285, 292, 292, 292, 292]
801.8 :    1 : [289]
801.9 :    2 : [283, 287]
802.0 :    7 : [284, 285, 285, 292, 292, 292, 292]
803.9 :    1 : [289]
804.0 :    2 : [283, 287]
804.1 :    7 : [284, 285, 285, 292, 292, 292, 292]
806.0 :    1 : [289]
806.1 :    2 : [283, 287]
806.2 :    7 : [284, 285, 285, 292, 292, 292, 292]
808.1 :    1 : [289]
808.2 :    2 : [283, 287]
808.3 :    7 : [284, 285, 285, 292, 292, 292, 292]
810.2 :    1 : [289]
810.3 :    2 : [283, 287]
810.4 :    7 : [284, 285, 285, 292, 292, 292, 292]
812.3 :    1 : [289]
812.4 :    2 : [283, 287]
812.5 :    7 : [284, 285, 285, 292, 292, 292, 292]
814.4 :    1 : [289]
814.5 :    2 : [283, 287]
814.6 :    7 : [284, 285, 285, 292, 292, 292, 292]
816.5 :    1 : [289]
816.6 :    2 : [283, 287]
816.7 :    7 : [284, 285, 285, 292, 292, 292, 292]
818.6 :    1 : [289]
818.7 :    2 : [283, 287]
818.8 :    7 : [284, 285, 285, 292, 292, 292, 292]
820.7 :    1 : [289]
820.8 :    2 : [283, 287]
820.9 :    7 : [284, 285, 285, 292, 292, 292, 292]
822.8 :    1 : [289]
822.9 :    2 : [283, 287]
823.0 :    7 : [284, 285, 285, 292, 292, 292, 292]
824.9 :    1 : [289]
825.0 :    2 : [283, 287]
825.1 :    7 : [284, 285, 285, 292, 292, 292, 292]
827.0 :    1 : [289]
827.1 :    2 : [283, 287]
827.2 :    7 : [284, 285, 285, 292, 292, 292, 292]
829.1 :    1 : [289]
829.2 :    2 : [283, 287]
829.3 :    7 : [284, 285, 285, 292, 292, 292, 292]
831.2 :    1 : [289]
831.3 :    2 : [283, 287]
831.4 :    7 : [284, 285, 285, 292, 292, 292, 292]
833.3 :    1 : [289]
833.4 :    2 : [283, 287]
833.5 :    7 : [284, 285, 285, 292, 292, 292, 292]
835.4 :    1 : [289]
835.5 :    2 : [283, 287]
835.6 :    7 : [284, 285, 285, 292, 292, 292, 292]
837.5 :    1 : [289]
837.6 :    2 : [283, 287]
837.7 :    7 : [284, 285, 285, 292, 292, 292, 292]
839.6 :    1 : [289]
839.7 :    2 : [283, 287]
839.8 :    7 : [284, 285, 285, 292, 292, 292, 292]
841.7 :    1 : [289]
841.8 :    2 : [283, 287]
841.9 :    7 : [284, 285, 285, 292, 292, 292, 292]
843.8 :    1 : [289]
843.9 :    2 : [283, 287]
844.0 :    7 : [284, 285, 285, 292, 292, 292, 292]
845.9 :    1 : [289]
846.0 :    2 : [283, 287]
846.1 :    7 : [284, 285, 285, 292, 292, 292, 292]
848.0 :    1 : [289]
848.1 :    2 : [283, 287]
848.2 :    7 : [284, 285, 285, 292, 292, 292, 292]
850.1 :    1 : [289]
850.2 :    2 : [283, 287]
850.3 :    7 : [284, 285, 285, 292, 292, 292, 292]
852.2 :    1 : [289]
852.3 :    2 : [283, 287]
852.4 :    7 : [284, 285, 285, 292, 292, 292, 292]
854.3 :    1 : [289]
854.4 :    2 : [283, 287]
854.5 :    7 : [284, 285, 285, 292, 292, 292, 292]
856.4 :    1 : [289]
856.5 :    2 : [283, 287]
856.6 :    7 : [284, 285, 285, 292, 292, 292, 292]
858.5 :    1 : [289]
858.6 :    2 : [283, 287]
858.7 :    7 : [284, 285, 285, 292, 292, 292, 292]
860.6 :    1 : [289]
860.7 :    2 : [283, 287]
860.8 :    7 : [284, 285, 285, 292, 292, 292, 292]
862.7 :    1 : [289]
862.8 :    2 : [283, 287]
862.9 :    7 : [284, 285, 285, 292, 292, 292, 292]
864.8 :    1 : [289]
864.9 :    2 : [283, 287]
865.0 :    7 : [284, 285, 285, 292, 292, 292, 292]
866.9 :    1 : [289]
867.0 :    2 : [283, 287]
867.1 :    7 : [284, 285, 285, 292, 292, 292, 292]
869.0 :    1 : [289]
869.1 :    2 : [283, 287]
869.2 :    7 : [284, 285, 285, 292, 292, 292, 292]
871.1 :    1 : [289]
871.2 :    2 : [283, 287]
871.3 :    7 : [284, 285, 285, 292, 292, 292, 292]
873.2 :    1 : [289]
873.3 :    2 : [283, 287]
873.4 :    7 : [284, 285, 285, 292, 292, 292, 292]
875.3 :    1 : [289]
875.4 :    2 : [283, 287]
875.5 :    7 : [284, 285, 285, 292, 292, 292, 292]
877.4 :    1 : [289]
877.5 :    2 : [283, 287]
877.6 :    7 : [284, 285, 285, 292, 292, 292, 292]
879.5 :    1 : [289]
879.6 :    2 : [283, 287]
879.7 :    7 : [284, 285, 285, 292, 292, 292, 292]
881.6 :    1 : [289]
881.7 :    2 : [283, 287]
881.8 :    7 : [284, 285, 285, 292, 292, 292, 292]
883.7 :    1 : [289]
883.8 :    2 : [283, 287]
883.9 :    7 : [284, 285, 285, 292, 292, 292, 292]
885.8 :    1 : [289]
885.9 :    2 : [283, 287]
886.0 :    7 : [284, 285, 285, 292, 292, 292, 292]
887.9 :    1 : [289]
888.0 :    2 : [283, 287]
888.1 :    7 : [284, 285, 285, 292, 292, 292, 292]
890.0 :    1 : [289]
890.1 :    2 : [283, 287]
890.2 :    7 : [284, 285, 285, 292, 292, 292, 292]
892.1 :    1 : [289]
892.2 :    2 : [283, 287]
892.3 :    7 : [284, 285, 285, 292, 292, 292, 292]
894.2 :    1 : [289]
894.3 :    2 : [283, 287]
894.4 :    7 : [284, 285, 285, 292, 292, 292, 292]
896.3 :    1 : [289]
896.4 :    2 : [283, 287]
896.5 :    7 : [284, 285, 285, 292, 292, 292, 292]
898.4 :    1 : [289]
898.5 :    2 : [283, 287]
898.6 :    7 : [284, 285, 285, 292, 292, 292, 292]
900.5 :    1 : [289]
900.6 :    2 : [283, 287]
900.7 :    7 : [284, 285, 285, 292, 292, 292, 292]
902.6 :    1 : [289]
902.7 :    2 : [283, 287]
902.8 :    7 : [284, 285, 285, 292, 292, 292, 292]
904.7 :    1 : [289]
904.8 :    2 : [283, 287]
904.9 :    7 : [284, 285, 285, 292, 292, 292, 292]
906.8 :    1 : [289]
906.9 :    2 : [283, 287]
907.0 :    7 : [284, 285, 285, 292, 292, 292, 292]
908.9 :    1 : [289]
909.0 :    2 : [283, 287]
909.1 :    7 : [284, 285, 285, 292, 292, 292, 292]
911.0 :    1 : [289]
911.1 :    2 : [283, 287]
911.2 :    7 : [284, 285, 285, 292, 292, 292, 292]
913.1 :    1 : [289]
913.2 :    2 : [283, 287]
913.3 :    7 : [284, 285, 285, 292, 292, 292, 292]
915.2 :    1 : [289]
915.3 :    2 : [283, 287]
915.4 :    7 : [284, 285, 285, 292, 292, 292, 292]
917.3 :    1 : [289]
917.4 :    2 : [283, 287]
917.5 :    7 : [284, 285, 285, 292, 292, 292, 292]
919.4 :    1 : [289]
919.5 :    2 : [283, 287]
919.6 :    7 : [284, 285, 285, 292, 292, 292, 292]
921.5 :    1 : [289]
921.6 :    2 : [283, 287]
921.7 :    7 : [284, 285, 285, 292, 292, 292, 292]
923.6 :    1 : [289]
923.7 :    2 : [283, 287]
923.8 :    7 : [284, 285, 285, 292, 292, 292, 292]
925.7 :    1 : [289]
925.8 :    2 : [283, 287]
925.9 :    7 : [284, 285, 285, 292, 292, 292, 292]
927.8 :    1 : [289]
927.9 :    2 : [283, 287]
928.0 :    7 : [284, 285, 285, 292, 292, 292, 292]
929.9 :    1 : [289]
930.0 :    2 : [283, 287]
930.1 :    7 : [284, 285, 285, 292, 292, 292, 292]
932.0 :    1 : [289]
932.1 :    2 : [283, 287]
932.2 :    7 : [284, 285, 285, 292, 292, 292, 292]
934.1 :    1 : [289]
934.2 :    2 : [283, 287]
934.3 :    7 : [284, 285, 285, 292, 292, 292, 292]
936.2 :    1 : [289]
936.3 :    2 : [283, 287]
936.4 :    7 : [284, 285, 285, 292, 292, 292, 292]
938.3 :    1 : [289]
938.4 :    2 : [283, 287]
938.5 :    7 : [284, 285, 285, 292, 292, 292, 292]
940.4 :    1 : [289]
940.5 :    2 : [283, 287]
940.6 :    7 : [284, 285, 285, 292, 292, 292, 292]
942.5 :    1 : [289]
942.6 :    2 : [283, 287]
942.7 :    7 : [284, 285, 285, 292, 292, 292, 292]
944.6 :    1 : [289]
944.7 :    2 : [283, 287]
944.8 :    7 : [284, 285, 285, 292, 292, 292, 292]
946.7 :    1 : [289]
946.8 :    2 : [283, 287]
946.9 :    7 : [284, 285, 285, 292, 292, 292, 292]
948.8 :    1 : [289]
948.9 :    2 : [283, 287]
949.0 :    7 : [284, 285, 285, 292, 292, 292, 292]
950.9 :    1 : [289]
951.0 :    2 : [283, 287]
951.1 :    7 : [284, 285, 285, 292, 292, 292, 292]
953.0 :    1 : [289]
953.1 :    2 : [283, 287]
953.2 :    7 : [284, 285, 285, 292, 292, 292, 292]
955.1 :    1 : [289]
955.2 :    2 : [283, 287]
955.3 :    7 : [284, 285, 285, 292, 292, 292, 292]
957.2 :    1 : [289]
957.3 :    2 : [283, 287]
957.4 :    7 : [284, 285, 285, 292, 292, 292, 292]
959.3 :    1 : [289]
959.4 :    2 : [283, 287]
959.5 :    7 : [284, 285, 285, 292, 292, 292, 292]
961.4 :    1 : [289]
961.5 :    2 : [283, 287]
961.6 :    7 : [284, 285, 285, 292, 292, 292, 292]
963.5 :    1 : [289]
963.6 :    2 : [283, 287]
963.7 :    7 : [284, 285, 285, 292, 292, 292, 292]
965.6 :    1 : [289]
965.7 :    2 : [283, 287]
965.8 :    7 : [284, 285, 285, 292, 292, 292, 292]
967.7 :    1 : [289]
967.8 :    2 : [283, 287]
967.9 :    7 : [284, 285, 285, 292, 292, 292, 292]
969.8 :    1 : [289]
969.9 :    2 : [283, 287]
970.0 :    7 : [284, 285, 285, 292, 292, 292, 292]
971.9 :    1 : [289]
972.0 :    2 : [283, 287]
972.1 :    7 : [284, 285, 285, 292, 292, 292, 292]
974.0 :    1 : [289]
974.1 :    2 : [283, 287]
974.2 :    7 : [284, 285, 285, 292, 292, 292, 292]
976.1 :    1 : [289]
976.2 :    2 : [283, 287]
976.3 :    7 : [284, 285, 285, 292, 292, 292, 292]
978.2 :    1 : [289]
978.3 :    2 : [283, 287]
978.4 :    7 : [284, 285, 285, 292, 292, 292, 292]
980.3 :    1 : [289]
980.4 :    2 : [283, 287]
980.5 :    7 : [284, 285, 285, 292, 292, 292, 292]
982.4 :    1 : [289]
982.5 :    2 : [283, 287]
982.6 :    7 : [284, 285, 285, 292, 292, 292, 292]
984.5 :    1 : [289]
984.6 :    2 : [283, 287]
984.7 :    7 : [284, 285, 285, 292, 292, 292, 292]
986.6 :    1 : [289]
986.7 :    2 : [283, 287]
986.8 :    7 : [284, 285, 285, 292, 292, 292, 292]
988.7 :    1 : [289]
988.8 :    2 : [283, 287]
988.9 :    7 : [284, 285, 285, 292, 292, 292, 292]
990.8 :    1 : [289]
990.9 :    2 : [283, 287]
991.0 :    7 : [284, 285, 285, 292, 292, 292, 292]
992.9 :    1 : [289]
993.0 :    2 : [283, 287]
993.1 :    7 : [284, 285, 285, 292, 292, 292, 292]
995.0 :    1 : [289]
995.1 :    2 : [283, 287]
995.2 :    7 : [284, 285, 285, 292, 292, 292, 292]
997.1 :    1 : [289]
997.2 :    2 : [283, 287]
997.3 :    7 : [284, 285, 285, 292, 292, 292, 292]
