       0.0    705.5      705.5  0.0 15:58:11.535813
     705.5      7.3      712.8 10.0 15:58:14.150529
     712.8      7.4      720.2 20.0 15:58:16.791023
     720.2      7.4      727.6 30.0 15:58:19.588482
     727.6      7.4      735.0 40.0 15:58:22.080256
     735.0      7.2      742.2 50.0 15:58:23.990392
     742.2      7.2      749.4 60.0 15:58:25.808403
     749.4      7.2      756.6 70.0 15:58:27.675440
     756.6      7.2      763.8 80.0 15:58:29.491595
     763.8      7.2      771.0 90.0 15:58:31.429251
     771.0      7.3      778.3 100.0 15:58:33.503466
     778.3      7.5      785.8 110.0 15:58:36.611538
     785.8      7.5      793.3 120.0 15:58:39.817321
     793.3      7.2      800.5 130.0 15:58:41.656851
     800.5      7.1      807.6 140.0 15:58:43.526694
     807.6      7.1      814.7 150.0 15:58:45.402334
     814.7      7.1      821.8 160.0 15:58:47.235133
     821.8      7.1      829.0 170.0 15:58:49.176764
     829.0      7.2      836.1 180.0 15:58:51.091526
     836.1      7.2      843.3 190.0 15:58:52.933867
     843.3      7.3      850.6 200.0 15:58:54.860190
     850.6      7.3      857.9 210.0 15:58:57.033206
     857.9      7.2      865.1 220.0 15:58:58.883641
     865.1      7.2      872.3 230.0 15:59:00.750706
     872.3      7.2      879.5 240.0 15:59:02.635679
     879.5      7.2      886.7 250.0 15:59:04.704682
     886.7      7.2      893.9 260.0 15:59:06.583537
     893.9      7.2      901.1 270.0 15:59:08.400199
     901.1      7.2      908.3 280.0 15:59:10.269851
     908.3      7.2      915.5 290.0 15:59:12.141586
     915.5      7.2      922.8 300.0 15:59:13.968605
     922.8      7.2      930.0 310.0 15:59:15.888375
     930.0      7.2      937.2 320.0 15:59:17.755605
     937.2      7.2      944.4 330.0 15:59:19.570162
     944.4      7.2      951.6 340.0 15:59:21.438024
     951.6      7.2      958.8 350.0 15:59:23.263606
     958.8      7.2      966.0 360.0 15:59:25.138755
     966.0      7.2      973.3 370.0 15:59:27.068757
     973.3      7.6      980.9 380.0 15:59:29.994768
     980.9      7.9      988.8 390.0 15:59:33.532910
     988.8      7.4      996.2 400.0 15:59:36.477595
     996.2      7.6     1003.8 410.0 15:59:39.228167
    1003.8      7.5     1011.4 420.0 15:59:41.363372
    1011.4      7.7     1019.1 430.0 15:59:44.036472
    1019.1      7.6     1026.6 440.0 15:59:46.542000
    1026.6      7.4     1034.0 450.0 15:59:49.128255
    1034.0      7.6     1041.6 460.0 15:59:51.186803
    1041.6      7.7     1049.3 470.0 15:59:53.204833
    1049.3      7.8     1057.2 480.0 15:59:56.293734
    1057.2      7.7     1064.8 490.0 15:59:58.937054
    1064.8      7.8     1072.6 500.0 16:00:01.389905
    1072.6      7.7     1080.3 510.0 16:00:03.424741
    1080.3      7.8     1088.1 520.0 16:00:05.387551
    1088.1      7.9     1096.0 530.0 16:00:08.382059
    1096.0      8.0     1103.9 540.0 16:00:11.620046
    1103.9      8.0     1111.9 550.0 16:00:14.643446
    1111.9      8.0     1119.9 560.0 16:00:17.560417
    1119.9      8.0     1127.9 570.0 16:00:20.828162
    1127.9      8.0     1135.9 580.0 16:00:23.468582
    1135.9      7.9     1143.7 590.0 16:00:26.137929
    1143.7      8.1     1151.8 600.0 16:00:29.075656
    1151.8      7.9     1159.7 610.0 16:00:31.106865
    1159.7      7.9     1167.6 620.0 16:00:33.156430
    1167.6      7.9     1175.5 630.0 16:00:35.152017
    1175.5      7.9     1183.4 640.0 16:00:37.230609
    1183.4      7.9     1191.3 650.0 16:00:39.277212
    1191.3      8.0     1199.3 660.0 16:00:41.352650
    1199.3      8.0     1207.3 670.0 16:00:43.407730
    1207.3      8.0     1215.3 680.0 16:00:45.472202
    1215.3      8.0     1223.3 690.0 16:00:47.499280
    1223.3      8.0     1231.4 700.0 16:00:49.556187
    1231.4      8.1     1239.4 710.0 16:00:51.644497
    1239.4      8.2     1247.6 720.0 16:00:54.107695
    1247.6      8.2     1255.7 730.0 16:00:56.697766
    1255.7      8.2     1263.9 740.0 16:00:59.328671
    1263.9      8.2     1272.2 750.0 16:01:02.220205
    1272.2      8.2     1280.4 760.0 16:01:05.033790
    1280.4      8.2     1288.6 770.0 16:01:07.329593
    1288.6      8.3     1296.9 780.0 16:01:09.936821
    1296.9      8.2     1305.1 790.0 16:01:12.050538
    1305.1      8.2     1313.3 800.0 16:01:14.290959
    1313.3      8.4     1321.7 810.0 16:01:17.111929
    1321.7      8.5     1330.2 820.0 16:01:19.826198
    1330.2      8.4     1338.6 830.0 16:01:22.346703
    1338.6      8.3     1346.9 840.0 16:01:24.488356
    1346.9      8.4     1355.2 850.0 16:01:26.592929
    1355.2      8.3     1363.5 860.0 16:01:28.862803
    1363.5      8.4     1371.9 870.0 16:01:31.674853
    1371.9      8.7     1380.5 880.0 16:01:34.306592
    1380.5      8.7     1389.2 890.0 16:01:37.182567
    1389.2      8.5     1397.7 900.0 16:01:39.495032
    1397.7      8.7     1406.4 910.0 16:01:42.574542
    1406.4      8.7     1415.0 920.0 16:01:45.363519
    1415.0      8.6     1423.6 930.0 16:01:48.252046
    1423.6      8.6     1432.2 940.0 16:01:50.858816
    1432.2      8.6     1440.8 950.0 16:01:53.037953
    1440.8      8.6     1449.4 960.0 16:01:55.256251
    1449.4      8.7     1458.1 970.0 16:01:57.482187
    1458.1      8.7     1466.8 980.0 16:01:59.781132
    1466.8      9.0     1475.8 990.0 16:02:02.723202
