Name: Striatum [D1], Title: Raster plot from device '10405', Hist: False
214.6 :    4 : [1362, 1367, 1412, 1415]
214.8 :    7 : [1332, 1333, 1339, 1352, 1386, 1401, 1424]
214.9 :    8 : [1347, 1361, 1366, 1373, 1380, 1382, 1391, 1408]
215.0 :    2 : [1356, 1383]
215.1 :    5 : [1338, 1345, 1406, 1410, 1420]
215.2 :    9 : [1334, 1335, 1353, 1363, 1368, 1396, 1403, 1425, 1427]
215.3 :    3 : [1377, 1389, 1423]
215.4 :    7 : [1350, 1394, 1395, 1405, 1407, 1414, 1419]
215.5 :    7 : [1355, 1359, 1371, 1375, 1378, 1413, 1417]
215.6 :    5 : [1337, 1340, 1390, 1400, 1402]
215.7 :    3 : [1343, 1358, 1422]
215.8 :    5 : [1372, 1404, 1411, 1416, 1426]
215.9 :    4 : [1329, 1351, 1392, 1418]
216.0 :    2 : [1341, 1388]
216.1 :    4 : [1357, 1374, 1398, 1428]
216.2 :    3 : [1376, 1381, 1409]
216.3 :    1 : [1384]
216.4 :    5 : [1344, 1348, 1354, 1365, 1387]
216.5 :    4 : [1349, 1364, 1393, 1397]
216.6 :    1 : [1360]
216.7 :    1 : [1331]
217.0 :    1 : [1421]
217.1 :    1 : [1333]
217.2 :    4 : [1332, 1386, 1401, 1424]
217.3 :    4 : [1352, 1366, 1373, 1380]
217.4 :    6 : [1330, 1339, 1347, 1356, 1383, 1408]
217.5 :   14 : [1334, 1335, 1353, 1363, 1368, 1382, 1385, 1391, 1396, 1399, 1403, 1415, 1425, 1427]
217.6 :    1 : [1377]
217.7 :    4 : [1346, 1361, 1389, 1423]
217.8 :   11 : [1336, 1350, 1355, 1375, 1378, 1394, 1395, 1405, 1407, 1414, 1419]
217.9 :    6 : [1338, 1359, 1371, 1406, 1413, 1417]
218.0 :    2 : [1367, 1410]
218.1 :    8 : [1342, 1343, 1345, 1358, 1370, 1411, 1412, 1422]
218.2 :    8 : [1329, 1372, 1379, 1392, 1404, 1416, 1418, 1426]
218.3 :    2 : [1340, 1341]
218.4 :    4 : [1337, 1351, 1362, 1388]
218.5 :    2 : [1390, 1420]
218.6 :    4 : [1376, 1381, 1402, 1409]
218.7 :    7 : [1348, 1354, 1365, 1374, 1384, 1400, 1428]
218.8 :    7 : [1344, 1349, 1364, 1387, 1393, 1397, 1398]
219.0 :    2 : [1331, 1357]
219.1 :    1 : [1369]
219.2 :    1 : [1360]
219.3 :    1 : [1421]
219.5 :    2 : [1333, 1386]
219.7 :    5 : [1330, 1332, 1366, 1373, 1380]
219.8 :    8 : [1334, 1352, 1356, 1368, 1383, 1403, 1424, 1427]
219.9 :   11 : [1335, 1339, 1353, 1363, 1382, 1385, 1396, 1399, 1401, 1415, 1425]
220.0 :    4 : [1346, 1347, 1377, 1408]
220.1 :    5 : [1336, 1375, 1391, 1407, 1423]
220.2 :    5 : [1355, 1361, 1389, 1395, 1405]
220.3 :    7 : [1378, 1394, 1406, 1413, 1414, 1417, 1419]
220.4 :    2 : [1338, 1371]
220.5 :    5 : [1343, 1350, 1358, 1392, 1410]
220.6 :    5 : [1345, 1359, 1372, 1411, 1422]
220.7 :    4 : [1367, 1370, 1418, 1426]
220.8 :    5 : [1329, 1341, 1379, 1412, 1416]
220.9 :    5 : [1337, 1340, 1342, 1388, 1404]
221.0 :    1 : [1351]
221.1 :    4 : [1348, 1365, 1376, 1381]
221.2 :   11 : [1344, 1349, 1354, 1364, 1374, 1390, 1393, 1397, 1402, 1409, 1428]
221.3 :    6 : [1331, 1384, 1387, 1398, 1400, 1420]
221.4 :    1 : [1362]
221.5 :    1 : [1357]
221.6 :    2 : [1360, 1421]
221.8 :    2 : [1369, 1386]
222.0 :    4 : [1330, 1333, 1373, 1380]
222.1 :    4 : [1332, 1334, 1356, 1427]
222.2 :    6 : [1335, 1352, 1366, 1383, 1403, 1415]
222.3 :    5 : [1346, 1363, 1368, 1382, 1425]
222.4 :    8 : [1336, 1339, 1347, 1353, 1385, 1399, 1407, 1424]
222.5 :    6 : [1375, 1377, 1396, 1401, 1408, 1423]
222.6 :    4 : [1355, 1361, 1395, 1405]
222.7 :    3 : [1389, 1391, 1406]
222.8 :    4 : [1394, 1413, 1414, 1417]
222.9 :    2 : [1358, 1392]
223.0 :    2 : [1338, 1419]
223.1 :    4 : [1343, 1345, 1378, 1410]
223.2 :    3 : [1371, 1372, 1422]
223.3 :    2 : [1367, 1370]
223.4 :    9 : [1337, 1340, 1341, 1359, 1379, 1412, 1416, 1418, 1426]
223.5 :    2 : [1350, 1411]
223.6 :    2 : [1351, 1388]
223.7 :    2 : [1329, 1404]
223.8 :    2 : [1342, 1376]
223.9 :    3 : [1348, 1365, 1381]
224.0 :    5 : [1331, 1349, 1374, 1390, 1428]
224.1 :    5 : [1344, 1354, 1393, 1398, 1402]
224.2 :    2 : [1364, 1387]
224.3 :    1 : [1360]
224.4 :    3 : [1384, 1386, 1421]
224.5 :    5 : [1357, 1373, 1397, 1400, 1420]
224.7 :    7 : [1330, 1356, 1366, 1369, 1380, 1383, 1415]
224.8 :   12 : [1332, 1334, 1335, 1336, 1362, 1363, 1382, 1403, 1407, 1409, 1425, 1427]
224.9 :    7 : [1333, 1346, 1347, 1352, 1368, 1377, 1423]
225.0 :    7 : [1339, 1353, 1361, 1375, 1395, 1401, 1406]
225.1 :    7 : [1355, 1385, 1396, 1399, 1405, 1408, 1424]
225.2 :    6 : [1358, 1391, 1392, 1394, 1413, 1414]
225.3 :    2 : [1389, 1417]
225.4 :    2 : [1338, 1345]
225.5 :    2 : [1343, 1410]
225.7 :    1 : [1422]
225.8 :    5 : [1367, 1372, 1378, 1412, 1419]
225.9 :    5 : [1337, 1340, 1370, 1371, 1379]
226.0 :    1 : [1416]
226.2 :    3 : [1341, 1388, 1426]
226.3 :    2 : [1351, 1418]
226.4 :    1 : [1350]
226.6 :    2 : [1376, 1411]
226.7 :    2 : [1349, 1404]
226.8 :    4 : [1329, 1342, 1359, 1374]
226.9 :    7 : [1331, 1344, 1348, 1354, 1365, 1381, 1390]
227.0 :    4 : [1373, 1393, 1398, 1428]
227.1 :    1 : [1402]
227.2 :    2 : [1380, 1386]
227.3 :    8 : [1356, 1360, 1364, 1382, 1383, 1400, 1403, 1415]
227.4 :    7 : [1332, 1334, 1336, 1363, 1387, 1395, 1427]
227.5 :   18 : [1330, 1333, 1335, 1339, 1347, 1352, 1355, 1361, 1366, 1368, 1375, 1397, 1406, 1407, 1408, 1420, 1421, 1425]
227.6 :    8 : [1346, 1357, 1362, 1384, 1394, 1401, 1405, 1423]
227.7 :    3 : [1377, 1392, 1424]
227.8 :    5 : [1396, 1399, 1409, 1414, 1417]
227.9 :    4 : [1345, 1353, 1389, 1413]
228.0 :    2 : [1358, 1410]
228.2 :    2 : [1338, 1391]
228.3 :    1 : [1367]
228.4 :    1 : [1412]
228.7 :    4 : [1340, 1343, 1385, 1419]
228.9 :    1 : [1337]
229.8 :    2 : [1378, 1422]
230.0 :    1 : [1341]
230.1 :    1 : [1416]
230.2 :    2 : [1371, 1373]
230.3 :    1 : [1350]
230.4 :    2 : [1408, 1426]
230.5 :   12 : [1329, 1334, 1339, 1351, 1355, 1356, 1359, 1372, 1390, 1395, 1406, 1415]
230.6 :    8 : [1332, 1333, 1361, 1375, 1380, 1383, 1386, 1394]
230.7 :    8 : [1345, 1363, 1369, 1382, 1410, 1414, 1424, 1425]
230.8 :    2 : [1347, 1352]
230.9 :    5 : [1331, 1377, 1417, 1418, 1427]
231.0 :    6 : [1353, 1365, 1374, 1399, 1401, 1403]
231.1 :    9 : [1330, 1335, 1338, 1348, 1370, 1381, 1398, 1402, 1428]
231.2 :    3 : [1368, 1392, 1423]
231.3 :   10 : [1344, 1346, 1349, 1367, 1376, 1400, 1405, 1407, 1412, 1413]
231.4 :    5 : [1340, 1379, 1389, 1393, 1411]
231.5 :    4 : [1337, 1358, 1396, 1404]
231.6 :    1 : [1364]
231.7 :    2 : [1336, 1354]
231.8 :    3 : [1362, 1397, 1421]
231.9 :    6 : [1342, 1343, 1360, 1366, 1387, 1420]
232.0 :    2 : [1357, 1384]
232.1 :    1 : [1409]
232.2 :    1 : [1391]
232.3 :    1 : [1419]
232.4 :    1 : [1388]
232.6 :    1 : [1422]
233.0 :    1 : [1373]
233.1 :    3 : [1355, 1378, 1408]
233.2 :    2 : [1406, 1415]
233.3 :    5 : [1334, 1339, 1356, 1394, 1410]
233.4 :    6 : [1371, 1375, 1380, 1395, 1416, 1426]
233.5 :    5 : [1333, 1341, 1351, 1359, 1363]
233.6 :    9 : [1329, 1332, 1345, 1361, 1382, 1383, 1386, 1414, 1424]
233.7 :    4 : [1347, 1350, 1352, 1390]
233.8 :    2 : [1367, 1425]
233.9 :    2 : [1401, 1403]
234.0 :    3 : [1377, 1417, 1427]
234.1 :    1 : [1385]
234.3 :    3 : [1353, 1412, 1413]
234.5 :    1 : [1405]
234.6 :    1 : [1368]
234.8 :    5 : [1335, 1340, 1372, 1392, 1407]
234.9 :    5 : [1337, 1396, 1402, 1418, 1423]
235.1 :    2 : [1362, 1381]
235.2 :    1 : [1338]
235.3 :    1 : [1330]
235.4 :    1 : [1398]
235.5 :    1 : [1374]
235.6 :    4 : [1331, 1344, 1358, 1365]
235.7 :    1 : [1399]
235.8 :    2 : [1404, 1415]
235.9 :    3 : [1373, 1420, 1428]
236.0 :    7 : [1336, 1346, 1349, 1375, 1389, 1400, 1406]
236.1 :    8 : [1343, 1354, 1356, 1366, 1380, 1384, 1387, 1408]
236.2 :    8 : [1333, 1345, 1347, 1355, 1357, 1370, 1379, 1422]
236.3 :   10 : [1342, 1351, 1367, 1382, 1383, 1393, 1395, 1419, 1421, 1425]
236.4 :   13 : [1332, 1334, 1339, 1361, 1371, 1388, 1390, 1391, 1394, 1410, 1411, 1416, 1424]
236.5 :    9 : [1329, 1352, 1363, 1377, 1386, 1397, 1403, 1414, 1426]
236.6 :    6 : [1360, 1364, 1376, 1401, 1409, 1427]
236.8 :    4 : [1341, 1348, 1350, 1369]
236.9 :    1 : [1378]
237.0 :    2 : [1359, 1413]
237.1 :    2 : [1412, 1417]
237.2 :    1 : [1353]
237.4 :    1 : [1340]
237.6 :    2 : [1392, 1405]
237.8 :    1 : [1337]
237.9 :    1 : [1368]
238.0 :    2 : [1407, 1423]
238.1 :    1 : [1335]
238.2 :    1 : [1396]
238.3 :    1 : [1381]
238.5 :    3 : [1373, 1415, 1418]
238.7 :    1 : [1330]
238.8 :    3 : [1362, 1402, 1406]
238.9 :    2 : [1380, 1408]
239.0 :    3 : [1367, 1372, 1375]
239.1 :    2 : [1347, 1356]
239.2 :    1 : [1355]
239.3 :    5 : [1332, 1338, 1345, 1358, 1420]
239.4 :    6 : [1333, 1339, 1344, 1382, 1398, 1401]
239.5 :    9 : [1331, 1334, 1351, 1365, 1366, 1374, 1386, 1410, 1419]
239.6 :    5 : [1336, 1363, 1394, 1424, 1427]
239.7 :    6 : [1329, 1352, 1361, 1377, 1395, 1403]
239.8 :    2 : [1354, 1384]
239.9 :    8 : [1342, 1343, 1379, 1397, 1399, 1425, 1426, 1428]
240.0 :    2 : [1350, 1412]
240.1 :    4 : [1346, 1349, 1404, 1422]
240.2 :    6 : [1340, 1341, 1371, 1409, 1413, 1416]
240.3 :    5 : [1359, 1378, 1383, 1387, 1417]
240.4 :    7 : [1385, 1389, 1390, 1393, 1400, 1411, 1414]
240.5 :    3 : [1337, 1353, 1388]
240.6 :    2 : [1391, 1392]
240.7 :    2 : [1368, 1405]
240.8 :    3 : [1348, 1360, 1376]
241.0 :    1 : [1370]
241.1 :    1 : [1357]
241.3 :    2 : [1407, 1421]
241.5 :    1 : [1381]
241.6 :    1 : [1373]
241.8 :    1 : [1423]
242.1 :    2 : [1406, 1418]
242.2 :    1 : [1415]
242.4 :    1 : [1330]
242.6 :    4 : [1335, 1356, 1396, 1408]
242.7 :    3 : [1355, 1375, 1380]
242.8 :    3 : [1345, 1347, 1367]
242.9 :    6 : [1331, 1333, 1338, 1382, 1412, 1427]
243.0 :    9 : [1329, 1332, 1362, 1386, 1394, 1395, 1399, 1401, 1410]
243.1 :    8 : [1334, 1336, 1346, 1352, 1363, 1365, 1374, 1425]
243.2 :    4 : [1339, 1340, 1341, 1398]
243.3 :    8 : [1344, 1351, 1358, 1361, 1364, 1377, 1419, 1426]
243.4 :    4 : [1390, 1402, 1414, 1416]
243.5 :    9 : [1337, 1349, 1350, 1359, 1379, 1403, 1417, 1422, 1428]
243.6 :    6 : [1342, 1343, 1354, 1368, 1378, 1392]
243.7 :    4 : [1353, 1387, 1397, 1420]
243.8 :    4 : [1366, 1384, 1393, 1409]
243.9 :    1 : [1371]
244.0 :    5 : [1369, 1372, 1389, 1404, 1405]
244.1 :    4 : [1376, 1407, 1413, 1424]
244.2 :    3 : [1348, 1383, 1400]
244.3 :    2 : [1373, 1381]
244.5 :    1 : [1411]
244.9 :    2 : [1370, 1385]
245.0 :    3 : [1360, 1388, 1421]
245.2 :    2 : [1406, 1415]
245.3 :    2 : [1357, 1423]
245.4 :    2 : [1367, 1418]
245.5 :    2 : [1391, 1427]
245.6 :    3 : [1333, 1356, 1375]
245.7 :    4 : [1336, 1355, 1380, 1386]
245.8 :    2 : [1340, 1347]
245.9 :    3 : [1382, 1396, 1412]
246.0 :    4 : [1331, 1338, 1365, 1395]
246.1 :    3 : [1345, 1394, 1425]
246.2 :    6 : [1330, 1332, 1339, 1352, 1358, 1362]
246.3 :    2 : [1408, 1410]
246.4 :    6 : [1334, 1335, 1351, 1374, 1403, 1420]
246.5 :    3 : [1363, 1401, 1419]
246.6 :    6 : [1337, 1341, 1359, 1377, 1392, 1398]
246.7 :    2 : [1399, 1422]
246.8 :    2 : [1361, 1417]
246.9 :    3 : [1353, 1416, 1428]
247.0 :    2 : [1350, 1378]
247.1 :    5 : [1368, 1373, 1387, 1390, 1402]
247.2 :    6 : [1329, 1344, 1346, 1366, 1413, 1424]
247.3 :    8 : [1343, 1349, 1354, 1376, 1379, 1384, 1414, 1426]
247.4 :    6 : [1342, 1348, 1371, 1389, 1393, 1409]
247.5 :    2 : [1397, 1405]
247.6 :    1 : [1381]
247.7 :    1 : [1404]
247.8 :    2 : [1383, 1415]
247.9 :    1 : [1400]
248.1 :    2 : [1407, 1411]
248.3 :    1 : [1423]
248.4 :    2 : [1355, 1406]
248.5 :    1 : [1364]
248.6 :    1 : [1367]
248.7 :    1 : [1340]
248.9 :    2 : [1380, 1382]
249.0 :    1 : [1356]
249.1 :    2 : [1394, 1427]
249.2 :    1 : [1425]
249.3 :    1 : [1395]
250.1 :    4 : [1347, 1396, 1408, 1412]
250.2 :    1 : [1332]
250.3 :    2 : [1333, 1345]
250.4 :    1 : [1352]
250.5 :    7 : [1336, 1365, 1373, 1375, 1386, 1403, 1415]
250.6 :   10 : [1331, 1335, 1339, 1351, 1357, 1360, 1363, 1374, 1392, 1401]
250.7 :    8 : [1330, 1337, 1344, 1350, 1377, 1398, 1410, 1422]
250.8 :    4 : [1368, 1407, 1417, 1421]
250.9 :    9 : [1329, 1334, 1338, 1354, 1361, 1370, 1390, 1391, 1406]
251.0 :   11 : [1341, 1366, 1371, 1372, 1379, 1389, 1393, 1416, 1418, 1423, 1424]
251.1 :   10 : [1342, 1348, 1355, 1362, 1367, 1381, 1384, 1387, 1419, 1428]
251.2 :    7 : [1353, 1388, 1397, 1402, 1405, 1414, 1426]
251.3 :    4 : [1340, 1349, 1383, 1413]
251.4 :    4 : [1343, 1359, 1378, 1420]
251.5 :    3 : [1358, 1399, 1404]
251.6 :    1 : [1382]
251.7 :    2 : [1356, 1411]
251.9 :    2 : [1346, 1380]
252.0 :    2 : [1369, 1427]
252.1 :    3 : [1394, 1395, 1400]
252.2 :    3 : [1376, 1385, 1425]
252.3 :    1 : [1409]
252.4 :    1 : [1364]
252.6 :    1 : [1408]
252.9 :    1 : [1333]
253.0 :    2 : [1332, 1347]
253.2 :    3 : [1373, 1375, 1386]
253.3 :    1 : [1403]
253.4 :    4 : [1345, 1412, 1415, 1422]
253.5 :    8 : [1331, 1337, 1339, 1351, 1365, 1392, 1396, 1401]
253.6 :   10 : [1329, 1336, 1344, 1350, 1352, 1363, 1374, 1407, 1410, 1417]
253.7 :    4 : [1354, 1368, 1377, 1390]
253.8 :    9 : [1330, 1335, 1340, 1361, 1367, 1381, 1393, 1398, 1406]
253.9 :    8 : [1334, 1341, 1355, 1366, 1384, 1421, 1423, 1428]
254.0 :    4 : [1338, 1357, 1360, 1379]
254.1 :    3 : [1348, 1353, 1371]
254.2 :    4 : [1342, 1356, 1382, 1389]
254.3 :    5 : [1349, 1362, 1387, 1397, 1402]
254.4 :    3 : [1383, 1405, 1414]
254.5 :    1 : [1416]
254.6 :    1 : [1419]
254.7 :    3 : [1378, 1380, 1420]
255.1 :    4 : [1418, 1424, 1426, 1427]
255.2 :    3 : [1359, 1399, 1413]
255.3 :    2 : [1343, 1394]
255.4 :    3 : [1358, 1370, 1391]
255.5 :    1 : [1395]
255.6 :    2 : [1346, 1404]
255.7 :    1 : [1408]
256.1 :    3 : [1333, 1372, 1373]
256.2 :    2 : [1347, 1375]
256.5 :    5 : [1339, 1355, 1386, 1409, 1422]
256.6 :    2 : [1400, 1415]
256.7 :    3 : [1340, 1363, 1406]
256.8 :    4 : [1334, 1351, 1410, 1412]
256.9 :    1 : [1332]
257.0 :    3 : [1329, 1403, 1425]
257.1 :    1 : [1336]
257.2 :    3 : [1365, 1367, 1376]
257.3 :    3 : [1337, 1345, 1411]
257.4 :    3 : [1352, 1356, 1396]
257.5 :    3 : [1374, 1380, 1392]
257.6 :    1 : [1335]
257.7 :    4 : [1382, 1390, 1417, 1423]
257.8 :    1 : [1361]
257.9 :    5 : [1330, 1344, 1377, 1383, 1414]
258.0 :    1 : [1401]
258.1 :    1 : [1350]
258.5 :    6 : [1331, 1341, 1371, 1378, 1419, 1424]
258.6 :    2 : [1394, 1416]
258.8 :    8 : [1353, 1368, 1381, 1398, 1402, 1405, 1408, 1413]
259.1 :    2 : [1359, 1373]
259.2 :    3 : [1354, 1395, 1428]
259.3 :    2 : [1393, 1426]
259.4 :    1 : [1407]
259.5 :    5 : [1339, 1351, 1355, 1415, 1420]
259.6 :    3 : [1338, 1406, 1422]
259.7 :    3 : [1340, 1375, 1410]
259.8 :    1 : [1334]
259.9 :    1 : [1387]
260.0 :    1 : [1386]
260.2 :    4 : [1333, 1362, 1363, 1389]
260.3 :    2 : [1391, 1412]
260.4 :    1 : [1397]
260.5 :    7 : [1332, 1347, 1348, 1357, 1367, 1380, 1425]
260.6 :    1 : [1384]
260.7 :    2 : [1345, 1356]
260.8 :    1 : [1352]
260.9 :    1 : [1383]
261.2 :    1 : [1396]
261.3 :    4 : [1390, 1392, 1423, 1427]
261.5 :    3 : [1335, 1361, 1418]
261.6 :    5 : [1329, 1360, 1379, 1403, 1414]
261.7 :    3 : [1364, 1388, 1400]
261.8 :    2 : [1366, 1374]
261.9 :    2 : [1344, 1424]
262.0 :    1 : [1377]
262.1 :    2 : [1358, 1371]
262.3 :    2 : [1409, 1413]
262.4 :    7 : [1336, 1337, 1343, 1365, 1373, 1394, 1416]
262.5 :    5 : [1382, 1404, 1406, 1408, 1419]
262.6 :    4 : [1339, 1355, 1378, 1415]
262.7 :    8 : [1359, 1372, 1375, 1399, 1401, 1405, 1410, 1417]
262.8 :    3 : [1340, 1395, 1420]
262.9 :    7 : [1334, 1342, 1349, 1350, 1351, 1376, 1411]
263.0 :    5 : [1353, 1367, 1385, 1386, 1412]
263.1 :    1 : [1426]
263.2 :    4 : [1333, 1362, 1402, 1422]
263.3 :    2 : [1332, 1341]
263.4 :    3 : [1347, 1368, 1398]
263.5 :    3 : [1330, 1363, 1428]
263.7 :    3 : [1331, 1356, 1380]
263.8 :    2 : [1338, 1381]
263.9 :    3 : [1354, 1384, 1407]
264.0 :    3 : [1352, 1421, 1425]
264.1 :    2 : [1370, 1397]
264.2 :    3 : [1345, 1387, 1423]
264.3 :    4 : [1389, 1393, 1403, 1427]
264.4 :    2 : [1346, 1383]
264.5 :    3 : [1329, 1391, 1392]
264.6 :    2 : [1366, 1396]
264.7 :    3 : [1348, 1357, 1374]
264.8 :    1 : [1390]
264.9 :    3 : [1361, 1379, 1400]
265.0 :    1 : [1344]
265.1 :    2 : [1335, 1373]
265.2 :    5 : [1371, 1377, 1382, 1394, 1415]
265.3 :    3 : [1337, 1408, 1424]
265.4 :    3 : [1365, 1369, 1406]
265.5 :    2 : [1355, 1399]
265.6 :    3 : [1340, 1414, 1417]
265.7 :    3 : [1375, 1395, 1412]
265.8 :    1 : [1336]
265.9 :    1 : [1386]
266.0 :    5 : [1333, 1343, 1364, 1401, 1410]
266.1 :    5 : [1334, 1349, 1353, 1367, 1413]
266.2 :    3 : [1339, 1358, 1360]
266.3 :    3 : [1388, 1416, 1422]
266.4 :    1 : [1347]
266.6 :    2 : [1404, 1420]
266.7 :    4 : [1351, 1368, 1380, 1398]
266.8 :    1 : [1426]
266.9 :    8 : [1331, 1332, 1356, 1372, 1378, 1409, 1418, 1419]
267.0 :    8 : [1330, 1338, 1342, 1345, 1350, 1362, 1425, 1428]
267.1 :    8 : [1341, 1359, 1363, 1370, 1381, 1403, 1405, 1427]
267.2 :    5 : [1352, 1354, 1384, 1392, 1423]
267.3 :    6 : [1329, 1346, 1376, 1383, 1393, 1421]
267.4 :    7 : [1348, 1374, 1385, 1387, 1389, 1390, 1411]
267.5 :    6 : [1357, 1361, 1366, 1373, 1400, 1402]
267.6 :    2 : [1379, 1394]
267.7 :    4 : [1382, 1396, 1397, 1407]
268.0 :    1 : [1408]
268.1 :    1 : [1355]
268.2 :    4 : [1337, 1340, 1406, 1415]
268.3 :    4 : [1335, 1344, 1365, 1391]
268.4 :    3 : [1371, 1412, 1424]
268.6 :    3 : [1377, 1395, 1417]
268.7 :    1 : [1399]
268.8 :    1 : [1375]
268.9 :    2 : [1386, 1410]
269.0 :    1 : [1367]
269.1 :    2 : [1333, 1334]
269.2 :    2 : [1353, 1401]
269.3 :    1 : [1336]
269.4 :    1 : [1422]
269.6 :    1 : [1339]
269.7 :    1 : [1413]
269.8 :    3 : [1349, 1351, 1414]
269.9 :    1 : [1368]
270.0 :    1 : [1343]
270.1 :    2 : [1356, 1366]
270.2 :    5 : [1332, 1347, 1350, 1380, 1403]
270.3 :    5 : [1361, 1383, 1398, 1425, 1427]
270.4 :    2 : [1382, 1428]
270.5 :    4 : [1331, 1348, 1373, 1389]
270.6 :    5 : [1360, 1363, 1388, 1394, 1419]
270.7 :    7 : [1345, 1352, 1378, 1390, 1392, 1404, 1405]
270.8 :    6 : [1329, 1330, 1342, 1362, 1393, 1411]
270.9 :    2 : [1402, 1407]
271.0 :    4 : [1337, 1340, 1358, 1420]
271.1 :    4 : [1341, 1359, 1381, 1418]
271.2 :    1 : [1408]
271.4 :    6 : [1338, 1355, 1400, 1406, 1416, 1423]
271.5 :    3 : [1374, 1396, 1397]
271.6 :    5 : [1354, 1376, 1395, 1415, 1424]
271.7 :    4 : [1372, 1412, 1417, 1426]
271.8 :    3 : [1357, 1365, 1410]
271.9 :    4 : [1367, 1375, 1384, 1385]
272.0 :    3 : [1371, 1387, 1409]
272.2 :    1 : [1377]
272.3 :    2 : [1364, 1386]
272.4 :    3 : [1334, 1346, 1369]
272.5 :    2 : [1333, 1353]
272.6 :    1 : [1391]
272.7 :    2 : [1335, 1421]
273.0 :    1 : [1336]
273.1 :    5 : [1379, 1399, 1403, 1413, 1422]
273.2 :    3 : [1339, 1356, 1427]
273.4 :    6 : [1331, 1332, 1348, 1351, 1382, 1394]
273.5 :    3 : [1350, 1373, 1425]
273.6 :    2 : [1340, 1428]
273.7 :    3 : [1344, 1380, 1383]
273.8 :    9 : [1330, 1337, 1361, 1366, 1368, 1378, 1398, 1401, 1419]
273.9 :    6 : [1329, 1363, 1389, 1390, 1392, 1414]
274.0 :    7 : [1343, 1345, 1349, 1352, 1355, 1393, 1408]
274.1 :    1 : [1347]
274.2 :    5 : [1342, 1370, 1395, 1402, 1411]
274.3 :    5 : [1359, 1360, 1374, 1381, 1415]
274.4 :    5 : [1400, 1405, 1406, 1420, 1423]
274.5 :    4 : [1341, 1365, 1412, 1426]
274.6 :    5 : [1354, 1367, 1396, 1397, 1417]
274.7 :    2 : [1404, 1410]
274.8 :    1 : [1424]
274.9 :    3 : [1338, 1375, 1407]
275.0 :    1 : [1358]
275.1 :    3 : [1371, 1377, 1416]
275.2 :    1 : [1384]
275.3 :    6 : [1333, 1334, 1362, 1386, 1388, 1409]
275.4 :    1 : [1353]
275.5 :    2 : [1346, 1418]
275.6 :    1 : [1376]
275.8 :    1 : [1339]
275.9 :    1 : [1372]
276.0 :    4 : [1356, 1399, 1422, 1427]
276.1 :    1 : [1403]
276.3 :    2 : [1382, 1413]
276.4 :    1 : [1385]
276.5 :    3 : [1331, 1332, 1357]
276.6 :    2 : [1351, 1373]
276.7 :    2 : [1337, 1428]
276.8 :    2 : [1340, 1425]
276.9 :    2 : [1335, 1387]
277.0 :    1 : [1355]
277.1 :    1 : [1421]
277.2 :    6 : [1336, 1366, 1383, 1392, 1394, 1401]
277.3 :    2 : [1415, 1419]
277.4 :    4 : [1345, 1350, 1406, 1408]
277.5 :    7 : [1344, 1347, 1365, 1368, 1391, 1420, 1423]
277.6 :    4 : [1352, 1367, 1378, 1380]
277.7 :    1 : [1363]
277.8 :    2 : [1374, 1412]
277.9 :    4 : [1361, 1377, 1402, 1410]
278.0 :    2 : [1390, 1417]
278.1 :    1 : [1398]
278.4 :    1 : [1349]
278.5 :    2 : [1375, 1405]
278.6 :    3 : [1334, 1343, 1395]
278.7 :    4 : [1359, 1384, 1414, 1424]
278.9 :    2 : [1386, 1411]
279.0 :    1 : [1353]
279.2 :    1 : [1339]
279.3 :    1 : [1330]
279.4 :    3 : [1329, 1356, 1371]
279.5 :    5 : [1333, 1348, 1381, 1393, 1396]
279.6 :    4 : [1354, 1373, 1389, 1422]
279.7 :    7 : [1340, 1342, 1382, 1397, 1400, 1403, 1407]
279.8 :    2 : [1337, 1341]
279.9 :    4 : [1364, 1369, 1376, 1413]
280.0 :    2 : [1332, 1383]
280.1 :    4 : [1331, 1394, 1425, 1427]
280.5 :    1 : [1338]
280.7 :    2 : [1392, 1416]
281.0 :    3 : [1358, 1399, 1428]
281.1 :    4 : [1345, 1355, 1418, 1426]
281.2 :    8 : [1346, 1350, 1351, 1379, 1406, 1408, 1409, 1415]
281.3 :    9 : [1360, 1361, 1362, 1370, 1378, 1404, 1410, 1417, 1419]
281.4 :    6 : [1352, 1365, 1367, 1375, 1380, 1390]
281.5 :    6 : [1334, 1357, 1368, 1386, 1395, 1401]
281.6 :    7 : [1335, 1347, 1353, 1363, 1374, 1412, 1420]
281.7 :    4 : [1349, 1377, 1387, 1421]
281.8 :    5 : [1336, 1359, 1372, 1385, 1388]
281.9 :    3 : [1398, 1414, 1423]
282.0 :    2 : [1343, 1344]
282.1 :    1 : [1402]
282.2 :    1 : [1339]
282.3 :    2 : [1333, 1391]
282.7 :    1 : [1356]
282.8 :    6 : [1340, 1366, 1373, 1384, 1422, 1424]
283.0 :    1 : [1381]
283.1 :    3 : [1337, 1393, 1411]
283.2 :    3 : [1329, 1330, 1425]
283.3 :    4 : [1348, 1371, 1382, 1403]
283.4 :    4 : [1331, 1354, 1383, 1405]
283.5 :    2 : [1394, 1407]
283.6 :    1 : [1413]
283.7 :    3 : [1332, 1389, 1392]
283.8 :    1 : [1427]
283.9 :    1 : [1400]
284.0 :    1 : [1376]
284.3 :    4 : [1350, 1364, 1396, 1415]
284.4 :    6 : [1341, 1345, 1361, 1390, 1397, 1428]
284.5 :    7 : [1342, 1351, 1355, 1367, 1395, 1406, 1417]
284.6 :    2 : [1408, 1410]
284.7 :    5 : [1347, 1365, 1375, 1378, 1401]
284.8 :    2 : [1363, 1416]
284.9 :    6 : [1377, 1380, 1399, 1414, 1419, 1420]
285.0 :    8 : [1336, 1339, 1357, 1358, 1386, 1387, 1412, 1423]
285.1 :    5 : [1334, 1352, 1353, 1359, 1379]
285.2 :    4 : [1335, 1362, 1369, 1418]
285.3 :    4 : [1338, 1346, 1373, 1398]
285.4 :    4 : [1356, 1372, 1374, 1426]
285.5 :    1 : [1360]
285.6 :    1 : [1340]
285.7 :    3 : [1333, 1344, 1424]
285.8 :    4 : [1368, 1402, 1409, 1421]
286.0 :    1 : [1422]
286.1 :    2 : [1384, 1388]
286.2 :    3 : [1337, 1371, 1425]
286.3 :    1 : [1392]
286.4 :    4 : [1370, 1383, 1391, 1404]
286.5 :    5 : [1349, 1354, 1403, 1407, 1413]
286.6 :    3 : [1329, 1382, 1405]
286.7 :    3 : [1366, 1393, 1394]
286.9 :    1 : [1343]
287.1 :    2 : [1381, 1415]
287.2 :    2 : [1332, 1411]
287.7 :    3 : [1330, 1361, 1367]
287.8 :    3 : [1339, 1390, 1406]
287.9 :    6 : [1351, 1395, 1396, 1401, 1410, 1427]
288.0 :    4 : [1350, 1355, 1408, 1419]
288.1 :    3 : [1375, 1385, 1386]
288.2 :    1 : [1348]
288.3 :    4 : [1334, 1363, 1378, 1417]
288.4 :    2 : [1345, 1359]
288.6 :    4 : [1331, 1356, 1373, 1377]
288.7 :    4 : [1341, 1347, 1376, 1428]
288.8 :    3 : [1353, 1362, 1414]
288.9 :    3 : [1380, 1389, 1423]
289.0 :    5 : [1333, 1340, 1365, 1412, 1424]
289.1 :    3 : [1344, 1402, 1420]
289.2 :    3 : [1337, 1352, 1368]
289.4 :    1 : [1418]
289.5 :    5 : [1374, 1397, 1400, 1422, 1425]
289.6 :    4 : [1335, 1371, 1382, 1383]
289.7 :    5 : [1342, 1392, 1398, 1403, 1416]
289.8 :    4 : [1338, 1384, 1407, 1415]
289.9 :    1 : [1366]
290.0 :    1 : [1394]
290.1 :    1 : [1393]
290.2 :    2 : [1354, 1413]
290.3 :    3 : [1329, 1332, 1336]
290.6 :    3 : [1357, 1358, 1387]
290.7 :    2 : [1405, 1426]
290.8 :    3 : [1361, 1367, 1372]
290.9 :    3 : [1360, 1390, 1391]
291.0 :    4 : [1379, 1395, 1401, 1411]
291.1 :    8 : [1330, 1339, 1349, 1350, 1381, 1399, 1406, 1410]
291.2 :    3 : [1355, 1373, 1408]
291.3 :    5 : [1356, 1363, 1375, 1419, 1427]
291.4 :    4 : [1341, 1345, 1351, 1404]
291.5 :    3 : [1343, 1359, 1396]
291.6 :    3 : [1347, 1386, 1421]
291.7 :    3 : [1378, 1409, 1414]
291.8 :    6 : [1334, 1340, 1348, 1364, 1380, 1417]
291.9 :    1 : [1377]
292.0 :    2 : [1412, 1424]
292.1 :    1 : [1333]
292.4 :    2 : [1415, 1423]
292.8 :    1 : [1352]
292.9 :    5 : [1335, 1362, 1383, 1422, 1425]
293.0 :    2 : [1344, 1392]
293.1 :    1 : [1389]
293.2 :    2 : [1394, 1416]
293.4 :    1 : [1371]
293.9 :    3 : [1332, 1353, 1420]
294.0 :    2 : [1376, 1413]
294.1 :    2 : [1382, 1418]
294.2 :    1 : [1402]
294.3 :    1 : [1403]
294.4 :    1 : [1337]
294.5 :    1 : [1329]
294.6 :    4 : [1331, 1373, 1406, 1410]
294.7 :    9 : [1339, 1355, 1356, 1361, 1374, 1395, 1398, 1400, 1408]
294.8 :   10 : [1338, 1340, 1346, 1365, 1367, 1368, 1370, 1375, 1390, 1407]
294.9 :    6 : [1334, 1345, 1378, 1386, 1417, 1428]
295.0 :    5 : [1330, 1363, 1399, 1415, 1427]
295.1 :    7 : [1333, 1348, 1350, 1359, 1412, 1414, 1419]
295.2 :    7 : [1336, 1341, 1380, 1381, 1393, 1397, 1426]
295.3 :    1 : [1358]
295.4 :    4 : [1343, 1347, 1385, 1401]
295.5 :    4 : [1349, 1351, 1377, 1405]
295.6 :    6 : [1342, 1352, 1387, 1423, 1424, 1425]
295.7 :    4 : [1354, 1357, 1404, 1422]
295.8 :    3 : [1383, 1394, 1396]
295.9 :    3 : [1364, 1391, 1409]
296.0 :    1 : [1366]
296.1 :    3 : [1335, 1388, 1389]
296.2 :    2 : [1360, 1411]
296.4 :    1 : [1362]
296.6 :    1 : [1372]
296.9 :    2 : [1332, 1371]
297.2 :    1 : [1382]
297.3 :    3 : [1344, 1379, 1392]
297.5 :    2 : [1373, 1416]
297.6 :    5 : [1367, 1369, 1403, 1408, 1410]
297.7 :    8 : [1339, 1355, 1356, 1361, 1375, 1395, 1406, 1421]
297.8 :    5 : [1329, 1337, 1413, 1415, 1420]
297.9 :   10 : [1334, 1340, 1341, 1345, 1353, 1359, 1363, 1407, 1412, 1427]
298.0 :    8 : [1330, 1350, 1380, 1386, 1414, 1417, 1418, 1419]
298.1 :    4 : [1331, 1378, 1390, 1402]
298.2 :    6 : [1333, 1347, 1376, 1381, 1384, 1401]
298.3 :    4 : [1338, 1348, 1368, 1398]
298.4 :    4 : [1336, 1352, 1358, 1394]
298.5 :    3 : [1346, 1365, 1428]
298.6 :    1 : [1387]
298.7 :    1 : [1425]
298.8 :    2 : [1351, 1422]
298.9 :    6 : [1354, 1357, 1374, 1393, 1399, 1400]
299.1 :    1 : [1426]
299.2 :    3 : [1343, 1397, 1405]
299.3 :    1 : [1366]
299.4 :    3 : [1349, 1404, 1424]
299.5 :    1 : [1383]
299.6 :    2 : [1342, 1360]
299.7 :    1 : [1362]
299.8 :    2 : [1377, 1389]
300.1 :    1 : [1388]
300.2 :    1 : [1332]
300.4 :    2 : [1391, 1411]
300.5 :    7 : [1335, 1339, 1367, 1382, 1385, 1410, 1423]
300.6 :    4 : [1372, 1373, 1406, 1408]
300.7 :    8 : [1334, 1337, 1355, 1356, 1375, 1396, 1409, 1415]
300.8 :    6 : [1340, 1359, 1363, 1386, 1401, 1417]
300.9 :    7 : [1344, 1350, 1392, 1403, 1407, 1412, 1419]
301.0 :   10 : [1341, 1353, 1361, 1371, 1378, 1380, 1395, 1402, 1420, 1427]
301.1 :    4 : [1329, 1345, 1347, 1414]
301.2 :    3 : [1390, 1394, 1413]
301.3 :    1 : [1416]
301.4 :    4 : [1330, 1333, 1381, 1384]
301.5 :    1 : [1425]
301.6 :    3 : [1352, 1368, 1376]
301.7 :    4 : [1351, 1364, 1398, 1418]
302.0 :    1 : [1422]
302.1 :    1 : [1379]
302.5 :    1 : [1354]
302.6 :    1 : [1387]
303.0 :    2 : [1331, 1365]
303.2 :    2 : [1336, 1405]
303.3 :    3 : [1374, 1383, 1428]
303.4 :    1 : [1393]
303.5 :    2 : [1377, 1415]
303.6 :    3 : [1337, 1400, 1426]
303.7 :    7 : [1338, 1340, 1344, 1355, 1366, 1382, 1408]
303.8 :   11 : [1342, 1346, 1348, 1349, 1367, 1373, 1397, 1401, 1403, 1421, 1423]
303.9 :    3 : [1343, 1386, 1417]
304.0 :   11 : [1329, 1332, 1339, 1350, 1356, 1363, 1389, 1394, 1399, 1407, 1427]
304.1 :    5 : [1358, 1395, 1412, 1419, 1424]
304.2 :    6 : [1334, 1368, 1371, 1392, 1404, 1411]
304.3 :    4 : [1361, 1380, 1381, 1396]
304.4 :    4 : [1330, 1357, 1406, 1413]
304.5 :    6 : [1333, 1347, 1362, 1370, 1375, 1402]
304.6 :    4 : [1335, 1360, 1390, 1410]
304.7 :    4 : [1341, 1353, 1378, 1425]
304.8 :    5 : [1345, 1352, 1388, 1398, 1422]
304.9 :    4 : [1384, 1391, 1409, 1416]
305.0 :    2 : [1351, 1359]
305.1 :    1 : [1414]
305.4 :    2 : [1372, 1418]
305.5 :    1 : [1364]
305.8 :    1 : [1420]
306.0 :    2 : [1331, 1385]
306.3 :    1 : [1365]
306.4 :    1 : [1379]
306.5 :    1 : [1415]
306.7 :    4 : [1337, 1340, 1376, 1428]
306.8 :    1 : [1382]
306.9 :    2 : [1356, 1417]
307.0 :    7 : [1336, 1348, 1355, 1374, 1383, 1386, 1408]
307.1 :    1 : [1373]
307.2 :    4 : [1354, 1377, 1387, 1393]
307.3 :    3 : [1395, 1399, 1405]
307.4 :    5 : [1350, 1366, 1368, 1394, 1403]
307.5 :    2 : [1349, 1427]
307.6 :    3 : [1344, 1389, 1401]
307.8 :    4 : [1371, 1406, 1407, 1423]
307.9 :    5 : [1330, 1338, 1351, 1363, 1412]
308.0 :    6 : [1339, 1343, 1346, 1367, 1392, 1397]
308.1 :    3 : [1334, 1402, 1410]
308.2 :    1 : [1425]
308.3 :    5 : [1329, 1332, 1342, 1380, 1422]
308.4 :    2 : [1381, 1411]
308.5 :    3 : [1378, 1398, 1426]
308.6 :    5 : [1352, 1353, 1375, 1400, 1419]
308.7 :    2 : [1333, 1335]
308.8 :    1 : [1409]
308.9 :    4 : [1345, 1390, 1413, 1424]
309.0 :    4 : [1347, 1359, 1361, 1396]
309.1 :    1 : [1404]
309.2 :    2 : [1341, 1414]
309.3 :    2 : [1384, 1415]
309.4 :    3 : [1331, 1362, 1416]
309.5 :    4 : [1340, 1358, 1365, 1382]
309.6 :    2 : [1337, 1391]
309.7 :    5 : [1355, 1386, 1408, 1418, 1420]
309.8 :    3 : [1356, 1360, 1373]
309.9 :    3 : [1357, 1370, 1383]
310.1 :    1 : [1421]
310.2 :    2 : [1372, 1388]
310.3 :    1 : [1395]
310.4 :    1 : [1379]
310.5 :    3 : [1336, 1366, 1405]
310.6 :    1 : [1394]
311.0 :    1 : [1377]
311.1 :    5 : [1368, 1374, 1403, 1406, 1417]
311.2 :    2 : [1367, 1427]
311.3 :    3 : [1339, 1401, 1428]
311.4 :    3 : [1344, 1412, 1423]
311.5 :    4 : [1350, 1351, 1371, 1380]
311.7 :    2 : [1363, 1393]
311.8 :    3 : [1334, 1354, 1415]
311.9 :    1 : [1410]
312.0 :    2 : [1392, 1407]
312.1 :    1 : [1349]
312.3 :    2 : [1402, 1425]
312.4 :    1 : [1422]
312.6 :    3 : [1332, 1352, 1353]
312.7 :    3 : [1333, 1335, 1378]
312.8 :    2 : [1376, 1424]
312.9 :    1 : [1375]
313.0 :   10 : [1338, 1340, 1343, 1345, 1355, 1373, 1399, 1408, 1413, 1419]
313.1 :    8 : [1329, 1337, 1347, 1359, 1365, 1381, 1389, 1426]
313.2 :   12 : [1330, 1356, 1382, 1386, 1390, 1395, 1396, 1397, 1398, 1409, 1411, 1414]
313.3 :    3 : [1331, 1348, 1361]
313.4 :    4 : [1364, 1383, 1394, 1400]
313.5 :    1 : [1346]
313.7 :    1 : [1341]
313.9 :    2 : [1384, 1416]
314.0 :    2 : [1342, 1385]
314.1 :    2 : [1370, 1374]
314.2 :    1 : [1358]
314.4 :    3 : [1377, 1403, 1404]
314.7 :    2 : [1368, 1406]
315.1 :    1 : [1427]
354.5 :    1 : [1420]
355.0 :    1 : [1403]
357.2 :    2 : [1365, 1392]
357.3 :    7 : [1357, 1358, 1369, 1384, 1388, 1425, 1427]
357.7 :    2 : [1340, 1353]
357.8 :    7 : [1331, 1336, 1367, 1372, 1375, 1383, 1428]
360.2 :    1 : [1369]
361.0 :    2 : [1403, 1420]
361.1 :    7 : [1337, 1345, 1347, 1355, 1382, 1406, 1423]
379.8 :    2 : [1385, 1407]
380.3 :    1 : [1362]
380.5 :    2 : [1329, 1421]
380.6 :    1 : [1392]
380.7 :    4 : [1332, 1341, 1367, 1373]
380.8 :    2 : [1347, 1401]
380.9 :    2 : [1390, 1405]
381.0 :    2 : [1354, 1379]
381.2 :    2 : [1381, 1416]
381.4 :    3 : [1350, 1363, 1380]
381.5 :    3 : [1335, 1346, 1395]
381.6 :    4 : [1336, 1375, 1387, 1427]
381.7 :    2 : [1356, 1415]
381.8 :    1 : [1330]
382.0 :    1 : [1414]
382.5 :    1 : [1345]
382.6 :    1 : [1361]
382.8 :    2 : [1394, 1407]
382.9 :    4 : [1331, 1362, 1385, 1425]
383.0 :    2 : [1377, 1421]
383.1 :    1 : [1329]
383.2 :    2 : [1341, 1358]
383.4 :    3 : [1332, 1401, 1406]
383.6 :    2 : [1373, 1379]
383.7 :    1 : [1416]
383.8 :    4 : [1354, 1381, 1399, 1418]
384.4 :    1 : [1330]
384.5 :    3 : [1335, 1347, 1384]
384.8 :    1 : [1346]
386.0 :    3 : [1356, 1367, 1392]
386.1 :    2 : [1377, 1395]
386.2 :    1 : [1415]
386.3 :    2 : [1372, 1418]
386.4 :    2 : [1344, 1399]
386.5 :    2 : [1340, 1369]
386.6 :    1 : [1426]
386.7 :    5 : [1337, 1382, 1390, 1407, 1423]
386.8 :    1 : [1414]
387.5 :    4 : [1329, 1341, 1375, 1394]
387.6 :    1 : [1401]
391.0 :    2 : [1360, 1427]
391.1 :    1 : [1420]
391.2 :    1 : [1380]
391.4 :    1 : [1381]
391.6 :    1 : [1357]
391.8 :    1 : [1403]
392.0 :    1 : [1354]
392.1 :    1 : [1353]
393.2 :    1 : [1364]
393.4 :    1 : [1360]
393.6 :    1 : [1340]
393.7 :    1 : [1421]
393.9 :    3 : [1349, 1422, 1425]
394.0 :    1 : [1358]
394.1 :    1 : [1338]
394.3 :    3 : [1333, 1376, 1384]
394.4 :    2 : [1388, 1400]
394.5 :    2 : [1373, 1386]
394.6 :    1 : [1374]
394.7 :    1 : [1394]
394.8 :    1 : [1398]
395.8 :    1 : [1364]
396.9 :    2 : [1333, 1376]
397.1 :    1 : [1386]
397.2 :    1 : [1398]
400.6 :    1 : [1404]
416.7 :    1 : [1365]
417.1 :    1 : [1383]
418.0 :    1 : [1428]
419.4 :    1 : [1365]
419.7 :    1 : [1399]
420.2 :    1 : [1361]
420.4 :    1 : [1428]
420.9 :    1 : [1331]
421.0 :    6 : [1333, 1338, 1346, 1349, 1375, 1425]
421.1 :    2 : [1370, 1415]
421.3 :    1 : [1368]
421.4 :    1 : [1355]
421.9 :    1 : [1345]
422.1 :    2 : [1406, 1427]
422.2 :    4 : [1353, 1358, 1390, 1395]
422.3 :    4 : [1343, 1374, 1377, 1421]
422.5 :    1 : [1405]
422.6 :    1 : [1336]
422.8 :    2 : [1361, 1365]
423.2 :    1 : [1372]
423.7 :    1 : [1368]
424.4 :    1 : [1387]
424.8 :    1 : [1343]
425.8 :    1 : [1405]
425.9 :    3 : [1382, 1423, 1428]
426.0 :    8 : [1337, 1347, 1369, 1372, 1383, 1384, 1388, 1420]
426.1 :    2 : [1392, 1403]
426.7 :    1 : [1363]
428.1 :    1 : [1344]
428.6 :    2 : [1342, 1426]
428.7 :    1 : [1357]
428.8 :    1 : [1337]
429.2 :    1 : [1363]
429.3 :    1 : [1369]
429.6 :    1 : [1422]
431.4 :    2 : [1350, 1400]
431.9 :    1 : [1357]
432.4 :    1 : [1332]
433.1 :    1 : [1385]
440.3 :    1 : [1366]
441.2 :    2 : [1362, 1397]
441.6 :    1 : [1391]
441.8 :    1 : [1379]
442.0 :    1 : [1396]
442.1 :    3 : [1348, 1356, 1404]
442.4 :    1 : [1380]
442.6 :    1 : [1360]
442.8 :    1 : [1366]
442.9 :    1 : [1340]
443.2 :    2 : [1330, 1418]
443.3 :    5 : [1339, 1367, 1413, 1414, 1416]
443.4 :    3 : [1336, 1341, 1406]
443.5 :    4 : [1354, 1381, 1386, 1422]
443.6 :    1 : [1359]
443.7 :    3 : [1362, 1371, 1407]
443.8 :    8 : [1329, 1333, 1335, 1375, 1378, 1394, 1397, 1419]
444.0 :    2 : [1373, 1376]
444.1 :    2 : [1358, 1427]
444.2 :    3 : [1379, 1410, 1420]
444.4 :    7 : [1334, 1351, 1355, 1364, 1392, 1395, 1424]
444.5 :    2 : [1353, 1396]
444.6 :    2 : [1388, 1426]
444.9 :    1 : [1363]
445.0 :    1 : [1398]
445.2 :    4 : [1343, 1357, 1390, 1421]
445.3 :    1 : [1393]
445.4 :    2 : [1372, 1387]
445.5 :    1 : [1361]
445.6 :    4 : [1339, 1370, 1405, 1415]
445.7 :    8 : [1338, 1349, 1367, 1384, 1413, 1414, 1416, 1418]
445.8 :    2 : [1344, 1352]
445.9 :    2 : [1330, 1404]
446.0 :    4 : [1381, 1403, 1412, 1417]
446.1 :    5 : [1340, 1354, 1371, 1386, 1408]
446.2 :    3 : [1378, 1407, 1419]
446.3 :    3 : [1335, 1409, 1411]
446.4 :    2 : [1329, 1380]
446.5 :    4 : [1368, 1373, 1394, 1402]
446.6 :    7 : [1345, 1356, 1360, 1376, 1399, 1422, 1425]
446.7 :    3 : [1331, 1365, 1410]
446.8 :    5 : [1347, 1348, 1359, 1374, 1406]
446.9 :    3 : [1350, 1375, 1377]
447.0 :    1 : [1341]
447.1 :    2 : [1333, 1401]
447.2 :    1 : [1336]
447.4 :    1 : [1379]
447.6 :    1 : [1366]
447.7 :    1 : [1398]
448.2 :    1 : [1393]
448.3 :    4 : [1332, 1337, 1339, 1352]
448.4 :    7 : [1355, 1358, 1392, 1412, 1417, 1427, 1428]
448.5 :    2 : [1351, 1395]
448.6 :    1 : [1334]
448.7 :    2 : [1409, 1413]
448.8 :    1 : [1411]
448.9 :    5 : [1378, 1402, 1419, 1420, 1424]
449.0 :    2 : [1391, 1418]
449.1 :    2 : [1353, 1414]
449.2 :    2 : [1340, 1426]
449.3 :    2 : [1367, 1386]
449.6 :    1 : [1381]
449.8 :    3 : [1363, 1364, 1410]
449.9 :    2 : [1394, 1416]
450.0 :    1 : [1376]
450.1 :    2 : [1388, 1422]
450.4 :    1 : [1373]
451.6 :    5 : [1329, 1354, 1390, 1403, 1408]
451.7 :    3 : [1361, 1375, 1387]
451.8 :    1 : [1405]
451.9 :    2 : [1341, 1380]
452.0 :    3 : [1359, 1362, 1407]
452.2 :    3 : [1335, 1357, 1421]
452.5 :    1 : [1412]
452.9 :    1 : [1330]
454.2 :    3 : [1367, 1392, 1401]
454.3 :    3 : [1347, 1350, 1356]
454.6 :    4 : [1336, 1345, 1372, 1379]
454.7 :    2 : [1415, 1427]
454.8 :    1 : [1395]
454.9 :    1 : [1332]
455.0 :    1 : [1396]
455.1 :    2 : [1384, 1414]
455.2 :    1 : [1407]
455.3 :    1 : [1373]
457.1 :    2 : [1329, 1341]
457.2 :    2 : [1346, 1381]
457.3 :    2 : [1363, 1394]
457.4 :    1 : [1416]
457.6 :    1 : [1360]
458.0 :    6 : [1354, 1361, 1375, 1387, 1390, 1405]
458.1 :    2 : [1362, 1380]
458.5 :    1 : [1335]
459.3 :    1 : [1382]
460.2 :    1 : [1346]
462.3 :    1 : [1382]
468.0 :    1 : [1342]
472.4 :    1 : [1342]
474.1 :    1 : [1423]
474.2 :    1 : [1383]
474.9 :    3 : [1331, 1385, 1425]
475.1 :    1 : [1365]
475.2 :    2 : [1375, 1406]
475.3 :    2 : [1358, 1399]
475.4 :    2 : [1345, 1427]
475.5 :    1 : [1415]
475.8 :    1 : [1346]
476.1 :    2 : [1370, 1428]
477.0 :    1 : [1383]
477.3 :    6 : [1333, 1338, 1349, 1377, 1395, 1421]
477.4 :    1 : [1347]
477.5 :    4 : [1353, 1369, 1374, 1390]
477.7 :    1 : [1337]
477.8 :    2 : [1336, 1407]
478.6 :    1 : [1417]
479.8 :    7 : [1331, 1343, 1361, 1368, 1381, 1399, 1425]
479.9 :    3 : [1364, 1386, 1422]
480.0 :    2 : [1369, 1375]
480.2 :    3 : [1372, 1382, 1384]
480.3 :    1 : [1415]
480.6 :    1 : [1346]
480.8 :    2 : [1365, 1388]
480.9 :    1 : [1370]
481.2 :    1 : [1400]
481.5 :    1 : [1406]
483.6 :    1 : [1400]
486.1 :    1 : [1344]
495.0 :    1 : [1391]
497.6 :    2 : [1391, 1424]
503.3 :    1 : [1404]
505.1 :    1 : [1393]
505.2 :    3 : [1336, 1371, 1426]
505.3 :    2 : [1330, 1406]
505.6 :    1 : [1351]
505.7 :    3 : [1360, 1396, 1404]
506.1 :    2 : [1339, 1340]
506.2 :    1 : [1424]
506.4 :    1 : [1355]
506.5 :    1 : [1418]
506.8 :    1 : [1379]
507.7 :    1 : [1426]
507.8 :    1 : [1371]
507.9 :    1 : [1330]
508.3 :    2 : [1360, 1396]
508.5 :    1 : [1334]
508.7 :    1 : [1356]
509.0 :    3 : [1350, 1352, 1403]
509.2 :    1 : [1418]
509.3 :    1 : [1408]
510.1 :    3 : [1332, 1379, 1409]
510.2 :    1 : [1392]
510.3 :    1 : [1420]
510.5 :    2 : [1333, 1411]
510.6 :    3 : [1357, 1380, 1413]
510.7 :    1 : [1422]
510.9 :    2 : [1334, 1398]
511.0 :    1 : [1359]
511.2 :    1 : [1419]
511.3 :    4 : [1339, 1340, 1356, 1394]
511.4 :    1 : [1386]
511.5 :    2 : [1348, 1403]
511.6 :    3 : [1350, 1375, 1410]
511.7 :    5 : [1355, 1358, 1376, 1408, 1427]
511.8 :    3 : [1341, 1352, 1378]
511.9 :    1 : [1381]
512.0 :    1 : [1373]
512.1 :    1 : [1395]
512.2 :    1 : [1353]
512.5 :    1 : [1387]
512.8 :    2 : [1392, 1420]
512.9 :    4 : [1354, 1367, 1411, 1412]
513.0 :    1 : [1401]
513.1 :    2 : [1338, 1349]
513.2 :    1 : [1421]
513.3 :    4 : [1364, 1384, 1388, 1404]
513.4 :    1 : [1405]
513.5 :    2 : [1351, 1359]
513.6 :    2 : [1360, 1393]
514.1 :    4 : [1348, 1363, 1410, 1414]
514.3 :    1 : [1362]
514.4 :    1 : [1334]
514.7 :    1 : [1357]
515.3 :    2 : [1387, 1412]
515.5 :    3 : [1367, 1372, 1425]
515.6 :    1 : [1354]
515.7 :    6 : [1338, 1390, 1401, 1416, 1423, 1428]
515.8 :    3 : [1365, 1403, 1406]
515.9 :    2 : [1366, 1405]
516.1 :    1 : [1331]
516.2 :    2 : [1343, 1420]
516.3 :    3 : [1340, 1349, 1413]
516.4 :    2 : [1336, 1392]
516.5 :    2 : [1358, 1374]
516.6 :    4 : [1363, 1383, 1414, 1427]
516.7 :    1 : [1417]
516.8 :    5 : [1353, 1373, 1376, 1380, 1394]
516.9 :    3 : [1335, 1362, 1422]
517.0 :    5 : [1329, 1333, 1352, 1384, 1388]
518.5 :    1 : [1375]
518.6 :    1 : [1345]
518.7 :    3 : [1337, 1347, 1366]
518.8 :    1 : [1421]
518.9 :    1 : [1385]
519.0 :    2 : [1400, 1409]
519.1 :    1 : [1377]
519.2 :    2 : [1332, 1374]
519.3 :    1 : [1346]
519.4 :    1 : [1382]
519.6 :    1 : [1355]
519.7 :    1 : [1329]
520.2 :    2 : [1335, 1403]
520.4 :    1 : [1420]
521.5 :    1 : [1385]
521.9 :    1 : [1377]
524.3 :    1 : [1342]
528.6 :    1 : [1342]
536.0 :    1 : [1399]
539.1 :    1 : [1399]
547.9 :    1 : [1344]
548.6 :    1 : [1398]
549.2 :    1 : [1378]
549.4 :    1 : [1419]
549.6 :    1 : [1341]
550.5 :    1 : [1344]
550.9 :    1 : [1410]
551.0 :    1 : [1386]
551.7 :    1 : [1398]
551.9 :    1 : [1361]
552.0 :    9 : [1334, 1339, 1355, 1359, 1375, 1391, 1406, 1408, 1419]
552.1 :    2 : [1341, 1378]
552.3 :    3 : [1395, 1402, 1417]
552.7 :    1 : [1415]
552.9 :    1 : [1337]
553.4 :    1 : [1418]
553.6 :    3 : [1386, 1416, 1424]
553.8 :    1 : [1351]
553.9 :    5 : [1340, 1368, 1381, 1413, 1422]
554.0 :    5 : [1356, 1363, 1373, 1405, 1414]
554.1 :    1 : [1394]
554.2 :    2 : [1371, 1372]
554.5 :    3 : [1361, 1370, 1428]
554.6 :    2 : [1343, 1390]
554.7 :    2 : [1376, 1426]
554.8 :    1 : [1330]
554.9 :    1 : [1339]
555.0 :    3 : [1392, 1404, 1406]
555.1 :    6 : [1333, 1345, 1364, 1391, 1410, 1415]
555.3 :    1 : [1419]
555.4 :    1 : [1337]
555.5 :    2 : [1331, 1365]
555.6 :    3 : [1355, 1359, 1375]
555.8 :    3 : [1341, 1395, 1423]
556.0 :    1 : [1408]
556.1 :    1 : [1382]
556.3 :    1 : [1368]
556.5 :    1 : [1381]
556.7 :    1 : [1372]
556.8 :    1 : [1371]
556.9 :    1 : [1416]
557.0 :    1 : [1347]
557.2 :    1 : [1407]
557.3 :    1 : [1426]
557.4 :    1 : [1428]
557.7 :    1 : [1379]
557.8 :    6 : [1364, 1370, 1390, 1396, 1418, 1424]
557.9 :    1 : [1345]
558.1 :    1 : [1336]
558.4 :    2 : [1343, 1348]
558.6 :    4 : [1358, 1377, 1399, 1427]
558.7 :    2 : [1356, 1415]
558.9 :    1 : [1406]
559.1 :    6 : [1333, 1380, 1382, 1386, 1417, 1422]
559.2 :    3 : [1331, 1367, 1383]
559.3 :    2 : [1393, 1425]
559.4 :    4 : [1330, 1338, 1349, 1350]
559.5 :    1 : [1346]
559.6 :    4 : [1347, 1361, 1368, 1375]
559.7 :    1 : [1407]
559.9 :    2 : [1340, 1387]
560.3 :    1 : [1379]
561.0 :    2 : [1336, 1381]
561.2 :    3 : [1395, 1401, 1421]
561.3 :    3 : [1329, 1353, 1365]
561.4 :    5 : [1341, 1344, 1369, 1374, 1414]
561.5 :    2 : [1335, 1392]
561.6 :    4 : [1334, 1380, 1398, 1427]
561.8 :    5 : [1345, 1358, 1383, 1384, 1415]
561.9 :    5 : [1332, 1372, 1373, 1390, 1423]
562.0 :    3 : [1346, 1350, 1404]
562.2 :    3 : [1367, 1370, 1399]
562.3 :    1 : [1362]
562.5 :    3 : [1331, 1349, 1425]
562.6 :    1 : [1354]
562.7 :    1 : [1387]
563.0 :    1 : [1407]
563.1 :    1 : [1338]
563.6 :    1 : [1337]
563.7 :    4 : [1347, 1356, 1375, 1406]
563.8 :    5 : [1363, 1369, 1377, 1394, 1405]
563.9 :    3 : [1333, 1360, 1361]
564.0 :    3 : [1364, 1401, 1410]
564.1 :    4 : [1330, 1408, 1416, 1428]
564.5 :    2 : [1335, 1343]
564.6 :    3 : [1357, 1381, 1382]
564.7 :    7 : [1329, 1341, 1386, 1395, 1415, 1421, 1422]
564.8 :    1 : [1417]
564.9 :    1 : [1427]
565.1 :    2 : [1336, 1374]
565.2 :    3 : [1332, 1346, 1380]
565.4 :    1 : [1345]
565.8 :    1 : [1354]
565.9 :    3 : [1390, 1392, 1414]
566.0 :    1 : [1379]
566.2 :    1 : [1339]
566.3 :    2 : [1358, 1373]
566.4 :    1 : [1407]
566.5 :    1 : [1367]
566.7 :    1 : [1412]
566.8 :    1 : [1350]
566.9 :    1 : [1360]
567.2 :    1 : [1357]
567.3 :    1 : [1397]
567.7 :    1 : [1369]
568.0 :    1 : [1347]
569.2 :    1 : [1412]
570.9 :    1 : [1388]
573.3 :    1 : [1385]
573.4 :    1 : [1388]
573.7 :    1 : [1409]
573.8 :    1 : [1420]
573.9 :    1 : [1403]
574.2 :    1 : [1342]
574.5 :    2 : [1365, 1400]
576.1 :    5 : [1331, 1355, 1375, 1392, 1425]
576.2 :    5 : [1352, 1372, 1384, 1409, 1423]
576.5 :    5 : [1357, 1383, 1403, 1406, 1427]
576.6 :    5 : [1336, 1337, 1340, 1358, 1366]
576.7 :    1 : [1367]
576.8 :    3 : [1353, 1420, 1428]
576.9 :    3 : [1362, 1388, 1400]
577.0 :    3 : [1345, 1376, 1382]
577.2 :    2 : [1351, 1387]
577.4 :    3 : [1342, 1347, 1369]
577.5 :    2 : [1398, 1413]
577.6 :    2 : [1354, 1421]
578.3 :    1 : [1411]
578.8 :    1 : [1352]
579.1 :    1 : [1412]
579.2 :    1 : [1365]
579.4 :    1 : [1366]
579.6 :    1 : [1395]
579.7 :    1 : [1332]
579.8 :    6 : [1346, 1373, 1379, 1390, 1403, 1420]
579.9 :    1 : [1374]
580.1 :    1 : [1392]
580.2 :    3 : [1384, 1394, 1425]
580.3 :    3 : [1357, 1358, 1427]
580.4 :    3 : [1340, 1388, 1393]
580.5 :    3 : [1349, 1353, 1400]
580.6 :    1 : [1381]
580.9 :    1 : [1338]
581.0 :    1 : [1380]
591.6 :    1 : [1402]
594.3 :    1 : [1402]
603.5 :    1 : [1396]
604.0 :    1 : [1397]
604.1 :    1 : [1348]
605.3 :    1 : [1391]
605.9 :    1 : [1396]
606.3 :    2 : [1418, 1424]
606.9 :    1 : [1359]
607.1 :    1 : [1426]
607.3 :    1 : [1348]
607.4 :    1 : [1371]
607.6 :    1 : [1397]
608.3 :    1 : [1404]
608.5 :    2 : [1406, 1419]
608.6 :    2 : [1334, 1378]
608.8 :    1 : [1405]
608.9 :    1 : [1339]
609.0 :    2 : [1413, 1422]
609.1 :    3 : [1336, 1340, 1363]
609.2 :    2 : [1375, 1391]
609.3 :    3 : [1333, 1355, 1396]
609.4 :    2 : [1392, 1416]
609.6 :    2 : [1359, 1418]
609.7 :    1 : [1426]
609.9 :    1 : [1424]
610.0 :    2 : [1371, 1410]
610.1 :    1 : [1386]
610.2 :    1 : [1356]
610.4 :    2 : [1341, 1351]
611.1 :    1 : [1419]
611.3 :    4 : [1373, 1394, 1395, 1414]
611.4 :    2 : [1334, 1378]
611.6 :    1 : [1408]
611.7 :    4 : [1360, 1370, 1377, 1415]
611.8 :    3 : [1347, 1379, 1380]
611.9 :    3 : [1339, 1363, 1406]
612.0 :    3 : [1367, 1372, 1399]
612.1 :    4 : [1343, 1345, 1361, 1387]
612.2 :    6 : [1330, 1344, 1358, 1381, 1390, 1427]
612.4 :    1 : [1422]
612.5 :    4 : [1340, 1375, 1413, 1416]
612.8 :    1 : [1355]
612.9 :    1 : [1385]
613.3 :    1 : [1404]
613.6 :    1 : [1418]
613.8 :    1 : [1359]
614.5 :    2 : [1408, 1411]
614.6 :    1 : [1377]
614.8 :    1 : [1344]
615.1 :    1 : [1399]
615.2 :    1 : [1360]
615.3 :    1 : [1370]
615.7 :    1 : [1385]
617.4 :    1 : [1411]
618.1 :    1 : [1376]
620.4 :    1 : [1335]
620.5 :    1 : [1329]
621.0 :    1 : [1376]
622.6 :    1 : [1368]
622.7 :    1 : [1364]
622.9 :    1 : [1417]
623.1 :    2 : [1329, 1393]
623.3 :    3 : [1333, 1349, 1401]
623.5 :    3 : [1335, 1338, 1399]
623.6 :    1 : [1362]
623.8 :    1 : [1331]
624.2 :    1 : [1407]
624.3 :    1 : [1423]
624.7 :    1 : [1350]
625.0 :    2 : [1337, 1421]
625.1 :    3 : [1368, 1375, 1415]
625.3 :    3 : [1330, 1364, 1374]
625.4 :    7 : [1343, 1346, 1361, 1370, 1395, 1417, 1425]
625.5 :    6 : [1336, 1345, 1356, 1381, 1390, 1427]
625.6 :    3 : [1341, 1377, 1398]
625.7 :    3 : [1347, 1406, 1428]
625.8 :    1 : [1358]
626.1 :    1 : [1386]
626.2 :    3 : [1353, 1362, 1365]
626.3 :    1 : [1393]
626.4 :    3 : [1332, 1410, 1414]
626.5 :    2 : [1338, 1392]
626.6 :    2 : [1380, 1383]
626.7 :    1 : [1329]
627.0 :    1 : [1384]
627.1 :    1 : [1382]
627.4 :    1 : [1350]
627.5 :    1 : [1407]
627.6 :    1 : [1354]
627.7 :    2 : [1401, 1421]
627.8 :    2 : [1367, 1373]
628.1 :    1 : [1405]
628.4 :    6 : [1340, 1344, 1346, 1349, 1422, 1428]
628.5 :    2 : [1335, 1394]
628.6 :    3 : [1372, 1379, 1387]
628.7 :    3 : [1331, 1333, 1352]
628.8 :    1 : [1398]
629.0 :    1 : [1420]
629.1 :    4 : [1332, 1353, 1381, 1427]
629.2 :    3 : [1341, 1363, 1412]
629.3 :    1 : [1376]
629.4 :    1 : [1357]
629.6 :    1 : [1403]
629.7 :    1 : [1375]
629.8 :    2 : [1382, 1384]
629.9 :    2 : [1383, 1425]
630.1 :    1 : [1388]
630.2 :    2 : [1354, 1360]
630.3 :    4 : [1361, 1390, 1395, 1416]
630.4 :    1 : [1336]
630.5 :    1 : [1347]
630.6 :    1 : [1362]
630.7 :    1 : [1415]
630.8 :    2 : [1392, 1408]
630.9 :    2 : [1329, 1358]
631.0 :    3 : [1345, 1369, 1380]
631.1 :    3 : [1330, 1356, 1407]
631.5 :    1 : [1352]
631.6 :    1 : [1366]
632.0 :    1 : [1412]
632.2 :    1 : [1420]
632.4 :    2 : [1367, 1373]
632.8 :    1 : [1403]
634.6 :    1 : [1369]
635.1 :    2 : [1342, 1366]
635.3 :    2 : [1337, 1365]
635.5 :    1 : [1423]
637.6 :    1 : [1342]
637.8 :    4 : [1355, 1392, 1403, 1420]
637.9 :    1 : [1406]
638.1 :    1 : [1357]
638.2 :    2 : [1382, 1427]
638.3 :    2 : [1372, 1388]
638.4 :    3 : [1331, 1384, 1428]
638.5 :    1 : [1375]
638.6 :    2 : [1347, 1409]
638.7 :    2 : [1336, 1425]
638.8 :    1 : [1345]
638.9 :    3 : [1358, 1367, 1383]
641.5 :    1 : [1365]
642.3 :    1 : [1369]
642.8 :    2 : [1337, 1400]
642.9 :    1 : [1423]
650.4 :    1 : [1351]
653.6 :    1 : [1351]
664.5 :    1 : [1424]
665.1 :    1 : [1419]
665.2 :    1 : [1413]
665.4 :    2 : [1340, 1410]
665.5 :    2 : [1339, 1378]
665.8 :    1 : [1334]
665.9 :    1 : [1420]
666.0 :    4 : [1348, 1359, 1375, 1376]
666.1 :    2 : [1353, 1386]
666.4 :    1 : [1394]
666.5 :    1 : [1374]
666.6 :    1 : [1422]
666.7 :    1 : [1391]
666.9 :    2 : [1402, 1424]
667.7 :    1 : [1403]
667.8 :    2 : [1358, 1427]
667.9 :    2 : [1418, 1419]
668.0 :    5 : [1333, 1339, 1378, 1381, 1404]
668.4 :    1 : [1413]
668.5 :    1 : [1348]
668.8 :    1 : [1359]
669.1 :    1 : [1386]
669.2 :    1 : [1364]
669.3 :    1 : [1421]
669.4 :    1 : [1391]
669.5 :    1 : [1374]
669.6 :    1 : [1402]
670.4 :    8 : [1340, 1352, 1354, 1357, 1384, 1388, 1393, 1425]
670.5 :    5 : [1338, 1343, 1349, 1360, 1380]
670.6 :    1 : [1417]
670.7 :    1 : [1394]
670.8 :    2 : [1404, 1410]
670.9 :    1 : [1420]
671.0 :    3 : [1351, 1373, 1395]
671.1 :    1 : [1353]
672.2 :    1 : [1411]
673.4 :    1 : [1387]
673.5 :    2 : [1343, 1393]
673.7 :    2 : [1409, 1417]
674.0 :    1 : [1379]
676.0 :    1 : [1411]
676.1 :    1 : [1414]
676.2 :    2 : [1346, 1409]
676.3 :    2 : [1344, 1368]
676.5 :    1 : [1349]
676.6 :    1 : [1331]
676.7 :    1 : [1399]
676.8 :    1 : [1370]
676.9 :    1 : [1333]
677.0 :    1 : [1338]
677.2 :    1 : [1385]
677.4 :    1 : [1375]
677.5 :    1 : [1361]
678.8 :    5 : [1365, 1390, 1401, 1422, 1428]
678.9 :    5 : [1358, 1381, 1414, 1425, 1427]
679.0 :    2 : [1341, 1415]
679.1 :    2 : [1346, 1364]
679.2 :    4 : [1377, 1386, 1399, 1406]
679.4 :    2 : [1408, 1421]
679.5 :    1 : [1343]
679.6 :    2 : [1374, 1417]
679.9 :    1 : [1353]
680.0 :    1 : [1345]
680.1 :    1 : [1395]
680.2 :    1 : [1361]
681.0 :    1 : [1385]
681.4 :    2 : [1331, 1349]
681.5 :    2 : [1370, 1407]
681.6 :    1 : [1333]
681.7 :    2 : [1338, 1377]
681.8 :    2 : [1371, 1415]
682.0 :    1 : [1398]
682.1 :    3 : [1368, 1375, 1399]
682.3 :    1 : [1408]
683.3 :    2 : [1335, 1341]
683.5 :    1 : [1346]
684.5 :    1 : [1407]
684.6 :    1 : [1330]
685.1 :    1 : [1362]
685.5 :    1 : [1398]
686.8 :    1 : [1332]
687.1 :    2 : [1350, 1356]
687.5 :    1 : [1330]
687.7 :    1 : [1362]
688.4 :    1 : [1405]
688.5 :    2 : [1372, 1412]
688.6 :    2 : [1336, 1416]
688.7 :    3 : [1355, 1363, 1396]
688.8 :    2 : [1329, 1347]
688.9 :    1 : [1380]
689.0 :    2 : [1406, 1407]
689.1 :    2 : [1392, 1400]
689.2 :    1 : [1379]
689.3 :    4 : [1340, 1381, 1390, 1427]
689.4 :    2 : [1415, 1426]
689.5 :    1 : [1367]
689.6 :    1 : [1350]
689.7 :    1 : [1341]
689.9 :    3 : [1356, 1361, 1414]
690.1 :    2 : [1335, 1373]
691.0 :    1 : [1405]
691.1 :    6 : [1355, 1363, 1387, 1396, 1412, 1416]
691.2 :    3 : [1345, 1395, 1423]
691.3 :    6 : [1339, 1360, 1401, 1404, 1418, 1422]
691.4 :    6 : [1354, 1358, 1375, 1382, 1384, 1394]
691.5 :    2 : [1336, 1421]
691.6 :    3 : [1342, 1344, 1377]
691.7 :    4 : [1347, 1371, 1372, 1392]
691.8 :    2 : [1366, 1426]
691.9 :    2 : [1400, 1407]
692.1 :    3 : [1333, 1367, 1370]
692.2 :    5 : [1330, 1380, 1398, 1406, 1413]
692.6 :    1 : [1424]
692.7 :    1 : [1379]
692.8 :    1 : [1419]
693.4 :    1 : [1359]
693.5 :    3 : [1351, 1357, 1415]
693.8 :    1 : [1340]
693.9 :    1 : [1423]
694.0 :    1 : [1396]
694.5 :    1 : [1382]
695.4 :    1 : [1416]
698.5 :    1 : [1369]
698.8 :    1 : [1337]
698.9 :    2 : [1336, 1427]
699.1 :    1 : [1392]
699.2 :    2 : [1355, 1388]
699.8 :    1 : [1403]
700.2 :    1 : [1420]
701.1 :    1 : [1369]
702.6 :    2 : [1375, 1406]
702.8 :    1 : [1334]
703.1 :    1 : [1410]
703.2 :    1 : [1356]
703.4 :    1 : [1373]
703.5 :    1 : [1339]
703.8 :    1 : [1405]
705.0 :    2 : [1376, 1408]
705.1 :    6 : [1337, 1355, 1359, 1363, 1395, 1419]
705.2 :    4 : [1341, 1378, 1386, 1413]
705.3 :    1 : [1418]
705.4 :    3 : [1340, 1414, 1422]
705.5 :    1 : [1351]
705.6 :    1 : [1365]
705.7 :    1 : [1394]
706.6 :    1 : [1334]
707.7 :    4 : [1375, 1406, 1410, 1417]
707.8 :    2 : [1376, 1402]
708.2 :    2 : [1345, 1390]
708.3 :    2 : [1331, 1339]
708.5 :    1 : [1367]
708.6 :    1 : [1358]
714.0 :    2 : [1355, 1386]
714.2 :    2 : [1343, 1419]
714.3 :    2 : [1361, 1373]
714.4 :    4 : [1334, 1376, 1383, 1428]
714.5 :    7 : [1344, 1356, 1380, 1387, 1392, 1393, 1414]
714.6 :    6 : [1347, 1352, 1397, 1405, 1416, 1418]
714.7 :    6 : [1329, 1333, 1340, 1377, 1382, 1385]
714.8 :    7 : [1332, 1350, 1365, 1381, 1396, 1415, 1425]
714.9 :    5 : [1335, 1336, 1337, 1353, 1401]
715.0 :   12 : [1351, 1360, 1363, 1369, 1390, 1394, 1407, 1411, 1413, 1417, 1420, 1423]
715.1 :    4 : [1354, 1371, 1378, 1402]
715.2 :    8 : [1330, 1346, 1348, 1349, 1384, 1408, 1426, 1427]
715.3 :    5 : [1339, 1341, 1367, 1395, 1403]
715.4 :    4 : [1358, 1406, 1410, 1422]
715.5 :    2 : [1345, 1424]
715.6 :    1 : [1421]
715.7 :    1 : [1368]
715.8 :    2 : [1374, 1379]
716.0 :    1 : [1388]
716.5 :    1 : [1375]
716.6 :    1 : [1357]
716.7 :    2 : [1391, 1412]
716.8 :    1 : [1386]
716.9 :    2 : [1373, 1383]
717.0 :    2 : [1352, 1355]
717.1 :    4 : [1380, 1389, 1397, 1398]
717.2 :    2 : [1334, 1344]
717.3 :    2 : [1362, 1415]
717.4 :    3 : [1342, 1376, 1428]
717.5 :    2 : [1343, 1361]
717.6 :    1 : [1393]
717.7 :    9 : [1331, 1333, 1340, 1347, 1365, 1377, 1409, 1423, 1425]
717.8 :   13 : [1335, 1351, 1353, 1356, 1359, 1364, 1366, 1392, 1399, 1401, 1414, 1417, 1419]
717.9 :   12 : [1329, 1337, 1338, 1346, 1349, 1350, 1381, 1382, 1396, 1400, 1407, 1408]
718.0 :    7 : [1348, 1354, 1363, 1387, 1390, 1394, 1406]
718.1 :    9 : [1332, 1336, 1345, 1367, 1371, 1395, 1413, 1422, 1427]
718.2 :    5 : [1330, 1358, 1368, 1416, 1421]
718.3 :    8 : [1339, 1341, 1370, 1384, 1402, 1403, 1405, 1426]
718.4 :    4 : [1360, 1372, 1410, 1411]
718.5 :    3 : [1369, 1418, 1420]
718.6 :    1 : [1374]
718.7 :    3 : [1378, 1379, 1404]
719.2 :    1 : [1375]
719.3 :    2 : [1357, 1388]
719.4 :    2 : [1386, 1389]
719.5 :    2 : [1373, 1412]
719.6 :    8 : [1344, 1352, 1355, 1380, 1383, 1385, 1391, 1415]
719.7 :    2 : [1397, 1424]
719.8 :    3 : [1334, 1398, 1428]
720.0 :    3 : [1361, 1376, 1393]
720.1 :    2 : [1342, 1362]
720.2 :    1 : [1343]
720.3 :    6 : [1333, 1340, 1356, 1366, 1382, 1425]
720.4 :    8 : [1337, 1347, 1365, 1377, 1408, 1417, 1419, 1423]
720.5 :    3 : [1331, 1401, 1409]
720.6 :    4 : [1335, 1346, 1349, 1407]
720.7 :    7 : [1329, 1363, 1367, 1381, 1394, 1396, 1399]
720.8 :    6 : [1332, 1336, 1350, 1353, 1392, 1427]
720.9 :    5 : [1338, 1351, 1368, 1395, 1400]
721.0 :    6 : [1348, 1354, 1390, 1403, 1414, 1422]
721.1 :    3 : [1339, 1406, 1413]
721.2 :    4 : [1345, 1359, 1371, 1416]
721.3 :    1 : [1426]
721.4 :    5 : [1358, 1360, 1364, 1420, 1421]
721.5 :    1 : [1330]
721.6 :    4 : [1374, 1402, 1410, 1411]
721.7 :    2 : [1369, 1405]
721.8 :    2 : [1384, 1387]
721.9 :    2 : [1341, 1378]
722.2 :    2 : [1357, 1389]
722.3 :    1 : [1388]
722.4 :    1 : [1380]
722.5 :    6 : [1344, 1372, 1373, 1385, 1386, 1404]
722.6 :    5 : [1379, 1383, 1391, 1393, 1428]
722.7 :    3 : [1334, 1397, 1418]
722.8 :    2 : [1352, 1415]
722.9 :    5 : [1356, 1361, 1366, 1375, 1412]
723.0 :    5 : [1337, 1377, 1382, 1424, 1425]
723.1 :    3 : [1333, 1355, 1423]
723.2 :    6 : [1340, 1342, 1362, 1376, 1401, 1408]
723.3 :    4 : [1343, 1367, 1398, 1417]
723.4 :    3 : [1365, 1407, 1419]
723.5 :    7 : [1332, 1335, 1347, 1349, 1363, 1396, 1409]
723.6 :    3 : [1336, 1368, 1427]
723.7 :    3 : [1329, 1338, 1416]
723.8 :    1 : [1394]
723.9 :    6 : [1331, 1339, 1346, 1350, 1351, 1381]
724.0 :    2 : [1353, 1406]
724.1 :    4 : [1392, 1399, 1403, 1414]
724.2 :    2 : [1359, 1426]
724.3 :    2 : [1345, 1395]
724.5 :    1 : [1354]
724.6 :    1 : [1422]
724.7 :    6 : [1330, 1358, 1390, 1400, 1420, 1421]
724.8 :    5 : [1360, 1369, 1371, 1405, 1413]
724.9 :    3 : [1380, 1387, 1410]
725.0 :    2 : [1341, 1373]
725.1 :    2 : [1344, 1386]
725.2 :    3 : [1348, 1357, 1374]
725.3 :    2 : [1378, 1389]
725.4 :    6 : [1364, 1370, 1383, 1393, 1402, 1415]
725.5 :    2 : [1356, 1361]
725.6 :    3 : [1334, 1388, 1418]
725.7 :    6 : [1379, 1382, 1397, 1411, 1425, 1428]
725.8 :    4 : [1340, 1384, 1385, 1391]
725.9 :    1 : [1412]
726.0 :    4 : [1333, 1337, 1376, 1404]
726.1 :    1 : [1355]
726.2 :    4 : [1336, 1352, 1377, 1424]
726.3 :    3 : [1342, 1417, 1423]
726.4 :    3 : [1347, 1366, 1396]
726.5 :    3 : [1335, 1398, 1407]
726.6 :    2 : [1332, 1367]
726.8 :    3 : [1363, 1375, 1408]
726.9 :    3 : [1406, 1416, 1427]
727.0 :    1 : [1368]
727.1 :    1 : [1338]
727.2 :    2 : [1343, 1365]
727.4 :    2 : [1394, 1414]
727.5 :    1 : [1339]
727.6 :    4 : [1329, 1345, 1350, 1409]
727.7 :    4 : [1349, 1392, 1401, 1419]
727.8 :    3 : [1369, 1373, 1380]
727.9 :    3 : [1346, 1362, 1426]
728.0 :    4 : [1359, 1361, 1390, 1415]
728.1 :    9 : [1330, 1331, 1344, 1357, 1360, 1371, 1395, 1405, 1421]
728.2 :   12 : [1351, 1353, 1354, 1356, 1358, 1383, 1386, 1387, 1403, 1410, 1422, 1425]
728.3 :    3 : [1372, 1381, 1420]
728.4 :    3 : [1340, 1393, 1413]
728.5 :    2 : [1341, 1378]
728.7 :    4 : [1334, 1376, 1389, 1428]
728.8 :    2 : [1382, 1384]
728.9 :    5 : [1337, 1355, 1374, 1388, 1402]
729.0 :    1 : [1423]
729.2 :    3 : [1347, 1396, 1400]
729.3 :    1 : [1377]
729.4 :    3 : [1336, 1348, 1379]
729.5 :    4 : [1333, 1399, 1407, 1417]
729.6 :    1 : [1412]
729.7 :    2 : [1364, 1367]
729.8 :    1 : [1375]
729.9 :    2 : [1352, 1406]
730.1 :    1 : [1365]
730.3 :    2 : [1370, 1398]
730.4 :    1 : [1427]
730.7 :    1 : [1335]
731.0 :    1 : [1332]
731.1 :    2 : [1345, 1411]
731.2 :    4 : [1383, 1385, 1424, 1425]
731.3 :   12 : [1338, 1361, 1368, 1373, 1380, 1390, 1392, 1397, 1414, 1415, 1416, 1418]
731.4 :    4 : [1343, 1344, 1391, 1408]
731.5 :    7 : [1329, 1334, 1346, 1349, 1356, 1386, 1393]
731.6 :    7 : [1340, 1342, 1353, 1355, 1363, 1394, 1401]
731.7 :   13 : [1339, 1347, 1366, 1369, 1371, 1376, 1382, 1395, 1396, 1413, 1419, 1422, 1423]
731.8 :    6 : [1350, 1358, 1374, 1403, 1426, 1428]
731.9 :   11 : [1331, 1336, 1337, 1351, 1354, 1360, 1377, 1402, 1405, 1410, 1420]
732.0 :    5 : [1357, 1378, 1384, 1388, 1421]
732.1 :    2 : [1381, 1409]
732.2 :    1 : [1400]
732.3 :    4 : [1333, 1387, 1412, 1417]
732.4 :    2 : [1367, 1379]
732.5 :    1 : [1389]
732.6 :    1 : [1362]
732.7 :    1 : [1399]
732.8 :    3 : [1365, 1375, 1406]
733.0 :    1 : [1330]
733.4 :    1 : [1352]
733.9 :    1 : [1407]
734.5 :    1 : [1386]
734.6 :    1 : [1335]
734.7 :    2 : [1346, 1361]
734.8 :    6 : [1334, 1345, 1366, 1368, 1376, 1398]
734.9 :    4 : [1355, 1358, 1380, 1413]
735.0 :    8 : [1343, 1344, 1348, 1369, 1373, 1415, 1419, 1420]
735.1 :    8 : [1347, 1383, 1390, 1392, 1393, 1396, 1418, 1425]
735.2 :    5 : [1354, 1357, 1372, 1414, 1421]
735.3 :    4 : [1340, 1360, 1412, 1427]
735.4 :    7 : [1332, 1337, 1350, 1353, 1370, 1403, 1423]
735.5 :    1 : [1394]
735.6 :    5 : [1349, 1371, 1387, 1388, 1400]
735.7 :    6 : [1365, 1382, 1395, 1397, 1402, 1428]
735.8 :    3 : [1336, 1363, 1416]
735.9 :    5 : [1339, 1356, 1367, 1406, 1424]
736.0 :    2 : [1385, 1405]
736.1 :    2 : [1411, 1417]
736.2 :    2 : [1333, 1377]
736.3 :    1 : [1329]
736.4 :    2 : [1342, 1375]
736.5 :    4 : [1374, 1384, 1410, 1422]
736.6 :    6 : [1331, 1341, 1364, 1381, 1391, 1407]
736.7 :    2 : [1379, 1408]
736.8 :    7 : [1330, 1338, 1362, 1399, 1401, 1404, 1409]
736.9 :    1 : [1426]
737.0 :    2 : [1359, 1378]
737.1 :    1 : [1352]
737.2 :    1 : [1389]
737.3 :    2 : [1361, 1386]
737.4 :    1 : [1346]
737.6 :    2 : [1376, 1380]
737.8 :    4 : [1335, 1344, 1358, 1415]
737.9 :    7 : [1334, 1343, 1345, 1355, 1368, 1373, 1396]
738.0 :    3 : [1347, 1369, 1425]
738.1 :    4 : [1340, 1392, 1393, 1414]
738.2 :    3 : [1390, 1413, 1421]
738.3 :    6 : [1357, 1360, 1398, 1418, 1419, 1420]
738.4 :    2 : [1351, 1383]
738.5 :    6 : [1336, 1348, 1353, 1354, 1394, 1427]
738.6 :    2 : [1349, 1388]
738.7 :    2 : [1371, 1416]
738.8 :    3 : [1332, 1339, 1395]
738.9 :    5 : [1333, 1356, 1406, 1423, 1428]
739.0 :    3 : [1367, 1387, 1403]
739.1 :    1 : [1424]
739.2 :    1 : [1385]
739.3 :    1 : [1412]
739.4 :    2 : [1350, 1377]
739.5 :    1 : [1382]
739.6 :    1 : [1411]
739.7 :    1 : [1405]
739.8 :    2 : [1363, 1397]
739.9 :    2 : [1365, 1422]
740.8 :    2 : [1329, 1391]
740.9 :    1 : [1407]
741.0 :    2 : [1372, 1380]
741.1 :    2 : [1361, 1381]
741.2 :    1 : [1417]
741.3 :    4 : [1373, 1375, 1376, 1386]
741.4 :    3 : [1344, 1347, 1392]
741.5 :   10 : [1335, 1379, 1384, 1390, 1396, 1400, 1402, 1414, 1415, 1425]
741.6 :    6 : [1334, 1341, 1364, 1374, 1393, 1410]
741.7 :   13 : [1336, 1340, 1345, 1346, 1354, 1355, 1358, 1360, 1383, 1394, 1401, 1419, 1426]
741.8 :   10 : [1330, 1332, 1333, 1337, 1366, 1369, 1413, 1416, 1418, 1427]
741.9 :   12 : [1339, 1342, 1343, 1352, 1353, 1356, 1357, 1367, 1395, 1408, 1420, 1421]
742.0 :    2 : [1349, 1403]
742.1 :    9 : [1331, 1348, 1368, 1382, 1387, 1388, 1404, 1423, 1428]
742.2 :    4 : [1338, 1370, 1389, 1398]
742.3 :    2 : [1385, 1412]
742.4 :    2 : [1350, 1399]
742.5 :    5 : [1362, 1371, 1378, 1397, 1406]
742.6 :    1 : [1377]
742.7 :    2 : [1365, 1422]
742.8 :    2 : [1363, 1411]
743.1 :    1 : [1359]
744.4 :    2 : [1329, 1380]
744.5 :    2 : [1405, 1407]
744.6 :    1 : [1373]
744.7 :    5 : [1336, 1344, 1381, 1393, 1424]
744.8 :    3 : [1351, 1361, 1392]
744.9 :    3 : [1347, 1356, 1425]
745.0 :    2 : [1335, 1390]
745.1 :    5 : [1360, 1375, 1409, 1415, 1427]
745.2 :   10 : [1330, 1334, 1341, 1345, 1369, 1376, 1379, 1382, 1386, 1394]
745.3 :    6 : [1332, 1346, 1385, 1395, 1414, 1419]
745.4 :    8 : [1337, 1349, 1354, 1355, 1367, 1408, 1412, 1421]
745.5 :   10 : [1333, 1340, 1342, 1358, 1374, 1397, 1410, 1416, 1420, 1428]
745.6 :   18 : [1331, 1338, 1339, 1352, 1363, 1366, 1368, 1387, 1391, 1396, 1398, 1399, 1401, 1402, 1406, 1417, 1423, 1426]
745.7 :    6 : [1350, 1357, 1362, 1383, 1388, 1400]
745.8 :    4 : [1353, 1365, 1370, 1418]
745.9 :    3 : [1343, 1377, 1422]
746.0 :    1 : [1403]
746.1 :    2 : [1389, 1413]
746.2 :    3 : [1348, 1364, 1378]
746.3 :    1 : [1371]
746.4 :    1 : [1359]
746.5 :    1 : [1384]
746.8 :    1 : [1372]
747.5 :    3 : [1380, 1404, 1411]
747.6 :    1 : [1373]
747.7 :    2 : [1344, 1393]
747.8 :    3 : [1361, 1386, 1407]
747.9 :    3 : [1334, 1376, 1425]
748.0 :    1 : [1336]
748.1 :    3 : [1329, 1347, 1415]
748.2 :    3 : [1356, 1360, 1369]
748.3 :    1 : [1335]
748.4 :    3 : [1346, 1385, 1419]
748.5 :    4 : [1355, 1392, 1397, 1414]
748.6 :    2 : [1349, 1382]
748.7 :    2 : [1333, 1396]
748.8 :    3 : [1381, 1394, 1428]
748.9 :    4 : [1340, 1375, 1390, 1408]
749.0 :    5 : [1358, 1365, 1368, 1412, 1427]
749.1 :    6 : [1332, 1352, 1374, 1416, 1420, 1426]
749.2 :    3 : [1339, 1383, 1421]
749.3 :   11 : [1338, 1345, 1353, 1363, 1379, 1391, 1406, 1409, 1410, 1417, 1423]
749.4 :    1 : [1388]
749.5 :    8 : [1330, 1343, 1354, 1367, 1395, 1399, 1400, 1424]
749.6 :    2 : [1357, 1413]
749.7 :    4 : [1387, 1398, 1403, 1422]
749.8 :    4 : [1342, 1402, 1405, 1418]
749.9 :    1 : [1331]
750.0 :    4 : [1351, 1364, 1377, 1380]
750.1 :    2 : [1370, 1389]
750.2 :    5 : [1341, 1350, 1359, 1362, 1373]
750.3 :    3 : [1361, 1371, 1384]
750.4 :    4 : [1337, 1401, 1407, 1425]
750.5 :    2 : [1344, 1348]
750.6 :    2 : [1347, 1415]
750.7 :    6 : [1329, 1336, 1366, 1378, 1386, 1393]
750.8 :    2 : [1356, 1404]
750.9 :    1 : [1360]
751.0 :    3 : [1334, 1335, 1372]
751.1 :    2 : [1382, 1392]
751.2 :    2 : [1369, 1376]
751.3 :    4 : [1346, 1385, 1397, 1411]
751.4 :    1 : [1349]
751.6 :    1 : [1414]
751.8 :    1 : [1428]
751.9 :    3 : [1333, 1340, 1394]
752.0 :    5 : [1355, 1381, 1390, 1396, 1427]
752.1 :    2 : [1416, 1419]
752.2 :    5 : [1368, 1375, 1408, 1412, 1417]
752.3 :    2 : [1365, 1406]
752.4 :    6 : [1332, 1352, 1358, 1363, 1421, 1426]
752.5 :    8 : [1330, 1338, 1339, 1343, 1345, 1357, 1399, 1409]
752.6 :    4 : [1374, 1380, 1388, 1398]
752.7 :    6 : [1379, 1383, 1387, 1395, 1410, 1420]
752.8 :    3 : [1342, 1354, 1413]
752.9 :    2 : [1400, 1418]
753.0 :    2 : [1361, 1402]
753.1 :    2 : [1331, 1422]
753.2 :    1 : [1373]
753.3 :    2 : [1391, 1407]
753.5 :    2 : [1350, 1389]
753.6 :    1 : [1423]
753.7 :    1 : [1386]
753.9 :    3 : [1337, 1366, 1367]
754.0 :    2 : [1341, 1403]
754.1 :    3 : [1329, 1353, 1405]
754.2 :    4 : [1344, 1347, 1370, 1425]
754.3 :    1 : [1415]
754.4 :    4 : [1335, 1336, 1362, 1371]
754.5 :    2 : [1392, 1393]
754.6 :    2 : [1356, 1360]
754.7 :    1 : [1414]
754.8 :    3 : [1346, 1390, 1401]
754.9 :    3 : [1364, 1382, 1394]
755.1 :    2 : [1348, 1377]
755.2 :    1 : [1369]
755.4 :    4 : [1333, 1334, 1375, 1396]
755.5 :    8 : [1340, 1345, 1349, 1376, 1380, 1381, 1399, 1427]
755.6 :    5 : [1355, 1395, 1408, 1416, 1419]
755.7 :   11 : [1343, 1358, 1361, 1365, 1368, 1378, 1383, 1397, 1406, 1417, 1428]
755.8 :    4 : [1359, 1373, 1374, 1421]
755.9 :    4 : [1332, 1363, 1385, 1426]
756.0 :    1 : [1338]
756.1 :    3 : [1330, 1412, 1424]
756.2 :    1 : [1339]
756.3 :    3 : [1331, 1352, 1388]
756.4 :    2 : [1386, 1413]
756.5 :    1 : [1379]
756.9 :    2 : [1404, 1410]
757.1 :    2 : [1342, 1398]
757.2 :    5 : [1354, 1387, 1407, 1418, 1423]
757.3 :    4 : [1344, 1402, 1415, 1420]
757.4 :    3 : [1347, 1351, 1384]
757.5 :    3 : [1329, 1367, 1400]
757.6 :    2 : [1335, 1357]
757.7 :    1 : [1391]
757.8 :    3 : [1336, 1356, 1425]
757.9 :    1 : [1350]
758.1 :    3 : [1341, 1362, 1392]
758.2 :    2 : [1401, 1414]
758.3 :    4 : [1380, 1393, 1394, 1411]
758.4 :    5 : [1360, 1382, 1390, 1405, 1422]
758.5 :    1 : [1373]
758.6 :    6 : [1334, 1345, 1353, 1377, 1389, 1396]
758.7 :    5 : [1333, 1346, 1361, 1376, 1383]
758.8 :    3 : [1355, 1369, 1403]
758.9 :    1 : [1416]
759.0 :    5 : [1332, 1340, 1386, 1397, 1419]
759.2 :    2 : [1358, 1406]
759.3 :    3 : [1375, 1385, 1408]
759.6 :    2 : [1337, 1365]
759.7 :    1 : [1339]
759.8 :    3 : [1395, 1417, 1424]
759.9 :    2 : [1363, 1413]
760.0 :    2 : [1349, 1371]
760.5 :    4 : [1343, 1426, 1427, 1428]
760.7 :    2 : [1368, 1412]
760.8 :    5 : [1344, 1352, 1374, 1381, 1409]
760.9 :    1 : [1415]
761.0 :    4 : [1347, 1348, 1378, 1380]
761.1 :    4 : [1330, 1336, 1373, 1388]
761.2 :    5 : [1334, 1335, 1382, 1393, 1423]
761.3 :    4 : [1329, 1356, 1394, 1425]
761.4 :    6 : [1367, 1379, 1383, 1391, 1400, 1410]
761.5 :    5 : [1333, 1355, 1360, 1420, 1421]
761.6 :    4 : [1338, 1345, 1392, 1396]
761.7 :    6 : [1332, 1353, 1354, 1364, 1390, 1414]
761.8 :    5 : [1340, 1377, 1398, 1402, 1422]
761.9 :    7 : [1342, 1357, 1359, 1361, 1399, 1403, 1419]
762.0 :    6 : [1376, 1386, 1397, 1404, 1416, 1418]
762.1 :    2 : [1407, 1411]
762.2 :    7 : [1331, 1346, 1358, 1370, 1372, 1384, 1406]
762.3 :    3 : [1375, 1387, 1408]
762.4 :    3 : [1351, 1369, 1389]
762.6 :    1 : [1362]
762.7 :    1 : [1349]
762.8 :    2 : [1341, 1395]
762.9 :    1 : [1339]
763.2 :    1 : [1350]
763.3 :    1 : [1365]
763.4 :    2 : [1413, 1424]
763.5 :    1 : [1385]
763.6 :    1 : [1405]
763.8 :    2 : [1401, 1417]
763.9 :    1 : [1371]
764.1 :    2 : [1334, 1343]
764.2 :    6 : [1344, 1355, 1363, 1373, 1380, 1410]
764.3 :    3 : [1415, 1427, 1428]
764.4 :    3 : [1333, 1337, 1393]
764.5 :    5 : [1347, 1356, 1378, 1414, 1425]
764.6 :   13 : [1335, 1336, 1340, 1361, 1376, 1383, 1386, 1390, 1392, 1394, 1396, 1419, 1426]
764.7 :    6 : [1329, 1345, 1360, 1368, 1381, 1382]
764.8 :    9 : [1332, 1352, 1353, 1367, 1377, 1402, 1412, 1420, 1423]
764.9 :    5 : [1330, 1348, 1374, 1406, 1416]
765.0 :    5 : [1391, 1397, 1407, 1408, 1418]
765.1 :    2 : [1358, 1388]
765.2 :    2 : [1375, 1422]
765.3 :    1 : [1387]
765.4 :    2 : [1354, 1359]
765.5 :    2 : [1357, 1421]
765.6 :    1 : [1403]
765.8 :    2 : [1369, 1411]
766.1 :    1 : [1379]
766.2 :    3 : [1339, 1362, 1398]
766.3 :    1 : [1395]
766.5 :    4 : [1338, 1346, 1351, 1400]
766.6 :    2 : [1341, 1404]
766.7 :    2 : [1366, 1389]
766.8 :    6 : [1342, 1355, 1399, 1409, 1413, 1424]
766.9 :    1 : [1373]
767.0 :    3 : [1331, 1334, 1380]
767.1 :    1 : [1363]
767.2 :    2 : [1405, 1419]
767.3 :    4 : [1364, 1365, 1394, 1410]
767.4 :    6 : [1340, 1349, 1371, 1415, 1426, 1427]
767.5 :    2 : [1333, 1378]
767.6 :    4 : [1329, 1347, 1350, 1414]
767.7 :    1 : [1356]
767.8 :    6 : [1344, 1361, 1382, 1390, 1392, 1408]
767.9 :    1 : [1396]
768.0 :    8 : [1332, 1336, 1345, 1367, 1372, 1383, 1386, 1393]
768.1 :    8 : [1335, 1337, 1381, 1384, 1401, 1406, 1416, 1425]
768.2 :    1 : [1377]
768.3 :    6 : [1375, 1376, 1385, 1407, 1412, 1423]
768.4 :    4 : [1330, 1360, 1374, 1422]
768.5 :    3 : [1391, 1397, 1428]
768.6 :    3 : [1352, 1402, 1420]
768.7 :    2 : [1417, 1418]
768.9 :    2 : [1353, 1358]
769.0 :    4 : [1369, 1370, 1387, 1403]
769.1 :    2 : [1354, 1359]
769.2 :    1 : [1357]
769.4 :    1 : [1388]
769.5 :    6 : [1343, 1362, 1368, 1379, 1395, 1421]
769.6 :    1 : [1339]
769.7 :    4 : [1348, 1373, 1380, 1398]
769.8 :    2 : [1338, 1346]
769.9 :    1 : [1331]
770.0 :    3 : [1355, 1365, 1399]
770.1 :    6 : [1334, 1340, 1349, 1411, 1415, 1427]
770.2 :    2 : [1333, 1413]
770.3 :    5 : [1341, 1351, 1364, 1394, 1400]
770.4 :    2 : [1347, 1419]
770.5 :    3 : [1329, 1344, 1386]
770.6 :    3 : [1361, 1409, 1410]
770.7 :    2 : [1396, 1408]
770.8 :    7 : [1382, 1390, 1392, 1393, 1414, 1425, 1426]
770.9 :    4 : [1342, 1363, 1383, 1424]
771.0 :    5 : [1336, 1367, 1371, 1381, 1404]
771.1 :    5 : [1335, 1350, 1366, 1405, 1423]
771.2 :    4 : [1374, 1376, 1406, 1422]
771.3 :    6 : [1332, 1337, 1356, 1375, 1377, 1384]
771.4 :    2 : [1345, 1378]
771.5 :    4 : [1401, 1407, 1412, 1428]
771.6 :    1 : [1389]
771.7 :    1 : [1417]
771.8 :    1 : [1353]
771.9 :    4 : [1352, 1354, 1402, 1416]
772.0 :    2 : [1360, 1397]
772.1 :    1 : [1420]
772.2 :    3 : [1330, 1358, 1403]
772.3 :    1 : [1387]
772.5 :    4 : [1357, 1373, 1418, 1421]
772.6 :    1 : [1395]
772.8 :    2 : [1369, 1380]
773.0 :    3 : [1362, 1368, 1379]
773.4 :    1 : [1398]
773.5 :    4 : [1339, 1346, 1370, 1415]
773.6 :    1 : [1355]
773.7 :    2 : [1340, 1394]
773.8 :    6 : [1329, 1336, 1343, 1347, 1419, 1427]
773.9 :    5 : [1344, 1349, 1351, 1392, 1413]
774.0 :   12 : [1334, 1341, 1363, 1365, 1382, 1386, 1388, 1393, 1396, 1399, 1408, 1426]
774.1 :    7 : [1331, 1333, 1335, 1374, 1381, 1406, 1423]
774.2 :    5 : [1342, 1361, 1377, 1390, 1422]
774.3 :    8 : [1337, 1356, 1371, 1376, 1384, 1411, 1425, 1428]
774.4 :   13 : [1348, 1359, 1366, 1367, 1372, 1375, 1385, 1391, 1405, 1407, 1412, 1414, 1417]
774.5 :    7 : [1338, 1350, 1383, 1404, 1409, 1410, 1416]
774.6 :   10 : [1332, 1345, 1354, 1360, 1378, 1389, 1397, 1400, 1401, 1402]
774.7 :    1 : [1330]
774.8 :    4 : [1352, 1353, 1387, 1424]
774.9 :    5 : [1358, 1364, 1373, 1403, 1421]
775.0 :    2 : [1357, 1420]
775.2 :    2 : [1395, 1418]
775.4 :    1 : [1380]
775.5 :    1 : [1369]
776.0 :    1 : [1368]
776.1 :    1 : [1379]
776.5 :    1 : [1398]
776.7 :    1 : [1336]
776.8 :    1 : [1392]
776.9 :    3 : [1346, 1393, 1415]
777.0 :    2 : [1344, 1355]
777.2 :    2 : [1347, 1382]
777.3 :    2 : [1356, 1385]
777.5 :    3 : [1388, 1425, 1427]
777.6 :    6 : [1334, 1335, 1340, 1362, 1383, 1428]
777.7 :    9 : [1329, 1339, 1345, 1349, 1361, 1377, 1390, 1396, 1407]
777.8 :   12 : [1337, 1360, 1363, 1365, 1373, 1376, 1386, 1394, 1406, 1414, 1419, 1423]
777.9 :   10 : [1331, 1332, 1333, 1367, 1370, 1375, 1380, 1381, 1413, 1416]
778.0 :    4 : [1358, 1374, 1399, 1405]
778.1 :    6 : [1341, 1343, 1395, 1397, 1417, 1421]
778.2 :    6 : [1350, 1353, 1354, 1384, 1401, 1422]
778.3 :    3 : [1330, 1371, 1410]
778.4 :    1 : [1387]
778.5 :    4 : [1348, 1369, 1408, 1411]
778.6 :    1 : [1403]
778.7 :    2 : [1364, 1426]
778.8 :    1 : [1357]
779.0 :    1 : [1418]
779.1 :    2 : [1352, 1412]
779.2 :    2 : [1342, 1391]
779.3 :    1 : [1338]
779.4 :    2 : [1420, 1424]
779.6 :    1 : [1372]
779.8 :    2 : [1336, 1392]
780.0 :    4 : [1347, 1368, 1404, 1415]
780.1 :    2 : [1351, 1379]
780.2 :    2 : [1389, 1400]
780.3 :    2 : [1366, 1402]
780.4 :    2 : [1355, 1398]
780.5 :    4 : [1345, 1346, 1383, 1425]
780.6 :    9 : [1340, 1344, 1361, 1373, 1382, 1390, 1393, 1406, 1413]
780.7 :    5 : [1375, 1394, 1396, 1419, 1427]
780.8 :    8 : [1335, 1356, 1363, 1367, 1378, 1380, 1388, 1395]
780.9 :   10 : [1329, 1332, 1334, 1337, 1339, 1360, 1365, 1386, 1414, 1423]
781.0 :   13 : [1333, 1349, 1354, 1358, 1370, 1376, 1381, 1399, 1407, 1409, 1416, 1421, 1428]
781.1 :    4 : [1374, 1377, 1397, 1422]
781.2 :    3 : [1343, 1353, 1369]
781.3 :    4 : [1350, 1371, 1385, 1405]
781.4 :    2 : [1331, 1417]
781.5 :    4 : [1330, 1384, 1408, 1411]
781.6 :    2 : [1387, 1403]
781.9 :    3 : [1401, 1410, 1426]
782.0 :    1 : [1362]
782.1 :    2 : [1341, 1348]
782.2 :    3 : [1357, 1359, 1418]
782.3 :    1 : [1412]
782.5 :    1 : [1392]
782.7 :    1 : [1336]
782.8 :    1 : [1342]
783.0 :    1 : [1415]
783.2 :    1 : [1347]
783.7 :    1 : [1373]
783.8 :    3 : [1344, 1361, 1380]
783.9 :    6 : [1355, 1383, 1390, 1396, 1420, 1425]
784.0 :    5 : [1340, 1386, 1393, 1413, 1414]
784.1 :    5 : [1368, 1379, 1394, 1406, 1424]
784.2 :    6 : [1345, 1346, 1352, 1364, 1376, 1419]
784.3 :    5 : [1329, 1333, 1335, 1367, 1371]
784.4 :    8 : [1339, 1343, 1365, 1395, 1407, 1416, 1422, 1423]
784.5 :    3 : [1334, 1358, 1375]
784.6 :    6 : [1349, 1354, 1356, 1360, 1398, 1417]
784.7 :    9 : [1370, 1374, 1377, 1382, 1389, 1391, 1399, 1421, 1427]
784.8 :    6 : [1338, 1353, 1363, 1381, 1405, 1428]
784.9 :    6 : [1330, 1331, 1332, 1369, 1388, 1404]
785.0 :    7 : [1337, 1348, 1350, 1351, 1387, 1397, 1402]
785.1 :    4 : [1336, 1366, 1385, 1392]
785.2 :    4 : [1384, 1401, 1403, 1411]
785.3 :    2 : [1410, 1418]
785.4 :    5 : [1341, 1378, 1400, 1415, 1426]
785.5 :    3 : [1372, 1408, 1412]
785.7 :    1 : [1357]
785.8 :    3 : [1342, 1347, 1362]
786.4 :    1 : [1373]
786.6 :    1 : [1380]
786.8 :    1 : [1344]
787.0 :    1 : [1386]
787.2 :    4 : [1355, 1361, 1396, 1425]
787.3 :    4 : [1340, 1376, 1393, 1406]
787.6 :    2 : [1390, 1414]
787.7 :    4 : [1334, 1346, 1365, 1383]
787.8 :    2 : [1368, 1417]
787.9 :    2 : [1333, 1335]
788.0 :    3 : [1394, 1413, 1423]
788.1 :    4 : [1329, 1343, 1345, 1356]
788.2 :    4 : [1360, 1371, 1392, 1419]
788.3 :    6 : [1336, 1348, 1352, 1382, 1397, 1407]
788.4 :    5 : [1349, 1358, 1369, 1389, 1428]
788.5 :    6 : [1332, 1339, 1367, 1395, 1416, 1424]
788.6 :    7 : [1330, 1350, 1354, 1377, 1385, 1415, 1420]
788.7 :   10 : [1337, 1347, 1363, 1379, 1398, 1402, 1403, 1405, 1421, 1427]
788.8 :    5 : [1331, 1353, 1374, 1387, 1411]
788.9 :    4 : [1373, 1375, 1388, 1422]
789.0 :    6 : [1342, 1357, 1381, 1400, 1412, 1418]
789.1 :    1 : [1410]
789.2 :    5 : [1341, 1364, 1366, 1391, 1401]
789.3 :    3 : [1380, 1384, 1399]
789.4 :    1 : [1370]
789.5 :    1 : [1362]
789.6 :    2 : [1359, 1426]
789.8 :    1 : [1404]
789.9 :    1 : [1406]
790.0 :    2 : [1372, 1409]
790.1 :    2 : [1344, 1386]
790.2 :    1 : [1361]
790.3 :    1 : [1351]
790.4 :    1 : [1338]
790.7 :    1 : [1396]
790.8 :    2 : [1340, 1355]
790.9 :    1 : [1393]
791.0 :    1 : [1408]
791.3 :    3 : [1336, 1346, 1425]
791.4 :    4 : [1334, 1376, 1394, 1419]
791.5 :    5 : [1335, 1368, 1382, 1390, 1397]
791.6 :    3 : [1360, 1365, 1378]
791.7 :    5 : [1329, 1373, 1392, 1413, 1414]
791.8 :    4 : [1333, 1356, 1369, 1380]
791.9 :    4 : [1347, 1349, 1383, 1415]
792.0 :    3 : [1343, 1423, 1428]
792.1 :    2 : [1379, 1385]
792.2 :    2 : [1358, 1363]
792.3 :    4 : [1339, 1345, 1416, 1427]
792.4 :    3 : [1375, 1407, 1417]
792.5 :    5 : [1330, 1354, 1381, 1395, 1418]
792.6 :    2 : [1332, 1412]
792.7 :    2 : [1367, 1387]
792.8 :    3 : [1342, 1405, 1421]
792.9 :    2 : [1337, 1420]
793.0 :    1 : [1388]
793.3 :    2 : [1341, 1344]
793.4 :    2 : [1402, 1403]
793.5 :    2 : [1350, 1377]
793.8 :    1 : [1361]
793.9 :    3 : [1331, 1357, 1410]
794.0 :    2 : [1398, 1426]
794.1 :    3 : [1352, 1389, 1406]
794.2 :    1 : [1348]
794.4 :    1 : [1396]
794.5 :    2 : [1374, 1391]
794.6 :    3 : [1336, 1355, 1371]
794.7 :    7 : [1340, 1359, 1366, 1392, 1399, 1409, 1425]
794.8 :    6 : [1372, 1384, 1386, 1401, 1422, 1424]
794.9 :    7 : [1347, 1356, 1365, 1369, 1373, 1414, 1416]
795.0 :   11 : [1333, 1353, 1376, 1380, 1382, 1383, 1390, 1393, 1413, 1415, 1428]
795.1 :    7 : [1345, 1346, 1358, 1360, 1364, 1400, 1423]
795.3 :    9 : [1329, 1334, 1335, 1339, 1385, 1394, 1407, 1411, 1419]
795.4 :    2 : [1408, 1427]
795.5 :    4 : [1343, 1375, 1378, 1379]
795.6 :    9 : [1332, 1354, 1362, 1363, 1367, 1368, 1370, 1395, 1418]
795.7 :    5 : [1387, 1397, 1404, 1405, 1417]
795.8 :    4 : [1330, 1349, 1412, 1421]
795.9 :    6 : [1337, 1338, 1344, 1351, 1388, 1420]
796.0 :    2 : [1342, 1381]
796.1 :    1 : [1403]
796.2 :    2 : [1341, 1350]
796.4 :    1 : [1377]
796.5 :    3 : [1331, 1361, 1402]
796.6 :    1 : [1398]
796.7 :    1 : [1357]
796.8 :    1 : [1406]
796.9 :    1 : [1410]
797.1 :    2 : [1352, 1426]
797.2 :    1 : [1348]
797.4 :    2 : [1355, 1366]
797.5 :    2 : [1336, 1340]
797.8 :    2 : [1374, 1386]
798.0 :    4 : [1380, 1392, 1393, 1425]
798.1 :    3 : [1360, 1373, 1396]
798.3 :    3 : [1356, 1369, 1382]
798.4 :    3 : [1376, 1389, 1422]
798.5 :    5 : [1334, 1383, 1390, 1415, 1428]
798.6 :    5 : [1335, 1344, 1345, 1371, 1413]
798.7 :    3 : [1347, 1353, 1385]
798.8 :    4 : [1407, 1411, 1414, 1419]
798.9 :    3 : [1384, 1394, 1397]
799.0 :    2 : [1391, 1400]
799.1 :    2 : [1329, 1423]
799.2 :    1 : [1332]
799.3 :    4 : [1339, 1346, 1363, 1399]
799.4 :    4 : [1333, 1349, 1395, 1416]
799.5 :    3 : [1365, 1408, 1409]
799.6 :    2 : [1379, 1427]
799.7 :    1 : [1403]
799.8 :    2 : [1354, 1367]
800.0 :    2 : [1368, 1381]
800.1 :    4 : [1355, 1358, 1361, 1412]
800.2 :    4 : [1330, 1337, 1342, 1375]
800.3 :    6 : [1343, 1350, 1401, 1418, 1421, 1426]
800.4 :    6 : [1340, 1386, 1387, 1398, 1405, 1417]
800.5 :    5 : [1331, 1341, 1388, 1406, 1420]
800.6 :    9 : [1336, 1348, 1357, 1360, 1366, 1373, 1378, 1380, 1402]
800.7 :    2 : [1370, 1393]
800.8 :    2 : [1352, 1392]
800.9 :    1 : [1362]
801.0 :    1 : [1410]
801.2 :    3 : [1356, 1382, 1396]
801.3 :    2 : [1364, 1376]
801.4 :    1 : [1369]
801.6 :    1 : [1425]
801.7 :    1 : [1338]
801.9 :    1 : [1345]
802.1 :    1 : [1390]
802.4 :    1 : [1407]
802.5 :    2 : [1335, 1394]
802.6 :    1 : [1389]
802.7 :    1 : [1404]
802.8 :    2 : [1334, 1413]
802.9 :    1 : [1419]
803.0 :    2 : [1346, 1422]
803.1 :    6 : [1344, 1353, 1374, 1377, 1415, 1428]
803.2 :    4 : [1329, 1347, 1349, 1359]
803.3 :   11 : [1333, 1340, 1351, 1358, 1361, 1381, 1383, 1386, 1395, 1414, 1427]
803.4 :    6 : [1354, 1365, 1375, 1380, 1393, 1421]
803.5 :   10 : [1332, 1336, 1343, 1360, 1368, 1373, 1397, 1399, 1417, 1420]
803.6 :    4 : [1331, 1384, 1388, 1392]
803.7 :   10 : [1339, 1341, 1363, 1367, 1372, 1379, 1387, 1406, 1412, 1418]
803.8 :    9 : [1330, 1350, 1355, 1356, 1376, 1385, 1416, 1423, 1424]
803.9 :    5 : [1352, 1357, 1362, 1401, 1410]
804.0 :    2 : [1396, 1411]
804.1 :    5 : [1371, 1391, 1398, 1403, 1408]
804.2 :    2 : [1382, 1405]
804.3 :    4 : [1337, 1369, 1400, 1425]
804.4 :    2 : [1402, 1426]
804.6 :    1 : [1370]
804.7 :    2 : [1338, 1342]
804.8 :    1 : [1409]
805.5 :    1 : [1345]
805.6 :    1 : [1348]
805.8 :    1 : [1394]
805.9 :    1 : [1378]
806.0 :    1 : [1364]
806.2 :    1 : [1366]
806.3 :    2 : [1346, 1390]
806.4 :    5 : [1335, 1340, 1373, 1389, 1407]
806.5 :    6 : [1329, 1336, 1347, 1395, 1415, 1427]
806.6 :    7 : [1331, 1332, 1356, 1361, 1380, 1383, 1392]
806.7 :    3 : [1367, 1403, 1428]
806.8 :    2 : [1354, 1365]
806.9 :   11 : [1330, 1350, 1355, 1374, 1375, 1381, 1382, 1393, 1412, 1419, 1425]
807.0 :   10 : [1341, 1357, 1360, 1379, 1386, 1413, 1414, 1417, 1420, 1422]
807.1 :    8 : [1344, 1358, 1363, 1387, 1398, 1399, 1406, 1421]
807.2 :    7 : [1352, 1353, 1376, 1384, 1396, 1416, 1423]
807.3 :    7 : [1333, 1334, 1337, 1368, 1377, 1401, 1405]
807.4 :    5 : [1339, 1349, 1372, 1388, 1400]
807.5 :    2 : [1362, 1424]
807.6 :    3 : [1351, 1404, 1418]
807.7 :    1 : [1371]
808.0 :    2 : [1343, 1369]
808.1 :    6 : [1338, 1359, 1397, 1410, 1411, 1426]
808.2 :    2 : [1342, 1408]
808.3 :    4 : [1345, 1370, 1391, 1409]
808.5 :    1 : [1402]
808.8 :    1 : [1366]
808.9 :    1 : [1385]
809.0 :    1 : [1394]
809.1 :    2 : [1407, 1415]
809.3 :    2 : [1348, 1378]
809.5 :    1 : [1373]
809.6 :    2 : [1335, 1340]
809.7 :    1 : [1412]
809.8 :    2 : [1346, 1380]
809.9 :    1 : [1355]
810.0 :    7 : [1332, 1336, 1347, 1356, 1365, 1367, 1427]
810.1 :    4 : [1375, 1382, 1406, 1428]
810.2 :    5 : [1329, 1331, 1392, 1403, 1420]
810.3 :    3 : [1357, 1374, 1425]
810.4 :   11 : [1337, 1344, 1363, 1379, 1383, 1393, 1395, 1399, 1416, 1419, 1423]
810.5 :    6 : [1334, 1354, 1360, 1381, 1390, 1398]
810.6 :    4 : [1352, 1358, 1389, 1396]
810.7 :    1 : [1388]
810.8 :    3 : [1330, 1369, 1421]
810.9 :    1 : [1400]
811.0 :    2 : [1368, 1384]
811.1 :    5 : [1349, 1376, 1377, 1386, 1397]
811.3 :    1 : [1413]
811.4 :    1 : [1333]
811.5 :    4 : [1339, 1342, 1361, 1422]
811.6 :    1 : [1417]
811.7 :    3 : [1350, 1387, 1424]
811.8 :    2 : [1345, 1404]
811.9 :    1 : [1351]
812.0 :    4 : [1341, 1405, 1414, 1418]
812.1 :    2 : [1348, 1426]
812.2 :    4 : [1364, 1370, 1372, 1394]
812.3 :    2 : [1407, 1415]
812.4 :    2 : [1366, 1373]
812.5 :    1 : [1340]
812.7 :    1 : [1371]
812.8 :    2 : [1336, 1362]
813.0 :    4 : [1347, 1380, 1408, 1410]
813.1 :    4 : [1343, 1353, 1356, 1401]
813.2 :    2 : [1355, 1412]
813.3 :    3 : [1335, 1346, 1392]
813.4 :    1 : [1406]
813.5 :    1 : [1427]
813.8 :    2 : [1344, 1367]
814.0 :    2 : [1329, 1396]
814.1 :    3 : [1365, 1386, 1402]
814.5 :    1 : [1376]
815.1 :    1 : [1393]
830.6 :    1 : [1410]
831.6 :    4 : [1334, 1359, 1375, 1419]
831.7 :    2 : [1339, 1378]
831.8 :    3 : [1355, 1406, 1408]
832.5 :    1 : [1395]
832.6 :    2 : [1363, 1417]
832.7 :    2 : [1337, 1413]
833.0 :    2 : [1414, 1418]
833.1 :    1 : [1373]
833.3 :    1 : [1340]
834.2 :    9 : [1341, 1351, 1356, 1376, 1386, 1394, 1402, 1405, 1422]
834.7 :    1 : [1410]
857.5 :    1 : [1416]
858.8 :    1 : [1407]
859.8 :    3 : [1357, 1409, 1428]
859.9 :    1 : [1369]
860.3 :    1 : [1416]
860.9 :    4 : [1359, 1378, 1406, 1408]
862.9 :    6 : [1333, 1356, 1361, 1385, 1414, 1417]
863.0 :   10 : [1338, 1352, 1366, 1388, 1389, 1391, 1396, 1398, 1421, 1425]
863.4 :    1 : [1407]
863.5 :    1 : [1416]
864.2 :    1 : [1428]
864.4 :    3 : [1369, 1375, 1399]
864.5 :    1 : [1331]
864.6 :    1 : [1346]
864.8 :    5 : [1343, 1345, 1358, 1365, 1427]
865.0 :    3 : [1364, 1368, 1422]
865.5 :    1 : [1406]
867.2 :    3 : [1349, 1370, 1415]
867.7 :    1 : [1333]
867.8 :    2 : [1338, 1425]
867.9 :    1 : [1399]
869.8 :    3 : [1331, 1346, 1375]
869.9 :    7 : [1353, 1374, 1377, 1381, 1386, 1390, 1395]
870.0 :    3 : [1337, 1371, 1417]
870.1 :    7 : [1329, 1340, 1361, 1382, 1407, 1410, 1421]
870.2 :    4 : [1336, 1365, 1408, 1428]
870.3 :    4 : [1343, 1368, 1415, 1422]
870.4 :    1 : [1344]
870.5 :    4 : [1330, 1384, 1401, 1423]
870.6 :    2 : [1349, 1372]
870.7 :    1 : [1425]
870.8 :    3 : [1345, 1358, 1427]
870.9 :    1 : [1393]
871.0 :    1 : [1406]
872.0 :    1 : [1351]
872.9 :    2 : [1350, 1402]
873.2 :    2 : [1334, 1356]
873.3 :    2 : [1388, 1398]
873.4 :    3 : [1335, 1380, 1415]
873.5 :    5 : [1344, 1366, 1383, 1392, 1399]
873.6 :    3 : [1333, 1370, 1411]
873.7 :    2 : [1354, 1377]
873.8 :    2 : [1339, 1384]
873.9 :    1 : [1423]
874.0 :    1 : [1364]
874.1 :    3 : [1340, 1371, 1422]
874.4 :    1 : [1336]
874.7 :    1 : [1396]
874.9 :    1 : [1406]
875.0 :    5 : [1337, 1368, 1374, 1401, 1407]
875.1 :    8 : [1342, 1349, 1355, 1363, 1367, 1379, 1405, 1413]
875.2 :    1 : [1404]
875.5 :    3 : [1351, 1353, 1393]
875.6 :    3 : [1365, 1417, 1428]
876.2 :    2 : [1411, 1425]
876.5 :    1 : [1409]
876.6 :    2 : [1381, 1386]
876.7 :    3 : [1338, 1376, 1421]
876.8 :    1 : [1373]
876.9 :    2 : [1354, 1390]
877.0 :    1 : [1343]
877.2 :    2 : [1360, 1403]
877.3 :    2 : [1341, 1350]
877.6 :    1 : [1357]
877.7 :    3 : [1340, 1384, 1420]
877.8 :    2 : [1331, 1372]
877.9 :    5 : [1347, 1358, 1388, 1392, 1427]
878.2 :    2 : [1352, 1415]
878.5 :    1 : [1383]
878.6 :    1 : [1375]
878.8 :    1 : [1379]
879.0 :    1 : [1404]
879.2 :    3 : [1344, 1362, 1382]
879.3 :    1 : [1336]
879.4 :    4 : [1366, 1380, 1387, 1422]
879.5 :    2 : [1353, 1365]
879.7 :    1 : [1394]
879.8 :    1 : [1412]
879.9 :    1 : [1413]
880.0 :    1 : [1333]
880.1 :    1 : [1364]
880.3 :    3 : [1367, 1395, 1398]
880.4 :    5 : [1403, 1420, 1423, 1425, 1428]
880.7 :    1 : [1369]
880.8 :    2 : [1332, 1345]
880.9 :    2 : [1337, 1400]
881.0 :    1 : [1346]
881.1 :    1 : [1406]
881.2 :    1 : [1355]
881.4 :    1 : [1347]
881.5 :    4 : [1354, 1374, 1376, 1421]
881.6 :    6 : [1349, 1351, 1357, 1360, 1384, 1392]
881.7 :    4 : [1340, 1358, 1388, 1427]
881.8 :    1 : [1393]
881.9 :    1 : [1362]
882.1 :    2 : [1329, 1410]
882.2 :    2 : [1381, 1386]
882.3 :    2 : [1338, 1387]
882.6 :    2 : [1331, 1348]
882.7 :    1 : [1372]
882.8 :    1 : [1352]
883.0 :    1 : [1409]
883.1 :    5 : [1353, 1373, 1383, 1390, 1424]
883.2 :    1 : [1375]
883.3 :    1 : [1365]
883.4 :    1 : [1400]
883.5 :    1 : [1420]
883.8 :    1 : [1403]
884.0 :    1 : [1336]
893.5 :    1 : [1418]
893.9 :    1 : [1386]
894.2 :    1 : [1376]
894.5 :    3 : [1334, 1361, 1396]
895.8 :    5 : [1343, 1355, 1380, 1417, 1419]
895.9 :    3 : [1344, 1346, 1365]
896.0 :    1 : [1418]
896.2 :    1 : [1413]
896.4 :    2 : [1368, 1415]
896.5 :    1 : [1406]
896.7 :    3 : [1333, 1347, 1358]
896.9 :    1 : [1340]
897.0 :    2 : [1386, 1387]
897.1 :    1 : [1414]
898.4 :    1 : [1373]
898.7 :    2 : [1376, 1393]
898.8 :    3 : [1334, 1339, 1410]
898.9 :    3 : [1375, 1378, 1405]
899.0 :    1 : [1355]
899.1 :    4 : [1361, 1394, 1419, 1426]
899.2 :    3 : [1402, 1417, 1418]
899.3 :    2 : [1348, 1416]
899.4 :    1 : [1428]
899.5 :    2 : [1396, 1406]
899.6 :    2 : [1343, 1365]
899.7 :    1 : [1413]
900.0 :    2 : [1386, 1392]
900.4 :    1 : [1359]
901.5 :    1 : [1426]
903.4 :    1 : [1359]
905.5 :    1 : [1391]
908.1 :    1 : [1391]
911.9 :    1 : [1385]
912.3 :    1 : [1330]
913.1 :    1 : [1389]
914.4 :    1 : [1385]
915.8 :    1 : [1389]
916.7 :    1 : [1342]
916.8 :    1 : [1406]
916.9 :    1 : [1336]
917.1 :    1 : [1424]
917.2 :    2 : [1335, 1380]
917.3 :    2 : [1371, 1426]
917.4 :    2 : [1333, 1340]
917.6 :    4 : [1347, 1360, 1415, 1422]
917.8 :    1 : [1370]
918.7 :    1 : [1412]
918.8 :    1 : [1363]
919.0 :    3 : [1341, 1396, 1416]
919.1 :    1 : [1339]
919.3 :    2 : [1342, 1356]
919.5 :    2 : [1407, 1408]
919.6 :    1 : [1357]
919.9 :    1 : [1335]
920.1 :    1 : [1391]
920.3 :    1 : [1424]
920.8 :    2 : [1332, 1414]
921.3 :    1 : [1412]
921.5 :    2 : [1388, 1421]
921.6 :    5 : [1359, 1361, 1366, 1369, 1398]
921.7 :    4 : [1338, 1385, 1409, 1428]
921.8 :    1 : [1389]
922.0 :    2 : [1341, 1408]
922.1 :    1 : [1416]
922.2 :    1 : [1406]
922.5 :    1 : [1378]
922.6 :    1 : [1425]
922.8 :    1 : [1352]
922.9 :    1 : [1407]
923.9 :    1 : [1417]
924.0 :    1 : [1333]
924.1 :    1 : [1357]
924.2 :    1 : [1399]
924.4 :    1 : [1356]
924.6 :    2 : [1369, 1396]
925.4 :    1 : [1416]
928.1 :    1 : [1350]
928.2 :    3 : [1329, 1367, 1382]
928.5 :    1 : [1377]
928.8 :    1 : [1404]
929.3 :    1 : [1395]
929.7 :    1 : [1345]
930.9 :    1 : [1382]
931.0 :    1 : [1367]
931.1 :    3 : [1329, 1350, 1401]
931.3 :    1 : [1377]
931.5 :    1 : [1379]
931.6 :    1 : [1407]
931.8 :    1 : [1392]
931.9 :    2 : [1337, 1405]
932.0 :    1 : [1415]
932.1 :    6 : [1336, 1344, 1351, 1363, 1375, 1423]
932.2 :    6 : [1330, 1340, 1381, 1411, 1427, 1428]
932.3 :    8 : [1331, 1345, 1354, 1361, 1364, 1368, 1390, 1425]
932.4 :    6 : [1341, 1373, 1384, 1399, 1408, 1421]
932.5 :    5 : [1346, 1358, 1365, 1414, 1422]
932.6 :    2 : [1349, 1406]
932.7 :    4 : [1343, 1362, 1371, 1398]
932.8 :    3 : [1335, 1374, 1410]
932.9 :    1 : [1356]
933.1 :    1 : [1417]
933.2 :    4 : [1338, 1347, 1372, 1380]
933.4 :    1 : [1395]
933.6 :    1 : [1353]
933.9 :    1 : [1379]
934.1 :    2 : [1387, 1401]
934.2 :    1 : [1355]
934.4 :    3 : [1332, 1342, 1393]
934.5 :    4 : [1366, 1376, 1402, 1407]
934.6 :    4 : [1339, 1351, 1415, 1423]
934.7 :    4 : [1329, 1377, 1381, 1386]
934.8 :    5 : [1337, 1350, 1367, 1392, 1411]
934.9 :    1 : [1344]
935.0 :    1 : [1388]
935.1 :    2 : [1333, 1362]
935.2 :    2 : [1370, 1427]
935.3 :    3 : [1349, 1382, 1394]
935.4 :    4 : [1375, 1383, 1384, 1425]
935.5 :    1 : [1416]
935.6 :    4 : [1331, 1390, 1396, 1405]
935.7 :    1 : [1336]
935.8 :    1 : [1345]
935.9 :    3 : [1340, 1403, 1428]
936.0 :    2 : [1369, 1399]
936.1 :    1 : [1368]
936.3 :    2 : [1346, 1361]
936.5 :    1 : [1421]
936.7 :    4 : [1334, 1365, 1406, 1422]
936.8 :    3 : [1341, 1354, 1363]
936.9 :    5 : [1373, 1374, 1408, 1410, 1417]
937.0 :    5 : [1353, 1356, 1359, 1378, 1409]
937.1 :    2 : [1343, 1371]
937.2 :    2 : [1351, 1413]
937.3 :    3 : [1401, 1402, 1414]
937.4 :    1 : [1419]
937.5 :    1 : [1415]
937.6 :    2 : [1330, 1358]
937.7 :    2 : [1337, 1377]
937.8 :    3 : [1339, 1355, 1418]
937.9 :    3 : [1372, 1395, 1423]
938.1 :    1 : [1383]
938.5 :    2 : [1344, 1403]
938.7 :    1 : [1420]
939.4 :    3 : [1376, 1386, 1411]
939.6 :    1 : [1381]
939.9 :    3 : [1375, 1392, 1400]
940.1 :    1 : [1350]
940.2 :    1 : [1410]
940.6 :    1 : [1348]
941.2 :    1 : [1406]
941.3 :    1 : [1420]
941.5 :    1 : [1334]
941.6 :    1 : [1340]
941.8 :    4 : [1359, 1378, 1394, 1408]
941.9 :    5 : [1329, 1405, 1413, 1419, 1422]
942.0 :    6 : [1351, 1367, 1373, 1385, 1404, 1417]
942.1 :    5 : [1339, 1341, 1353, 1355, 1427]
942.2 :    5 : [1331, 1356, 1403, 1426, 1428]
942.3 :    4 : [1333, 1365, 1384, 1400]
942.4 :    9 : [1332, 1337, 1358, 1363, 1382, 1387, 1390, 1395, 1425]
942.5 :    3 : [1376, 1379, 1402]
942.6 :    1 : [1357]
942.7 :    5 : [1372, 1375, 1388, 1398, 1418]
942.8 :    3 : [1345, 1380, 1386]
942.9 :    3 : [1392, 1409, 1414]
943.0 :    2 : [1352, 1393]
943.6 :    1 : [1348]
944.5 :    1 : [1383]
944.6 :    5 : [1336, 1338, 1354, 1366, 1421]
944.7 :    4 : [1349, 1364, 1381, 1420]
944.8 :    3 : [1360, 1362, 1410]
944.9 :    2 : [1347, 1412]
945.1 :    1 : [1424]
945.2 :    2 : [1340, 1403]
945.3 :    2 : [1399, 1416]
945.5 :    4 : [1353, 1365, 1374, 1427]
945.6 :    4 : [1358, 1384, 1423, 1425]
945.8 :    1 : [1346]
946.0 :    1 : [1369]
946.3 :    1 : [1357]
946.5 :    1 : [1413]
947.0 :    5 : [1331, 1367, 1388, 1400, 1428]
947.1 :    2 : [1392, 1406]
947.3 :    2 : [1375, 1376]
947.4 :    1 : [1372]
947.5 :    2 : [1355, 1377]
947.7 :    2 : [1337, 1382]
947.9 :    1 : [1420]
948.2 :    3 : [1351, 1352, 1373]
948.3 :    1 : [1395]
948.4 :    3 : [1332, 1387, 1390]
948.5 :    2 : [1394, 1403]
948.6 :    3 : [1343, 1361, 1422]
948.7 :    1 : [1379]
948.8 :    1 : [1333]
948.9 :    1 : [1340]
949.3 :    1 : [1353]
970.6 :    1 : [1336]
970.7 :    1 : [1406]
971.6 :    1 : [1380]
971.9 :    4 : [1360, 1370, 1396, 1415]
972.0 :    1 : [1347]
972.1 :    1 : [1339]
972.3 :    1 : [1404]
973.6 :    1 : [1418]
973.7 :   10 : [1333, 1340, 1371, 1379, 1392, 1413, 1416, 1422, 1424, 1426]
982.3 :    1 : [1335]
987.6 :    1 : [1407]
989.3 :    3 : [1341, 1367, 1373]
989.4 :    2 : [1330, 1347]
989.5 :    3 : [1329, 1392, 1401]
989.7 :    1 : [1336]
990.0 :    4 : [1345, 1354, 1381, 1427]
990.1 :   11 : [1356, 1361, 1363, 1375, 1380, 1387, 1390, 1394, 1395, 1405, 1414]
990.3 :    2 : [1407, 1415]
990.5 :    1 : [1335]
990.7 :    1 : [1342]
991.3 :    1 : [1412]
991.8 :    1 : [1362]
992.0 :    4 : [1350, 1379, 1416, 1419]
992.1 :    2 : [1330, 1332]
992.4 :    1 : [1401]
992.8 :    2 : [1344, 1405]
992.9 :   11 : [1329, 1346, 1347, 1354, 1355, 1358, 1373, 1376, 1396, 1398, 1406]
993.0 :    1 : [1421]
993.1 :    7 : [1340, 1359, 1361, 1368, 1386, 1414, 1425]
993.2 :    5 : [1364, 1380, 1392, 1415, 1423]
993.3 :    6 : [1331, 1341, 1375, 1377, 1407, 1418]
993.4 :    2 : [1369, 1393]
993.5 :    3 : [1343, 1390, 1410]
993.6 :    2 : [1334, 1349]
993.7 :    4 : [1333, 1342, 1365, 1417]
993.8 :    2 : [1338, 1345]
993.9 :    2 : [1381, 1427]
994.0 :    1 : [1387]
994.1 :    1 : [1399]
994.2 :    1 : [1395]
995.1 :    1 : [1419]
995.3 :    1 : [1357]
995.5 :    4 : [1335, 1339, 1360, 1398]
995.6 :    3 : [1346, 1368, 1386]
995.7 :    1 : [1364]
995.8 :    1 : [1426]
996.0 :    1 : [1393]
996.1 :    1 : [1359]
996.2 :    2 : [1369, 1376]
996.6 :    2 : [1343, 1421]
996.9 :    1 : [1334]
997.1 :    1 : [1344]
997.4 :    1 : [1417]
997.5 :    1 : [1361]
997.6 :    3 : [1355, 1396, 1413]
997.7 :    2 : [1380, 1383]
997.8 :    1 : [1420]
997.9 :    2 : [1389, 1394]
998.0 :    3 : [1350, 1353, 1428]
998.1 :    4 : [1347, 1358, 1365, 1406]
998.2 :    5 : [1348, 1373, 1385, 1402, 1414]
998.3 :    3 : [1340, 1378, 1415]
998.4 :    1 : [1386]
998.6 :    2 : [1388, 1411]
998.7 :    2 : [1371, 1374]
998.8 :    2 : [1384, 1423]
998.9 :    3 : [1349, 1366, 1368]
999.0 :    2 : [1337, 1351]
