       0.0    155.9      155.9  0.0 15:51:51.136066
     155.9    147.3      303.2 10.0 15:52:09.563945
     303.2    147.5      450.7 20.0 15:52:28.006737
     450.7    147.5      598.2 30.0 15:52:46.448986
     598.2    147.4      745.6 40.0 15:53:04.882501
     745.6    147.6      893.1 50.0 15:53:23.336033
     893.1    147.5     1040.6 60.0 15:53:41.781796
    1040.6    147.5     1188.1 70.0 15:54:00.231047
    1188.1    147.5     1335.7 80.0 15:54:18.679473
    1335.7    147.5     1483.2 90.0 15:54:37.131090
    1483.2    147.6     1630.8 100.0 15:54:55.593753
    1630.8    147.6     1778.4 110.0 15:55:14.046602
    1778.4    147.6     1926.0 120.0 15:55:32.506302
    1926.0    147.6     2073.6 130.0 15:55:50.961918
    2073.6    147.6     2221.2 140.0 15:56:09.421991
    2221.2    147.6     2368.8 150.0 15:56:27.882009
    2368.8    147.5     2516.3 160.0 15:56:46.328584
    2516.3    147.5     2663.8 170.0 15:57:04.787732
    2663.8    147.6     2811.4 180.0 15:57:23.245857
    2811.4    147.7     2959.1 190.0 15:57:41.710804
    2959.1    147.6     3106.8 200.0 15:58:00.176094
    3106.8    147.7     3254.4 210.0 15:58:18.643798
    3254.4    147.9     3402.4 220.0 15:58:37.143189
    3402.4    147.8     3550.2 230.0 15:58:55.630196
    3550.2    148.0     3698.2 240.0 15:59:14.133624
    3698.2    147.8     3846.0 250.0 15:59:32.611148
    3846.0    147.9     3993.9 260.0 15:59:51.107517
    3993.9    147.8     4141.7 270.0 16:00:09.594759
    4141.7    147.9     4289.6 280.0 16:00:28.085153
    4289.6    147.7     4437.3 290.0 16:00:46.560381
    4437.3    147.7     4585.1 300.0 16:01:05.039904
    4585.1    147.8     4732.9 310.0 16:01:23.525090
    4732.9    147.7     4880.6 320.0 16:01:41.994091
    4880.6    146.7     5027.3 330.0 16:02:00.402024
    5027.3    147.2     5174.5 340.0 16:02:18.976902
    5174.5    147.7     5322.2 350.0 16:02:37.452601
    5322.2    147.9     5470.1 360.0 16:02:55.951796
    5470.1    147.7     5617.8 370.0 16:03:14.430884
    5617.8    147.7     5765.6 380.0 16:03:32.913031
    5765.6    147.7     5913.3 390.0 16:03:51.387523
    5913.3    147.7     6060.9 400.0 16:04:09.857778
    6060.9    147.9     6208.9 410.0 16:04:28.370235
    6208.9    147.7     6356.6 420.0 16:04:46.844116
    6356.6    147.9     6504.4 430.0 16:05:05.343486
    6504.4    147.9     6652.3 440.0 16:05:23.840557
    6652.3    147.8     6800.1 450.0 16:05:42.336252
    6800.1    147.7     6947.8 460.0 16:06:00.810766
    6947.8    147.7     7095.5 470.0 16:06:19.285694
    7095.5    147.8     7243.3 480.0 16:06:37.770062
    7243.3    147.8     7391.1 490.0 16:06:56.260372
    7391.1    147.8     7538.9 500.0 16:07:14.755648
    7538.9    147.6     7686.5 510.0 16:07:33.219152
    7686.5    147.5     7834.0 520.0 16:07:51.668085
    7834.0    147.5     7981.5 530.0 16:08:10.119066
    7981.5    147.4     8128.9 540.0 16:08:28.554923
    8128.9    147.4     8276.3 550.0 16:08:46.997770
    8276.3    147.3     8423.6 560.0 16:09:05.425682
    8423.6    147.2     8570.8 570.0 16:09:23.845998
    8570.8    147.2     8718.0 580.0 16:09:42.266278
    8718.0    146.3     8864.4 590.0 16:10:00.637596
    8864.4    145.3     9009.7 600.0 16:10:19.112459
    9009.7    147.2     9156.9 610.0 16:10:37.516306
    9156.9    147.2     9304.1 620.0 16:10:55.929359
    9304.1    147.1     9451.2 630.0 16:11:14.327561
    9451.2    147.1     9598.3 640.0 16:11:32.721166
    9598.3    146.9     9745.2 650.0 16:11:51.098107
    9745.2    146.8     9892.0 660.0 16:12:09.451792
    9892.0    146.8    10038.8 670.0 16:12:27.815688
   10038.8    146.7    10185.5 680.0 16:12:46.162849
   10185.5    147.0    10332.6 690.0 16:13:04.553188
   10332.6    146.9    10479.5 700.0 16:13:22.927844
   10479.5    147.1    10626.6 710.0 16:13:41.325304
   10626.6    146.5    10773.1 720.0 16:13:59.658605
   10773.1    147.1    10920.2 730.0 16:14:18.056797
   10920.2    147.2    11067.4 740.0 16:14:36.460596
   11067.4    147.3    11214.7 750.0 16:14:54.892978
   11214.7    147.4    11362.1 760.0 16:15:13.329721
   11362.1    147.4    11509.6 770.0 16:15:31.764582
   11509.6    147.5    11657.0 780.0 16:15:50.206921
   11657.0    147.5    11804.5 790.0 16:16:08.650570
   11804.5    147.4    11951.9 800.0 16:16:27.081067
   11951.9    147.2    12099.1 810.0 16:16:45.492731
   12099.1    147.4    12246.6 820.0 16:17:03.940498
   12246.6    147.2    12393.8 830.0 16:17:22.350383
   12393.8    147.2    12541.0 840.0 16:17:40.753390
   12541.0    147.2    12688.2 850.0 16:17:59.157818
   12688.2    147.2    12835.3 860.0 16:18:17.564974
   12835.3    147.2    12982.5 870.0 16:18:35.968239
   12982.5    147.1    13129.6 880.0 16:18:54.368024
   13129.6    147.2    13276.8 890.0 16:19:12.774056
   13276.8    147.2    13424.0 900.0 16:19:31.180730
   13424.0    146.8    13570.8 910.0 16:19:49.567630
   13570.8    146.1    13717.0 920.0 16:20:07.882981
   13717.0    147.2    13864.2 930.0 16:20:26.291016
   13864.2    147.3    14011.4 940.0 16:20:44.704598
   14011.4    147.1    14158.5 950.0 16:21:03.100133
   14158.5    146.9    14305.4 960.0 16:21:21.466635
   14305.4    146.9    14452.3 970.0 16:21:39.841204
   14452.3    147.0    14599.3 980.0 16:21:58.218531
   14599.3    147.0    14746.3 990.0 16:22:16.601667
