       0.0      9.9        9.9  0.0 15:28:12.428076
       9.9      7.6       17.5 10.0 15:28:13.382785
      17.5      7.7       25.1 20.0 15:28:14.342012
      25.1      7.6       32.7 30.0 15:28:15.294871
      32.7      7.6       40.3 40.0 15:28:16.264552
      40.3      7.6       47.9 50.0 15:28:17.229465
      47.9      7.6       55.5 60.0 15:28:18.192719
      55.5      7.7       63.2 70.0 15:28:19.159579
      63.2      7.7       70.8 80.0 15:28:20.124452
      70.8      7.6       78.5 90.0 15:28:21.089213
      78.5      7.7       86.1 100.0 15:28:22.082729
      86.1      7.6       93.8 110.0 15:28:23.041831
      93.8      7.7      101.4 120.0 15:28:24.002974
     101.4      7.7      109.1 130.0 15:28:24.964970
     109.1      7.6      116.7 140.0 15:28:25.927227
     116.7      7.7      124.4 150.0 15:28:26.890705
     124.4      7.7      132.1 160.0 15:28:27.854251
     132.1      7.7      139.8 170.0 15:28:28.817605
     139.8      7.7      147.5 180.0 15:28:29.781371
     147.5      7.7      155.2 190.0 15:28:30.745182
     155.2      7.8      163.0 200.0 15:28:31.719086
     163.0      7.7      170.7 210.0 15:28:32.681610
     170.7      7.7      178.4 220.0 15:28:33.646200
     178.4      7.7      186.1 230.0 15:28:34.609994
     186.1      7.7      193.8 240.0 15:28:35.574558
     193.8      7.7      201.5 250.0 15:28:36.539605
     201.5      7.7      209.2 260.0 15:28:37.505544
     209.2      7.7      216.9 270.0 15:28:38.470438
     216.9      7.7      224.6 280.0 15:28:39.437575
     224.6      7.7      232.4 290.0 15:28:40.404628
     232.4      7.7      240.1 300.0 15:28:41.371620
     240.1      7.7      247.8 310.0 15:28:42.337440
     247.8      7.7      255.5 320.0 15:28:43.302894
     255.5      7.7      263.2 330.0 15:28:44.267689
     263.2      7.7      270.9 340.0 15:28:45.231905
     270.9      7.7      278.6 350.0 15:28:46.195517
     278.6      7.7      286.3 360.0 15:28:47.159254
     286.3      7.7      294.0 370.0 15:28:48.123005
     294.0      7.7      301.7 380.0 15:28:49.088349
     301.7      7.7      309.4 390.0 15:28:50.053524
     309.4      7.7      317.1 400.0 15:28:51.018624
     317.1      7.9      325.0 410.0 15:28:52.005918
     325.0      7.7      332.7 420.0 15:28:52.972794
     332.7      7.7      340.5 430.0 15:28:53.939366
     340.5      7.7      348.2 440.0 15:28:54.905392
     348.2      7.7      355.9 450.0 15:28:55.872779
     355.9      7.7      363.6 460.0 15:28:56.838075
     363.6      7.7      371.4 470.0 15:28:57.805990
     371.4      7.7      379.1 480.0 15:28:58.772720
     379.1      7.7      386.8 490.0 15:28:59.738981
     386.8      7.7      394.5 500.0 15:29:00.707692
     394.5      7.7      402.2 510.0 15:29:01.672636
     402.2      7.7      410.0 520.0 15:29:02.638519
     410.0      7.7      417.7 530.0 15:29:03.604308
     417.7      7.7      425.4 540.0 15:29:04.570817
     425.4      7.7      433.1 550.0 15:29:05.536822
     433.1      7.7      440.8 560.0 15:29:06.502828
     440.8      7.7      448.5 570.0 15:29:07.468048
     448.5      7.7      456.2 580.0 15:29:08.433006
     456.2      7.7      464.0 590.0 15:29:09.398135
     464.0      7.7      471.7 600.0 15:29:10.361849
     471.7      7.7      479.4 610.0 15:29:11.326588
     479.4      7.7      487.1 620.0 15:29:12.292117
     487.1      7.7      494.8 630.0 15:29:13.257324
     494.8      7.7      502.5 640.0 15:29:14.223433
     502.5      7.7      510.2 650.0 15:29:15.189266
     510.2      7.7      517.9 660.0 15:29:16.155234
     517.9      7.7      525.6 670.0 15:29:17.121853
     525.6      7.7      533.4 680.0 15:29:18.087029
     533.4      7.7      541.1 690.0 15:29:19.051879
     541.1      7.7      548.8 700.0 15:29:20.017142
     548.8      7.7      556.5 710.0 15:29:20.985046
     556.5      7.7      564.2 720.0 15:29:21.953962
     564.2      7.7      572.0 730.0 15:29:22.922899
     572.0      7.7      579.7 740.0 15:29:23.893185
     579.7      7.7      587.5 750.0 15:29:24.862660
     587.5      7.7      595.2 760.0 15:29:25.832928
     595.2      7.7      603.0 770.0 15:29:26.802557
     603.0      7.7      610.7 780.0 15:29:27.772690
     610.7      7.7      618.5 790.0 15:29:28.741100
     618.5      7.7      626.2 800.0 15:29:29.710992
     626.2      7.7      633.9 810.0 15:29:30.676461
     633.9      8.0      641.9 820.0 15:29:31.681165
     641.9      7.7      649.6 830.0 15:29:32.643170
     649.6      7.7      657.3 840.0 15:29:33.606218
     657.3      7.7      665.0 850.0 15:29:34.569417
     665.0      7.7      672.7 860.0 15:29:35.533388
     672.7      7.7      680.4 870.0 15:29:36.497209
     680.4      7.7      688.1 880.0 15:29:37.461430
     688.1      7.7      695.8 890.0 15:29:38.426539
     695.8      7.7      703.5 900.0 15:29:39.391153
     703.5      7.7      711.2 910.0 15:29:40.355972
     711.2      7.7      718.9 920.0 15:29:41.319819
     718.9      7.7      726.6 930.0 15:29:42.282783
     726.6      7.7      734.3 940.0 15:29:43.245846
     734.3      7.7      742.0 950.0 15:29:44.209737
     742.0      7.7      749.7 960.0 15:29:45.172538
     749.7      7.7      757.4 970.0 15:29:46.136122
     757.4      7.7      765.1 980.0 15:29:47.100957
     765.1      7.7      772.8 990.0 15:29:48.066285
