Name: SNr [GABA], Title: Raster plot from device '20329', Hist: False
 15.0 :   12 : [461, 462, 464, 466, 467, 468, 471, 473, 476, 479, 482, 483]
 15.1 :   12 : [463, 465, 469, 470, 472, 474, 475, 477, 478, 480, 481, 484]
 17.1 :   12 : [461, 462, 464, 466, 467, 468, 471, 473, 476, 479, 482, 483]
 17.2 :   12 : [463, 465, 469, 470, 472, 474, 475, 477, 478, 480, 481, 484]
 19.2 :    5 : [461, 466, 467, 468, 482]
 19.3 :    7 : [462, 464, 471, 473, 476, 479, 483]
 19.4 :   12 : [463, 465, 469, 470, 472, 474, 475, 477, 478, 480, 481, 484]
 21.3 :    3 : [461, 467, 482]
 21.4 :    7 : [464, 466, 468, 471, 476, 479, 483]
 21.5 :    2 : [462, 473]
 21.6 :   10 : [465, 469, 470, 472, 474, 475, 477, 480, 481, 484]
 21.7 :    2 : [463, 478]
 23.4 :    2 : [461, 467]
 23.5 :    4 : [466, 471, 476, 482]
 23.6 :    4 : [464, 468, 479, 483]
 23.7 :    2 : [462, 473]
 23.8 :    6 : [465, 470, 474, 477, 481, 484]
 23.9 :    4 : [469, 472, 475, 480]
 24.1 :    2 : [463, 478]
 25.5 :    2 : [461, 467]
 25.6 :    4 : [466, 471, 476, 482]
 25.8 :    4 : [464, 468, 479, 483]
 25.9 :    2 : [462, 473]
 26.0 :    5 : [465, 470, 474, 481, 484]
 26.1 :    1 : [477]
 26.2 :    4 : [469, 472, 475, 480]
 26.6 :    2 : [463, 478]
 27.7 :    2 : [461, 467]
 27.8 :    4 : [466, 471, 476, 482]
 28.0 :    4 : [464, 468, 479, 483]
 28.2 :    2 : [462, 473]
 28.3 :    5 : [465, 470, 474, 481, 484]
 28.5 :    1 : [477]
 28.7 :    2 : [472, 475]
 28.8 :    2 : [469, 480]
 29.7 :    2 : [463, 478]
 29.8 :    2 : [461, 467]
 29.9 :    4 : [466, 471, 476, 482]
 30.1 :    4 : [464, 468, 479, 483]
 30.4 :    2 : [462, 473]
 30.5 :    5 : [465, 470, 474, 481, 484]
 30.8 :    1 : [477]
 31.0 :    2 : [472, 475]
 31.2 :    2 : [469, 480]
 31.8 :    2 : [463, 478]
 32.2 :    1 : [467]
 32.3 :    1 : [461]
 32.5 :    1 : [482]
 32.6 :    3 : [466, 471, 476]
 33.4 :    1 : [468]
 33.5 :    3 : [464, 479, 483]
 33.9 :    9 : [462, 465, 469, 470, 472, 473, 474, 481, 484]
 34.0 :    3 : [475, 477, 480]
 34.3 :    1 : [467]
 34.4 :    3 : [461, 463, 478]
 34.6 :    1 : [482]
 34.7 :    3 : [466, 471, 476]
 35.7 :    1 : [468]
 35.9 :    3 : [464, 479, 483]
 36.0 :    9 : [462, 465, 469, 470, 472, 473, 474, 481, 484]
 36.1 :    3 : [475, 477, 480]
 36.6 :    2 : [463, 478]
 36.8 :    1 : [467]
 37.1 :    1 : [461]
 37.9 :    1 : [482]
 38.1 :    3 : [466, 471, 476]
 38.2 :    6 : [462, 465, 470, 473, 474, 484]
 38.3 :    3 : [469, 472, 481]
 38.4 :    2 : [475, 477]
 38.5 :    1 : [480]
 38.9 :    1 : [467]
 39.3 :    1 : [461]
 40.2 :   10 : [463, 464, 466, 468, 471, 476, 478, 479, 482, 483]
 40.3 :    6 : [462, 465, 470, 473, 474, 484]
 40.4 :    2 : [472, 481]
 40.5 :    3 : [469, 475, 477]
 40.7 :    1 : [480]
 41.7 :    1 : [467]
 42.3 :    7 : [461, 463, 464, 468, 478, 479, 483]
 42.4 :    4 : [466, 471, 476, 482]
 43.0 :    3 : [465, 474, 484]
 43.1 :    3 : [462, 470, 473]
 43.5 :    1 : [481]
 43.9 :    2 : [467, 472]
 44.4 :    5 : [461, 469, 475, 477, 480]
 44.5 :    8 : [464, 466, 468, 471, 476, 479, 482, 483]
 44.7 :    2 : [463, 478]
 45.1 :    3 : [465, 474, 484]
 45.3 :    3 : [462, 470, 473]
 45.8 :    1 : [481]
 46.4 :    1 : [472]
 46.5 :    6 : [461, 467, 469, 475, 477, 480]
 46.6 :    4 : [464, 468, 479, 483]
 46.9 :    3 : [463, 478, 482]
 47.0 :    3 : [466, 471, 476]
 48.6 :    9 : [461, 462, 465, 467, 470, 473, 474, 481, 484]
 48.7 :    2 : [475, 477]
 48.8 :    2 : [469, 480]
 49.0 :    1 : [482]
 49.1 :    3 : [466, 471, 476]
 49.2 :    4 : [464, 468, 479, 483]
 50.7 :   11 : [462, 463, 465, 467, 470, 472, 473, 474, 478, 481, 484]
 50.8 :    2 : [475, 477]
 50.9 :    3 : [461, 469, 480]
 51.3 :    4 : [464, 468, 479, 483]
 51.6 :    1 : [482]
 51.8 :    2 : [471, 476]
 51.9 :    1 : [466]
 52.8 :    4 : [463, 467, 472, 478]
 52.9 :    7 : [462, 465, 470, 473, 474, 481, 484]
 53.0 :    1 : [461]
 53.7 :    2 : [477, 482]
 53.8 :    1 : [475]
 54.0 :    2 : [471, 476]
 54.1 :    1 : [466]
 54.5 :    2 : [464, 483]
 54.6 :    3 : [468, 479, 480]
 54.8 :    1 : [469]
 55.0 :    8 : [462, 465, 470, 472, 473, 474, 481, 484]
 55.1 :    3 : [463, 467, 478]
 55.4 :    1 : [461]
 55.9 :    1 : [477]
 56.0 :    1 : [475]
 56.8 :    2 : [464, 483]
 56.9 :    3 : [468, 479, 482]
 57.0 :    5 : [466, 469, 471, 476, 480]
 57.1 :    1 : [472]
 57.2 :    1 : [467]
 57.3 :    2 : [463, 478]
 57.5 :    1 : [461]
 57.6 :    4 : [465, 470, 474, 484]
 57.7 :    3 : [462, 473, 481]
 59.1 :    8 : [466, 468, 471, 475, 476, 477, 479, 482]
 59.3 :    1 : [469]
 59.4 :    1 : [480]
 59.5 :    1 : [467]
 59.7 :    4 : [465, 470, 474, 484]
 59.9 :    3 : [462, 473, 481]
 60.0 :    1 : [461]
 60.1 :    1 : [472]
 61.2 :   12 : [463, 464, 466, 468, 471, 475, 476, 477, 478, 479, 482, 483]
 61.4 :    1 : [469]
 61.5 :    1 : [480]
 61.6 :    1 : [467]
 62.1 :    1 : [461]
 62.3 :    1 : [472]
 62.9 :    3 : [465, 474, 484]
 63.2 :    1 : [470]
 63.3 :   11 : [462, 463, 464, 466, 471, 473, 476, 478, 481, 482, 483]
 63.4 :    2 : [475, 477]
 63.7 :    2 : [468, 479]
 64.0 :    1 : [467]
 65.0 :    2 : [461, 469]
 65.2 :    3 : [465, 474, 484]
 65.4 :    6 : [462, 470, 472, 473, 480, 481]
 65.5 :    4 : [464, 475, 477, 483]
 65.6 :    3 : [463, 478, 482]
 65.7 :    3 : [466, 471, 476]
 65.8 :    2 : [468, 479]
 66.1 :    1 : [467]
 67.2 :    1 : [461]
 67.4 :    3 : [465, 474, 484]
 67.5 :    3 : [469, 472, 480]
 67.6 :    6 : [462, 464, 470, 473, 481, 483]
 67.7 :    1 : [482]
 67.8 :    5 : [463, 466, 471, 476, 478]
 68.3 :    2 : [475, 477]
 68.6 :    3 : [467, 468, 479]
 69.5 :    3 : [465, 474, 484]
 69.7 :    7 : [461, 462, 470, 472, 473, 480, 481]
 70.1 :    3 : [464, 482, 483]
 70.3 :    3 : [466, 471, 476]
 70.5 :    2 : [475, 477]
 70.7 :    1 : [467]
 70.8 :    2 : [468, 479]
 71.7 :    6 : [463, 465, 469, 474, 478, 484]
 71.8 :    3 : [461, 472, 480]
 72.2 :    3 : [464, 482, 483]
 72.3 :    3 : [462, 470, 473]
 72.4 :    4 : [466, 471, 476, 481]
 73.6 :    1 : [467]
 73.8 :    7 : [463, 468, 469, 475, 477, 478, 479]
 73.9 :    3 : [465, 474, 484]
 74.0 :    1 : [461]
 74.4 :    3 : [462, 470, 473]
 74.6 :    1 : [481]
 74.7 :    1 : [472]
 74.8 :    1 : [482]
 74.9 :    1 : [480]
 75.1 :    2 : [464, 483]
 75.2 :    3 : [466, 471, 476]
 75.8 :    1 : [467]
 75.9 :    4 : [468, 475, 477, 479]
 76.0 :    3 : [465, 474, 484]
 76.1 :    4 : [461, 463, 469, 478]
 76.9 :    2 : [472, 482]
 77.2 :    1 : [480]
 77.3 :    2 : [464, 483]
 77.4 :    3 : [466, 471, 476]
 77.8 :    3 : [462, 470, 473]
 77.9 :    1 : [467]
 78.0 :    3 : [468, 479, 481]
 78.1 :    5 : [465, 474, 475, 477, 484]
 78.2 :    3 : [463, 469, 478]
 78.5 :    1 : [461]
 80.1 :   15 : [462, 464, 466, 467, 468, 470, 471, 472, 473, 476, 479, 480, 481, 482, 483]
 80.2 :    5 : [465, 474, 475, 477, 484]
 80.6 :    1 : [461]
 81.7 :    1 : [469]
 82.2 :   10 : [463, 464, 466, 471, 472, 476, 478, 480, 482, 483]
 82.3 :    8 : [462, 465, 467, 470, 473, 474, 481, 484]
 82.5 :    2 : [468, 479]
 83.0 :    2 : [475, 477]
 83.1 :    1 : [461]
 84.2 :    1 : [469]
 84.3 :    8 : [463, 464, 466, 471, 476, 478, 482, 483]
 84.4 :   10 : [462, 465, 467, 470, 472, 473, 474, 480, 481, 484]
 84.6 :    2 : [468, 479]
 85.2 :    3 : [461, 475, 477]
 86.4 :    6 : [464, 466, 471, 476, 482, 483]
 86.5 :    5 : [465, 472, 474, 480, 484]
 86.6 :    2 : [463, 478]
 86.7 :    1 : [467]
 87.0 :    4 : [462, 470, 473, 481]
 87.2 :    2 : [468, 479]
 88.0 :    1 : [461]
 88.5 :    3 : [469, 475, 477]
 88.6 :    3 : [465, 474, 484]
 88.7 :    6 : [463, 466, 471, 476, 478, 482]
 88.8 :    3 : [464, 467, 483]
 89.1 :    4 : [462, 470, 473, 481]
 89.3 :    3 : [468, 472, 479]
 89.5 :    1 : [480]
 90.2 :    1 : [461]
 90.6 :    3 : [469, 475, 477]
 90.7 :    3 : [465, 474, 484]
 90.8 :    4 : [466, 471, 476, 482]
 90.9 :    2 : [464, 483]
 91.1 :    1 : [467]
 91.5 :    1 : [472]
 91.7 :    1 : [480]
 92.4 :    1 : [470]
 92.5 :    2 : [462, 473]
 92.7 :    6 : [461, 463, 468, 478, 479, 481]
 92.8 :    6 : [465, 469, 474, 475, 477, 484]
 93.2 :    5 : [466, 467, 471, 476, 482]
 93.5 :    2 : [464, 483]
 94.8 :   11 : [461, 462, 463, 468, 470, 472, 473, 478, 479, 480, 481]
 94.9 :    6 : [465, 469, 474, 475, 477, 484]
 95.3 :    4 : [466, 471, 476, 482]
 95.6 :    3 : [464, 467, 483]
 96.9 :    5 : [461, 468, 472, 479, 480]
 97.0 :    6 : [462, 465, 473, 474, 481, 484]
 97.1 :    3 : [463, 470, 478]
 97.6 :    1 : [477]
 97.7 :    2 : [467, 475]
 97.9 :    4 : [466, 471, 476, 482]
 98.1 :    1 : [469]
 98.9 :    2 : [464, 483]
 99.0 :    3 : [461, 468, 479]
 99.1 :    8 : [462, 465, 472, 473, 474, 480, 481, 484]
 99.2 :    3 : [463, 470, 478]
 99.8 :    1 : [477]
 99.9 :    1 : [475]
100.0 :    4 : [466, 471, 476, 482]
100.2 :    1 : [467]
100.4 :    1 : [469]
101.1 :    2 : [464, 483]
101.2 :    5 : [465, 472, 474, 480, 484]
101.3 :    1 : [461]
101.4 :    2 : [468, 479]
101.7 :    3 : [462, 473, 481]
101.9 :    1 : [470]
102.3 :    1 : [467]
103.2 :   11 : [463, 464, 466, 469, 471, 475, 476, 477, 478, 482, 483]
103.3 :    3 : [465, 474, 484]
103.4 :    1 : [461]
103.5 :    2 : [468, 479]
103.8 :    3 : [462, 473, 481]
104.0 :    1 : [472]
104.1 :    2 : [470, 480]
105.2 :    1 : [467]
105.3 :   11 : [463, 464, 466, 469, 471, 475, 476, 477, 478, 482, 483]
105.4 :    3 : [465, 474, 484]
105.7 :    1 : [461]
106.1 :    2 : [468, 479]
106.2 :    1 : [472]
106.3 :    1 : [480]
107.1 :    2 : [462, 473]
107.4 :    7 : [466, 467, 470, 471, 476, 481, 482]
107.5 :    6 : [465, 469, 474, 475, 477, 484]
107.6 :    2 : [463, 478]
107.7 :    2 : [464, 483]
107.8 :    1 : [461]
108.2 :    2 : [468, 479]
109.5 :   11 : [462, 466, 467, 470, 471, 472, 473, 476, 480, 481, 482]
109.6 :    6 : [465, 469, 474, 475, 477, 484]
109.7 :    2 : [463, 478]
109.8 :    2 : [464, 483]
110.2 :    1 : [461]
111.5 :    2 : [468, 479]
111.6 :    3 : [467, 472, 480]
111.7 :    7 : [462, 465, 470, 473, 474, 481, 484]
111.8 :    4 : [466, 471, 476, 482]
112.3 :    2 : [461, 477]
112.4 :    3 : [464, 475, 483]
112.6 :    1 : [469]
113.7 :    4 : [463, 468, 478, 479]
113.8 :   10 : [462, 465, 467, 470, 472, 473, 474, 480, 481, 484]
113.9 :    4 : [466, 471, 476, 482]
114.5 :    3 : [464, 477, 483]
114.6 :    1 : [475]
114.8 :    1 : [469]
114.9 :    1 : [461]
115.8 :    4 : [463, 468, 478, 479]
115.9 :    6 : [465, 467, 472, 474, 480, 484]
116.3 :    4 : [466, 471, 476, 482]
116.4 :    4 : [462, 470, 473, 481]
117.0 :    1 : [461]
117.8 :    2 : [464, 483]
117.9 :    5 : [468, 469, 475, 477, 479]
118.0 :    3 : [465, 474, 484]
118.1 :    2 : [463, 478]
118.2 :    1 : [467]
118.4 :    4 : [466, 471, 476, 482]
118.5 :    4 : [462, 470, 473, 481]
118.7 :    1 : [472]
118.8 :    1 : [480]
120.0 :    6 : [461, 464, 469, 475, 477, 483]
120.1 :    3 : [465, 474, 484]
120.2 :    2 : [463, 478]
120.3 :    3 : [467, 468, 479]
120.9 :    2 : [472, 482]
121.0 :    4 : [466, 471, 476, 480]
121.8 :    3 : [462, 470, 473]
122.1 :    4 : [461, 464, 481, 483]
122.2 :    6 : [465, 469, 474, 475, 477, 484]
122.4 :    2 : [468, 479]
122.6 :    1 : [467]
123.0 :    1 : [482]
123.1 :    3 : [466, 471, 476]
124.2 :   11 : [461, 462, 463, 464, 470, 472, 473, 478, 480, 481, 483]
124.3 :    6 : [465, 469, 474, 475, 477, 484]
124.7 :    1 : [467]
125.0 :    2 : [468, 479]
126.0 :    1 : [482]
126.3 :    8 : [461, 463, 466, 471, 472, 476, 478, 480]
126.4 :    6 : [462, 465, 473, 474, 481, 484]
126.5 :    1 : [470]
126.6 :    2 : [464, 483]
127.0 :    1 : [477]
127.1 :    4 : [467, 468, 475, 479]
127.3 :    1 : [469]
128.2 :    1 : [482]
128.4 :    3 : [466, 471, 476]
128.5 :    8 : [462, 465, 472, 473, 474, 480, 481, 484]
128.6 :    4 : [461, 463, 470, 478]
128.7 :    2 : [464, 483]
129.2 :    2 : [467, 477]
129.3 :    1 : [475]
129.5 :    1 : [469]
130.3 :    1 : [482]
130.4 :    2 : [468, 479]
130.5 :    3 : [466, 471, 476]
130.6 :    5 : [465, 472, 474, 480, 484]
130.7 :    3 : [461, 463, 478]
131.1 :    3 : [462, 473, 481]
131.3 :    3 : [464, 470, 483]
131.7 :    1 : [467]
132.6 :    9 : [466, 468, 469, 471, 475, 476, 477, 479, 482]
132.7 :    3 : [465, 474, 484]
133.0 :    1 : [461]
133.2 :    3 : [462, 473, 481]
133.4 :    3 : [464, 472, 483]
133.5 :    2 : [470, 480]
133.8 :    1 : [467]
134.7 :    7 : [463, 468, 469, 475, 477, 478, 479]
134.8 :    3 : [465, 474, 484]
134.9 :    4 : [466, 471, 476, 482]
135.1 :    1 : [461]
135.6 :    1 : [472]
135.7 :    1 : [480]
136.5 :    2 : [462, 473]
136.6 :    1 : [464]
136.7 :    2 : [467, 483]
136.8 :    6 : [463, 468, 470, 478, 479, 481]
136.9 :    6 : [465, 469, 474, 475, 477, 484]
137.0 :    4 : [466, 471, 476, 482]
137.5 :    1 : [461]
138.9 :    9 : [462, 464, 467, 470, 472, 473, 480, 481, 483]
139.0 :    6 : [465, 469, 474, 475, 477, 484]
139.1 :    2 : [463, 478]
139.2 :    2 : [468, 479]
139.4 :    4 : [466, 471, 476, 482]
139.6 :    1 : [461]
141.0 :    5 : [464, 467, 472, 480, 483]
141.1 :    7 : [462, 465, 470, 473, 474, 481, 484]
141.2 :    2 : [463, 478]
141.3 :    2 : [468, 479]
141.5 :    4 : [466, 471, 476, 482]
141.7 :    1 : [477]
141.8 :    1 : [475]
142.0 :    1 : [469]
142.2 :    1 : [461]
143.1 :    3 : [464, 467, 483]
143.2 :    9 : [462, 465, 470, 472, 473, 474, 480, 481, 484]
143.9 :    3 : [468, 477, 479]
144.0 :    2 : [475, 482]
144.1 :    3 : [466, 471, 476]
144.2 :    1 : [469]
144.3 :    1 : [461]
145.2 :    2 : [463, 478]
145.3 :    6 : [465, 467, 472, 474, 480, 484]
145.5 :    2 : [464, 483]
145.8 :    4 : [462, 470, 473, 481]
146.0 :    2 : [468, 479]
146.1 :    1 : [482]
146.2 :    3 : [466, 471, 476]
147.3 :    6 : [461, 463, 469, 475, 477, 478]
147.4 :    4 : [465, 467, 474, 484]
147.6 :    2 : [464, 483]
147.9 :    4 : [462, 470, 473, 481]
148.1 :    1 : [472]
148.2 :    1 : [480]
149.1 :    1 : [482]
149.3 :    2 : [468, 479]
149.4 :    7 : [461, 466, 469, 471, 475, 476, 477]
149.5 :    3 : [465, 474, 484]
149.6 :    2 : [463, 478]
149.7 :    1 : [467]
150.2 :    2 : [464, 483]
150.3 :    1 : [472]
150.4 :    1 : [480]
151.1 :    1 : [470]
151.2 :    2 : [462, 473]
151.3 :    1 : [482]
151.5 :    7 : [461, 466, 468, 471, 476, 479, 481]
151.6 :    6 : [465, 469, 474, 475, 477, 484]
151.7 :    2 : [463, 478]
151.8 :    1 : [467]
152.3 :    2 : [464, 483]
153.4 :    2 : [470, 482]
153.6 :   11 : [461, 462, 466, 468, 471, 472, 473, 476, 479, 480, 481]
153.7 :    6 : [465, 469, 474, 475, 477, 484]
154.1 :    1 : [467]
155.5 :    1 : [464]
155.6 :    1 : [483]
155.7 :   10 : [463, 466, 468, 471, 472, 476, 478, 479, 480, 482]
155.8 :    6 : [462, 465, 473, 474, 481, 484]
155.9 :    1 : [461]
156.2 :    1 : [467]
156.4 :    1 : [477]
156.5 :    1 : [475]
156.7 :    1 : [469]
157.8 :    5 : [463, 464, 470, 478, 483]
157.9 :    8 : [462, 465, 472, 473, 474, 480, 481, 484]
158.0 :    5 : [461, 466, 471, 476, 482]
158.1 :    2 : [468, 479]
158.6 :    2 : [467, 477]
158.7 :    1 : [475]
158.9 :    1 : [469]
159.9 :    3 : [464, 470, 483]
160.0 :    5 : [465, 472, 474, 480, 484]
160.1 :    6 : [463, 466, 471, 476, 478, 482]
160.2 :    2 : [468, 479]
160.3 :    1 : [461]
160.5 :    3 : [462, 473, 481]
160.7 :    1 : [467]
162.0 :    5 : [464, 469, 475, 477, 483]
162.1 :    4 : [465, 470, 474, 484]
162.2 :    2 : [463, 478]
162.4 :    1 : [461]
162.5 :    4 : [466, 471, 476, 482]
162.6 :    3 : [462, 473, 481]
162.8 :    3 : [468, 472, 479]
162.9 :    1 : [480]
163.2 :    1 : [467]
164.1 :    3 : [469, 475, 477]
164.2 :    4 : [465, 470, 474, 484]
164.4 :    2 : [464, 483]
164.6 :    4 : [466, 471, 476, 482]
164.8 :    1 : [461]
164.9 :    2 : [468, 479]
165.0 :    1 : [472]
165.1 :    1 : [480]
165.3 :    1 : [467]
165.9 :    2 : [462, 473]
166.2 :    3 : [463, 478, 481]
166.3 :    6 : [465, 469, 474, 475, 477, 484]
166.5 :    2 : [464, 483]
166.8 :    1 : [470]
166.9 :    1 : [461]
167.1 :    1 : [482]
167.2 :    3 : [466, 471, 476]
168.2 :    3 : [467, 468, 479]
168.3 :    7 : [462, 463, 472, 473, 478, 480, 481]
168.4 :    6 : [465, 469, 474, 475, 477, 484]
168.9 :    1 : [470]
169.1 :    2 : [464, 483]
169.2 :    1 : [482]
169.3 :    3 : [466, 471, 476]
169.5 :    1 : [461]
170.4 :    5 : [467, 468, 472, 479, 480]
170.5 :    6 : [462, 465, 473, 474, 481, 484]
170.6 :    2 : [463, 478]
171.1 :    1 : [477]
171.2 :    3 : [464, 475, 483]
171.4 :    1 : [469]
171.6 :    1 : [461]
172.2 :    2 : [470, 482]
172.5 :    6 : [466, 467, 468, 471, 476, 479]
172.6 :    8 : [462, 465, 472, 473, 474, 480, 481, 484]
172.7 :    2 : [463, 478]
173.3 :    1 : [477]
173.4 :    1 : [475]
173.6 :    1 : [469]
174.4 :    2 : [464, 482]
174.5 :    1 : [483]
174.6 :    8 : [461, 466, 467, 468, 470, 471, 476, 479]
174.7 :    5 : [465, 472, 474, 480, 484]
175.2 :    3 : [462, 473, 481]
176.5 :    1 : [482]
176.7 :   11 : [461, 463, 464, 466, 469, 471, 475, 476, 477, 478, 483]
176.8 :    4 : [465, 467, 474, 484]
176.9 :    1 : [470]
177.0 :    2 : [468, 479]
177.3 :    3 : [462, 473, 481]
177.5 :    1 : [472]
177.6 :    1 : [480]
178.8 :   12 : [461, 463, 464, 466, 469, 471, 475, 476, 477, 478, 482, 483]
178.9 :    4 : [465, 467, 474, 484]
179.0 :    1 : [470]
179.1 :    2 : [468, 479]
179.7 :    1 : [472]
179.8 :    1 : [480]
180.6 :    2 : [462, 473]
180.9 :    4 : [461, 464, 481, 483]
181.0 :    6 : [465, 469, 474, 475, 477, 484]
181.1 :    6 : [463, 466, 471, 476, 478, 482]
181.2 :    1 : [467]
181.7 :    3 : [468, 470, 479]
183.0 :    5 : [462, 472, 473, 480, 481]
183.1 :    6 : [465, 469, 474, 475, 477, 484]
183.2 :    7 : [461, 463, 466, 471, 476, 478, 482]
183.3 :    3 : [464, 467, 483]
183.8 :    2 : [468, 479]
183.9 :    1 : [470]
185.1 :    2 : [472, 480]
185.2 :    6 : [462, 465, 473, 474, 481, 484]
185.3 :    1 : [461]
185.4 :    2 : [464, 483]
185.6 :    5 : [466, 467, 471, 476, 482]
185.8 :    1 : [477]
185.9 :    1 : [475]
186.1 :    1 : [469]
187.1 :    2 : [468, 479]
187.2 :    3 : [463, 470, 478]
187.3 :    8 : [462, 465, 472, 473, 474, 480, 481, 484]
187.6 :    1 : [461]
187.7 :    5 : [466, 467, 471, 476, 482]
188.0 :    3 : [464, 477, 483]
188.1 :    1 : [475]
188.3 :    1 : [469]
189.3 :    5 : [463, 468, 470, 478, 479]
189.4 :    5 : [465, 472, 474, 480, 484]
189.7 :    1 : [461]
189.9 :    3 : [462, 473, 481]
190.1 :    3 : [464, 467, 483]
190.2 :    1 : [482]
190.3 :    3 : [466, 471, 476]
191.4 :    5 : [468, 469, 475, 477, 479]
191.5 :    4 : [465, 470, 474, 484]
191.6 :    2 : [463, 478]
192.0 :    3 : [462, 473, 481]
192.1 :    1 : [461]
192.2 :    2 : [467, 472]
192.3 :    2 : [480, 482]
192.4 :    3 : [466, 471, 476]
193.3 :    1 : [464]
193.4 :    1 : [483]
193.5 :    5 : [468, 469, 475, 477, 479]
193.6 :    4 : [465, 470, 474, 484]
193.7 :    2 : [463, 478]
194.2 :    1 : [461]
194.4 :    1 : [472]
194.5 :    1 : [480]
194.7 :    1 : [467]
195.3 :    3 : [462, 473, 482]
195.6 :    6 : [464, 466, 471, 476, 481, 483]
195.7 :    6 : [465, 469, 474, 475, 477, 484]
195.9 :    2 : [468, 479]
196.2 :    1 : [470]
196.8 :    2 : [461, 467]
197.5 :    1 : [482]
197.7 :   12 : [462, 463, 464, 466, 471, 472, 473, 476, 478, 480, 481, 483]
197.8 :    6 : [465, 469, 474, 475, 477, 484]
198.0 :    2 : [468, 479]
198.3 :    1 : [470]
198.9 :    1 : [461]
199.6 :    1 : [482]
199.7 :    1 : [467]
199.8 :    9 : [463, 464, 466, 471, 472, 476, 478, 480, 483]
199.9 :    6 : [462, 465, 473, 474, 481, 484]
200.5 :    1 : [477]
200.6 :    3 : [468, 475, 479]
200.8 :    1 : [469]
201.6 :    1 : [470]
201.9 :    6 : [461, 466, 467, 471, 476, 482]
202.0 :    8 : [462, 465, 472, 473, 474, 480, 481, 484]
202.1 :    2 : [463, 478]
202.2 :    2 : [464, 483]
202.7 :    3 : [468, 477, 479]
202.8 :    1 : [475]
203.0 :    1 : [469]
204.0 :    3 : [461, 467, 470]
204.1 :    5 : [465, 472, 474, 480, 484]
204.2 :    6 : [463, 466, 471, 476, 478, 482]
204.3 :    2 : [464, 483]
204.6 :    3 : [462, 473, 481]
206.0 :    2 : [468, 479]
206.1 :    5 : [461, 467, 469, 475, 477]
206.2 :    3 : [465, 474, 484]
206.3 :    5 : [466, 470, 471, 476, 482]
206.7 :    3 : [462, 473, 481]
206.9 :    3 : [464, 472, 483]
207.0 :    1 : [480]
208.2 :    8 : [461, 463, 468, 469, 475, 477, 478, 479]
208.3 :    4 : [465, 467, 474, 484]
208.4 :    1 : [470]
208.7 :    4 : [466, 471, 476, 482]
209.0 :    2 : [464, 483]
209.1 :    1 : [472]
209.2 :    1 : [480]
210.0 :    2 : [462, 473]
210.3 :    5 : [463, 468, 478, 479, 481]
210.4 :    7 : [465, 467, 469, 474, 475, 477, 484]
210.5 :    1 : [461]
210.8 :    4 : [466, 471, 476, 482]
211.1 :    1 : [470]
212.2 :    1 : [464]
212.3 :    1 : [483]
212.4 :    7 : [462, 468, 472, 473, 479, 480, 481]
212.5 :    6 : [465, 469, 474, 475, 477, 484]
212.6 :    3 : [461, 463, 478]
212.7 :    1 : [467]
213.3 :    2 : [470, 482]
213.4 :    3 : [466, 471, 476]
214.5 :    4 : [464, 472, 480, 483]
214.6 :    6 : [462, 465, 473, 474, 481, 484]
214.7 :    2 : [463, 478]
214.8 :    3 : [467, 468, 479]
214.9 :    1 : [461]
215.2 :    1 : [477]
215.3 :    1 : [475]
215.4 :    1 : [482]
215.5 :    4 : [466, 469, 471, 476]
