Name: STN [Glu], Title: Raster plot from device '20323', Hist: False
 13.7 :    7 : [371, 372, 375, 377, 378, 380, 381]
 13.8 :    4 : [373, 374, 376, 379]
 15.8 :    7 : [371, 372, 375, 377, 378, 380, 381]
 15.9 :    4 : [373, 374, 376, 379]
 17.9 :    7 : [371, 372, 375, 377, 378, 380, 381]
 18.0 :    4 : [373, 374, 376, 379]
 20.0 :    7 : [371, 372, 375, 377, 378, 380, 381]
 20.1 :    4 : [373, 374, 376, 379]
 22.1 :    7 : [371, 372, 375, 377, 378, 380, 381]
 22.2 :    4 : [373, 374, 376, 379]
 24.2 :    7 : [371, 372, 375, 377, 378, 380, 381]
 24.3 :    4 : [373, 374, 376, 379]
 26.3 :    7 : [371, 372, 375, 377, 378, 380, 381]
 26.4 :    4 : [373, 374, 376, 379]
 28.4 :    7 : [371, 372, 375, 377, 378, 380, 381]
 28.5 :    4 : [373, 374, 376, 379]
 30.5 :    7 : [371, 372, 375, 377, 378, 380, 381]
 30.6 :    4 : [373, 374, 376, 379]
 32.6 :    7 : [371, 372, 375, 377, 378, 380, 381]
 32.7 :    4 : [373, 374, 376, 379]
 34.7 :    7 : [371, 372, 375, 377, 378, 380, 381]
 34.8 :    4 : [373, 374, 376, 379]
 36.8 :    7 : [371, 372, 375, 377, 378, 380, 381]
 36.9 :    4 : [373, 374, 376, 379]
 38.9 :    7 : [371, 372, 375, 377, 378, 380, 381]
 39.0 :    4 : [373, 374, 376, 379]
 41.0 :    7 : [371, 372, 375, 377, 378, 380, 381]
 41.1 :    4 : [373, 374, 376, 379]
 43.1 :    7 : [371, 372, 375, 377, 378, 380, 381]
 43.2 :    4 : [373, 374, 376, 379]
 45.2 :    7 : [371, 372, 375, 377, 378, 380, 381]
 45.3 :    4 : [373, 374, 376, 379]
 47.3 :    7 : [371, 372, 375, 377, 378, 380, 381]
 47.4 :    4 : [373, 374, 376, 379]
 49.4 :    7 : [371, 372, 375, 377, 378, 380, 381]
 49.5 :    4 : [373, 374, 376, 379]
 51.5 :    7 : [371, 372, 375, 377, 378, 380, 381]
 51.6 :    4 : [373, 374, 376, 379]
 53.6 :    7 : [371, 372, 375, 377, 378, 380, 381]
 53.7 :    4 : [373, 374, 376, 379]
 55.7 :    7 : [371, 372, 375, 377, 378, 380, 381]
 55.8 :    4 : [373, 374, 376, 379]
 57.8 :    7 : [371, 372, 375, 377, 378, 380, 381]
 57.9 :    4 : [373, 374, 376, 379]
 59.9 :    7 : [371, 372, 375, 377, 378, 380, 381]
 60.0 :    4 : [373, 374, 376, 379]
 62.0 :    7 : [371, 372, 375, 377, 378, 380, 381]
 62.1 :    4 : [373, 374, 376, 379]
 64.1 :    7 : [371, 372, 375, 377, 378, 380, 381]
 64.2 :    4 : [373, 374, 376, 379]
 66.2 :    7 : [371, 372, 375, 377, 378, 380, 381]
 66.3 :    4 : [373, 374, 376, 379]
 68.3 :    7 : [371, 372, 375, 377, 378, 380, 381]
 68.4 :    4 : [373, 374, 376, 379]
 70.4 :    7 : [371, 372, 375, 377, 378, 380, 381]
 70.5 :    4 : [373, 374, 376, 379]
 72.5 :    7 : [371, 372, 375, 377, 378, 380, 381]
 72.6 :    4 : [373, 374, 376, 379]
 74.6 :    7 : [371, 372, 375, 377, 378, 380, 381]
 74.7 :    4 : [373, 374, 376, 379]
 76.7 :    7 : [371, 372, 375, 377, 378, 380, 381]
 76.8 :    4 : [373, 374, 376, 379]
 78.8 :    7 : [371, 372, 375, 377, 378, 380, 381]
 78.9 :    4 : [373, 374, 376, 379]
 80.9 :    7 : [371, 372, 375, 377, 378, 380, 381]
 81.0 :    4 : [373, 374, 376, 379]
 83.0 :    7 : [371, 372, 375, 377, 378, 380, 381]
 83.1 :    4 : [373, 374, 376, 379]
 85.1 :    7 : [371, 372, 375, 377, 378, 380, 381]
 85.2 :    4 : [373, 374, 376, 379]
 87.2 :    7 : [371, 372, 375, 377, 378, 380, 381]
 87.3 :    4 : [373, 374, 376, 379]
 89.3 :    7 : [371, 372, 375, 377, 378, 380, 381]
 89.4 :    4 : [373, 374, 376, 379]
 91.4 :    7 : [371, 372, 375, 377, 378, 380, 381]
 91.5 :    4 : [373, 374, 376, 379]
 93.5 :    7 : [371, 372, 375, 377, 378, 380, 381]
 93.6 :    4 : [373, 374, 376, 379]
 95.6 :    7 : [371, 372, 375, 377, 378, 380, 381]
 95.7 :    4 : [373, 374, 376, 379]
 97.7 :    7 : [371, 372, 375, 377, 378, 380, 381]
 97.8 :    4 : [373, 374, 376, 379]
 99.8 :    7 : [371, 372, 375, 377, 378, 380, 381]
 99.9 :    4 : [373, 374, 376, 379]
101.9 :    7 : [371, 372, 375, 377, 378, 380, 381]
102.0 :    4 : [373, 374, 376, 379]
104.0 :    7 : [371, 372, 375, 377, 378, 380, 381]
104.1 :    4 : [373, 374, 376, 379]
106.1 :    7 : [371, 372, 375, 377, 378, 380, 381]
106.2 :    4 : [373, 374, 376, 379]
108.2 :    7 : [371, 372, 375, 377, 378, 380, 381]
108.3 :    4 : [373, 374, 376, 379]
110.3 :    7 : [371, 372, 375, 377, 378, 380, 381]
110.4 :    4 : [373, 374, 376, 379]
112.4 :    7 : [371, 372, 375, 377, 378, 380, 381]
112.5 :    4 : [373, 374, 376, 379]
114.5 :    7 : [371, 372, 375, 377, 378, 380, 381]
114.6 :    4 : [373, 374, 376, 379]
116.6 :    7 : [371, 372, 375, 377, 378, 380, 381]
116.7 :    4 : [373, 374, 376, 379]
118.7 :    7 : [371, 372, 375, 377, 378, 380, 381]
118.8 :    4 : [373, 374, 376, 379]
120.8 :    7 : [371, 372, 375, 377, 378, 380, 381]
120.9 :    4 : [373, 374, 376, 379]
122.9 :    7 : [371, 372, 375, 377, 378, 380, 381]
123.0 :    4 : [373, 374, 376, 379]
125.0 :    7 : [371, 372, 375, 377, 378, 380, 381]
125.1 :    4 : [373, 374, 376, 379]
127.1 :    7 : [371, 372, 375, 377, 378, 380, 381]
127.2 :    4 : [373, 374, 376, 379]
129.2 :    7 : [371, 372, 375, 377, 378, 380, 381]
129.3 :    4 : [373, 374, 376, 379]
131.3 :    7 : [371, 372, 375, 377, 378, 380, 381]
131.4 :    4 : [373, 374, 376, 379]
133.4 :    7 : [371, 372, 375, 377, 378, 380, 381]
133.5 :    4 : [373, 374, 376, 379]
135.5 :    7 : [371, 372, 375, 377, 378, 380, 381]
135.6 :    4 : [373, 374, 376, 379]
137.6 :    7 : [371, 372, 375, 377, 378, 380, 381]
137.7 :    4 : [373, 374, 376, 379]
139.7 :    7 : [371, 372, 375, 377, 378, 380, 381]
139.8 :    4 : [373, 374, 376, 379]
141.8 :    7 : [371, 372, 375, 377, 378, 380, 381]
141.9 :    4 : [373, 374, 376, 379]
143.9 :    7 : [371, 372, 375, 377, 378, 380, 381]
144.0 :    4 : [373, 374, 376, 379]
146.0 :    7 : [371, 372, 375, 377, 378, 380, 381]
146.1 :    4 : [373, 374, 376, 379]
148.1 :    7 : [371, 372, 375, 377, 378, 380, 381]
148.2 :    4 : [373, 374, 376, 379]
150.2 :    7 : [371, 372, 375, 377, 378, 380, 381]
150.3 :    4 : [373, 374, 376, 379]
152.3 :    7 : [371, 372, 375, 377, 378, 380, 381]
152.4 :    4 : [373, 374, 376, 379]
154.4 :    7 : [371, 372, 375, 377, 378, 380, 381]
154.5 :    4 : [373, 374, 376, 379]
156.5 :    7 : [371, 372, 375, 377, 378, 380, 381]
156.6 :    4 : [373, 374, 376, 379]
158.6 :    7 : [371, 372, 375, 377, 378, 380, 381]
158.7 :    4 : [373, 374, 376, 379]
160.7 :    7 : [371, 372, 375, 377, 378, 380, 381]
160.8 :    4 : [373, 374, 376, 379]
162.8 :    7 : [371, 372, 375, 377, 378, 380, 381]
162.9 :    4 : [373, 374, 376, 379]
164.9 :    7 : [371, 372, 375, 377, 378, 380, 381]
165.0 :    4 : [373, 374, 376, 379]
167.0 :    7 : [371, 372, 375, 377, 378, 380, 381]
167.1 :    4 : [373, 374, 376, 379]
169.1 :    7 : [371, 372, 375, 377, 378, 380, 381]
169.2 :    4 : [373, 374, 376, 379]
171.2 :    7 : [371, 372, 375, 377, 378, 380, 381]
171.3 :    4 : [373, 374, 376, 379]
173.3 :    7 : [371, 372, 375, 377, 378, 380, 381]
173.4 :    4 : [373, 374, 376, 379]
175.4 :    7 : [371, 372, 375, 377, 378, 380, 381]
175.5 :    4 : [373, 374, 376, 379]
177.5 :    7 : [371, 372, 375, 377, 378, 380, 381]
177.6 :    4 : [373, 374, 376, 379]
179.6 :    7 : [371, 372, 375, 377, 378, 380, 381]
179.7 :    4 : [373, 374, 376, 379]
181.7 :    7 : [371, 372, 375, 377, 378, 380, 381]
181.8 :    4 : [373, 374, 376, 379]
183.8 :    7 : [371, 372, 375, 377, 378, 380, 381]
183.9 :    4 : [373, 374, 376, 379]
185.9 :    7 : [371, 372, 375, 377, 378, 380, 381]
186.0 :    4 : [373, 374, 376, 379]
188.0 :    7 : [371, 372, 375, 377, 378, 380, 381]
188.1 :    4 : [373, 374, 376, 379]
190.1 :    7 : [371, 372, 375, 377, 378, 380, 381]
190.2 :    4 : [373, 374, 376, 379]
192.2 :    7 : [371, 372, 375, 377, 378, 380, 381]
192.3 :    4 : [373, 374, 376, 379]
194.3 :    7 : [371, 372, 375, 377, 378, 380, 381]
194.4 :    4 : [373, 374, 376, 379]
196.4 :    7 : [371, 372, 375, 377, 378, 380, 381]
196.5 :    4 : [373, 374, 376, 379]
198.5 :    7 : [371, 372, 375, 377, 378, 380, 381]
198.6 :    4 : [373, 374, 376, 379]
200.6 :    7 : [371, 372, 375, 377, 378, 380, 381]
200.7 :    4 : [373, 374, 376, 379]
202.7 :    7 : [371, 372, 375, 377, 378, 380, 381]
202.8 :    4 : [373, 374, 376, 379]
204.8 :    7 : [371, 372, 375, 377, 378, 380, 381]
204.9 :    4 : [373, 374, 376, 379]
206.9 :    7 : [371, 372, 375, 377, 378, 380, 381]
207.0 :    4 : [373, 374, 376, 379]
209.0 :    7 : [371, 372, 375, 377, 378, 380, 381]
209.1 :    4 : [373, 374, 376, 379]
211.1 :    7 : [371, 372, 375, 377, 378, 380, 381]
211.2 :    4 : [373, 374, 376, 379]
213.2 :    7 : [371, 372, 375, 377, 378, 380, 381]
213.3 :    4 : [373, 374, 376, 379]
215.3 :    7 : [371, 372, 375, 377, 378, 380, 381]
215.4 :    4 : [373, 374, 376, 379]
217.4 :    7 : [371, 372, 375, 377, 378, 380, 381]
217.5 :    4 : [373, 374, 376, 379]
219.5 :    7 : [371, 372, 375, 377, 378, 380, 381]
219.6 :    4 : [373, 374, 376, 379]
221.6 :    7 : [371, 372, 375, 377, 378, 380, 381]
221.7 :    4 : [373, 374, 376, 379]
223.7 :    7 : [371, 372, 375, 377, 378, 380, 381]
223.8 :    4 : [373, 374, 376, 379]
225.8 :    7 : [371, 372, 375, 377, 378, 380, 381]
225.9 :    4 : [373, 374, 376, 379]
227.9 :    7 : [371, 372, 375, 377, 378, 380, 381]
228.0 :    4 : [373, 374, 376, 379]
230.0 :    7 : [371, 372, 375, 377, 378, 380, 381]
230.1 :    4 : [373, 374, 376, 379]
232.1 :    7 : [371, 372, 375, 377, 378, 380, 381]
232.2 :    4 : [373, 374, 376, 379]
234.2 :    7 : [371, 372, 375, 377, 378, 380, 381]
234.3 :    4 : [373, 374, 376, 379]
236.3 :    7 : [371, 372, 375, 377, 378, 380, 381]
236.4 :    4 : [373, 374, 376, 379]
238.4 :    7 : [371, 372, 375, 377, 378, 380, 381]
238.5 :    4 : [373, 374, 376, 379]
240.5 :    7 : [371, 372, 375, 377, 378, 380, 381]
240.6 :    4 : [373, 374, 376, 379]
242.6 :    7 : [371, 372, 375, 377, 378, 380, 381]
242.7 :    4 : [373, 374, 376, 379]
244.7 :    7 : [371, 372, 375, 377, 378, 380, 381]
244.8 :    4 : [373, 374, 376, 379]
246.8 :    7 : [371, 372, 375, 377, 378, 380, 381]
246.9 :    4 : [373, 374, 376, 379]
248.9 :    7 : [371, 372, 375, 377, 378, 380, 381]
249.0 :    4 : [373, 374, 376, 379]
251.0 :    7 : [371, 372, 375, 377, 378, 380, 381]
251.1 :    4 : [373, 374, 376, 379]
253.1 :    7 : [371, 372, 375, 377, 378, 380, 381]
253.2 :    4 : [373, 374, 376, 379]
255.2 :    7 : [371, 372, 375, 377, 378, 380, 381]
255.3 :    4 : [373, 374, 376, 379]
257.3 :    7 : [371, 372, 375, 377, 378, 380, 381]
257.4 :    4 : [373, 374, 376, 379]
259.4 :    7 : [371, 372, 375, 377, 378, 380, 381]
259.5 :    4 : [373, 374, 376, 379]
261.5 :    7 : [371, 372, 375, 377, 378, 380, 381]
261.6 :    4 : [373, 374, 376, 379]
263.6 :    7 : [371, 372, 375, 377, 378, 380, 381]
263.7 :    4 : [373, 374, 376, 379]
265.7 :    7 : [371, 372, 375, 377, 378, 380, 381]
265.8 :    4 : [373, 374, 376, 379]
267.8 :    7 : [371, 372, 375, 377, 378, 380, 381]
267.9 :    4 : [373, 374, 376, 379]
269.9 :    7 : [371, 372, 375, 377, 378, 380, 381]
270.0 :    4 : [373, 374, 376, 379]
272.0 :    7 : [371, 372, 375, 377, 378, 380, 381]
272.1 :    4 : [373, 374, 376, 379]
274.1 :    7 : [371, 372, 375, 377, 378, 380, 381]
274.2 :    4 : [373, 374, 376, 379]
276.2 :    7 : [371, 372, 375, 377, 378, 380, 381]
276.3 :    4 : [373, 374, 376, 379]
278.3 :    7 : [371, 372, 375, 377, 378, 380, 381]
278.4 :    4 : [373, 374, 376, 379]
280.4 :    7 : [371, 372, 375, 377, 378, 380, 381]
280.5 :    4 : [373, 374, 376, 379]
282.5 :    7 : [371, 372, 375, 377, 378, 380, 381]
282.6 :    4 : [373, 374, 376, 379]
284.6 :    7 : [371, 372, 375, 377, 378, 380, 381]
284.7 :    4 : [373, 374, 376, 379]
286.7 :    7 : [371, 372, 375, 377, 378, 380, 381]
286.8 :    4 : [373, 374, 376, 379]
288.8 :    7 : [371, 372, 375, 377, 378, 380, 381]
288.9 :    4 : [373, 374, 376, 379]
290.9 :    7 : [371, 372, 375, 377, 378, 380, 381]
291.0 :    4 : [373, 374, 376, 379]
293.0 :    7 : [371, 372, 375, 377, 378, 380, 381]
293.1 :    4 : [373, 374, 376, 379]
295.1 :    7 : [371, 372, 375, 377, 378, 380, 381]
295.2 :    4 : [373, 374, 376, 379]
297.2 :    7 : [371, 372, 375, 377, 378, 380, 381]
297.3 :    4 : [373, 374, 376, 379]
299.3 :    7 : [371, 372, 375, 377, 378, 380, 381]
299.4 :    4 : [373, 374, 376, 379]
301.4 :    7 : [371, 372, 375, 377, 378, 380, 381]
301.5 :    4 : [373, 374, 376, 379]
303.5 :    7 : [371, 372, 375, 377, 378, 380, 381]
303.6 :    4 : [373, 374, 376, 379]
305.6 :    7 : [371, 372, 375, 377, 378, 380, 381]
305.7 :    4 : [373, 374, 376, 379]
307.7 :    7 : [371, 372, 375, 377, 378, 380, 381]
307.8 :    4 : [373, 374, 376, 379]
309.8 :    7 : [371, 372, 375, 377, 378, 380, 381]
309.9 :    4 : [373, 374, 376, 379]
311.9 :    7 : [371, 372, 375, 377, 378, 380, 381]
312.0 :    4 : [373, 374, 376, 379]
314.0 :    7 : [371, 372, 375, 377, 378, 380, 381]
314.1 :    4 : [373, 374, 376, 379]
316.1 :    7 : [371, 372, 375, 377, 378, 380, 381]
316.2 :    4 : [373, 374, 376, 379]
318.2 :    7 : [371, 372, 375, 377, 378, 380, 381]
318.3 :    4 : [373, 374, 376, 379]
320.3 :    7 : [371, 372, 375, 377, 378, 380, 381]
320.4 :    4 : [373, 374, 376, 379]
322.4 :    7 : [371, 372, 375, 377, 378, 380, 381]
322.5 :    4 : [373, 374, 376, 379]
324.5 :    7 : [371, 372, 375, 377, 378, 380, 381]
324.6 :    4 : [373, 374, 376, 379]
326.6 :    7 : [371, 372, 375, 377, 378, 380, 381]
326.7 :    4 : [373, 374, 376, 379]
328.7 :    7 : [371, 372, 375, 377, 378, 380, 381]
328.8 :    4 : [373, 374, 376, 379]
330.8 :    7 : [371, 372, 375, 377, 378, 380, 381]
330.9 :    4 : [373, 374, 376, 379]
332.9 :    7 : [371, 372, 375, 377, 378, 380, 381]
333.0 :    4 : [373, 374, 376, 379]
335.0 :    7 : [371, 372, 375, 377, 378, 380, 381]
335.1 :    4 : [373, 374, 376, 379]
337.1 :    7 : [371, 372, 375, 377, 378, 380, 381]
337.2 :    4 : [373, 374, 376, 379]
339.2 :    7 : [371, 372, 375, 377, 378, 380, 381]
339.3 :    4 : [373, 374, 376, 379]
341.3 :    7 : [371, 372, 375, 377, 378, 380, 381]
341.4 :    4 : [373, 374, 376, 379]
343.4 :    7 : [371, 372, 375, 377, 378, 380, 381]
343.5 :    4 : [373, 374, 376, 379]
345.5 :    7 : [371, 372, 375, 377, 378, 380, 381]
345.6 :    4 : [373, 374, 376, 379]
347.6 :    7 : [371, 372, 375, 377, 378, 380, 381]
347.7 :    4 : [373, 374, 376, 379]
349.7 :    7 : [371, 372, 375, 377, 378, 380, 381]
349.8 :    4 : [373, 374, 376, 379]
351.8 :    7 : [371, 372, 375, 377, 378, 380, 381]
351.9 :    4 : [373, 374, 376, 379]
353.9 :    7 : [371, 372, 375, 377, 378, 380, 381]
354.0 :    4 : [373, 374, 376, 379]
356.0 :    7 : [371, 372, 375, 377, 378, 380, 381]
356.1 :    4 : [373, 374, 376, 379]
358.1 :    7 : [371, 372, 375, 377, 378, 380, 381]
358.2 :    4 : [373, 374, 376, 379]
360.2 :    7 : [371, 372, 375, 377, 378, 380, 381]
360.3 :    4 : [373, 374, 376, 379]
362.3 :    7 : [371, 372, 375, 377, 378, 380, 381]
362.4 :    4 : [373, 374, 376, 379]
364.4 :    7 : [371, 372, 375, 377, 378, 380, 381]
364.5 :    4 : [373, 374, 376, 379]
366.5 :    7 : [371, 372, 375, 377, 378, 380, 381]
366.6 :    4 : [373, 374, 376, 379]
368.6 :    7 : [371, 372, 375, 377, 378, 380, 381]
368.7 :    4 : [373, 374, 376, 379]
370.7 :    7 : [371, 372, 375, 377, 378, 380, 381]
370.8 :    4 : [373, 374, 376, 379]
372.8 :    7 : [371, 372, 375, 377, 378, 380, 381]
372.9 :    4 : [373, 374, 376, 379]
374.9 :    7 : [371, 372, 375, 377, 378, 380, 381]
375.0 :    4 : [373, 374, 376, 379]
377.0 :    7 : [371, 372, 375, 377, 378, 380, 381]
377.1 :    4 : [373, 374, 376, 379]
379.1 :    7 : [371, 372, 375, 377, 378, 380, 381]
379.2 :    4 : [373, 374, 376, 379]
381.2 :    7 : [371, 372, 375, 377, 378, 380, 381]
381.3 :    4 : [373, 374, 376, 379]
383.3 :    7 : [371, 372, 375, 377, 378, 380, 381]
383.4 :    4 : [373, 374, 376, 379]
385.4 :    7 : [371, 372, 375, 377, 378, 380, 381]
385.5 :    4 : [373, 374, 376, 379]
387.5 :    7 : [371, 372, 375, 377, 378, 380, 381]
387.6 :    4 : [373, 374, 376, 379]
389.6 :    7 : [371, 372, 375, 377, 378, 380, 381]
389.7 :    4 : [373, 374, 376, 379]
391.7 :    7 : [371, 372, 375, 377, 378, 380, 381]
391.8 :    4 : [373, 374, 376, 379]
393.8 :    7 : [371, 372, 375, 377, 378, 380, 381]
393.9 :    4 : [373, 374, 376, 379]
395.9 :    7 : [371, 372, 375, 377, 378, 380, 381]
396.0 :    4 : [373, 374, 376, 379]
398.0 :    7 : [371, 372, 375, 377, 378, 380, 381]
398.1 :    4 : [373, 374, 376, 379]
400.1 :    7 : [371, 372, 375, 377, 378, 380, 381]
400.2 :    4 : [373, 374, 376, 379]
402.2 :    7 : [371, 372, 375, 377, 378, 380, 381]
402.3 :    4 : [373, 374, 376, 379]
404.3 :    7 : [371, 372, 375, 377, 378, 380, 381]
404.4 :    4 : [373, 374, 376, 379]
406.4 :    7 : [371, 372, 375, 377, 378, 380, 381]
406.5 :    4 : [373, 374, 376, 379]
408.5 :    7 : [371, 372, 375, 377, 378, 380, 381]
408.6 :    4 : [373, 374, 376, 379]
410.6 :    7 : [371, 372, 375, 377, 378, 380, 381]
410.7 :    4 : [373, 374, 376, 379]
412.7 :    7 : [371, 372, 375, 377, 378, 380, 381]
412.8 :    4 : [373, 374, 376, 379]
414.8 :    7 : [371, 372, 375, 377, 378, 380, 381]
414.9 :    4 : [373, 374, 376, 379]
416.9 :    7 : [371, 372, 375, 377, 378, 380, 381]
417.0 :    4 : [373, 374, 376, 379]
419.0 :    7 : [371, 372, 375, 377, 378, 380, 381]
419.1 :    4 : [373, 374, 376, 379]
421.1 :    7 : [371, 372, 375, 377, 378, 380, 381]
421.2 :    4 : [373, 374, 376, 379]
423.2 :    7 : [371, 372, 375, 377, 378, 380, 381]
423.3 :    4 : [373, 374, 376, 379]
425.3 :    7 : [371, 372, 375, 377, 378, 380, 381]
425.4 :    4 : [373, 374, 376, 379]
427.4 :    7 : [371, 372, 375, 377, 378, 380, 381]
427.5 :    4 : [373, 374, 376, 379]
429.5 :    7 : [371, 372, 375, 377, 378, 380, 381]
429.6 :    4 : [373, 374, 376, 379]
431.6 :    7 : [371, 372, 375, 377, 378, 380, 381]
431.7 :    4 : [373, 374, 376, 379]
433.7 :    7 : [371, 372, 375, 377, 378, 380, 381]
433.8 :    4 : [373, 374, 376, 379]
435.8 :    7 : [371, 372, 375, 377, 378, 380, 381]
435.9 :    4 : [373, 374, 376, 379]
437.9 :    7 : [371, 372, 375, 377, 378, 380, 381]
438.0 :    4 : [373, 374, 376, 379]
440.0 :    7 : [371, 372, 375, 377, 378, 380, 381]
440.1 :    4 : [373, 374, 376, 379]
442.1 :    7 : [371, 372, 375, 377, 378, 380, 381]
442.2 :    4 : [373, 374, 376, 379]
444.2 :    7 : [371, 372, 375, 377, 378, 380, 381]
444.3 :    4 : [373, 374, 376, 379]
446.3 :    7 : [371, 372, 375, 377, 378, 380, 381]
446.4 :    4 : [373, 374, 376, 379]
448.4 :    7 : [371, 372, 375, 377, 378, 380, 381]
448.5 :    4 : [373, 374, 376, 379]
450.5 :    7 : [371, 372, 375, 377, 378, 380, 381]
450.6 :    4 : [373, 374, 376, 379]
452.6 :    7 : [371, 372, 375, 377, 378, 380, 381]
452.7 :    4 : [373, 374, 376, 379]
454.7 :    7 : [371, 372, 375, 377, 378, 380, 381]
454.8 :    4 : [373, 374, 376, 379]
456.8 :    7 : [371, 372, 375, 377, 378, 380, 381]
456.9 :    4 : [373, 374, 376, 379]
458.9 :    7 : [371, 372, 375, 377, 378, 380, 381]
459.0 :    4 : [373, 374, 376, 379]
461.0 :    7 : [371, 372, 375, 377, 378, 380, 381]
461.1 :    4 : [373, 374, 376, 379]
463.1 :    7 : [371, 372, 375, 377, 378, 380, 381]
463.2 :    4 : [373, 374, 376, 379]
465.2 :    7 : [371, 372, 375, 377, 378, 380, 381]
465.3 :    4 : [373, 374, 376, 379]
467.3 :    7 : [371, 372, 375, 377, 378, 380, 381]
467.4 :    4 : [373, 374, 376, 379]
469.4 :    7 : [371, 372, 375, 377, 378, 380, 381]
469.5 :    4 : [373, 374, 376, 379]
471.5 :    7 : [371, 372, 375, 377, 378, 380, 381]
471.6 :    4 : [373, 374, 376, 379]
473.6 :    7 : [371, 372, 375, 377, 378, 380, 381]
473.7 :    4 : [373, 374, 376, 379]
475.7 :    7 : [371, 372, 375, 377, 378, 380, 381]
475.8 :    4 : [373, 374, 376, 379]
477.8 :    7 : [371, 372, 375, 377, 378, 380, 381]
477.9 :    4 : [373, 374, 376, 379]
479.9 :    7 : [371, 372, 375, 377, 378, 380, 381]
480.0 :    4 : [373, 374, 376, 379]
482.0 :    7 : [371, 372, 375, 377, 378, 380, 381]
482.1 :    4 : [373, 374, 376, 379]
484.1 :    7 : [371, 372, 375, 377, 378, 380, 381]
484.2 :    4 : [373, 374, 376, 379]
486.2 :    7 : [371, 372, 375, 377, 378, 380, 381]
486.3 :    4 : [373, 374, 376, 379]
488.3 :    7 : [371, 372, 375, 377, 378, 380, 381]
488.4 :    4 : [373, 374, 376, 379]
490.4 :    7 : [371, 372, 375, 377, 378, 380, 381]
490.5 :    4 : [373, 374, 376, 379]
492.5 :    7 : [371, 372, 375, 377, 378, 380, 381]
492.6 :    4 : [373, 374, 376, 379]
494.6 :    7 : [371, 372, 375, 377, 378, 380, 381]
494.7 :    4 : [373, 374, 376, 379]
496.7 :    7 : [371, 372, 375, 377, 378, 380, 381]
496.8 :    4 : [373, 374, 376, 379]
498.8 :    7 : [371, 372, 375, 377, 378, 380, 381]
498.9 :    4 : [373, 374, 376, 379]
500.9 :    7 : [371, 372, 375, 377, 378, 380, 381]
501.0 :    4 : [373, 374, 376, 379]
503.0 :    7 : [371, 372, 375, 377, 378, 380, 381]
503.1 :    4 : [373, 374, 376, 379]
505.1 :    7 : [371, 372, 375, 377, 378, 380, 381]
505.2 :    4 : [373, 374, 376, 379]
507.2 :    7 : [371, 372, 375, 377, 378, 380, 381]
507.3 :    4 : [373, 374, 376, 379]
509.3 :    7 : [371, 372, 375, 377, 378, 380, 381]
509.4 :    4 : [373, 374, 376, 379]
511.4 :    7 : [371, 372, 375, 377, 378, 380, 381]
511.5 :    4 : [373, 374, 376, 379]
513.5 :    7 : [371, 372, 375, 377, 378, 380, 381]
513.6 :    4 : [373, 374, 376, 379]
515.6 :    7 : [371, 372, 375, 377, 378, 380, 381]
515.7 :    4 : [373, 374, 376, 379]
517.7 :    7 : [371, 372, 375, 377, 378, 380, 381]
517.8 :    4 : [373, 374, 376, 379]
519.8 :    7 : [371, 372, 375, 377, 378, 380, 381]
519.9 :    4 : [373, 374, 376, 379]
521.9 :    7 : [371, 372, 375, 377, 378, 380, 381]
522.0 :    4 : [373, 374, 376, 379]
524.0 :    7 : [371, 372, 375, 377, 378, 380, 381]
524.1 :    4 : [373, 374, 376, 379]
526.1 :    7 : [371, 372, 375, 377, 378, 380, 381]
526.2 :    4 : [373, 374, 376, 379]
528.2 :    7 : [371, 372, 375, 377, 378, 380, 381]
528.3 :    4 : [373, 374, 376, 379]
530.3 :    7 : [371, 372, 375, 377, 378, 380, 381]
530.4 :    4 : [373, 374, 376, 379]
532.4 :    7 : [371, 372, 375, 377, 378, 380, 381]
532.5 :    4 : [373, 374, 376, 379]
534.5 :    7 : [371, 372, 375, 377, 378, 380, 381]
534.6 :    4 : [373, 374, 376, 379]
536.6 :    7 : [371, 372, 375, 377, 378, 380, 381]
536.7 :    4 : [373, 374, 376, 379]
538.7 :    7 : [371, 372, 375, 377, 378, 380, 381]
538.8 :    4 : [373, 374, 376, 379]
540.8 :    7 : [371, 372, 375, 377, 378, 380, 381]
540.9 :    4 : [373, 374, 376, 379]
542.9 :    7 : [371, 372, 375, 377, 378, 380, 381]
543.0 :    4 : [373, 374, 376, 379]
545.0 :    7 : [371, 372, 375, 377, 378, 380, 381]
545.1 :    4 : [373, 374, 376, 379]
547.1 :    7 : [371, 372, 375, 377, 378, 380, 381]
547.2 :    4 : [373, 374, 376, 379]
549.2 :    7 : [371, 372, 375, 377, 378, 380, 381]
549.3 :    4 : [373, 374, 376, 379]
551.3 :    7 : [371, 372, 375, 377, 378, 380, 381]
551.4 :    4 : [373, 374, 376, 379]
553.4 :    7 : [371, 372, 375, 377, 378, 380, 381]
553.5 :    4 : [373, 374, 376, 379]
555.5 :    7 : [371, 372, 375, 377, 378, 380, 381]
555.6 :    4 : [373, 374, 376, 379]
557.6 :    7 : [371, 372, 375, 377, 378, 380, 381]
557.7 :    4 : [373, 374, 376, 379]
559.7 :    7 : [371, 372, 375, 377, 378, 380, 381]
559.8 :    4 : [373, 374, 376, 379]
561.8 :    7 : [371, 372, 375, 377, 378, 380, 381]
561.9 :    4 : [373, 374, 376, 379]
563.9 :    7 : [371, 372, 375, 377, 378, 380, 381]
564.0 :    4 : [373, 374, 376, 379]
566.0 :    7 : [371, 372, 375, 377, 378, 380, 381]
566.1 :    4 : [373, 374, 376, 379]
568.1 :    7 : [371, 372, 375, 377, 378, 380, 381]
568.2 :    4 : [373, 374, 376, 379]
570.2 :    7 : [371, 372, 375, 377, 378, 380, 381]
570.3 :    4 : [373, 374, 376, 379]
572.3 :    7 : [371, 372, 375, 377, 378, 380, 381]
572.4 :    4 : [373, 374, 376, 379]
574.4 :    7 : [371, 372, 375, 377, 378, 380, 381]
574.5 :    4 : [373, 374, 376, 379]
576.5 :    7 : [371, 372, 375, 377, 378, 380, 381]
576.6 :    4 : [373, 374, 376, 379]
578.6 :    7 : [371, 372, 375, 377, 378, 380, 381]
578.7 :    4 : [373, 374, 376, 379]
580.7 :    7 : [371, 372, 375, 377, 378, 380, 381]
580.8 :    4 : [373, 374, 376, 379]
582.8 :    7 : [371, 372, 375, 377, 378, 380, 381]
582.9 :    4 : [373, 374, 376, 379]
584.9 :    7 : [371, 372, 375, 377, 378, 380, 381]
585.0 :    4 : [373, 374, 376, 379]
587.0 :    7 : [371, 372, 375, 377, 378, 380, 381]
587.1 :    4 : [373, 374, 376, 379]
589.1 :    7 : [371, 372, 375, 377, 378, 380, 381]
589.2 :    4 : [373, 374, 376, 379]
591.2 :    7 : [371, 372, 375, 377, 378, 380, 381]
591.3 :    4 : [373, 374, 376, 379]
593.3 :    7 : [371, 372, 375, 377, 378, 380, 381]
593.4 :    4 : [373, 374, 376, 379]
595.4 :    7 : [371, 372, 375, 377, 378, 380, 381]
595.5 :    4 : [373, 374, 376, 379]
597.5 :    7 : [371, 372, 375, 377, 378, 380, 381]
597.6 :    4 : [373, 374, 376, 379]
599.6 :    7 : [371, 372, 375, 377, 378, 380, 381]
599.7 :    4 : [373, 374, 376, 379]
601.7 :    7 : [371, 372, 375, 377, 378, 380, 381]
601.8 :    4 : [373, 374, 376, 379]
603.8 :    7 : [371, 372, 375, 377, 378, 380, 381]
603.9 :    4 : [373, 374, 376, 379]
605.9 :    7 : [371, 372, 375, 377, 378, 380, 381]
606.0 :    4 : [373, 374, 376, 379]
608.0 :    7 : [371, 372, 375, 377, 378, 380, 381]
608.1 :    4 : [373, 374, 376, 379]
610.1 :    7 : [371, 372, 375, 377, 378, 380, 381]
610.2 :    4 : [373, 374, 376, 379]
612.2 :    7 : [371, 372, 375, 377, 378, 380, 381]
612.3 :    4 : [373, 374, 376, 379]
614.3 :    7 : [371, 372, 375, 377, 378, 380, 381]
614.4 :    4 : [373, 374, 376, 379]
616.4 :    7 : [371, 372, 375, 377, 378, 380, 381]
616.5 :    4 : [373, 374, 376, 379]
618.5 :    7 : [371, 372, 375, 377, 378, 380, 381]
618.6 :    4 : [373, 374, 376, 379]
620.6 :    7 : [371, 372, 375, 377, 378, 380, 381]
620.7 :    4 : [373, 374, 376, 379]
622.7 :    7 : [371, 372, 375, 377, 378, 380, 381]
622.8 :    4 : [373, 374, 376, 379]
624.8 :    7 : [371, 372, 375, 377, 378, 380, 381]
624.9 :    4 : [373, 374, 376, 379]
626.9 :    7 : [371, 372, 375, 377, 378, 380, 381]
627.0 :    4 : [373, 374, 376, 379]
629.0 :    7 : [371, 372, 375, 377, 378, 380, 381]
629.1 :    4 : [373, 374, 376, 379]
631.1 :    7 : [371, 372, 375, 377, 378, 380, 381]
631.2 :    4 : [373, 374, 376, 379]
633.2 :    7 : [371, 372, 375, 377, 378, 380, 381]
633.3 :    4 : [373, 374, 376, 379]
635.3 :    7 : [371, 372, 375, 377, 378, 380, 381]
635.4 :    4 : [373, 374, 376, 379]
637.4 :    7 : [371, 372, 375, 377, 378, 380, 381]
637.5 :    4 : [373, 374, 376, 379]
639.5 :    7 : [371, 372, 375, 377, 378, 380, 381]
639.6 :    4 : [373, 374, 376, 379]
641.6 :    7 : [371, 372, 375, 377, 378, 380, 381]
641.7 :    4 : [373, 374, 376, 379]
643.7 :    7 : [371, 372, 375, 377, 378, 380, 381]
643.8 :    4 : [373, 374, 376, 379]
645.8 :    7 : [371, 372, 375, 377, 378, 380, 381]
645.9 :    4 : [373, 374, 376, 379]
647.9 :    7 : [371, 372, 375, 377, 378, 380, 381]
648.0 :    4 : [373, 374, 376, 379]
650.0 :    7 : [371, 372, 375, 377, 378, 380, 381]
650.1 :    4 : [373, 374, 376, 379]
652.1 :    7 : [371, 372, 375, 377, 378, 380, 381]
652.2 :    4 : [373, 374, 376, 379]
654.2 :    7 : [371, 372, 375, 377, 378, 380, 381]
654.3 :    4 : [373, 374, 376, 379]
656.3 :    7 : [371, 372, 375, 377, 378, 380, 381]
656.4 :    4 : [373, 374, 376, 379]
658.4 :    7 : [371, 372, 375, 377, 378, 380, 381]
658.5 :    4 : [373, 374, 376, 379]
660.5 :    7 : [371, 372, 375, 377, 378, 380, 381]
660.6 :    4 : [373, 374, 376, 379]
662.6 :    7 : [371, 372, 375, 377, 378, 380, 381]
662.7 :    4 : [373, 374, 376, 379]
664.7 :    7 : [371, 372, 375, 377, 378, 380, 381]
664.8 :    4 : [373, 374, 376, 379]
666.8 :    7 : [371, 372, 375, 377, 378, 380, 381]
666.9 :    4 : [373, 374, 376, 379]
668.9 :    7 : [371, 372, 375, 377, 378, 380, 381]
669.0 :    4 : [373, 374, 376, 379]
671.0 :    7 : [371, 372, 375, 377, 378, 380, 381]
671.1 :    4 : [373, 374, 376, 379]
673.1 :    7 : [371, 372, 375, 377, 378, 380, 381]
673.2 :    4 : [373, 374, 376, 379]
675.2 :    7 : [371, 372, 375, 377, 378, 380, 381]
675.3 :    4 : [373, 374, 376, 379]
677.3 :    7 : [371, 372, 375, 377, 378, 380, 381]
677.4 :    4 : [373, 374, 376, 379]
679.4 :    7 : [371, 372, 375, 377, 378, 380, 381]
679.5 :    4 : [373, 374, 376, 379]
681.5 :    7 : [371, 372, 375, 377, 378, 380, 381]
681.6 :    4 : [373, 374, 376, 379]
683.6 :    7 : [371, 372, 375, 377, 378, 380, 381]
683.7 :    4 : [373, 374, 376, 379]
685.7 :    7 : [371, 372, 375, 377, 378, 380, 381]
685.8 :    4 : [373, 374, 376, 379]
687.8 :    7 : [371, 372, 375, 377, 378, 380, 381]
687.9 :    4 : [373, 374, 376, 379]
689.9 :    7 : [371, 372, 375, 377, 378, 380, 381]
690.0 :    4 : [373, 374, 376, 379]
692.0 :    7 : [371, 372, 375, 377, 378, 380, 381]
692.1 :    4 : [373, 374, 376, 379]
694.1 :    7 : [371, 372, 375, 377, 378, 380, 381]
694.2 :    4 : [373, 374, 376, 379]
696.2 :    7 : [371, 372, 375, 377, 378, 380, 381]
696.3 :    4 : [373, 374, 376, 379]
698.3 :    7 : [371, 372, 375, 377, 378, 380, 381]
698.4 :    4 : [373, 374, 376, 379]
700.4 :    7 : [371, 372, 375, 377, 378, 380, 381]
700.5 :    4 : [373, 374, 376, 379]
702.5 :    7 : [371, 372, 375, 377, 378, 380, 381]
702.6 :    4 : [373, 374, 376, 379]
704.6 :    7 : [371, 372, 375, 377, 378, 380, 381]
704.7 :    4 : [373, 374, 376, 379]
706.7 :    7 : [371, 372, 375, 377, 378, 380, 381]
706.8 :    4 : [373, 374, 376, 379]
708.8 :    7 : [371, 372, 375, 377, 378, 380, 381]
708.9 :    4 : [373, 374, 376, 379]
710.9 :    7 : [371, 372, 375, 377, 378, 380, 381]
711.0 :    4 : [373, 374, 376, 379]
713.0 :    7 : [371, 372, 375, 377, 378, 380, 381]
713.1 :    4 : [373, 374, 376, 379]
715.1 :    7 : [371, 372, 375, 377, 378, 380, 381]
715.2 :    4 : [373, 374, 376, 379]
717.2 :    7 : [371, 372, 375, 377, 378, 380, 381]
717.3 :    4 : [373, 374, 376, 379]
719.3 :    7 : [371, 372, 375, 377, 378, 380, 381]
719.4 :    4 : [373, 374, 376, 379]
721.4 :    7 : [371, 372, 375, 377, 378, 380, 381]
721.5 :    4 : [373, 374, 376, 379]
723.5 :    7 : [371, 372, 375, 377, 378, 380, 381]
723.6 :    4 : [373, 374, 376, 379]
725.6 :    7 : [371, 372, 375, 377, 378, 380, 381]
725.7 :    4 : [373, 374, 376, 379]
727.7 :    7 : [371, 372, 375, 377, 378, 380, 381]
727.8 :    4 : [373, 374, 376, 379]
729.8 :    7 : [371, 372, 375, 377, 378, 380, 381]
729.9 :    4 : [373, 374, 376, 379]
731.9 :    7 : [371, 372, 375, 377, 378, 380, 381]
732.0 :    4 : [373, 374, 376, 379]
734.0 :    7 : [371, 372, 375, 377, 378, 380, 381]
734.1 :    4 : [373, 374, 376, 379]
736.1 :    7 : [371, 372, 375, 377, 378, 380, 381]
736.2 :    4 : [373, 374, 376, 379]
738.2 :    7 : [371, 372, 375, 377, 378, 380, 381]
738.3 :    4 : [373, 374, 376, 379]
740.3 :    7 : [371, 372, 375, 377, 378, 380, 381]
740.4 :    4 : [373, 374, 376, 379]
742.4 :    7 : [371, 372, 375, 377, 378, 380, 381]
742.5 :    4 : [373, 374, 376, 379]
744.5 :    7 : [371, 372, 375, 377, 378, 380, 381]
744.6 :    4 : [373, 374, 376, 379]
746.6 :    7 : [371, 372, 375, 377, 378, 380, 381]
746.7 :    4 : [373, 374, 376, 379]
748.7 :    7 : [371, 372, 375, 377, 378, 380, 381]
748.8 :    4 : [373, 374, 376, 379]
750.8 :    7 : [371, 372, 375, 377, 378, 380, 381]
750.9 :    4 : [373, 374, 376, 379]
752.9 :    7 : [371, 372, 375, 377, 378, 380, 381]
753.0 :    4 : [373, 374, 376, 379]
755.0 :    7 : [371, 372, 375, 377, 378, 380, 381]
755.1 :    4 : [373, 374, 376, 379]
757.1 :    7 : [371, 372, 375, 377, 378, 380, 381]
757.2 :    4 : [373, 374, 376, 379]
759.2 :    7 : [371, 372, 375, 377, 378, 380, 381]
759.3 :    4 : [373, 374, 376, 379]
761.3 :    7 : [371, 372, 375, 377, 378, 380, 381]
761.4 :    4 : [373, 374, 376, 379]
763.4 :    7 : [371, 372, 375, 377, 378, 380, 381]
763.5 :    4 : [373, 374, 376, 379]
765.5 :    7 : [371, 372, 375, 377, 378, 380, 381]
765.6 :    4 : [373, 374, 376, 379]
767.6 :    7 : [371, 372, 375, 377, 378, 380, 381]
767.7 :    4 : [373, 374, 376, 379]
769.7 :    7 : [371, 372, 375, 377, 378, 380, 381]
769.8 :    4 : [373, 374, 376, 379]
771.8 :    7 : [371, 372, 375, 377, 378, 380, 381]
771.9 :    4 : [373, 374, 376, 379]
773.9 :    7 : [371, 372, 375, 377, 378, 380, 381]
774.0 :    4 : [373, 374, 376, 379]
776.0 :    7 : [371, 372, 375, 377, 378, 380, 381]
776.1 :    4 : [373, 374, 376, 379]
778.1 :    7 : [371, 372, 375, 377, 378, 380, 381]
778.2 :    4 : [373, 374, 376, 379]
780.2 :    7 : [371, 372, 375, 377, 378, 380, 381]
780.3 :    4 : [373, 374, 376, 379]
782.3 :    7 : [371, 372, 375, 377, 378, 380, 381]
782.4 :    4 : [373, 374, 376, 379]
784.4 :    7 : [371, 372, 375, 377, 378, 380, 381]
784.5 :    4 : [373, 374, 376, 379]
786.5 :    7 : [371, 372, 375, 377, 378, 380, 381]
786.6 :    4 : [373, 374, 376, 379]
788.6 :    7 : [371, 372, 375, 377, 378, 380, 381]
788.7 :    4 : [373, 374, 376, 379]
790.7 :    7 : [371, 372, 375, 377, 378, 380, 381]
790.8 :    4 : [373, 374, 376, 379]
792.8 :    7 : [371, 372, 375, 377, 378, 380, 381]
792.9 :    4 : [373, 374, 376, 379]
794.9 :    7 : [371, 372, 375, 377, 378, 380, 381]
795.0 :    4 : [373, 374, 376, 379]
797.0 :    7 : [371, 372, 375, 377, 378, 380, 381]
797.1 :    4 : [373, 374, 376, 379]
799.1 :    7 : [371, 372, 375, 377, 378, 380, 381]
799.2 :    4 : [373, 374, 376, 379]
801.2 :    7 : [371, 372, 375, 377, 378, 380, 381]
801.3 :    4 : [373, 374, 376, 379]
803.3 :    7 : [371, 372, 375, 377, 378, 380, 381]
803.4 :    4 : [373, 374, 376, 379]
805.4 :    7 : [371, 372, 375, 377, 378, 380, 381]
805.5 :    4 : [373, 374, 376, 379]
807.5 :    7 : [371, 372, 375, 377, 378, 380, 381]
807.6 :    4 : [373, 374, 376, 379]
809.6 :    7 : [371, 372, 375, 377, 378, 380, 381]
809.7 :    4 : [373, 374, 376, 379]
811.7 :    7 : [371, 372, 375, 377, 378, 380, 381]
811.8 :    4 : [373, 374, 376, 379]
813.8 :    7 : [371, 372, 375, 377, 378, 380, 381]
813.9 :    4 : [373, 374, 376, 379]
815.9 :    7 : [371, 372, 375, 377, 378, 380, 381]
816.0 :    4 : [373, 374, 376, 379]
818.0 :    7 : [371, 372, 375, 377, 378, 380, 381]
818.1 :    4 : [373, 374, 376, 379]
820.1 :    7 : [371, 372, 375, 377, 378, 380, 381]
820.2 :    4 : [373, 374, 376, 379]
822.2 :    7 : [371, 372, 375, 377, 378, 380, 381]
822.3 :    4 : [373, 374, 376, 379]
824.3 :    7 : [371, 372, 375, 377, 378, 380, 381]
824.4 :    4 : [373, 374, 376, 379]
826.4 :    7 : [371, 372, 375, 377, 378, 380, 381]
826.5 :    4 : [373, 374, 376, 379]
828.5 :    7 : [371, 372, 375, 377, 378, 380, 381]
828.6 :    4 : [373, 374, 376, 379]
830.6 :    7 : [371, 372, 375, 377, 378, 380, 381]
830.7 :    4 : [373, 374, 376, 379]
832.7 :    7 : [371, 372, 375, 377, 378, 380, 381]
832.8 :    4 : [373, 374, 376, 379]
834.8 :    7 : [371, 372, 375, 377, 378, 380, 381]
834.9 :    4 : [373, 374, 376, 379]
836.9 :    7 : [371, 372, 375, 377, 378, 380, 381]
837.0 :    4 : [373, 374, 376, 379]
839.0 :    7 : [371, 372, 375, 377, 378, 380, 381]
839.1 :    4 : [373, 374, 376, 379]
841.1 :    7 : [371, 372, 375, 377, 378, 380, 381]
841.2 :    4 : [373, 374, 376, 379]
843.2 :    7 : [371, 372, 375, 377, 378, 380, 381]
843.3 :    4 : [373, 374, 376, 379]
845.3 :    7 : [371, 372, 375, 377, 378, 380, 381]
845.4 :    4 : [373, 374, 376, 379]
847.4 :    7 : [371, 372, 375, 377, 378, 380, 381]
847.5 :    4 : [373, 374, 376, 379]
849.5 :    7 : [371, 372, 375, 377, 378, 380, 381]
849.6 :    4 : [373, 374, 376, 379]
851.6 :    7 : [371, 372, 375, 377, 378, 380, 381]
851.7 :    4 : [373, 374, 376, 379]
853.7 :    7 : [371, 372, 375, 377, 378, 380, 381]
853.8 :    4 : [373, 374, 376, 379]
855.8 :    7 : [371, 372, 375, 377, 378, 380, 381]
855.9 :    4 : [373, 374, 376, 379]
857.9 :    7 : [371, 372, 375, 377, 378, 380, 381]
858.0 :    4 : [373, 374, 376, 379]
860.0 :    7 : [371, 372, 375, 377, 378, 380, 381]
860.1 :    4 : [373, 374, 376, 379]
862.1 :    7 : [371, 372, 375, 377, 378, 380, 381]
862.2 :    4 : [373, 374, 376, 379]
864.2 :    7 : [371, 372, 375, 377, 378, 380, 381]
864.3 :    4 : [373, 374, 376, 379]
866.3 :    7 : [371, 372, 375, 377, 378, 380, 381]
866.4 :    4 : [373, 374, 376, 379]
868.4 :    7 : [371, 372, 375, 377, 378, 380, 381]
868.5 :    4 : [373, 374, 376, 379]
870.5 :    7 : [371, 372, 375, 377, 378, 380, 381]
870.6 :    4 : [373, 374, 376, 379]
872.6 :    7 : [371, 372, 375, 377, 378, 380, 381]
872.7 :    4 : [373, 374, 376, 379]
874.7 :    7 : [371, 372, 375, 377, 378, 380, 381]
874.8 :    4 : [373, 374, 376, 379]
876.8 :    7 : [371, 372, 375, 377, 378, 380, 381]
876.9 :    4 : [373, 374, 376, 379]
878.9 :    7 : [371, 372, 375, 377, 378, 380, 381]
879.0 :    4 : [373, 374, 376, 379]
881.0 :    7 : [371, 372, 375, 377, 378, 380, 381]
881.1 :    4 : [373, 374, 376, 379]
883.1 :    7 : [371, 372, 375, 377, 378, 380, 381]
883.2 :    4 : [373, 374, 376, 379]
885.2 :    7 : [371, 372, 375, 377, 378, 380, 381]
885.3 :    4 : [373, 374, 376, 379]
887.3 :    7 : [371, 372, 375, 377, 378, 380, 381]
887.4 :    4 : [373, 374, 376, 379]
889.4 :    7 : [371, 372, 375, 377, 378, 380, 381]
889.5 :    4 : [373, 374, 376, 379]
891.5 :    7 : [371, 372, 375, 377, 378, 380, 381]
891.6 :    4 : [373, 374, 376, 379]
893.6 :    7 : [371, 372, 375, 377, 378, 380, 381]
893.7 :    4 : [373, 374, 376, 379]
895.7 :    7 : [371, 372, 375, 377, 378, 380, 381]
895.8 :    4 : [373, 374, 376, 379]
897.8 :    7 : [371, 372, 375, 377, 378, 380, 381]
897.9 :    4 : [373, 374, 376, 379]
899.9 :    7 : [371, 372, 375, 377, 378, 380, 381]
900.0 :    4 : [373, 374, 376, 379]
902.0 :    7 : [371, 372, 375, 377, 378, 380, 381]
902.1 :    4 : [373, 374, 376, 379]
904.1 :    7 : [371, 372, 375, 377, 378, 380, 381]
904.2 :    4 : [373, 374, 376, 379]
906.2 :    7 : [371, 372, 375, 377, 378, 380, 381]
906.3 :    4 : [373, 374, 376, 379]
908.3 :    7 : [371, 372, 375, 377, 378, 380, 381]
908.4 :    4 : [373, 374, 376, 379]
910.4 :    7 : [371, 372, 375, 377, 378, 380, 381]
910.5 :    4 : [373, 374, 376, 379]
912.5 :    7 : [371, 372, 375, 377, 378, 380, 381]
912.6 :    4 : [373, 374, 376, 379]
914.6 :    7 : [371, 372, 375, 377, 378, 380, 381]
914.7 :    4 : [373, 374, 376, 379]
916.7 :    7 : [371, 372, 375, 377, 378, 380, 381]
916.8 :    4 : [373, 374, 376, 379]
918.8 :    7 : [371, 372, 375, 377, 378, 380, 381]
918.9 :    4 : [373, 374, 376, 379]
920.9 :    7 : [371, 372, 375, 377, 378, 380, 381]
921.0 :    4 : [373, 374, 376, 379]
923.0 :    7 : [371, 372, 375, 377, 378, 380, 381]
923.1 :    4 : [373, 374, 376, 379]
925.1 :    7 : [371, 372, 375, 377, 378, 380, 381]
925.2 :    4 : [373, 374, 376, 379]
927.2 :    7 : [371, 372, 375, 377, 378, 380, 381]
927.3 :    4 : [373, 374, 376, 379]
929.3 :    7 : [371, 372, 375, 377, 378, 380, 381]
929.4 :    4 : [373, 374, 376, 379]
931.4 :    7 : [371, 372, 375, 377, 378, 380, 381]
931.5 :    4 : [373, 374, 376, 379]
933.5 :    7 : [371, 372, 375, 377, 378, 380, 381]
933.6 :    4 : [373, 374, 376, 379]
935.6 :    7 : [371, 372, 375, 377, 378, 380, 381]
935.7 :    4 : [373, 374, 376, 379]
937.7 :    7 : [371, 372, 375, 377, 378, 380, 381]
937.8 :    4 : [373, 374, 376, 379]
939.8 :    7 : [371, 372, 375, 377, 378, 380, 381]
939.9 :    4 : [373, 374, 376, 379]
941.9 :    7 : [371, 372, 375, 377, 378, 380, 381]
942.0 :    4 : [373, 374, 376, 379]
944.0 :    7 : [371, 372, 375, 377, 378, 380, 381]
944.1 :    4 : [373, 374, 376, 379]
946.1 :    7 : [371, 372, 375, 377, 378, 380, 381]
946.2 :    4 : [373, 374, 376, 379]
948.2 :    7 : [371, 372, 375, 377, 378, 380, 381]
948.3 :    4 : [373, 374, 376, 379]
950.3 :    7 : [371, 372, 375, 377, 378, 380, 381]
950.4 :    4 : [373, 374, 376, 379]
952.4 :    7 : [371, 372, 375, 377, 378, 380, 381]
952.5 :    4 : [373, 374, 376, 379]
954.5 :    7 : [371, 372, 375, 377, 378, 380, 381]
954.6 :    4 : [373, 374, 376, 379]
956.6 :    7 : [371, 372, 375, 377, 378, 380, 381]
956.7 :    4 : [373, 374, 376, 379]
958.7 :    7 : [371, 372, 375, 377, 378, 380, 381]
958.8 :    4 : [373, 374, 376, 379]
960.8 :    7 : [371, 372, 375, 377, 378, 380, 381]
960.9 :    4 : [373, 374, 376, 379]
962.9 :    7 : [371, 372, 375, 377, 378, 380, 381]
963.0 :    4 : [373, 374, 376, 379]
965.0 :    7 : [371, 372, 375, 377, 378, 380, 381]
965.1 :    4 : [373, 374, 376, 379]
967.1 :    7 : [371, 372, 375, 377, 378, 380, 381]
967.2 :    4 : [373, 374, 376, 379]
969.2 :    7 : [371, 372, 375, 377, 378, 380, 381]
969.3 :    4 : [373, 374, 376, 379]
971.3 :    7 : [371, 372, 375, 377, 378, 380, 381]
971.4 :    4 : [373, 374, 376, 379]
973.4 :    7 : [371, 372, 375, 377, 378, 380, 381]
973.5 :    4 : [373, 374, 376, 379]
975.5 :    7 : [371, 372, 375, 377, 378, 380, 381]
975.6 :    4 : [373, 374, 376, 379]
977.6 :    7 : [371, 372, 375, 377, 378, 380, 381]
977.7 :    4 : [373, 374, 376, 379]
979.7 :    7 : [371, 372, 375, 377, 378, 380, 381]
979.8 :    4 : [373, 374, 376, 379]
981.8 :    7 : [371, 372, 375, 377, 378, 380, 381]
981.9 :    4 : [373, 374, 376, 379]
983.9 :    7 : [371, 372, 375, 377, 378, 380, 381]
984.0 :    4 : [373, 374, 376, 379]
986.0 :    7 : [371, 372, 375, 377, 378, 380, 381]
986.1 :    4 : [373, 374, 376, 379]
988.1 :    7 : [371, 372, 375, 377, 378, 380, 381]
988.2 :    4 : [373, 374, 376, 379]
990.2 :    7 : [371, 372, 375, 377, 378, 380, 381]
990.3 :    4 : [373, 374, 376, 379]
992.3 :    7 : [371, 372, 375, 377, 378, 380, 381]
992.4 :    4 : [373, 374, 376, 379]
994.4 :    7 : [371, 372, 375, 377, 378, 380, 381]
994.5 :    4 : [373, 374, 376, 379]
996.5 :    7 : [371, 372, 375, 377, 378, 380, 381]
996.6 :    4 : [373, 374, 376, 379]
998.6 :    7 : [371, 372, 375, 377, 378, 380, 381]
998.7 :    4 : [373, 374, 376, 379]
