Name: Prefrontal cortex [Glu0], Title: Raster plot from device '20334', Hist: False
213.5 :    1 : [793]
213.7 :    1 : [877]
213.8 :    1 : [823]
213.9 :    1 : [828]
214.3 :    2 : [788, 854]
214.4 :    3 : [796, 816, 881]
214.5 :    3 : [801, 821, 876]
214.6 :    3 : [792, 798, 832]
214.7 :    2 : [806, 848]
214.8 :    6 : [794, 814, 820, 840, 842, 879]
214.9 :    5 : [817, 826, 833, 861, 873]
215.0 :    7 : [791, 797, 803, 807, 818, 824, 856]
215.1 :    2 : [790, 864]
215.2 :    2 : [815, 860]
215.3 :    8 : [799, 800, 802, 836, 853, 858, 867, 874]
215.4 :    5 : [810, 819, 837, 852, 878]
215.5 :    2 : [825, 850]
215.8 :    2 : [846, 855]
215.9 :    3 : [829, 835, 847]
216.0 :    5 : [822, 838, 843, 866, 872]
216.1 :    1 : [834]
216.3 :    1 : [831]
216.8 :    1 : [869]
216.9 :    5 : [793, 828, 859, 863, 871]
217.1 :    2 : [849, 870]
217.2 :    1 : [854]
217.4 :    5 : [787, 801, 805, 823, 877]
217.5 :   10 : [788, 789, 798, 806, 811, 827, 848, 879, 880, 881]
217.6 :   13 : [786, 792, 794, 795, 802, 814, 816, 820, 824, 840, 842, 865, 876]
217.7 :   14 : [791, 796, 797, 808, 813, 821, 826, 832, 845, 856, 861, 868, 873, 874]
217.8 :   17 : [790, 803, 807, 809, 812, 815, 817, 819, 830, 833, 839, 844, 858, 860, 862, 864, 875]
217.9 :    6 : [799, 800, 810, 837, 841, 853]
218.0 :    6 : [818, 825, 836, 852, 867, 878]
218.1 :    3 : [846, 850, 851]
218.2 :    1 : [857]
218.4 :    1 : [872]
218.6 :    1 : [847]
218.7 :    3 : [822, 835, 855]
218.9 :    2 : [838, 866]
219.0 :    1 : [829]
219.2 :    1 : [843]
219.3 :    1 : [831]
219.5 :    1 : [793]
219.7 :    2 : [854, 871]
219.8 :    8 : [801, 823, 828, 834, 859, 863, 869, 877]
219.9 :    5 : [802, 806, 848, 879, 881]
220.0 :   10 : [788, 792, 811, 814, 820, 824, 840, 842, 870, 880]
220.1 :   14 : [789, 794, 797, 798, 816, 819, 826, 832, 833, 856, 861, 873, 874, 876]
220.2 :   12 : [787, 791, 795, 796, 803, 805, 807, 815, 821, 827, 860, 865]
220.3 :    5 : [786, 790, 799, 849, 858]
220.4 :    6 : [800, 810, 846, 852, 853, 864]
220.5 :    4 : [836, 839, 844, 868]
220.6 :    4 : [837, 841, 862, 867]
220.7 :    5 : [808, 817, 818, 825, 845]
220.8 :    1 : [878]
220.9 :    3 : [809, 851, 872]
221.0 :    1 : [830]
221.1 :    1 : [850]
221.5 :    1 : [812]
221.6 :    1 : [875]
221.7 :    1 : [822]
221.8 :    4 : [813, 835, 855, 857]
221.9 :    4 : [793, 838, 847, 866]
222.1 :    6 : [801, 823, 829, 854, 871, 877]
222.2 :    8 : [802, 806, 828, 831, 843, 848, 859, 863]
222.3 :    8 : [811, 814, 820, 840, 842, 869, 879, 881]
222.4 :    6 : [792, 797, 833, 873, 876, 880]
222.5 :    9 : [788, 789, 798, 816, 819, 826, 832, 861, 874]
222.6 :    7 : [803, 807, 815, 824, 834, 860, 870]
222.7 :    4 : [795, 796, 821, 856]
222.8 :    5 : [791, 794, 799, 805, 846]
222.9 :    7 : [786, 787, 790, 827, 852, 858, 865]
223.0 :    1 : [853]
223.2 :    3 : [800, 810, 864]
223.3 :    1 : [836]
223.5 :    1 : [867]
223.6 :    1 : [849]
223.7 :    4 : [837, 839, 844, 872]
223.8 :    1 : [868]
223.9 :    4 : [817, 825, 841, 878]
224.0 :    2 : [818, 850]
224.1 :    1 : [862]
224.2 :    4 : [793, 822, 830, 845]
224.3 :    5 : [801, 808, 823, 835, 851]
224.4 :    7 : [809, 812, 848, 854, 866, 871, 877]
224.5 :    4 : [806, 838, 847, 855]
224.6 :    9 : [802, 811, 814, 828, 831, 840, 842, 857, 863]
224.7 :    6 : [797, 820, 833, 859, 879, 881]
224.8 :    6 : [813, 829, 869, 873, 876, 880]
224.9 :    2 : [792, 875]
225.0 :    5 : [798, 816, 819, 832, 843]
225.1 :    6 : [789, 803, 826, 860, 861, 874]
225.2 :    2 : [807, 815]
225.3 :    2 : [788, 846]
225.5 :    5 : [795, 796, 799, 821, 870]
225.6 :    3 : [791, 824, 856]
225.7 :    2 : [794, 805]
225.8 :    3 : [790, 852, 858]
225.9 :    2 : [786, 853]
226.0 :    2 : [864, 865]
226.1 :    3 : [787, 800, 810]
226.2 :    4 : [827, 834, 836, 872]
226.3 :    2 : [837, 867]
226.4 :    1 : [825]
226.5 :    7 : [793, 801, 823, 839, 841, 850, 878]
226.6 :    6 : [817, 818, 822, 844, 854, 868]
226.7 :    3 : [848, 849, 877]
226.8 :    3 : [806, 862, 871]
227.0 :    2 : [840, 851]
227.1 :    6 : [797, 802, 811, 814, 828, 866]
227.2 :    5 : [831, 838, 845, 847, 863]
227.3 :    1 : [879]
227.4 :    2 : [833, 855]
227.5 :    1 : [859]
227.6 :    1 : [869]
227.7 :    3 : [792, 816, 880]
227.8 :    1 : [874]
227.9 :    3 : [798, 820, 826]
228.0 :    1 : [789]
228.1 :    4 : [799, 807, 819, 835]
228.2 :    7 : [788, 803, 832, 857, 861, 873, 881]
228.3 :    5 : [791, 815, 824, 860, 876]
228.4 :    4 : [795, 856, 858, 875]
228.5 :   10 : [790, 794, 805, 808, 821, 842, 846, 852, 865, 870]
228.6 :    8 : [786, 800, 809, 810, 812, 853, 864, 872]
228.7 :    3 : [801, 827, 830]
228.8 :    5 : [787, 796, 823, 836, 843]
228.9 :    2 : [793, 854]
229.0 :    2 : [848, 867]
229.1 :    1 : [877]
229.2 :    2 : [822, 829]
229.3 :    4 : [806, 825, 834, 871]
229.4 :    3 : [837, 841, 844]
229.5 :    1 : [840]
229.6 :    3 : [797, 850, 878]
229.8 :    3 : [811, 814, 818]
229.9 :    2 : [802, 879]
230.0 :    3 : [828, 839, 868]
230.1 :    2 : [849, 863]
230.2 :    2 : [838, 866]
230.3 :    5 : [792, 816, 831, 859, 874]
230.4 :    5 : [826, 847, 851, 855, 869]
230.6 :    6 : [789, 799, 819, 833, 845, 880]
230.7 :    2 : [798, 820]
230.8 :    5 : [803, 807, 815, 832, 861]
230.9 :    2 : [795, 852]
231.0 :    2 : [801, 873]
231.1 :    1 : [881]
231.2 :    3 : [790, 791, 872]
231.3 :    4 : [786, 800, 805, 821]
231.4 :    3 : [810, 854, 858]
231.5 :    3 : [827, 848, 865]
231.6 :    1 : [870]
231.7 :    1 : [877]
231.8 :    3 : [788, 793, 864]
232.0 :    1 : [871]
232.1 :    2 : [840, 876]
232.2 :    5 : [797, 822, 823, 860, 875]
232.3 :    3 : [806, 824, 856]
232.4 :    2 : [794, 879]
232.5 :    5 : [802, 811, 814, 846, 853]
232.6 :    4 : [828, 836, 857, 863]
232.7 :    6 : [792, 816, 841, 859, 867, 874]
232.8 :   10 : [787, 796, 817, 818, 826, 831, 838, 850, 866, 878]
232.9 :    3 : [833, 844, 869]
233.0 :    4 : [789, 799, 808, 847]
233.1 :    3 : [851, 855, 880]
233.2 :    1 : [809]
233.3 :    3 : [798, 801, 842]
233.4 :    2 : [849, 852]
233.5 :    2 : [795, 803]
233.7 :    1 : [807]
233.8 :    1 : [845]
233.9 :    1 : [832]
234.0 :    2 : [819, 854]
234.1 :    1 : [820]
234.2 :    1 : [848]
234.3 :    5 : [800, 805, 815, 861, 877]
234.4 :    2 : [810, 872]
234.5 :    3 : [786, 790, 791]
234.6 :    6 : [788, 793, 840, 865, 871, 873]
234.7 :    6 : [797, 806, 823, 827, 858, 881]
234.8 :    6 : [802, 811, 824, 860, 870, 879]
234.9 :    6 : [812, 814, 821, 822, 835, 846]
235.0 :    4 : [856, 863, 864, 876]
236.1 :    1 : [801]
236.2 :    1 : [799]
236.3 :    1 : [875]
236.6 :    3 : [798, 852, 859]
236.7 :    4 : [818, 848, 854, 877]
236.8 :    1 : [826]
236.9 :    4 : [815, 820, 869, 871]
237.0 :   13 : [790, 793, 794, 795, 797, 800, 823, 832, 838, 840, 851, 872, 873]
237.1 :    5 : [789, 803, 806, 807, 810]
237.2 :    5 : [811, 816, 855, 867, 881]
237.3 :    4 : [791, 827, 831, 879]
237.4 :    8 : [786, 805, 814, 836, 858, 860, 861, 874]
237.5 :    3 : [865, 870, 878]
237.6 :    2 : [822, 863]
237.8 :    1 : [802]
237.9 :    1 : [866]
238.0 :    1 : [842]
238.1 :    1 : [817]
238.5 :    2 : [821, 864]
238.9 :    1 : [801]
239.0 :    1 : [880]
239.1 :    1 : [848]
239.2 :    2 : [809, 871]
239.3 :    3 : [798, 852, 854]
239.4 :    1 : [823]
239.5 :    1 : [877]
240.9 :    3 : [790, 811, 818]
241.2 :    4 : [801, 832, 867, 873]
241.3 :    1 : [863]
241.4 :    2 : [848, 879]
241.5 :    7 : [799, 814, 817, 827, 840, 842, 872]
241.6 :    2 : [802, 880]
241.7 :    3 : [800, 815, 854]
241.9 :    4 : [797, 803, 823, 871]
242.1 :    1 : [855]
242.3 :    1 : [794]
242.6 :    1 : [836]
242.7 :    1 : [877]
243.3 :    1 : [811]
243.5 :    2 : [801, 818]
244.8 :    2 : [798, 867]
245.4 :    1 : [877]
245.9 :    1 : [801]
246.9 :    2 : [790, 854]
247.0 :    1 : [823]
247.4 :    2 : [863, 873]
247.6 :    2 : [832, 848]
247.7 :    1 : [867]
247.8 :    1 : [871]
248.0 :    1 : [855]
248.2 :    1 : [877]
248.3 :    1 : [801]
248.6 :    2 : [811, 879]
249.1 :    1 : [799]
249.3 :    1 : [798]
249.4 :    1 : [818]
249.5 :    1 : [823]
249.9 :    1 : [790]
251.4 :    1 : [863]
251.7 :    1 : [801]
251.8 :    2 : [798, 877]
253.5 :    1 : [790]
253.8 :    1 : [863]
254.0 :    1 : [801]
254.2 :    1 : [877]
254.7 :    1 : [871]
255.0 :    1 : [855]
255.1 :    1 : [879]
257.2 :    1 : [801]
258.2 :    1 : [871]
258.3 :    1 : [790]
258.5 :    1 : [879]
258.7 :    1 : [798]
259.4 :    1 : [863]
259.7 :    2 : [801, 855]
260.4 :    1 : [877]
260.7 :    1 : [871]
262.6 :    1 : [801]
264.1 :    1 : [871]
264.3 :    1 : [855]
264.9 :    1 : [801]
265.3 :    1 : [877]
266.8 :    1 : [871]
267.0 :    1 : [863]
267.1 :    1 : [855]
267.3 :    1 : [801]
267.6 :    1 : [798]
267.8 :    1 : [877]
269.8 :    1 : [801]
270.7 :    1 : [877]
270.8 :    1 : [871]
273.5 :    1 : [871]
274.3 :    1 : [801]
279.7 :    1 : [871]
285.6 :    1 : [871]
289.2 :    1 : [871]
292.0 :    1 : [871]
715.3 :    1 : [873]
715.6 :    1 : [871]
715.8 :    1 : [811]
716.9 :    5 : [801, 816, 833, 846, 848]
717.0 :    1 : [797]
717.1 :    1 : [881]
717.2 :    2 : [841, 872]
717.4 :    2 : [815, 859]
717.5 :    1 : [802]
717.6 :    1 : [814]
717.9 :    3 : [832, 839, 842]
718.0 :    7 : [799, 831, 851, 858, 860, 863, 877]
718.1 :    4 : [807, 819, 823, 835]
718.3 :    8 : [791, 793, 794, 795, 820, 821, 845, 853]
718.4 :    8 : [788, 790, 792, 796, 798, 806, 869, 880]
718.5 :    2 : [840, 856]
718.6 :   10 : [810, 827, 837, 854, 861, 871, 873, 874, 876, 879]
718.7 :    4 : [800, 805, 811, 878]
718.8 :   16 : [786, 787, 789, 803, 817, 822, 824, 825, 826, 828, 836, 838, 857, 865, 866, 867]
718.9 :    3 : [847, 849, 850]
719.0 :    3 : [829, 852, 870]
719.1 :    2 : [818, 864]
719.2 :    4 : [812, 843, 844, 868]
719.3 :    1 : [801]
719.4 :    3 : [808, 830, 848]
719.5 :    3 : [833, 834, 875]
719.6 :    3 : [797, 846, 855]
719.7 :    5 : [809, 813, 816, 862, 881]
719.8 :    1 : [872]
720.0 :    2 : [802, 859]
720.1 :    2 : [814, 841]
720.3 :    1 : [815]
720.4 :    1 : [877]
720.5 :    1 : [842]
720.6 :    1 : [860]
720.7 :    2 : [820, 863]
720.8 :    2 : [792, 806]
720.9 :    4 : [788, 790, 853, 856]
721.0 :    2 : [821, 871]
721.1 :    3 : [810, 851, 873]
721.2 :    1 : [828]
721.3 :    1 : [789]
721.4 :    2 : [824, 825]
721.5 :    2 : [866, 867]
721.6 :    4 : [801, 805, 811, 817]
721.7 :    2 : [787, 847]
721.8 :    2 : [848, 870]
721.9 :    2 : [829, 833]
722.0 :    2 : [797, 846]
722.1 :    1 : [857]
722.2 :    2 : [872, 881]
722.3 :    1 : [816]
722.6 :    1 : [814]
722.7 :    2 : [802, 859]
722.8 :    1 : [877]
722.9 :    4 : [809, 815, 834, 842]
723.0 :    3 : [820, 841, 860]
723.3 :    1 : [806]
723.5 :    2 : [788, 871]
723.8 :    3 : [790, 792, 810]
723.9 :    2 : [801, 828]
724.1 :    2 : [853, 863]
724.4 :    1 : [833]
724.5 :    2 : [797, 805]
724.7 :    1 : [851]
724.8 :    1 : [872]
724.9 :    2 : [846, 848]
725.0 :    1 : [817]
725.1 :    1 : [867]
725.3 :    4 : [814, 825, 842, 856]
725.4 :    1 : [802]
725.5 :    2 : [811, 820]
725.6 :    1 : [877]
725.7 :    2 : [859, 860]
725.8 :    2 : [815, 873]
725.9 :    2 : [806, 881]
726.0 :    1 : [789]
726.1 :    1 : [816]
726.2 :    3 : [801, 829, 870]
726.3 :    4 : [809, 847, 857, 871]
726.5 :    1 : [790]
726.6 :    2 : [792, 821]
726.7 :    1 : [788]
726.8 :    3 : [787, 810, 853]
726.9 :    2 : [833, 863]
727.0 :    2 : [797, 828]
727.3 :    1 : [805]
727.4 :    1 : [872]
727.5 :    2 : [848, 866]
727.6 :    1 : [824]
728.0 :    1 : [851]
728.7 :    1 : [801]
729.1 :    1 : [871]
731.1 :    1 : [848]
731.3 :    1 : [801]
731.4 :    1 : [863]
732.1 :    1 : [797]
732.4 :    1 : [790]
732.5 :    1 : [871]
733.6 :    1 : [801]
733.8 :    1 : [848]
735.3 :    1 : [871]
736.5 :    1 : [801]
736.6 :    1 : [848]
738.1 :    1 : [797]
738.5 :    1 : [790]
738.7 :    1 : [871]
739.0 :    1 : [801]
739.5 :    1 : [848]
741.7 :    1 : [801]
742.2 :    1 : [871]
742.9 :    1 : [848]
744.8 :    1 : [801]
746.6 :    1 : [871]
750.1 :    1 : [801]
754.9 :    1 : [801]
757.8 :    1 : [801]
760.3 :    1 : [801]
763.5 :    1 : [801]
