       0.0    518.6      518.6  0.0 16:35:22.473849
     518.6    504.4     1023.0 10.0 16:36:25.829181
    1023.0    508.3     1531.2 20.0 16:37:29.395495
    1531.2    508.7     2039.9 30.0 16:38:32.993582
    2039.9    508.9     2548.8 40.0 16:39:36.617726
    2548.8    508.7     3057.5 50.0 16:40:40.219190
    3057.5    508.8     3566.3 60.0 16:41:43.839205
    3566.3    508.5     4074.8 70.0 16:42:47.445244
    4074.8    508.8     4583.6 80.0 16:43:51.060109
    4583.6    508.8     5092.4 90.0 16:44:54.686616
    5092.4    508.3     5600.7 100.0 16:45:58.247440
    5600.7    508.2     6108.9 110.0 16:47:01.793146
    6108.9    506.6     6615.5 120.0 16:48:05.291760
    6615.5    505.5     7121.0 130.0 16:49:08.809100
    7121.0    508.1     7629.1 140.0 16:50:12.353431
    7629.1    508.2     8137.3 150.0 16:51:15.899169
    8137.3    508.2     8645.5 160.0 16:52:19.439696
    8645.5    508.2     9153.7 170.0 16:53:22.990484
    9153.7    508.4     9662.2 180.0 16:54:26.567134
    9662.2    506.7    10168.8 190.0 16:55:30.057304
   10168.8    506.2    10675.1 200.0 16:56:33.517651
   10675.1    508.0    11183.1 210.0 16:57:37.046885
   11183.1    508.7    11691.7 220.0 16:58:40.653044
   11691.7    508.5    12200.3 230.0 16:59:44.241352
   12200.3    508.4    12708.7 240.0 17:00:47.811960
   12708.7    508.1    13216.8 250.0 17:01:51.344369
   13216.8    506.4    13723.2 260.0 17:02:54.873031
   13723.2    507.2    14230.3 270.0 17:03:58.326036
   14230.3    507.8    14738.1 280.0 17:05:01.838603
   14738.1    507.9    15246.1 290.0 17:06:05.370645
   15246.1    507.9    15754.0 300.0 17:07:08.897999
   15754.0    508.1    16262.1 310.0 17:08:12.447955
   16262.1    508.2    16770.2 320.0 17:09:16.007586
   16770.2    508.7    17278.9 330.0 17:10:19.631005
   17278.9    509.0    17787.9 340.0 17:11:23.294392
   17787.9    509.4    18297.3 350.0 17:12:27.012459
   18297.3    509.4    18806.8 360.0 17:13:30.736003
   18806.8    509.6    19316.3 370.0 17:14:34.472815
   19316.3    509.8    19826.1 380.0 17:15:38.245774
   19826.1    509.9    20336.0 390.0 17:16:42.033624
   20336.0    509.8    20845.9 400.0 17:17:45.799419
   20845.9    510.1    21355.9 410.0 17:18:49.603222
   21355.9    510.1    21866.0 420.0 17:19:53.407274
   21866.0    510.1    22376.2 430.0 17:20:57.220543
   22376.2    510.5    22886.7 440.0 17:22:01.074261
   22886.7    510.8    23397.5 450.0 17:23:04.983038
   23397.5    510.1    23907.6 460.0 17:24:08.791885
   23907.6    508.7    24416.3 470.0 17:25:12.579287
   24416.3    510.7    24927.0 480.0 17:26:16.424407
   24927.0    510.7    25437.7 490.0 17:27:20.275201
   25437.7    510.6    25948.3 500.0 17:28:24.111994
   25948.3    510.8    26459.0 510.0 17:29:27.973805
   26459.0    508.2    26967.3 520.0 17:30:31.676642
   26967.3    510.5    27477.8 530.0 17:31:35.540839
   27477.8    510.3    27988.1 540.0 17:32:39.371241
   27988.1    510.4    28498.5 550.0 17:33:43.218274
   28498.5    510.5    29009.0 560.0 17:34:47.076491
   29009.0    510.6    29519.5 570.0 17:35:50.939115
   29519.5    509.7    30029.3 580.0 17:36:54.721147
   30029.3    511.6    30540.9 590.0 17:37:58.712854
   30540.9    511.0    31051.9 600.0 17:39:02.632353
   31051.9    510.8    31562.7 610.0 17:40:06.517914
   31562.7    511.5    32074.2 620.0 17:41:10.492604
   32074.2    511.4    32585.5 630.0 17:42:14.452289
   32585.5    510.9    33096.4 640.0 17:43:18.364738
   33096.4    511.3    33607.7 650.0 17:44:22.311900
   33607.7    511.2    34118.9 660.0 17:45:26.256123
   34118.9    510.8    34629.8 670.0 17:46:30.163121
   34629.8    511.7    35141.5 680.0 17:47:34.168298
   35141.5    511.8    35653.3 690.0 17:48:38.203305
   35653.3    511.7    36165.0 700.0 17:49:42.225557
   36165.0    511.9    36677.0 710.0 17:50:46.267908
   36677.0    512.3    37189.2 720.0 17:51:50.343508
   37189.2    512.4    37701.6 730.0 17:52:54.430693
   37701.6    512.5    38214.1 740.0 17:53:58.529312
   38214.1    512.0    38726.1 750.0 17:55:02.570753
   38726.1    512.4    39238.5 760.0 17:56:06.656157
   39238.5    512.3    39750.8 770.0 17:57:10.736793
   39750.8    512.4    40263.2 780.0 17:58:14.831631
   40263.2    512.8    40776.0 790.0 17:59:18.971967
   40776.0    499.5    41275.6 800.0 18:00:23.070039
   41275.6    509.7    41785.3 810.0 18:01:27.256981
   41785.3    512.6    42297.9 820.0 18:02:31.387312
   42297.9    512.0    42810.0 830.0 18:03:35.450478
   42810.0    512.5    43322.5 840.0 18:04:39.554705
   43322.5    512.8    43835.2 850.0 18:05:43.688877
   43835.2    512.6    44347.9 860.0 18:06:47.807110
   44347.9    513.0    44860.9 870.0 18:07:51.968119
   44860.9    513.4    45374.2 880.0 18:08:56.178479
   45374.2    513.5    45887.8 890.0 18:10:00.416097
   45887.8    513.3    46401.1 900.0 18:11:04.633430
   46401.1    513.5    46914.6 910.0 18:12:08.862483
   46914.6    513.7    47428.3 920.0 18:13:13.117127
   47428.3    513.8    47942.1 930.0 18:14:17.393389
   47942.1    514.0    48456.1 940.0 18:15:21.705708
   48456.1    514.0    48970.1 950.0 18:16:25.991952
   48970.1    513.9    49484.0 960.0 18:17:30.292441
   49484.0    514.5    49998.5 970.0 18:18:34.640836
   49998.5    513.9    50512.3 980.0 18:19:38.936286
   50512.3    514.6    51027.0 990.0 18:20:43.303597
