       0.0    374.5      374.5  0.0 07:36:29.167719
     374.5    367.1      741.6 10.0 07:37:15.084527
     741.6    414.2     1155.8 20.0 07:38:06.874320
    1155.8    593.7     1749.5 30.0 07:39:21.104027
    1749.5    587.7     2337.2 40.0 07:40:34.583349
    2337.2    588.9     2926.2 50.0 07:41:48.358698
    2926.2    586.7     3512.8 60.0 07:43:01.740412
    3512.8    577.4     4090.3 70.0 07:44:13.964347
    4090.3    575.1     4665.4 80.0 07:45:25.898910
    4665.4    576.2     5241.6 90.0 07:46:37.971050
    5241.6    586.7     5828.3 100.0 07:47:51.361093
    5828.3    578.8     6407.2 110.0 07:49:03.771568
    6407.2    578.2     6985.3 120.0 07:50:16.106970
    6985.3    585.1     7570.5 130.0 07:51:29.308571
    7570.5    581.3     8151.8 140.0 07:52:42.029783
    8151.8    578.2     8730.0 150.0 07:53:54.359865
    8730.0    580.1     9310.1 160.0 07:55:06.920745
    9310.1    586.7     9896.8 170.0 07:56:20.304938
    9896.8    577.1    10473.8 180.0 07:57:32.491531
   10473.8    578.9    11052.7 190.0 07:58:44.916666
   11052.7    579.6    11632.3 200.0 07:59:57.426066
   11632.3    492.3    12124.6 210.0 08:00:59.002008
   12124.6    386.8    12511.4 220.0 08:01:47.380975
   12511.4    386.2    12897.5 230.0 08:02:35.691585
   12897.5    386.4    13283.9 240.0 08:03:24.023084
   13283.9    386.4    13670.3 250.0 08:04:12.355787
   13670.3    386.8    14057.1 260.0 08:05:00.738667
   14057.1    387.2    14444.3 270.0 08:05:49.169590
   14444.3    387.1    14831.3 280.0 08:06:37.580987
   14831.3    386.8    15218.1 290.0 08:07:25.956930
   15218.1    386.6    15604.7 300.0 08:08:14.325546
   15604.7    386.8    15991.6 310.0 08:09:02.719447
   15991.6    386.9    16378.4 320.0 08:09:51.124399
   16378.4    387.2    16765.7 330.0 08:10:39.568581
   16765.7    391.6    17157.3 340.0 08:11:28.565197
   17157.3    415.8    17573.1 350.0 08:12:20.592486
   17573.1    523.4    18096.5 360.0 08:13:26.067967
   18096.5    585.2    18681.7 370.0 08:14:39.282338
   18681.7    586.2    19267.9 380.0 08:15:52.605840
   19267.9    588.1    19855.9 390.0 08:17:06.164436
   19855.9    588.9    20444.8 400.0 08:18:19.825105
   20444.8    586.2    21031.0 410.0 08:19:33.159109
   21031.0    591.1    21622.2 420.0 08:20:47.101595
   21622.2    593.9    22216.1 430.0 08:22:01.393998
   22216.1    590.3    22806.4 440.0 08:23:15.227632
   22806.4    591.2    23397.6 450.0 08:24:29.185708
   23397.6    592.1    23989.8 460.0 08:25:43.266104
   23989.8    589.4    24579.2 470.0 08:26:56.997510
   24579.2    591.3    25170.5 480.0 08:28:10.969631
   25170.5    589.6    25760.1 490.0 08:29:24.722768
   25760.1    588.3    26348.4 500.0 08:30:38.309883
   26348.4    592.0    26940.4 510.0 08:31:52.352626
   26940.4    588.2    27528.6 520.0 08:33:05.927724
   27528.6    585.8    28114.3 530.0 08:34:19.202419
   28114.3    592.3    28706.6 540.0 08:35:33.286229
   28706.6    588.9    29295.5 550.0 08:36:46.947269
   29295.5    585.9    29881.4 560.0 08:38:00.234451
   29881.4    591.3    30472.7 570.0 08:39:14.193092
   30472.7    588.4    31061.1 580.0 08:40:27.786223
   31061.1    586.4    31647.5 590.0 08:41:41.137835
   31647.5    591.6    32239.2 600.0 08:42:55.140437
   32239.2    586.4    32825.6 610.0 08:44:08.496313
   32825.6    588.4    33414.0 620.0 08:45:22.092873
   33414.0    590.0    34004.0 630.0 08:46:35.900988
   34004.0    585.4    34589.5 640.0 08:47:49.124628
   34589.5    587.9    35177.4 650.0 08:49:02.664504
   35177.4    588.9    35766.3 660.0 08:50:16.332622
   35766.3    585.6    36351.8 670.0 08:51:29.585321
   36351.8    588.7    36940.5 680.0 08:52:43.218726
   36940.5    588.6    37529.1 690.0 08:53:56.837758
   37529.1    585.1    38114.2 700.0 08:55:10.026654
   38114.2    590.4    38704.6 710.0 08:56:23.867316
   38704.6    588.4    39293.0 720.0 08:57:37.478662
   39293.0    585.1    39878.1 730.0 08:58:50.678235
   39878.1    590.8    40468.9 740.0 09:00:04.569558
   40468.9    588.2    41057.1 750.0 09:01:18.153126
   41057.1    585.7    41642.8 760.0 09:02:31.424134
   41642.8    589.8    42232.7 770.0 09:03:45.204250
   42232.7    587.6    42820.2 780.0 09:04:58.694925
   42820.2    586.1    43406.3 790.0 09:06:12.014754
   43406.3    591.0    43997.4 800.0 09:07:25.939386
   43997.4    585.0    44582.4 810.0 09:08:39.112947
   44582.4    586.4    45168.7 820.0 09:09:52.459435
   45168.7    592.6    45761.3 830.0 09:11:06.580027
   45761.3    587.7    46349.0 840.0 09:12:20.092989
   46349.0    587.8    46936.9 850.0 09:13:33.633474
   46936.9    593.2    47530.0 860.0 09:14:47.839330
   47530.0    588.8    48118.9 870.0 09:16:01.498255
   48118.9    590.6    48709.5 880.0 09:17:15.381301
   48709.5    591.1    49300.6 890.0 09:18:29.324101
   49300.6    589.5    49890.1 900.0 09:19:43.063454
   49890.1    593.5    50483.7 910.0 09:20:57.306518
   50483.7    589.8    51073.4 920.0 09:22:11.077789
   51073.4    584.6    51658.0 930.0 09:23:24.198874
   51658.0    590.9    52248.9 940.0 09:24:38.116872
   52248.9    588.2    52837.1 950.0 09:25:51.699716
   52837.1    585.0    53422.1 960.0 09:27:04.868289
   53422.1    590.3    54012.4 970.0 09:28:18.703038
   54012.4    588.6    54601.0 980.0 09:29:32.318589
   54601.0    585.7    55186.6 990.0 09:30:45.581010
