Name: STN [Glu], Title: Raster plot from device '5440', Hist: False
 13.9 :    4 : [372, 375, 376, 378]
 14.0 :    3 : [371, 373, 379]
 14.1 :    3 : [374, 377, 380]
 16.0 :    4 : [372, 375, 376, 378]
 16.1 :    3 : [371, 373, 379]
 16.2 :    3 : [374, 377, 380]
 18.1 :    4 : [372, 375, 376, 378]
 18.2 :    3 : [371, 373, 379]
 18.3 :    3 : [374, 377, 380]
 20.2 :    4 : [372, 375, 376, 378]
 20.3 :    3 : [371, 373, 379]
 20.4 :    3 : [374, 377, 380]
 22.3 :    4 : [372, 375, 376, 378]
 22.4 :    3 : [371, 373, 379]
 22.5 :    3 : [374, 377, 380]
 24.4 :    4 : [372, 375, 376, 378]
 24.5 :    3 : [371, 373, 379]
 24.6 :    3 : [374, 377, 380]
 26.5 :    4 : [372, 375, 376, 378]
 26.6 :    3 : [371, 373, 379]
 26.7 :    3 : [374, 377, 380]
 28.6 :    4 : [372, 375, 376, 378]
 28.7 :    3 : [371, 373, 379]
 28.8 :    3 : [374, 377, 380]
 30.7 :    4 : [372, 375, 376, 378]
 30.8 :    3 : [371, 373, 379]
 30.9 :    3 : [374, 377, 380]
 32.8 :    4 : [372, 375, 376, 378]
 32.9 :    3 : [371, 373, 379]
 33.0 :    3 : [374, 377, 380]
 34.9 :    4 : [372, 375, 376, 378]
 35.0 :    3 : [371, 373, 379]
 35.1 :    3 : [374, 377, 380]
 37.0 :    4 : [372, 375, 376, 378]
 37.1 :    3 : [371, 373, 379]
 37.2 :    3 : [374, 377, 380]
 39.1 :    4 : [372, 375, 376, 378]
 39.2 :    3 : [371, 373, 379]
 39.3 :    3 : [374, 377, 380]
 41.2 :    4 : [372, 375, 376, 378]
 41.3 :    3 : [371, 373, 379]
 41.4 :    3 : [374, 377, 380]
 43.3 :    4 : [372, 375, 376, 378]
 43.4 :    3 : [371, 373, 379]
 43.5 :    3 : [374, 377, 380]
 45.4 :    4 : [372, 375, 376, 378]
 45.5 :    3 : [371, 373, 379]
 45.6 :    3 : [374, 377, 380]
 47.5 :    4 : [372, 375, 376, 378]
 47.6 :    3 : [371, 373, 379]
 47.7 :    3 : [374, 377, 380]
 49.6 :    4 : [372, 375, 376, 378]
 49.7 :    3 : [371, 373, 379]
 49.8 :    3 : [374, 377, 380]
 51.7 :    4 : [372, 375, 376, 378]
 51.8 :    3 : [371, 373, 379]
 51.9 :    3 : [374, 377, 380]
 53.8 :    4 : [372, 375, 376, 378]
 53.9 :    3 : [371, 373, 379]
 54.0 :    3 : [374, 377, 380]
 55.9 :    4 : [372, 375, 376, 378]
 56.0 :    3 : [371, 373, 379]
 56.1 :    3 : [374, 377, 380]
 58.0 :    4 : [372, 375, 376, 378]
 58.1 :    3 : [371, 373, 379]
 58.2 :    3 : [374, 377, 380]
 60.1 :    4 : [372, 375, 376, 378]
 60.2 :    3 : [371, 373, 379]
 60.3 :    3 : [374, 377, 380]
 62.2 :    4 : [372, 375, 376, 378]
 62.3 :    3 : [371, 373, 379]
 62.4 :    3 : [374, 377, 380]
 64.3 :    4 : [372, 375, 376, 378]
 64.4 :    3 : [371, 373, 379]
 64.5 :    3 : [374, 377, 380]
 66.4 :    4 : [372, 375, 376, 378]
 66.5 :    3 : [371, 373, 379]
 66.6 :    3 : [374, 377, 380]
 68.5 :    4 : [372, 375, 376, 378]
 68.6 :    3 : [371, 373, 379]
 68.7 :    3 : [374, 377, 380]
 70.6 :    4 : [372, 375, 376, 378]
 70.7 :    3 : [371, 373, 379]
 70.8 :    3 : [374, 377, 380]
 72.7 :    4 : [372, 375, 376, 378]
 72.8 :    3 : [371, 373, 379]
 72.9 :    3 : [374, 377, 380]
 74.8 :    4 : [372, 375, 376, 378]
 74.9 :    3 : [371, 373, 379]
 75.0 :    3 : [374, 377, 380]
 76.9 :    4 : [372, 375, 376, 378]
 77.0 :    3 : [371, 373, 379]
 77.1 :    3 : [374, 377, 380]
 79.0 :    4 : [372, 375, 376, 378]
 79.1 :    3 : [371, 373, 379]
 79.2 :    3 : [374, 377, 380]
 81.1 :    4 : [372, 375, 376, 378]
 81.2 :    3 : [371, 373, 379]
 81.3 :    3 : [374, 377, 380]
 83.2 :    4 : [372, 375, 376, 378]
 83.3 :    3 : [371, 373, 379]
 83.4 :    3 : [374, 377, 380]
 85.3 :    4 : [372, 375, 376, 378]
 85.4 :    3 : [371, 373, 379]
 85.5 :    3 : [374, 377, 380]
 87.4 :    4 : [372, 375, 376, 378]
 87.5 :    3 : [371, 373, 379]
 87.6 :    3 : [374, 377, 380]
 89.5 :    4 : [372, 375, 376, 378]
 89.6 :    3 : [371, 373, 379]
 89.7 :    3 : [374, 377, 380]
 91.6 :    4 : [372, 375, 376, 378]
 91.7 :    3 : [371, 373, 379]
 91.8 :    3 : [374, 377, 380]
 93.7 :    4 : [372, 375, 376, 378]
 93.8 :    3 : [371, 373, 379]
 93.9 :    3 : [374, 377, 380]
 95.8 :    4 : [372, 375, 376, 378]
 95.9 :    3 : [371, 373, 379]
 96.0 :    3 : [374, 377, 380]
 97.9 :    4 : [372, 375, 376, 378]
 98.0 :    3 : [371, 373, 379]
 98.1 :    3 : [374, 377, 380]
100.0 :    4 : [372, 375, 376, 378]
100.1 :    3 : [371, 373, 379]
100.2 :    3 : [374, 377, 380]
102.1 :    4 : [372, 375, 376, 378]
102.2 :    3 : [371, 373, 379]
102.3 :    3 : [374, 377, 380]
104.2 :    4 : [372, 375, 376, 378]
104.3 :    3 : [371, 373, 379]
104.4 :    3 : [374, 377, 380]
106.3 :    4 : [372, 375, 376, 378]
106.4 :    3 : [371, 373, 379]
106.5 :    3 : [374, 377, 380]
108.4 :    4 : [372, 375, 376, 378]
108.5 :    3 : [371, 373, 379]
108.6 :    3 : [374, 377, 380]
110.5 :    4 : [372, 375, 376, 378]
110.6 :    3 : [371, 373, 379]
110.7 :    3 : [374, 377, 380]
112.6 :    4 : [372, 375, 376, 378]
112.7 :    3 : [371, 373, 379]
112.8 :    3 : [374, 377, 380]
114.7 :    4 : [372, 375, 376, 378]
114.8 :    3 : [371, 373, 379]
114.9 :    3 : [374, 377, 380]
116.8 :    4 : [372, 375, 376, 378]
116.9 :    3 : [371, 373, 379]
117.0 :    3 : [374, 377, 380]
118.9 :    4 : [372, 375, 376, 378]
119.0 :    3 : [371, 373, 379]
119.1 :    3 : [374, 377, 380]
121.0 :    4 : [372, 375, 376, 378]
121.1 :    3 : [371, 373, 379]
121.2 :    3 : [374, 377, 380]
123.1 :    4 : [372, 375, 376, 378]
123.2 :    3 : [371, 373, 379]
123.3 :    3 : [374, 377, 380]
125.2 :    4 : [372, 375, 376, 378]
125.3 :    3 : [371, 373, 379]
125.4 :    3 : [374, 377, 380]
127.3 :    4 : [372, 375, 376, 378]
127.4 :    3 : [371, 373, 379]
127.5 :    3 : [374, 377, 380]
129.4 :    4 : [372, 375, 376, 378]
129.5 :    3 : [371, 373, 379]
129.6 :    3 : [374, 377, 380]
131.5 :    4 : [372, 375, 376, 378]
131.6 :    3 : [371, 373, 379]
131.7 :    3 : [374, 377, 380]
133.6 :    4 : [372, 375, 376, 378]
133.7 :    3 : [371, 373, 379]
133.8 :    3 : [374, 377, 380]
135.7 :    4 : [372, 375, 376, 378]
135.8 :    3 : [371, 373, 379]
135.9 :    3 : [374, 377, 380]
137.8 :    4 : [372, 375, 376, 378]
137.9 :    3 : [371, 373, 379]
138.0 :    3 : [374, 377, 380]
139.9 :    4 : [372, 375, 376, 378]
140.0 :    3 : [371, 373, 379]
140.1 :    3 : [374, 377, 380]
142.0 :    4 : [372, 375, 376, 378]
142.1 :    3 : [371, 373, 379]
142.2 :    3 : [374, 377, 380]
144.1 :    4 : [372, 375, 376, 378]
144.2 :    3 : [371, 373, 379]
144.3 :    3 : [374, 377, 380]
146.2 :    4 : [372, 375, 376, 378]
146.3 :    3 : [371, 373, 379]
146.4 :    3 : [374, 377, 380]
148.3 :    4 : [372, 375, 376, 378]
148.4 :    3 : [371, 373, 379]
148.5 :    3 : [374, 377, 380]
150.4 :    4 : [372, 375, 376, 378]
150.5 :    3 : [371, 373, 379]
150.6 :    3 : [374, 377, 380]
152.5 :    4 : [372, 375, 376, 378]
152.6 :    3 : [371, 373, 379]
152.7 :    3 : [374, 377, 380]
154.6 :    4 : [372, 375, 376, 378]
154.7 :    3 : [371, 373, 379]
154.8 :    3 : [374, 377, 380]
156.7 :    4 : [372, 375, 376, 378]
156.8 :    3 : [371, 373, 379]
156.9 :    3 : [374, 377, 380]
158.8 :    4 : [372, 375, 376, 378]
158.9 :    3 : [371, 373, 379]
159.0 :    3 : [374, 377, 380]
160.9 :    4 : [372, 375, 376, 378]
161.0 :    3 : [371, 373, 379]
161.1 :    3 : [374, 377, 380]
163.0 :    4 : [372, 375, 376, 378]
163.1 :    3 : [371, 373, 379]
163.2 :    3 : [374, 377, 380]
165.1 :    4 : [372, 375, 376, 378]
165.2 :    3 : [371, 373, 379]
165.3 :    3 : [374, 377, 380]
167.2 :    4 : [372, 375, 376, 378]
167.3 :    3 : [371, 373, 379]
167.4 :    3 : [374, 377, 380]
169.3 :    4 : [372, 375, 376, 378]
169.4 :    3 : [371, 373, 379]
169.5 :    3 : [374, 377, 380]
171.4 :    4 : [372, 375, 376, 378]
171.5 :    3 : [371, 373, 379]
171.6 :    3 : [374, 377, 380]
173.5 :    4 : [372, 375, 376, 378]
173.6 :    3 : [371, 373, 379]
173.7 :    3 : [374, 377, 380]
175.6 :    4 : [372, 375, 376, 378]
175.7 :    3 : [371, 373, 379]
175.8 :    3 : [374, 377, 380]
177.7 :    4 : [372, 375, 376, 378]
177.8 :    3 : [371, 373, 379]
177.9 :    3 : [374, 377, 380]
179.8 :    4 : [372, 375, 376, 378]
179.9 :    3 : [371, 373, 379]
180.0 :    3 : [374, 377, 380]
181.9 :    4 : [372, 375, 376, 378]
182.0 :    3 : [371, 373, 379]
182.1 :    3 : [374, 377, 380]
184.0 :    4 : [372, 375, 376, 378]
184.1 :    3 : [371, 373, 379]
184.2 :    3 : [374, 377, 380]
186.1 :    4 : [372, 375, 376, 378]
186.2 :    3 : [371, 373, 379]
186.3 :    3 : [374, 377, 380]
188.2 :    4 : [372, 375, 376, 378]
188.3 :    3 : [371, 373, 379]
188.4 :    3 : [374, 377, 380]
190.3 :    4 : [372, 375, 376, 378]
190.4 :    3 : [371, 373, 379]
190.5 :    3 : [374, 377, 380]
192.4 :    4 : [372, 375, 376, 378]
192.5 :    3 : [371, 373, 379]
192.6 :    3 : [374, 377, 380]
194.5 :    4 : [372, 375, 376, 378]
194.6 :    3 : [371, 373, 379]
194.7 :    3 : [374, 377, 380]
196.6 :    4 : [372, 375, 376, 378]
196.7 :    3 : [371, 373, 379]
196.8 :    3 : [374, 377, 380]
198.7 :    4 : [372, 375, 376, 378]
198.8 :    3 : [371, 373, 379]
198.9 :    3 : [374, 377, 380]
200.8 :    4 : [372, 375, 376, 378]
200.9 :    3 : [371, 373, 379]
201.0 :    3 : [374, 377, 380]
202.9 :    4 : [372, 375, 376, 378]
203.0 :    3 : [371, 373, 379]
203.1 :    3 : [374, 377, 380]
205.0 :    4 : [372, 375, 376, 378]
205.1 :    3 : [371, 373, 379]
205.2 :    3 : [374, 377, 380]
207.1 :    4 : [372, 375, 376, 378]
207.2 :    3 : [371, 373, 379]
207.3 :    3 : [374, 377, 380]
209.2 :    4 : [372, 375, 376, 378]
209.3 :    3 : [371, 373, 379]
209.4 :    3 : [374, 377, 380]
211.3 :    4 : [372, 375, 376, 378]
211.4 :    3 : [371, 373, 379]
211.5 :    3 : [374, 377, 380]
213.4 :    4 : [372, 375, 376, 378]
213.5 :    3 : [371, 373, 379]
213.6 :    3 : [374, 377, 380]
215.5 :    4 : [372, 375, 376, 378]
215.6 :    3 : [371, 373, 379]
215.7 :    3 : [374, 377, 380]
217.6 :    4 : [372, 375, 376, 378]
217.7 :    3 : [371, 373, 379]
217.8 :    3 : [374, 377, 380]
219.7 :    4 : [372, 375, 376, 378]
219.8 :    3 : [371, 373, 379]
219.9 :    3 : [374, 377, 380]
221.8 :    4 : [372, 375, 376, 378]
221.9 :    3 : [371, 373, 379]
222.0 :    3 : [374, 377, 380]
223.9 :    4 : [372, 375, 376, 378]
224.0 :    3 : [371, 373, 379]
224.1 :    3 : [374, 377, 380]
226.0 :    4 : [372, 375, 376, 378]
226.1 :    3 : [371, 373, 379]
226.2 :    3 : [374, 377, 380]
228.1 :    4 : [372, 375, 376, 378]
228.2 :    3 : [371, 373, 379]
228.3 :    3 : [374, 377, 380]
230.2 :    4 : [372, 375, 376, 378]
230.3 :    3 : [371, 373, 379]
230.4 :    3 : [374, 377, 380]
232.3 :    4 : [372, 375, 376, 378]
232.4 :    3 : [371, 373, 379]
232.5 :    3 : [374, 377, 380]
234.4 :    4 : [372, 375, 376, 378]
234.5 :    3 : [371, 373, 379]
234.6 :    3 : [374, 377, 380]
236.5 :    4 : [372, 375, 376, 378]
236.6 :    3 : [371, 373, 379]
236.7 :    3 : [374, 377, 380]
238.6 :    4 : [372, 375, 376, 378]
238.7 :    3 : [371, 373, 379]
238.8 :    3 : [374, 377, 380]
240.7 :    4 : [372, 375, 376, 378]
240.8 :    3 : [371, 373, 379]
240.9 :    3 : [374, 377, 380]
242.8 :    4 : [372, 375, 376, 378]
242.9 :    3 : [371, 373, 379]
243.0 :    3 : [374, 377, 380]
244.9 :    4 : [372, 375, 376, 378]
245.0 :    3 : [371, 373, 379]
245.1 :    3 : [374, 377, 380]
247.0 :    4 : [372, 375, 376, 378]
247.1 :    3 : [371, 373, 379]
247.2 :    3 : [374, 377, 380]
249.1 :    4 : [372, 375, 376, 378]
249.2 :    3 : [371, 373, 379]
249.3 :    3 : [374, 377, 380]
251.2 :    4 : [372, 375, 376, 378]
251.3 :    3 : [371, 373, 379]
251.4 :    3 : [374, 377, 380]
253.3 :    4 : [372, 375, 376, 378]
253.4 :    3 : [371, 373, 379]
253.5 :    3 : [374, 377, 380]
255.4 :    4 : [372, 375, 376, 378]
255.5 :    3 : [371, 373, 379]
255.6 :    3 : [374, 377, 380]
257.5 :    4 : [372, 375, 376, 378]
257.6 :    3 : [371, 373, 379]
257.7 :    3 : [374, 377, 380]
259.6 :    4 : [372, 375, 376, 378]
259.7 :    3 : [371, 373, 379]
259.8 :    3 : [374, 377, 380]
261.7 :    4 : [372, 375, 376, 378]
261.8 :    3 : [371, 373, 379]
261.9 :    3 : [374, 377, 380]
263.8 :    4 : [372, 375, 376, 378]
263.9 :    3 : [371, 373, 379]
264.0 :    3 : [374, 377, 380]
265.9 :    4 : [372, 375, 376, 378]
266.0 :    3 : [371, 373, 379]
266.1 :    3 : [374, 377, 380]
268.0 :    4 : [372, 375, 376, 378]
268.1 :    3 : [371, 373, 379]
268.2 :    3 : [374, 377, 380]
270.1 :    4 : [372, 375, 376, 378]
270.2 :    3 : [371, 373, 379]
270.3 :    3 : [374, 377, 380]
272.2 :    4 : [372, 375, 376, 378]
272.3 :    3 : [371, 373, 379]
272.4 :    3 : [374, 377, 380]
274.3 :    4 : [372, 375, 376, 378]
274.4 :    3 : [371, 373, 379]
274.5 :    3 : [374, 377, 380]
276.4 :    4 : [372, 375, 376, 378]
276.5 :    3 : [371, 373, 379]
276.6 :    3 : [374, 377, 380]
278.5 :    4 : [372, 375, 376, 378]
278.6 :    3 : [371, 373, 379]
278.7 :    3 : [374, 377, 380]
280.6 :    4 : [372, 375, 376, 378]
280.7 :    3 : [371, 373, 379]
280.8 :    3 : [374, 377, 380]
282.7 :    4 : [372, 375, 376, 378]
282.8 :    3 : [371, 373, 379]
282.9 :    3 : [374, 377, 380]
284.8 :    4 : [372, 375, 376, 378]
284.9 :    3 : [371, 373, 379]
285.0 :    3 : [374, 377, 380]
286.9 :    4 : [372, 375, 376, 378]
287.0 :    3 : [371, 373, 379]
287.1 :    3 : [374, 377, 380]
289.0 :    4 : [372, 375, 376, 378]
289.1 :    3 : [371, 373, 379]
289.2 :    3 : [374, 377, 380]
291.1 :    4 : [372, 375, 376, 378]
291.2 :    3 : [371, 373, 379]
291.3 :    3 : [374, 377, 380]
293.2 :    4 : [372, 375, 376, 378]
293.3 :    3 : [371, 373, 379]
293.4 :    3 : [374, 377, 380]
295.3 :    4 : [372, 375, 376, 378]
295.4 :    3 : [371, 373, 379]
295.5 :    3 : [374, 377, 380]
297.4 :    4 : [372, 375, 376, 378]
297.5 :    3 : [371, 373, 379]
297.6 :    3 : [374, 377, 380]
299.5 :    4 : [372, 375, 376, 378]
299.6 :    3 : [371, 373, 379]
299.7 :    3 : [374, 377, 380]
301.6 :    4 : [372, 375, 376, 378]
301.7 :    3 : [371, 373, 379]
301.8 :    3 : [374, 377, 380]
303.7 :    4 : [372, 375, 376, 378]
303.8 :    3 : [371, 373, 379]
303.9 :    3 : [374, 377, 380]
305.8 :    4 : [372, 375, 376, 378]
305.9 :    3 : [371, 373, 379]
306.0 :    3 : [374, 377, 380]
307.9 :    4 : [372, 375, 376, 378]
308.0 :    3 : [371, 373, 379]
308.1 :    3 : [374, 377, 380]
310.0 :    4 : [372, 375, 376, 378]
310.1 :    3 : [371, 373, 379]
310.2 :    3 : [374, 377, 380]
312.1 :    4 : [372, 375, 376, 378]
312.2 :    3 : [371, 373, 379]
312.3 :    3 : [374, 377, 380]
314.2 :    4 : [372, 375, 376, 378]
314.3 :    3 : [371, 373, 379]
314.4 :    3 : [374, 377, 380]
316.3 :    4 : [372, 375, 376, 378]
316.4 :    3 : [371, 373, 379]
316.5 :    3 : [374, 377, 380]
318.4 :    4 : [372, 375, 376, 378]
318.5 :    3 : [371, 373, 379]
318.6 :    3 : [374, 377, 380]
320.5 :    4 : [372, 375, 376, 378]
320.6 :    3 : [371, 373, 379]
320.7 :    3 : [374, 377, 380]
322.6 :    4 : [372, 375, 376, 378]
322.7 :    3 : [371, 373, 379]
322.8 :    3 : [374, 377, 380]
324.7 :    4 : [372, 375, 376, 378]
324.8 :    3 : [371, 373, 379]
324.9 :    3 : [374, 377, 380]
326.8 :    4 : [372, 375, 376, 378]
326.9 :    3 : [371, 373, 379]
327.0 :    3 : [374, 377, 380]
328.9 :    4 : [372, 375, 376, 378]
329.0 :    3 : [371, 373, 379]
329.1 :    3 : [374, 377, 380]
331.0 :    4 : [372, 375, 376, 378]
331.1 :    3 : [371, 373, 379]
331.2 :    3 : [374, 377, 380]
333.1 :    4 : [372, 375, 376, 378]
333.2 :    3 : [371, 373, 379]
333.3 :    3 : [374, 377, 380]
335.2 :    4 : [372, 375, 376, 378]
335.3 :    3 : [371, 373, 379]
335.4 :    3 : [374, 377, 380]
337.3 :    4 : [372, 375, 376, 378]
337.4 :    3 : [371, 373, 379]
337.5 :    3 : [374, 377, 380]
339.4 :    4 : [372, 375, 376, 378]
339.5 :    3 : [371, 373, 379]
339.6 :    3 : [374, 377, 380]
341.5 :    4 : [372, 375, 376, 378]
341.6 :    3 : [371, 373, 379]
341.7 :    3 : [374, 377, 380]
343.6 :    4 : [372, 375, 376, 378]
343.7 :    3 : [371, 373, 379]
343.8 :    3 : [374, 377, 380]
345.7 :    4 : [372, 375, 376, 378]
345.8 :    3 : [371, 373, 379]
345.9 :    3 : [374, 377, 380]
347.8 :    4 : [372, 375, 376, 378]
347.9 :    3 : [371, 373, 379]
348.0 :    3 : [374, 377, 380]
349.9 :    4 : [372, 375, 376, 378]
350.0 :    3 : [371, 373, 379]
350.1 :    3 : [374, 377, 380]
352.0 :    4 : [372, 375, 376, 378]
352.1 :    3 : [371, 373, 379]
352.2 :    3 : [374, 377, 380]
354.1 :    4 : [372, 375, 376, 378]
354.2 :    3 : [371, 373, 379]
354.3 :    3 : [374, 377, 380]
356.2 :    4 : [372, 375, 376, 378]
356.3 :    3 : [371, 373, 379]
356.4 :    3 : [374, 377, 380]
358.3 :    4 : [372, 375, 376, 378]
358.4 :    3 : [371, 373, 379]
358.5 :    3 : [374, 377, 380]
360.4 :    4 : [372, 375, 376, 378]
360.5 :    3 : [371, 373, 379]
360.6 :    3 : [374, 377, 380]
362.5 :    4 : [372, 375, 376, 378]
362.6 :    3 : [371, 373, 379]
362.7 :    3 : [374, 377, 380]
364.6 :    4 : [372, 375, 376, 378]
364.7 :    3 : [371, 373, 379]
364.8 :    3 : [374, 377, 380]
366.7 :    4 : [372, 375, 376, 378]
366.8 :    3 : [371, 373, 379]
366.9 :    3 : [374, 377, 380]
368.8 :    4 : [372, 375, 376, 378]
368.9 :    3 : [371, 373, 379]
369.0 :    3 : [374, 377, 380]
370.9 :    4 : [372, 375, 376, 378]
371.0 :    3 : [371, 373, 379]
371.1 :    3 : [374, 377, 380]
373.0 :    4 : [372, 375, 376, 378]
373.1 :    3 : [371, 373, 379]
373.2 :    3 : [374, 377, 380]
375.1 :    4 : [372, 375, 376, 378]
375.2 :    3 : [371, 373, 379]
375.3 :    3 : [374, 377, 380]
377.2 :    4 : [372, 375, 376, 378]
377.3 :    3 : [371, 373, 379]
377.4 :    3 : [374, 377, 380]
379.3 :    4 : [372, 375, 376, 378]
379.4 :    3 : [371, 373, 379]
379.5 :    3 : [374, 377, 380]
381.4 :    4 : [372, 375, 376, 378]
381.5 :    3 : [371, 373, 379]
381.6 :    3 : [374, 377, 380]
383.5 :    4 : [372, 375, 376, 378]
383.6 :    3 : [371, 373, 379]
383.7 :    3 : [374, 377, 380]
385.6 :    4 : [372, 375, 376, 378]
385.7 :    3 : [371, 373, 379]
385.8 :    3 : [374, 377, 380]
387.7 :    4 : [372, 375, 376, 378]
387.8 :    3 : [371, 373, 379]
387.9 :    3 : [374, 377, 380]
389.8 :    4 : [372, 375, 376, 378]
389.9 :    3 : [371, 373, 379]
390.0 :    3 : [374, 377, 380]
391.9 :    4 : [372, 375, 376, 378]
392.0 :    3 : [371, 373, 379]
392.1 :    3 : [374, 377, 380]
394.0 :    4 : [372, 375, 376, 378]
394.1 :    3 : [371, 373, 379]
394.2 :    3 : [374, 377, 380]
396.1 :    4 : [372, 375, 376, 378]
396.2 :    3 : [371, 373, 379]
396.3 :    3 : [374, 377, 380]
398.2 :    4 : [372, 375, 376, 378]
398.3 :    3 : [371, 373, 379]
398.4 :    3 : [374, 377, 380]
400.3 :    4 : [372, 375, 376, 378]
400.4 :    3 : [371, 373, 379]
400.5 :    3 : [374, 377, 380]
402.4 :    4 : [372, 375, 376, 378]
402.5 :    3 : [371, 373, 379]
402.6 :    3 : [374, 377, 380]
404.5 :    4 : [372, 375, 376, 378]
404.6 :    3 : [371, 373, 379]
404.7 :    3 : [374, 377, 380]
406.6 :    4 : [372, 375, 376, 378]
406.7 :    3 : [371, 373, 379]
406.8 :    3 : [374, 377, 380]
408.7 :    4 : [372, 375, 376, 378]
408.8 :    3 : [371, 373, 379]
408.9 :    3 : [374, 377, 380]
410.8 :    4 : [372, 375, 376, 378]
410.9 :    3 : [371, 373, 379]
411.0 :    3 : [374, 377, 380]
412.9 :    4 : [372, 375, 376, 378]
413.0 :    3 : [371, 373, 379]
413.1 :    3 : [374, 377, 380]
415.0 :    4 : [372, 375, 376, 378]
415.1 :    3 : [371, 373, 379]
415.2 :    3 : [374, 377, 380]
417.1 :    4 : [372, 375, 376, 378]
417.2 :    3 : [371, 373, 379]
417.3 :    3 : [374, 377, 380]
419.2 :    4 : [372, 375, 376, 378]
419.3 :    3 : [371, 373, 379]
419.4 :    3 : [374, 377, 380]
421.3 :    4 : [372, 375, 376, 378]
421.4 :    3 : [371, 373, 379]
421.5 :    3 : [374, 377, 380]
423.4 :    4 : [372, 375, 376, 378]
423.5 :    3 : [371, 373, 379]
423.6 :    3 : [374, 377, 380]
425.5 :    4 : [372, 375, 376, 378]
425.6 :    3 : [371, 373, 379]
425.7 :    3 : [374, 377, 380]
427.6 :    4 : [372, 375, 376, 378]
427.7 :    3 : [371, 373, 379]
427.8 :    3 : [374, 377, 380]
429.7 :    4 : [372, 375, 376, 378]
429.8 :    3 : [371, 373, 379]
429.9 :    3 : [374, 377, 380]
431.8 :    4 : [372, 375, 376, 378]
431.9 :    3 : [371, 373, 379]
432.0 :    3 : [374, 377, 380]
433.9 :    4 : [372, 375, 376, 378]
434.0 :    3 : [371, 373, 379]
434.1 :    3 : [374, 377, 380]
436.0 :    4 : [372, 375, 376, 378]
436.1 :    3 : [371, 373, 379]
436.2 :    3 : [374, 377, 380]
438.1 :    4 : [372, 375, 376, 378]
438.2 :    3 : [371, 373, 379]
438.3 :    3 : [374, 377, 380]
440.2 :    4 : [372, 375, 376, 378]
440.3 :    3 : [371, 373, 379]
440.4 :    3 : [374, 377, 380]
442.3 :    4 : [372, 375, 376, 378]
442.4 :    3 : [371, 373, 379]
442.5 :    3 : [374, 377, 380]
444.4 :    4 : [372, 375, 376, 378]
444.5 :    3 : [371, 373, 379]
444.6 :    3 : [374, 377, 380]
446.5 :    4 : [372, 375, 376, 378]
446.6 :    3 : [371, 373, 379]
446.7 :    3 : [374, 377, 380]
448.6 :    4 : [372, 375, 376, 378]
448.7 :    3 : [371, 373, 379]
448.8 :    3 : [374, 377, 380]
450.7 :    4 : [372, 375, 376, 378]
450.8 :    3 : [371, 373, 379]
450.9 :    3 : [374, 377, 380]
452.8 :    4 : [372, 375, 376, 378]
452.9 :    3 : [371, 373, 379]
453.0 :    3 : [374, 377, 380]
454.9 :    4 : [372, 375, 376, 378]
455.0 :    3 : [371, 373, 379]
455.1 :    3 : [374, 377, 380]
457.0 :    4 : [372, 375, 376, 378]
457.1 :    3 : [371, 373, 379]
457.2 :    3 : [374, 377, 380]
459.1 :    4 : [372, 375, 376, 378]
459.2 :    3 : [371, 373, 379]
459.3 :    3 : [374, 377, 380]
461.2 :    4 : [372, 375, 376, 378]
461.3 :    3 : [371, 373, 379]
461.4 :    3 : [374, 377, 380]
463.3 :    4 : [372, 375, 376, 378]
463.4 :    3 : [371, 373, 379]
463.5 :    3 : [374, 377, 380]
465.4 :    4 : [372, 375, 376, 378]
465.5 :    3 : [371, 373, 379]
465.6 :    3 : [374, 377, 380]
467.5 :    4 : [372, 375, 376, 378]
467.6 :    3 : [371, 373, 379]
467.7 :    3 : [374, 377, 380]
469.6 :    4 : [372, 375, 376, 378]
469.7 :    3 : [371, 373, 379]
469.8 :    3 : [374, 377, 380]
471.7 :    4 : [372, 375, 376, 378]
471.8 :    3 : [371, 373, 379]
471.9 :    3 : [374, 377, 380]
473.8 :    4 : [372, 375, 376, 378]
473.9 :    3 : [371, 373, 379]
474.0 :    3 : [374, 377, 380]
475.9 :    4 : [372, 375, 376, 378]
476.0 :    3 : [371, 373, 379]
476.1 :    3 : [374, 377, 380]
478.0 :    4 : [372, 375, 376, 378]
478.1 :    3 : [371, 373, 379]
478.2 :    3 : [374, 377, 380]
480.1 :    4 : [372, 375, 376, 378]
480.2 :    3 : [371, 373, 379]
480.3 :    3 : [374, 377, 380]
482.2 :    4 : [372, 375, 376, 378]
482.3 :    3 : [371, 373, 379]
482.4 :    3 : [374, 377, 380]
484.3 :    4 : [372, 375, 376, 378]
484.4 :    3 : [371, 373, 379]
484.5 :    3 : [374, 377, 380]
486.4 :    4 : [372, 375, 376, 378]
486.5 :    3 : [371, 373, 379]
486.6 :    3 : [374, 377, 380]
488.5 :    4 : [372, 375, 376, 378]
488.6 :    3 : [371, 373, 379]
488.7 :    3 : [374, 377, 380]
490.6 :    4 : [372, 375, 376, 378]
490.7 :    3 : [371, 373, 379]
490.8 :    3 : [374, 377, 380]
492.7 :    4 : [372, 375, 376, 378]
492.8 :    3 : [371, 373, 379]
492.9 :    3 : [374, 377, 380]
494.8 :    4 : [372, 375, 376, 378]
494.9 :    3 : [371, 373, 379]
495.0 :    3 : [374, 377, 380]
496.9 :    4 : [372, 375, 376, 378]
497.0 :    3 : [371, 373, 379]
497.1 :    3 : [374, 377, 380]
499.0 :    4 : [372, 375, 376, 378]
499.1 :    3 : [371, 373, 379]
499.2 :    3 : [374, 377, 380]
501.1 :    4 : [372, 375, 376, 378]
501.2 :    3 : [371, 373, 379]
501.3 :    3 : [374, 377, 380]
503.2 :    4 : [372, 375, 376, 378]
503.3 :    3 : [371, 373, 379]
503.4 :    3 : [374, 377, 380]
505.3 :    4 : [372, 375, 376, 378]
505.4 :    3 : [371, 373, 379]
505.5 :    3 : [374, 377, 380]
507.4 :    4 : [372, 375, 376, 378]
507.5 :    3 : [371, 373, 379]
507.6 :    3 : [374, 377, 380]
509.5 :    4 : [372, 375, 376, 378]
509.6 :    3 : [371, 373, 379]
509.7 :    3 : [374, 377, 380]
511.6 :    4 : [372, 375, 376, 378]
511.7 :    3 : [371, 373, 379]
511.8 :    3 : [374, 377, 380]
513.7 :    4 : [372, 375, 376, 378]
513.8 :    3 : [371, 373, 379]
513.9 :    3 : [374, 377, 380]
515.8 :    4 : [372, 375, 376, 378]
515.9 :    3 : [371, 373, 379]
516.0 :    3 : [374, 377, 380]
517.9 :    4 : [372, 375, 376, 378]
518.0 :    3 : [371, 373, 379]
518.1 :    3 : [374, 377, 380]
520.0 :    4 : [372, 375, 376, 378]
520.1 :    3 : [371, 373, 379]
520.2 :    3 : [374, 377, 380]
522.1 :    4 : [372, 375, 376, 378]
522.2 :    3 : [371, 373, 379]
522.3 :    3 : [374, 377, 380]
524.2 :    4 : [372, 375, 376, 378]
524.3 :    3 : [371, 373, 379]
524.4 :    3 : [374, 377, 380]
526.3 :    4 : [372, 375, 376, 378]
526.4 :    3 : [371, 373, 379]
526.5 :    3 : [374, 377, 380]
528.4 :    4 : [372, 375, 376, 378]
528.5 :    3 : [371, 373, 379]
528.6 :    3 : [374, 377, 380]
530.5 :    4 : [372, 375, 376, 378]
530.6 :    3 : [371, 373, 379]
530.7 :    3 : [374, 377, 380]
532.6 :    4 : [372, 375, 376, 378]
532.7 :    3 : [371, 373, 379]
532.8 :    3 : [374, 377, 380]
534.7 :    4 : [372, 375, 376, 378]
534.8 :    3 : [371, 373, 379]
534.9 :    3 : [374, 377, 380]
536.8 :    4 : [372, 375, 376, 378]
536.9 :    3 : [371, 373, 379]
537.0 :    3 : [374, 377, 380]
538.9 :    4 : [372, 375, 376, 378]
539.0 :    3 : [371, 373, 379]
539.1 :    3 : [374, 377, 380]
541.0 :    4 : [372, 375, 376, 378]
541.1 :    3 : [371, 373, 379]
541.2 :    3 : [374, 377, 380]
543.1 :    4 : [372, 375, 376, 378]
543.2 :    3 : [371, 373, 379]
543.3 :    3 : [374, 377, 380]
545.2 :    4 : [372, 375, 376, 378]
545.3 :    3 : [371, 373, 379]
545.4 :    3 : [374, 377, 380]
547.3 :    4 : [372, 375, 376, 378]
547.4 :    3 : [371, 373, 379]
547.5 :    3 : [374, 377, 380]
549.4 :    4 : [372, 375, 376, 378]
549.5 :    3 : [371, 373, 379]
549.6 :    3 : [374, 377, 380]
551.5 :    4 : [372, 375, 376, 378]
551.6 :    3 : [371, 373, 379]
551.7 :    3 : [374, 377, 380]
553.6 :    4 : [372, 375, 376, 378]
553.7 :    3 : [371, 373, 379]
553.8 :    3 : [374, 377, 380]
555.7 :    4 : [372, 375, 376, 378]
555.8 :    3 : [371, 373, 379]
555.9 :    3 : [374, 377, 380]
557.8 :    4 : [372, 375, 376, 378]
557.9 :    3 : [371, 373, 379]
558.0 :    3 : [374, 377, 380]
559.9 :    4 : [372, 375, 376, 378]
560.0 :    3 : [371, 373, 379]
560.1 :    3 : [374, 377, 380]
562.0 :    4 : [372, 375, 376, 378]
562.1 :    3 : [371, 373, 379]
562.2 :    3 : [374, 377, 380]
564.1 :    4 : [372, 375, 376, 378]
564.2 :    3 : [371, 373, 379]
564.3 :    3 : [374, 377, 380]
566.2 :    4 : [372, 375, 376, 378]
566.3 :    3 : [371, 373, 379]
566.4 :    3 : [374, 377, 380]
568.3 :    4 : [372, 375, 376, 378]
568.4 :    3 : [371, 373, 379]
568.5 :    3 : [374, 377, 380]
570.4 :    4 : [372, 375, 376, 378]
570.5 :    3 : [371, 373, 379]
570.6 :    3 : [374, 377, 380]
572.5 :    4 : [372, 375, 376, 378]
572.6 :    3 : [371, 373, 379]
572.7 :    3 : [374, 377, 380]
574.6 :    4 : [372, 375, 376, 378]
574.7 :    3 : [371, 373, 379]
574.8 :    3 : [374, 377, 380]
576.7 :    4 : [372, 375, 376, 378]
576.8 :    3 : [371, 373, 379]
576.9 :    3 : [374, 377, 380]
578.8 :    4 : [372, 375, 376, 378]
578.9 :    3 : [371, 373, 379]
579.0 :    3 : [374, 377, 380]
580.9 :    4 : [372, 375, 376, 378]
581.0 :    3 : [371, 373, 379]
581.1 :    3 : [374, 377, 380]
583.0 :    4 : [372, 375, 376, 378]
583.1 :    3 : [371, 373, 379]
583.2 :    3 : [374, 377, 380]
585.1 :    4 : [372, 375, 376, 378]
585.2 :    3 : [371, 373, 379]
585.3 :    3 : [374, 377, 380]
587.2 :    4 : [372, 375, 376, 378]
587.3 :    3 : [371, 373, 379]
587.4 :    3 : [374, 377, 380]
589.3 :    4 : [372, 375, 376, 378]
589.4 :    3 : [371, 373, 379]
589.5 :    3 : [374, 377, 380]
591.4 :    4 : [372, 375, 376, 378]
591.5 :    3 : [371, 373, 379]
591.6 :    3 : [374, 377, 380]
593.5 :    4 : [372, 375, 376, 378]
593.6 :    3 : [371, 373, 379]
593.7 :    3 : [374, 377, 380]
595.6 :    4 : [372, 375, 376, 378]
595.7 :    3 : [371, 373, 379]
595.8 :    3 : [374, 377, 380]
597.7 :    4 : [372, 375, 376, 378]
597.8 :    3 : [371, 373, 379]
597.9 :    3 : [374, 377, 380]
599.8 :    4 : [372, 375, 376, 378]
599.9 :    3 : [371, 373, 379]
600.0 :    3 : [374, 377, 380]
601.9 :    4 : [372, 375, 376, 378]
602.0 :    3 : [371, 373, 379]
602.1 :    3 : [374, 377, 380]
604.0 :    4 : [372, 375, 376, 378]
604.1 :    3 : [371, 373, 379]
604.2 :    3 : [374, 377, 380]
606.1 :    4 : [372, 375, 376, 378]
606.2 :    3 : [371, 373, 379]
606.3 :    3 : [374, 377, 380]
608.2 :    4 : [372, 375, 376, 378]
608.3 :    3 : [371, 373, 379]
608.4 :    3 : [374, 377, 380]
610.3 :    4 : [372, 375, 376, 378]
610.4 :    3 : [371, 373, 379]
610.5 :    3 : [374, 377, 380]
612.4 :    4 : [372, 375, 376, 378]
612.5 :    3 : [371, 373, 379]
612.6 :    3 : [374, 377, 380]
614.5 :    4 : [372, 375, 376, 378]
614.6 :    3 : [371, 373, 379]
614.7 :    3 : [374, 377, 380]
616.6 :    4 : [372, 375, 376, 378]
616.7 :    3 : [371, 373, 379]
616.8 :    3 : [374, 377, 380]
618.7 :    4 : [372, 375, 376, 378]
618.8 :    3 : [371, 373, 379]
618.9 :    3 : [374, 377, 380]
620.8 :    4 : [372, 375, 376, 378]
620.9 :    3 : [371, 373, 379]
621.0 :    3 : [374, 377, 380]
622.9 :    4 : [372, 375, 376, 378]
623.0 :    3 : [371, 373, 379]
623.1 :    3 : [374, 377, 380]
625.0 :    4 : [372, 375, 376, 378]
625.1 :    3 : [371, 373, 379]
625.2 :    3 : [374, 377, 380]
627.1 :    4 : [372, 375, 376, 378]
627.2 :    3 : [371, 373, 379]
627.3 :    3 : [374, 377, 380]
629.2 :    4 : [372, 375, 376, 378]
629.3 :    3 : [371, 373, 379]
629.4 :    3 : [374, 377, 380]
631.3 :    4 : [372, 375, 376, 378]
631.4 :    3 : [371, 373, 379]
631.5 :    3 : [374, 377, 380]
633.4 :    4 : [372, 375, 376, 378]
633.5 :    3 : [371, 373, 379]
633.6 :    3 : [374, 377, 380]
635.5 :    4 : [372, 375, 376, 378]
635.6 :    3 : [371, 373, 379]
635.7 :    3 : [374, 377, 380]
637.6 :    4 : [372, 375, 376, 378]
637.7 :    3 : [371, 373, 379]
637.8 :    3 : [374, 377, 380]
639.7 :    4 : [372, 375, 376, 378]
639.8 :    3 : [371, 373, 379]
639.9 :    3 : [374, 377, 380]
641.8 :    4 : [372, 375, 376, 378]
641.9 :    3 : [371, 373, 379]
642.0 :    3 : [374, 377, 380]
643.9 :    4 : [372, 375, 376, 378]
644.0 :    3 : [371, 373, 379]
644.1 :    3 : [374, 377, 380]
646.0 :    4 : [372, 375, 376, 378]
646.1 :    3 : [371, 373, 379]
646.2 :    3 : [374, 377, 380]
648.1 :    4 : [372, 375, 376, 378]
648.2 :    3 : [371, 373, 379]
648.3 :    3 : [374, 377, 380]
650.2 :    4 : [372, 375, 376, 378]
650.3 :    3 : [371, 373, 379]
650.4 :    3 : [374, 377, 380]
652.3 :    4 : [372, 375, 376, 378]
652.4 :    3 : [371, 373, 379]
652.5 :    3 : [374, 377, 380]
654.4 :    4 : [372, 375, 376, 378]
654.5 :    3 : [371, 373, 379]
654.6 :    3 : [374, 377, 380]
656.5 :    4 : [372, 375, 376, 378]
656.6 :    3 : [371, 373, 379]
656.7 :    3 : [374, 377, 380]
658.6 :    4 : [372, 375, 376, 378]
658.7 :    3 : [371, 373, 379]
658.8 :    3 : [374, 377, 380]
660.7 :    4 : [372, 375, 376, 378]
660.8 :    3 : [371, 373, 379]
660.9 :    3 : [374, 377, 380]
662.8 :    4 : [372, 375, 376, 378]
662.9 :    3 : [371, 373, 379]
663.0 :    3 : [374, 377, 380]
664.9 :    4 : [372, 375, 376, 378]
665.0 :    3 : [371, 373, 379]
665.1 :    3 : [374, 377, 380]
667.0 :    4 : [372, 375, 376, 378]
667.1 :    3 : [371, 373, 379]
667.2 :    3 : [374, 377, 380]
669.1 :    4 : [372, 375, 376, 378]
669.2 :    3 : [371, 373, 379]
669.3 :    3 : [374, 377, 380]
671.2 :    4 : [372, 375, 376, 378]
671.3 :    3 : [371, 373, 379]
671.4 :    3 : [374, 377, 380]
673.3 :    4 : [372, 375, 376, 378]
673.4 :    3 : [371, 373, 379]
673.5 :    3 : [374, 377, 380]
675.4 :    4 : [372, 375, 376, 378]
675.5 :    3 : [371, 373, 379]
675.6 :    3 : [374, 377, 380]
677.5 :    4 : [372, 375, 376, 378]
677.6 :    3 : [371, 373, 379]
677.7 :    3 : [374, 377, 380]
679.6 :    4 : [372, 375, 376, 378]
679.7 :    3 : [371, 373, 379]
679.8 :    3 : [374, 377, 380]
681.7 :    4 : [372, 375, 376, 378]
681.8 :    3 : [371, 373, 379]
681.9 :    3 : [374, 377, 380]
683.8 :    4 : [372, 375, 376, 378]
683.9 :    3 : [371, 373, 379]
684.0 :    3 : [374, 377, 380]
685.9 :    4 : [372, 375, 376, 378]
686.0 :    3 : [371, 373, 379]
686.1 :    3 : [374, 377, 380]
688.0 :    4 : [372, 375, 376, 378]
688.1 :    3 : [371, 373, 379]
688.2 :    3 : [374, 377, 380]
690.1 :    4 : [372, 375, 376, 378]
690.2 :    3 : [371, 373, 379]
690.3 :    3 : [374, 377, 380]
692.2 :    4 : [372, 375, 376, 378]
692.3 :    3 : [371, 373, 379]
692.4 :    3 : [374, 377, 380]
694.3 :    4 : [372, 375, 376, 378]
694.4 :    3 : [371, 373, 379]
694.5 :    3 : [374, 377, 380]
696.4 :    4 : [372, 375, 376, 378]
696.5 :    3 : [371, 373, 379]
696.6 :    3 : [374, 377, 380]
698.5 :    4 : [372, 375, 376, 378]
698.6 :    3 : [371, 373, 379]
698.7 :    3 : [374, 377, 380]
700.6 :    4 : [372, 375, 376, 378]
700.7 :    3 : [371, 373, 379]
700.8 :    3 : [374, 377, 380]
702.7 :    4 : [372, 375, 376, 378]
702.8 :    3 : [371, 373, 379]
702.9 :    3 : [374, 377, 380]
704.8 :    4 : [372, 375, 376, 378]
704.9 :    3 : [371, 373, 379]
705.0 :    3 : [374, 377, 380]
706.9 :    4 : [372, 375, 376, 378]
707.0 :    3 : [371, 373, 379]
707.1 :    3 : [374, 377, 380]
709.0 :    4 : [372, 375, 376, 378]
709.1 :    3 : [371, 373, 379]
709.2 :    3 : [374, 377, 380]
711.1 :    4 : [372, 375, 376, 378]
711.2 :    3 : [371, 373, 379]
711.3 :    3 : [374, 377, 380]
713.2 :    4 : [372, 375, 376, 378]
713.3 :    3 : [371, 373, 379]
713.4 :    3 : [374, 377, 380]
715.3 :    4 : [372, 375, 376, 378]
715.4 :    3 : [371, 373, 379]
715.5 :    3 : [374, 377, 380]
717.4 :    4 : [372, 375, 376, 378]
717.5 :    3 : [371, 373, 379]
717.6 :    3 : [374, 377, 380]
719.5 :    4 : [372, 375, 376, 378]
719.6 :    3 : [371, 373, 379]
719.7 :    3 : [374, 377, 380]
721.6 :    4 : [372, 375, 376, 378]
721.7 :    3 : [371, 373, 379]
721.8 :    3 : [374, 377, 380]
723.7 :    4 : [372, 375, 376, 378]
723.8 :    3 : [371, 373, 379]
723.9 :    3 : [374, 377, 380]
725.8 :    4 : [372, 375, 376, 378]
725.9 :    3 : [371, 373, 379]
726.0 :    3 : [374, 377, 380]
727.9 :    4 : [372, 375, 376, 378]
728.0 :    3 : [371, 373, 379]
728.1 :    3 : [374, 377, 380]
730.0 :    4 : [372, 375, 376, 378]
730.1 :    3 : [371, 373, 379]
730.2 :    3 : [374, 377, 380]
732.1 :    4 : [372, 375, 376, 378]
732.2 :    3 : [371, 373, 379]
732.3 :    3 : [374, 377, 380]
734.2 :    4 : [372, 375, 376, 378]
734.3 :    3 : [371, 373, 379]
734.4 :    3 : [374, 377, 380]
736.3 :    4 : [372, 375, 376, 378]
736.4 :    3 : [371, 373, 379]
736.5 :    3 : [374, 377, 380]
738.4 :    4 : [372, 375, 376, 378]
738.5 :    3 : [371, 373, 379]
738.6 :    3 : [374, 377, 380]
740.5 :    4 : [372, 375, 376, 378]
740.6 :    3 : [371, 373, 379]
740.7 :    3 : [374, 377, 380]
742.6 :    4 : [372, 375, 376, 378]
742.7 :    3 : [371, 373, 379]
742.8 :    3 : [374, 377, 380]
744.7 :    4 : [372, 375, 376, 378]
744.8 :    3 : [371, 373, 379]
744.9 :    3 : [374, 377, 380]
746.8 :    4 : [372, 375, 376, 378]
746.9 :    3 : [371, 373, 379]
747.0 :    3 : [374, 377, 380]
748.9 :    4 : [372, 375, 376, 378]
749.0 :    3 : [371, 373, 379]
749.1 :    3 : [374, 377, 380]
751.0 :    4 : [372, 375, 376, 378]
751.1 :    3 : [371, 373, 379]
751.2 :    3 : [374, 377, 380]
753.1 :    4 : [372, 375, 376, 378]
753.2 :    3 : [371, 373, 379]
753.3 :    3 : [374, 377, 380]
755.2 :    4 : [372, 375, 376, 378]
755.3 :    3 : [371, 373, 379]
755.4 :    3 : [374, 377, 380]
757.3 :    4 : [372, 375, 376, 378]
757.4 :    3 : [371, 373, 379]
757.5 :    3 : [374, 377, 380]
759.4 :    4 : [372, 375, 376, 378]
759.5 :    3 : [371, 373, 379]
759.6 :    3 : [374, 377, 380]
761.5 :    4 : [372, 375, 376, 378]
761.6 :    3 : [371, 373, 379]
761.7 :    3 : [374, 377, 380]
763.6 :    4 : [372, 375, 376, 378]
763.7 :    3 : [371, 373, 379]
763.8 :    3 : [374, 377, 380]
765.7 :    4 : [372, 375, 376, 378]
765.8 :    3 : [371, 373, 379]
765.9 :    3 : [374, 377, 380]
767.8 :    4 : [372, 375, 376, 378]
767.9 :    3 : [371, 373, 379]
768.0 :    3 : [374, 377, 380]
769.9 :    4 : [372, 375, 376, 378]
770.0 :    3 : [371, 373, 379]
770.1 :    3 : [374, 377, 380]
772.0 :    4 : [372, 375, 376, 378]
772.1 :    3 : [371, 373, 379]
772.2 :    3 : [374, 377, 380]
774.1 :    4 : [372, 375, 376, 378]
774.2 :    3 : [371, 373, 379]
774.3 :    3 : [374, 377, 380]
776.2 :    4 : [372, 375, 376, 378]
776.3 :    3 : [371, 373, 379]
776.4 :    3 : [374, 377, 380]
778.3 :    4 : [372, 375, 376, 378]
778.4 :    3 : [371, 373, 379]
778.5 :    3 : [374, 377, 380]
780.4 :    4 : [372, 375, 376, 378]
780.5 :    3 : [371, 373, 379]
780.6 :    3 : [374, 377, 380]
782.5 :    4 : [372, 375, 376, 378]
782.6 :    3 : [371, 373, 379]
782.7 :    3 : [374, 377, 380]
784.6 :    4 : [372, 375, 376, 378]
784.7 :    3 : [371, 373, 379]
784.8 :    3 : [374, 377, 380]
786.7 :    4 : [372, 375, 376, 378]
786.8 :    3 : [371, 373, 379]
786.9 :    3 : [374, 377, 380]
788.8 :    4 : [372, 375, 376, 378]
788.9 :    3 : [371, 373, 379]
789.0 :    3 : [374, 377, 380]
790.9 :    4 : [372, 375, 376, 378]
791.0 :    3 : [371, 373, 379]
791.1 :    3 : [374, 377, 380]
793.0 :    4 : [372, 375, 376, 378]
793.1 :    3 : [371, 373, 379]
793.2 :    3 : [374, 377, 380]
795.1 :    4 : [372, 375, 376, 378]
795.2 :    3 : [371, 373, 379]
795.3 :    3 : [374, 377, 380]
797.2 :    4 : [372, 375, 376, 378]
797.3 :    3 : [371, 373, 379]
797.4 :    3 : [374, 377, 380]
799.3 :    4 : [372, 375, 376, 378]
799.4 :    3 : [371, 373, 379]
799.5 :    3 : [374, 377, 380]
801.4 :    4 : [372, 375, 376, 378]
801.5 :    3 : [371, 373, 379]
801.6 :    3 : [374, 377, 380]
803.5 :    4 : [372, 375, 376, 378]
803.6 :    3 : [371, 373, 379]
803.7 :    3 : [374, 377, 380]
805.6 :    4 : [372, 375, 376, 378]
805.7 :    3 : [371, 373, 379]
805.8 :    3 : [374, 377, 380]
807.7 :    4 : [372, 375, 376, 378]
807.8 :    3 : [371, 373, 379]
807.9 :    3 : [374, 377, 380]
809.8 :    4 : [372, 375, 376, 378]
809.9 :    3 : [371, 373, 379]
810.0 :    3 : [374, 377, 380]
811.9 :    4 : [372, 375, 376, 378]
812.0 :    3 : [371, 373, 379]
812.1 :    3 : [374, 377, 380]
814.0 :    4 : [372, 375, 376, 378]
814.1 :    3 : [371, 373, 379]
814.2 :    3 : [374, 377, 380]
816.1 :    4 : [372, 375, 376, 378]
816.2 :    3 : [371, 373, 379]
816.3 :    3 : [374, 377, 380]
818.2 :    4 : [372, 375, 376, 378]
818.3 :    3 : [371, 373, 379]
818.4 :    3 : [374, 377, 380]
820.3 :    4 : [372, 375, 376, 378]
820.4 :    3 : [371, 373, 379]
820.5 :    3 : [374, 377, 380]
822.4 :    4 : [372, 375, 376, 378]
822.5 :    3 : [371, 373, 379]
822.6 :    3 : [374, 377, 380]
824.5 :    4 : [372, 375, 376, 378]
824.6 :    3 : [371, 373, 379]
824.7 :    3 : [374, 377, 380]
826.6 :    4 : [372, 375, 376, 378]
826.7 :    3 : [371, 373, 379]
826.8 :    3 : [374, 377, 380]
828.7 :    4 : [372, 375, 376, 378]
828.8 :    3 : [371, 373, 379]
828.9 :    3 : [374, 377, 380]
830.8 :    4 : [372, 375, 376, 378]
830.9 :    3 : [371, 373, 379]
831.0 :    3 : [374, 377, 380]
832.9 :    4 : [372, 375, 376, 378]
833.0 :    3 : [371, 373, 379]
833.1 :    3 : [374, 377, 380]
835.0 :    4 : [372, 375, 376, 378]
835.1 :    3 : [371, 373, 379]
835.2 :    3 : [374, 377, 380]
837.1 :    4 : [372, 375, 376, 378]
837.2 :    3 : [371, 373, 379]
837.3 :    3 : [374, 377, 380]
839.2 :    4 : [372, 375, 376, 378]
839.3 :    3 : [371, 373, 379]
839.4 :    3 : [374, 377, 380]
841.3 :    4 : [372, 375, 376, 378]
841.4 :    3 : [371, 373, 379]
841.5 :    3 : [374, 377, 380]
843.4 :    4 : [372, 375, 376, 378]
843.5 :    3 : [371, 373, 379]
843.6 :    3 : [374, 377, 380]
845.5 :    4 : [372, 375, 376, 378]
845.6 :    3 : [371, 373, 379]
845.7 :    3 : [374, 377, 380]
847.6 :    4 : [372, 375, 376, 378]
847.7 :    3 : [371, 373, 379]
847.8 :    3 : [374, 377, 380]
849.7 :    4 : [372, 375, 376, 378]
849.8 :    3 : [371, 373, 379]
849.9 :    3 : [374, 377, 380]
851.8 :    4 : [372, 375, 376, 378]
851.9 :    3 : [371, 373, 379]
852.0 :    3 : [374, 377, 380]
853.9 :    4 : [372, 375, 376, 378]
854.0 :    3 : [371, 373, 379]
854.1 :    3 : [374, 377, 380]
856.0 :    4 : [372, 375, 376, 378]
856.1 :    3 : [371, 373, 379]
856.2 :    3 : [374, 377, 380]
858.1 :    4 : [372, 375, 376, 378]
858.2 :    3 : [371, 373, 379]
858.3 :    3 : [374, 377, 380]
860.2 :    4 : [372, 375, 376, 378]
860.3 :    3 : [371, 373, 379]
860.4 :    3 : [374, 377, 380]
862.3 :    4 : [372, 375, 376, 378]
862.4 :    3 : [371, 373, 379]
862.5 :    3 : [374, 377, 380]
864.4 :    4 : [372, 375, 376, 378]
864.5 :    3 : [371, 373, 379]
864.6 :    3 : [374, 377, 380]
866.5 :    4 : [372, 375, 376, 378]
866.6 :    3 : [371, 373, 379]
866.7 :    3 : [374, 377, 380]
868.6 :    4 : [372, 375, 376, 378]
868.7 :    3 : [371, 373, 379]
868.8 :    3 : [374, 377, 380]
870.7 :    4 : [372, 375, 376, 378]
870.8 :    3 : [371, 373, 379]
870.9 :    3 : [374, 377, 380]
872.8 :    4 : [372, 375, 376, 378]
872.9 :    3 : [371, 373, 379]
873.0 :    3 : [374, 377, 380]
874.9 :    4 : [372, 375, 376, 378]
875.0 :    3 : [371, 373, 379]
875.1 :    3 : [374, 377, 380]
877.0 :    4 : [372, 375, 376, 378]
877.1 :    3 : [371, 373, 379]
877.2 :    3 : [374, 377, 380]
879.1 :    4 : [372, 375, 376, 378]
879.2 :    3 : [371, 373, 379]
879.3 :    3 : [374, 377, 380]
881.2 :    4 : [372, 375, 376, 378]
881.3 :    3 : [371, 373, 379]
881.4 :    3 : [374, 377, 380]
883.3 :    4 : [372, 375, 376, 378]
883.4 :    3 : [371, 373, 379]
883.5 :    3 : [374, 377, 380]
885.4 :    4 : [372, 375, 376, 378]
885.5 :    3 : [371, 373, 379]
885.6 :    3 : [374, 377, 380]
887.5 :    4 : [372, 375, 376, 378]
887.6 :    3 : [371, 373, 379]
887.7 :    3 : [374, 377, 380]
889.6 :    4 : [372, 375, 376, 378]
889.7 :    3 : [371, 373, 379]
889.8 :    3 : [374, 377, 380]
891.7 :    4 : [372, 375, 376, 378]
891.8 :    3 : [371, 373, 379]
891.9 :    3 : [374, 377, 380]
893.8 :    4 : [372, 375, 376, 378]
893.9 :    3 : [371, 373, 379]
894.0 :    3 : [374, 377, 380]
895.9 :    4 : [372, 375, 376, 378]
896.0 :    3 : [371, 373, 379]
896.1 :    3 : [374, 377, 380]
898.0 :    4 : [372, 375, 376, 378]
898.1 :    3 : [371, 373, 379]
898.2 :    3 : [374, 377, 380]
900.1 :    4 : [372, 375, 376, 378]
900.2 :    3 : [371, 373, 379]
900.3 :    3 : [374, 377, 380]
902.2 :    4 : [372, 375, 376, 378]
902.3 :    3 : [371, 373, 379]
902.4 :    3 : [374, 377, 380]
904.3 :    4 : [372, 375, 376, 378]
904.4 :    3 : [371, 373, 379]
904.5 :    3 : [374, 377, 380]
906.4 :    4 : [372, 375, 376, 378]
906.5 :    3 : [371, 373, 379]
906.6 :    3 : [374, 377, 380]
908.5 :    4 : [372, 375, 376, 378]
908.6 :    3 : [371, 373, 379]
908.7 :    3 : [374, 377, 380]
910.6 :    4 : [372, 375, 376, 378]
910.7 :    3 : [371, 373, 379]
910.8 :    3 : [374, 377, 380]
912.7 :    4 : [372, 375, 376, 378]
912.8 :    3 : [371, 373, 379]
912.9 :    3 : [374, 377, 380]
914.8 :    4 : [372, 375, 376, 378]
914.9 :    3 : [371, 373, 379]
915.0 :    3 : [374, 377, 380]
916.9 :    4 : [372, 375, 376, 378]
917.0 :    3 : [371, 373, 379]
917.1 :    3 : [374, 377, 380]
919.0 :    4 : [372, 375, 376, 378]
919.1 :    3 : [371, 373, 379]
919.2 :    3 : [374, 377, 380]
921.1 :    4 : [372, 375, 376, 378]
921.2 :    3 : [371, 373, 379]
921.3 :    3 : [374, 377, 380]
923.2 :    4 : [372, 375, 376, 378]
923.3 :    3 : [371, 373, 379]
923.4 :    3 : [374, 377, 380]
925.3 :    4 : [372, 375, 376, 378]
925.4 :    3 : [371, 373, 379]
925.5 :    3 : [374, 377, 380]
927.4 :    4 : [372, 375, 376, 378]
927.5 :    3 : [371, 373, 379]
927.6 :    3 : [374, 377, 380]
929.5 :    4 : [372, 375, 376, 378]
929.6 :    3 : [371, 373, 379]
929.7 :    3 : [374, 377, 380]
931.6 :    4 : [372, 375, 376, 378]
931.7 :    3 : [371, 373, 379]
931.8 :    3 : [374, 377, 380]
933.7 :    4 : [372, 375, 376, 378]
933.8 :    3 : [371, 373, 379]
933.9 :    3 : [374, 377, 380]
935.8 :    4 : [372, 375, 376, 378]
935.9 :    3 : [371, 373, 379]
936.0 :    3 : [374, 377, 380]
937.9 :    4 : [372, 375, 376, 378]
938.0 :    3 : [371, 373, 379]
938.1 :    3 : [374, 377, 380]
940.0 :    4 : [372, 375, 376, 378]
940.1 :    3 : [371, 373, 379]
940.2 :    3 : [374, 377, 380]
942.1 :    4 : [372, 375, 376, 378]
942.2 :    3 : [371, 373, 379]
942.3 :    3 : [374, 377, 380]
944.2 :    4 : [372, 375, 376, 378]
944.3 :    3 : [371, 373, 379]
944.4 :    3 : [374, 377, 380]
946.3 :    4 : [372, 375, 376, 378]
946.4 :    3 : [371, 373, 379]
946.5 :    3 : [374, 377, 380]
948.4 :    4 : [372, 375, 376, 378]
948.5 :    3 : [371, 373, 379]
948.6 :    3 : [374, 377, 380]
950.5 :    4 : [372, 375, 376, 378]
950.6 :    3 : [371, 373, 379]
950.7 :    3 : [374, 377, 380]
952.6 :    4 : [372, 375, 376, 378]
952.7 :    3 : [371, 373, 379]
952.8 :    3 : [374, 377, 380]
954.7 :    4 : [372, 375, 376, 378]
954.8 :    3 : [371, 373, 379]
954.9 :    3 : [374, 377, 380]
956.8 :    4 : [372, 375, 376, 378]
956.9 :    3 : [371, 373, 379]
957.0 :    3 : [374, 377, 380]
958.9 :    4 : [372, 375, 376, 378]
959.0 :    3 : [371, 373, 379]
959.1 :    3 : [374, 377, 380]
961.0 :    4 : [372, 375, 376, 378]
961.1 :    3 : [371, 373, 379]
961.2 :    3 : [374, 377, 380]
963.1 :    4 : [372, 375, 376, 378]
963.2 :    3 : [371, 373, 379]
963.3 :    3 : [374, 377, 380]
965.2 :    4 : [372, 375, 376, 378]
965.3 :    3 : [371, 373, 379]
965.4 :    3 : [374, 377, 380]
967.3 :    4 : [372, 375, 376, 378]
967.4 :    3 : [371, 373, 379]
967.5 :    3 : [374, 377, 380]
969.4 :    4 : [372, 375, 376, 378]
969.5 :    3 : [371, 373, 379]
969.6 :    3 : [374, 377, 380]
971.5 :    4 : [372, 375, 376, 378]
971.6 :    3 : [371, 373, 379]
971.7 :    3 : [374, 377, 380]
973.6 :    4 : [372, 375, 376, 378]
973.7 :    3 : [371, 373, 379]
973.8 :    3 : [374, 377, 380]
975.7 :    4 : [372, 375, 376, 378]
975.8 :    3 : [371, 373, 379]
975.9 :    3 : [374, 377, 380]
977.8 :    4 : [372, 375, 376, 378]
977.9 :    3 : [371, 373, 379]
978.0 :    3 : [374, 377, 380]
979.9 :    4 : [372, 375, 376, 378]
980.0 :    3 : [371, 373, 379]
980.1 :    3 : [374, 377, 380]
982.0 :    4 : [372, 375, 376, 378]
982.1 :    3 : [371, 373, 379]
982.2 :    3 : [374, 377, 380]
984.1 :    4 : [372, 375, 376, 378]
984.2 :    3 : [371, 373, 379]
984.3 :    3 : [374, 377, 380]
986.2 :    4 : [372, 375, 376, 378]
986.3 :    3 : [371, 373, 379]
986.4 :    3 : [374, 377, 380]
988.3 :    4 : [372, 375, 376, 378]
988.4 :    3 : [371, 373, 379]
988.5 :    3 : [374, 377, 380]
990.4 :    4 : [372, 375, 376, 378]
990.5 :    3 : [371, 373, 379]
990.6 :    3 : [374, 377, 380]
992.5 :    4 : [372, 375, 376, 378]
992.6 :    3 : [371, 373, 379]
992.7 :    3 : [374, 377, 380]
994.6 :    4 : [372, 375, 376, 378]
994.7 :    3 : [371, 373, 379]
994.8 :    3 : [374, 377, 380]
996.7 :    4 : [372, 375, 376, 378]
996.8 :    3 : [371, 373, 379]
996.9 :    3 : [374, 377, 380]
998.8 :    4 : [372, 375, 376, 378]
998.9 :    3 : [371, 373, 379]
999.0 :    3 : [374, 377, 380]
