       0.0     44.2       44.2  0.0 15:40:53.475088
      44.2     40.0       84.2 10.0 15:40:58.482289
      84.2     40.0      124.3 20.0 15:41:03.490071
     124.3     40.1      164.4 30.0 15:41:08.508016
     164.4     40.1      204.5 40.0 15:41:13.522980
     204.5     40.1      244.6 50.0 15:41:18.537985
     244.6     40.1      284.7 60.0 15:41:23.555827
     284.7     40.1      324.8 70.0 15:41:28.568888
     324.8     40.2      364.9 80.0 15:41:33.592359
     364.9     40.1      405.0 90.0 15:41:38.605951
     405.0     40.1      445.1 100.0 15:41:43.621828
     445.1     40.1      485.3 110.0 15:41:48.641661
     485.3     40.1      525.3 120.0 15:41:53.655742
     525.3     40.2      565.5 130.0 15:41:58.679989
     565.5     40.1      605.6 140.0 15:42:03.696695
     605.6     40.2      645.8 150.0 15:42:08.719422
     645.8     40.1      685.9 160.0 15:42:13.737713
     685.9     40.2      726.1 170.0 15:42:18.761862
     726.1     40.2      766.2 180.0 15:42:23.787218
     766.2     40.1      806.4 190.0 15:42:28.805822
     806.4     40.3      846.7 200.0 15:42:33.845435
     846.7     40.2      886.8 210.0 15:42:38.870049
     886.8     40.3      927.2 220.0 15:42:43.915368
     927.2     40.3      967.5 230.0 15:42:48.958847
     967.5     40.3     1007.8 240.0 15:42:54.002932
    1007.8     40.4     1048.2 250.0 15:42:59.049623
    1048.2     40.4     1088.5 260.0 15:43:04.097474
    1088.5     40.4     1128.9 270.0 15:43:09.145232
    1128.9     40.3     1169.2 280.0 15:43:14.189656
    1169.2     40.4     1209.6 290.0 15:43:19.240444
    1209.6     40.4     1250.0 300.0 15:43:24.287341
    1250.0     40.4     1290.3 310.0 15:43:29.335515
    1290.3     40.4     1330.7 320.0 15:43:34.385377
    1330.7     40.3     1371.0 330.0 15:43:39.428508
    1371.0     40.4     1411.4 340.0 15:43:44.478852
    1411.4     40.3     1451.7 350.0 15:43:49.520659
    1451.7     40.4     1492.1 360.0 15:43:54.574450
    1492.1     40.4     1532.5 370.0 15:43:59.626335
    1532.5     40.4     1572.9 380.0 15:44:04.676467
    1572.9     40.4     1613.3 390.0 15:44:09.731469
    1613.3     40.4     1653.7 400.0 15:44:14.779840
    1653.7     40.6     1694.3 410.0 15:44:19.861506
    1694.3     40.4     1734.7 420.0 15:44:24.917885
    1734.7     40.5     1775.2 430.0 15:44:29.980089
    1775.2     40.5     1815.7 440.0 15:44:35.040336
    1815.7     40.4     1856.1 450.0 15:44:40.099096
    1856.1     40.5     1896.6 460.0 15:44:45.164190
    1896.6     40.5     1937.1 470.0 15:44:50.225373
    1937.1     40.5     1977.6 480.0 15:44:55.294445
    1977.6     40.5     2018.1 490.0 15:45:00.355489
    2018.1     40.5     2058.6 500.0 15:45:05.425719
    2058.6     40.5     2099.1 510.0 15:45:10.492230
    2099.1     40.5     2139.6 520.0 15:45:15.555572
    2139.6     40.5     2180.2 530.0 15:45:20.626730
    2180.2     40.5     2220.7 540.0 15:45:25.690950
    2220.7     40.6     2261.2 550.0 15:45:30.762065
    2261.2     40.5     2301.7 560.0 15:45:35.826882
    2301.7     40.5     2342.2 570.0 15:45:40.897749
    2342.2     40.5     2382.8 580.0 15:45:45.964534
    2382.8     40.5     2423.3 590.0 15:45:51.030200
    2423.3     40.5     2463.8 600.0 15:45:56.101622
    2463.8     40.5     2504.3 610.0 15:46:01.164774
    2504.3     40.6     2544.8 620.0 15:46:06.237537
    2544.8     40.5     2585.4 630.0 15:46:11.307500
    2585.4     40.6     2625.9 640.0 15:46:16.380981
    2625.9     40.6     2666.5 650.0 15:46:21.454752
    2666.5     40.6     2707.1 660.0 15:46:26.530880
    2707.1     40.6     2747.7 670.0 15:46:31.613014
    2747.7     40.3     2788.0 680.0 15:46:36.691889
    2788.0     40.1     2828.1 690.0 15:46:41.883505
    2828.1     40.5     2868.6 700.0 15:46:46.956894
    2868.6     40.7     2909.3 710.0 15:46:52.043855
    2909.3     40.7     2950.0 720.0 15:46:57.133422
    2950.0     40.7     2990.7 730.0 15:47:02.226125
    2990.7     40.7     3031.3 740.0 15:47:07.313609
    3031.3     40.7     3072.0 750.0 15:47:12.400579
    3072.0     40.7     3112.7 760.0 15:47:17.497849
    3112.7     40.7     3153.4 770.0 15:47:22.588638
    3153.4     40.8     3194.2 780.0 15:47:27.687927
    3194.2     40.7     3234.9 790.0 15:47:32.782417
    3234.9     40.7     3275.6 800.0 15:47:37.871743
    3275.6     40.7     3316.3 810.0 15:47:42.958269
    3316.3     40.9     3357.2 820.0 15:47:48.081864
    3357.2     40.7     3397.8 830.0 15:47:53.170541
    3397.8     40.7     3438.5 840.0 15:47:58.257677
    3438.5     40.8     3479.2 850.0 15:48:03.356236
    3479.2     40.7     3520.0 860.0 15:48:08.449265
    3520.0     40.7     3560.7 870.0 15:48:13.544099
    3560.7     40.7     3601.4 880.0 15:48:18.639842
    3601.4     40.7     3642.1 890.0 15:48:23.730507
    3642.1     40.8     3682.9 900.0 15:48:28.828533
    3682.9     39.8     3722.7 910.0 15:48:34.078793
    3722.7     40.7     3763.4 920.0 15:48:39.175158
    3763.4     40.7     3804.1 930.0 15:48:44.263624
    3804.1     40.7     3844.9 940.0 15:48:49.361545
    3844.9     40.7     3885.6 950.0 15:48:54.455327
    3885.6     40.7     3926.3 960.0 15:48:59.547950
    3926.3     40.7     3967.1 970.0 15:49:04.645165
    3967.1     40.7     4007.8 980.0 15:49:09.738899
    4007.8     40.8     4048.5 990.0 15:49:14.834891
