Name: GPi [GABA], Title: Raster plot from device '20315', Hist: False
 14.6 :    5 : [291, 293, 294, 295, 296]
 14.7 :    5 : [292, 297, 298, 299, 300]
 16.8 :    8 : [291, 292, 293, 294, 295, 296, 299, 300]
 16.9 :    2 : [297, 298]
 18.9 :    8 : [291, 292, 293, 294, 295, 296, 299, 300]
 19.0 :    2 : [297, 298]
 21.0 :    6 : [291, 292, 293, 295, 299, 300]
 21.1 :    2 : [294, 296]
 21.2 :    1 : [297]
 21.3 :    1 : [298]
 23.1 :    6 : [291, 292, 293, 295, 299, 300]
 23.2 :    2 : [294, 296]
 23.3 :    1 : [297]
 23.4 :    1 : [298]
 25.2 :    6 : [291, 292, 293, 295, 299, 300]
 25.4 :    1 : [296]
 25.5 :    1 : [294]
 25.8 :    1 : [297]
 26.2 :    1 : [298]
 27.3 :    6 : [291, 292, 293, 295, 299, 300]
 27.5 :    1 : [296]
 27.6 :    1 : [294]
 27.9 :    1 : [297]
 28.3 :    1 : [298]
 29.4 :    6 : [291, 292, 293, 295, 299, 300]
 29.7 :    1 : [296]
 29.8 :    1 : [294]
 30.3 :    1 : [297]
 31.4 :    1 : [298]
 31.5 :    6 : [291, 292, 293, 295, 299, 300]
 31.8 :    1 : [296]
 31.9 :    1 : [294]
 32.4 :    1 : [297]
 33.5 :    1 : [298]
 33.6 :    6 : [291, 292, 293, 295, 299, 300]
 34.0 :    1 : [296]
 34.1 :    1 : [294]
 34.9 :    1 : [297]
 35.6 :    1 : [298]
 35.7 :    6 : [291, 292, 293, 295, 299, 300]
 36.1 :    1 : [296]
 36.2 :    1 : [294]
 37.0 :    1 : [297]
 37.7 :    1 : [298]
 37.8 :    6 : [291, 292, 293, 295, 299, 300]
 38.3 :    1 : [296]
 38.4 :    1 : [294]
 39.7 :    1 : [297]
 39.8 :    1 : [298]
 39.9 :    6 : [291, 292, 293, 295, 299, 300]
 40.4 :    1 : [296]
 40.5 :    1 : [294]
 41.8 :    1 : [297]
 42.0 :    7 : [291, 292, 293, 295, 298, 299, 300]
 42.6 :    1 : [296]
 42.7 :    1 : [294]
 44.0 :    1 : [297]
 44.1 :    7 : [291, 292, 293, 295, 298, 299, 300]
 44.7 :    1 : [296]
 44.8 :    1 : [294]
 46.1 :    1 : [297]
 46.2 :    7 : [291, 292, 293, 295, 298, 299, 300]
 46.9 :    1 : [296]
 47.0 :    1 : [294]
 48.2 :    1 : [297]
 48.3 :    7 : [291, 292, 293, 295, 298, 299, 300]
 49.0 :    1 : [296]
 49.1 :    1 : [294]
 50.3 :    1 : [297]
 50.4 :    7 : [291, 292, 293, 295, 298, 299, 300]
 51.2 :    1 : [296]
 51.3 :    1 : [294]
 52.4 :    1 : [297]
 52.5 :    7 : [291, 292, 293, 295, 298, 299, 300]
 53.3 :    1 : [296]
 53.4 :    1 : [294]
 54.5 :    1 : [297]
 54.6 :    7 : [291, 292, 293, 295, 298, 299, 300]
 55.5 :    1 : [296]
 55.6 :    1 : [294]
 56.6 :    1 : [297]
 56.7 :    7 : [291, 292, 293, 295, 298, 299, 300]
 57.6 :    1 : [296]
 57.7 :    1 : [294]
 58.7 :    1 : [297]
 58.8 :    7 : [291, 292, 293, 295, 298, 299, 300]
 59.8 :    1 : [296]
 59.9 :    1 : [294]
 60.8 :    1 : [297]
 60.9 :    7 : [291, 292, 293, 295, 298, 299, 300]
 61.9 :    1 : [296]
 62.0 :    1 : [294]
 62.9 :    1 : [297]
 63.0 :    7 : [291, 292, 293, 295, 298, 299, 300]
 64.2 :    1 : [296]
 64.3 :    1 : [294]
 65.0 :    1 : [297]
 65.1 :    7 : [291, 292, 293, 295, 298, 299, 300]
 66.3 :    1 : [296]
 66.4 :    1 : [294]
 67.1 :    1 : [297]
 67.2 :    7 : [291, 292, 293, 295, 298, 299, 300]
 68.6 :    1 : [296]
 68.7 :    1 : [294]
 69.2 :    1 : [297]
 69.3 :    7 : [291, 292, 293, 295, 298, 299, 300]
 70.7 :    1 : [296]
 70.8 :    1 : [294]
 71.3 :    1 : [297]
 71.4 :    7 : [291, 292, 293, 295, 298, 299, 300]
 73.1 :    1 : [296]
 73.2 :    1 : [294]
 73.4 :    1 : [297]
 73.5 :    7 : [291, 292, 293, 295, 298, 299, 300]
 75.2 :    1 : [296]
 75.3 :    1 : [294]
 75.5 :    1 : [297]
 75.6 :    7 : [291, 292, 293, 295, 298, 299, 300]
 77.6 :    3 : [294, 296, 297]
 77.7 :    7 : [291, 292, 293, 295, 298, 299, 300]
 79.7 :    3 : [294, 296, 297]
 79.8 :    7 : [291, 292, 293, 295, 298, 299, 300]
 81.8 :    3 : [294, 296, 297]
 81.9 :    7 : [291, 292, 293, 295, 298, 299, 300]
 83.9 :    3 : [294, 296, 297]
 84.0 :    7 : [291, 292, 293, 295, 298, 299, 300]
 86.0 :    3 : [294, 296, 297]
 86.1 :    7 : [291, 292, 293, 295, 298, 299, 300]
 88.1 :    3 : [294, 296, 297]
 88.2 :    7 : [291, 292, 293, 295, 298, 299, 300]
 90.2 :    3 : [294, 296, 297]
 90.3 :    7 : [291, 292, 293, 295, 298, 299, 300]
 92.3 :    3 : [294, 296, 297]
 92.4 :    7 : [291, 292, 293, 295, 298, 299, 300]
 94.4 :    3 : [294, 296, 297]
 94.5 :    7 : [291, 292, 293, 295, 298, 299, 300]
 96.5 :    3 : [294, 296, 297]
 96.6 :    7 : [291, 292, 293, 295, 298, 299, 300]
 98.6 :    3 : [294, 296, 297]
 98.7 :    7 : [291, 292, 293, 295, 298, 299, 300]
100.7 :    3 : [294, 296, 297]
100.8 :    7 : [291, 292, 293, 295, 298, 299, 300]
102.8 :    3 : [294, 296, 297]
102.9 :    7 : [291, 292, 293, 295, 298, 299, 300]
104.9 :    3 : [294, 296, 297]
105.0 :    7 : [291, 292, 293, 295, 298, 299, 300]
107.0 :    3 : [294, 296, 297]
107.1 :    7 : [291, 292, 293, 295, 298, 299, 300]
109.1 :    3 : [294, 296, 297]
109.2 :    7 : [291, 292, 293, 295, 298, 299, 300]
111.2 :    3 : [294, 296, 297]
111.3 :    7 : [291, 292, 293, 295, 298, 299, 300]
113.3 :    3 : [294, 296, 297]
113.4 :    7 : [291, 292, 293, 295, 298, 299, 300]
115.4 :    3 : [294, 296, 297]
115.5 :    7 : [291, 292, 293, 295, 298, 299, 300]
117.5 :    3 : [294, 296, 297]
117.6 :    7 : [291, 292, 293, 295, 298, 299, 300]
119.6 :    3 : [294, 296, 297]
119.7 :    7 : [291, 292, 293, 295, 298, 299, 300]
121.7 :    3 : [294, 296, 297]
121.8 :    7 : [291, 292, 293, 295, 298, 299, 300]
123.8 :    3 : [294, 296, 297]
123.9 :    7 : [291, 292, 293, 295, 298, 299, 300]
125.9 :    3 : [294, 296, 297]
126.0 :    7 : [291, 292, 293, 295, 298, 299, 300]
128.0 :    3 : [294, 296, 297]
128.1 :    7 : [291, 292, 293, 295, 298, 299, 300]
130.1 :    3 : [294, 296, 297]
130.2 :    7 : [291, 292, 293, 295, 298, 299, 300]
132.2 :    3 : [294, 296, 297]
132.3 :    7 : [291, 292, 293, 295, 298, 299, 300]
134.3 :    3 : [294, 296, 297]
134.4 :    7 : [291, 292, 293, 295, 298, 299, 300]
136.4 :    3 : [294, 296, 297]
136.5 :    7 : [291, 292, 293, 295, 298, 299, 300]
138.5 :    3 : [294, 296, 297]
138.6 :    7 : [291, 292, 293, 295, 298, 299, 300]
140.6 :    3 : [294, 296, 297]
140.7 :    7 : [291, 292, 293, 295, 298, 299, 300]
142.7 :    3 : [294, 296, 297]
142.8 :    7 : [291, 292, 293, 295, 298, 299, 300]
144.8 :    3 : [294, 296, 297]
144.9 :    7 : [291, 292, 293, 295, 298, 299, 300]
146.9 :    3 : [294, 296, 297]
147.0 :    7 : [291, 292, 293, 295, 298, 299, 300]
149.0 :    3 : [294, 296, 297]
149.1 :    7 : [291, 292, 293, 295, 298, 299, 300]
151.1 :    3 : [294, 296, 297]
151.2 :    7 : [291, 292, 293, 295, 298, 299, 300]
153.2 :    3 : [294, 296, 297]
153.3 :    7 : [291, 292, 293, 295, 298, 299, 300]
155.3 :    3 : [294, 296, 297]
155.4 :    7 : [291, 292, 293, 295, 298, 299, 300]
157.4 :    3 : [294, 296, 297]
157.5 :    7 : [291, 292, 293, 295, 298, 299, 300]
159.5 :    3 : [294, 296, 297]
159.6 :    7 : [291, 292, 293, 295, 298, 299, 300]
161.6 :    3 : [294, 296, 297]
161.7 :    7 : [291, 292, 293, 295, 298, 299, 300]
163.7 :    3 : [294, 296, 297]
163.8 :    7 : [291, 292, 293, 295, 298, 299, 300]
165.8 :    3 : [294, 296, 297]
165.9 :    7 : [291, 292, 293, 295, 298, 299, 300]
167.9 :    3 : [294, 296, 297]
168.0 :    7 : [291, 292, 293, 295, 298, 299, 300]
170.0 :    3 : [294, 296, 297]
170.1 :    7 : [291, 292, 293, 295, 298, 299, 300]
172.1 :    3 : [294, 296, 297]
172.2 :    7 : [291, 292, 293, 295, 298, 299, 300]
174.2 :    3 : [294, 296, 297]
174.3 :    7 : [291, 292, 293, 295, 298, 299, 300]
176.3 :    3 : [294, 296, 297]
176.4 :    7 : [291, 292, 293, 295, 298, 299, 300]
178.4 :    3 : [294, 296, 297]
178.5 :    7 : [291, 292, 293, 295, 298, 299, 300]
180.5 :    3 : [294, 296, 297]
180.6 :    7 : [291, 292, 293, 295, 298, 299, 300]
182.6 :    3 : [294, 296, 297]
182.7 :    7 : [291, 292, 293, 295, 298, 299, 300]
184.7 :    3 : [294, 296, 297]
184.8 :    7 : [291, 292, 293, 295, 298, 299, 300]
186.8 :    3 : [294, 296, 297]
186.9 :    7 : [291, 292, 293, 295, 298, 299, 300]
188.9 :    3 : [294, 296, 297]
189.0 :    7 : [291, 292, 293, 295, 298, 299, 300]
191.0 :    3 : [294, 296, 297]
191.1 :    7 : [291, 292, 293, 295, 298, 299, 300]
193.1 :    3 : [294, 296, 297]
193.2 :    7 : [291, 292, 293, 295, 298, 299, 300]
195.2 :    3 : [294, 296, 297]
195.3 :    7 : [291, 292, 293, 295, 298, 299, 300]
197.3 :    3 : [294, 296, 297]
197.4 :    7 : [291, 292, 293, 295, 298, 299, 300]
199.4 :    3 : [294, 296, 297]
199.5 :    7 : [291, 292, 293, 295, 298, 299, 300]
201.5 :    3 : [294, 296, 297]
201.6 :    7 : [291, 292, 293, 295, 298, 299, 300]
203.6 :    3 : [294, 296, 297]
203.7 :    7 : [291, 292, 293, 295, 298, 299, 300]
205.7 :    3 : [294, 296, 297]
205.8 :    7 : [291, 292, 293, 295, 298, 299, 300]
207.8 :    3 : [294, 296, 297]
207.9 :    7 : [291, 292, 293, 295, 298, 299, 300]
209.9 :    3 : [294, 296, 297]
210.0 :    7 : [291, 292, 293, 295, 298, 299, 300]
212.0 :    3 : [294, 296, 297]
212.1 :    7 : [291, 292, 293, 295, 298, 299, 300]
214.1 :    3 : [294, 296, 297]
214.2 :    7 : [291, 292, 293, 295, 298, 299, 300]
