Name: SNr [GABA], Title: Raster plot from device '20329', Hist: False
 14.6 :   12 : [461, 462, 464, 466, 467, 468, 471, 473, 476, 479, 482, 483]
 14.7 :   12 : [463, 465, 469, 470, 472, 474, 475, 477, 478, 480, 481, 484]
 16.7 :    2 : [461, 467]
 16.8 :   18 : [462, 464, 465, 466, 468, 469, 470, 471, 472, 473, 474, 475, 476, 479, 481, 482, 483, 484]
 16.9 :    4 : [463, 477, 478, 480]
 18.8 :    2 : [461, 467]
 18.9 :   18 : [462, 464, 465, 466, 468, 469, 470, 471, 472, 473, 474, 475, 476, 479, 481, 482, 483, 484]
 19.0 :    4 : [463, 477, 478, 480]
 20.9 :    2 : [461, 467]
 21.0 :   15 : [462, 464, 465, 466, 468, 470, 471, 473, 474, 476, 479, 481, 482, 483, 484]
 21.1 :    3 : [469, 472, 475]
 21.2 :    2 : [477, 480]
 21.3 :    2 : [463, 478]
 23.1 :   17 : [461, 462, 464, 465, 466, 467, 468, 470, 471, 473, 474, 476, 479, 481, 482, 483, 484]
 23.2 :    3 : [469, 472, 475]
 23.3 :    2 : [477, 480]
 23.4 :    2 : [463, 478]
 25.2 :   17 : [461, 462, 464, 465, 466, 467, 468, 470, 471, 473, 474, 476, 479, 481, 482, 483, 484]
 25.4 :    1 : [475]
 25.5 :    1 : [472]
 25.6 :    1 : [469]
 25.8 :    1 : [477]
 25.9 :    1 : [480]
 26.2 :    2 : [463, 478]
 27.3 :   17 : [461, 462, 464, 465, 466, 467, 468, 470, 471, 473, 474, 476, 479, 481, 482, 483, 484]
 27.5 :    1 : [475]
 27.6 :    1 : [472]
 27.7 :    1 : [469]
 27.9 :    1 : [477]
 28.0 :    1 : [480]
 28.3 :    2 : [463, 478]
 29.4 :   17 : [461, 462, 464, 465, 466, 467, 468, 470, 471, 473, 474, 476, 479, 481, 482, 483, 484]
 29.8 :    1 : [475]
 29.9 :    1 : [472]
 30.1 :    1 : [469]
 30.3 :    1 : [477]
 30.6 :    1 : [480]
 31.4 :    2 : [463, 478]
 31.5 :   17 : [461, 462, 464, 465, 466, 467, 468, 470, 471, 473, 474, 476, 479, 481, 482, 483, 484]
 31.9 :    1 : [475]
 32.0 :    1 : [472]
 32.2 :    1 : [469]
 32.4 :    1 : [477]
 32.7 :    1 : [480]
 33.5 :    2 : [463, 478]
 33.6 :   17 : [461, 462, 464, 465, 466, 467, 468, 470, 471, 473, 474, 476, 479, 481, 482, 483, 484]
 34.2 :    1 : [475]
 34.3 :    1 : [472]
 34.7 :    1 : [469]
 34.9 :    1 : [477]
 35.6 :    3 : [463, 478, 480]
 35.7 :   17 : [461, 462, 464, 465, 466, 467, 468, 470, 471, 473, 474, 476, 479, 481, 482, 483, 484]
 36.3 :    1 : [475]
 36.4 :    1 : [472]
 36.8 :    1 : [469]
 37.0 :    1 : [477]
 37.7 :    2 : [463, 478]
 37.8 :   18 : [461, 462, 464, 465, 466, 467, 468, 470, 471, 473, 474, 476, 479, 480, 481, 482, 483, 484]
 38.6 :    1 : [475]
 38.7 :    1 : [472]
 39.4 :    1 : [469]
 39.6 :    1 : [477]
 39.8 :    2 : [463, 478]
 39.9 :   18 : [461, 462, 464, 465, 466, 467, 468, 470, 471, 473, 474, 476, 479, 480, 481, 482, 483, 484]
 40.7 :    1 : [475]
 40.8 :    1 : [472]
 41.5 :    1 : [469]
 41.7 :    1 : [477]
 42.0 :   20 : [461, 462, 463, 464, 465, 466, 467, 468, 470, 471, 473, 474, 476, 478, 479, 480, 481, 482, 483, 484]
 43.0 :    1 : [475]
 43.2 :    1 : [472]
 44.0 :    2 : [469, 477]
 44.1 :   20 : [461, 462, 463, 464, 465, 466, 467, 468, 470, 471, 473, 474, 476, 478, 479, 480, 481, 482, 483, 484]
 45.1 :    1 : [475]
 45.3 :    1 : [472]
 46.1 :    1 : [477]
 46.2 :   21 : [461, 462, 463, 464, 465, 466, 467, 468, 469, 470, 471, 473, 474, 476, 478, 479, 480, 481, 482, 483, 484]
 47.5 :    1 : [475]
 47.8 :    1 : [472]
 48.2 :    1 : [477]
 48.3 :   21 : [461, 462, 463, 464, 465, 466, 467, 468, 469, 470, 471, 473, 474, 476, 478, 479, 480, 481, 482, 483, 484]
 49.6 :    1 : [475]
 49.9 :    1 : [472]
 50.3 :    1 : [477]
 50.4 :   21 : [461, 462, 463, 464, 465, 466, 467, 468, 469, 470, 471, 473, 474, 476, 478, 479, 480, 481, 482, 483, 484]
 52.1 :    1 : [475]
 52.4 :    2 : [472, 477]
 52.5 :   21 : [461, 462, 463, 464, 465, 466, 467, 468, 469, 470, 471, 473, 474, 476, 478, 479, 480, 481, 482, 483, 484]
 54.2 :    1 : [475]
 54.5 :    2 : [472, 477]
 54.6 :   21 : [461, 462, 463, 464, 465, 466, 467, 468, 469, 470, 471, 473, 474, 476, 478, 479, 480, 481, 482, 483, 484]
 56.6 :    3 : [472, 475, 477]
 56.7 :   21 : [461, 462, 463, 464, 465, 466, 467, 468, 469, 470, 471, 473, 474, 476, 478, 479, 480, 481, 482, 483, 484]
 58.7 :    3 : [472, 475, 477]
 58.8 :   21 : [461, 462, 463, 464, 465, 466, 467, 468, 469, 470, 471, 473, 474, 476, 478, 479, 480, 481, 482, 483, 484]
 60.8 :    3 : [472, 475, 477]
 60.9 :   21 : [461, 462, 463, 464, 465, 466, 467, 468, 469, 470, 471, 473, 474, 476, 478, 479, 480, 481, 482, 483, 484]
 62.9 :    3 : [472, 475, 477]
 63.0 :   21 : [461, 462, 463, 464, 465, 466, 467, 468, 469, 470, 471, 473, 474, 476, 478, 479, 480, 481, 482, 483, 484]
 65.0 :    3 : [472, 475, 477]
 65.1 :   21 : [461, 462, 463, 464, 465, 466, 467, 468, 469, 470, 471, 473, 474, 476, 478, 479, 480, 481, 482, 483, 484]
 67.1 :    3 : [472, 475, 477]
 67.2 :   21 : [461, 462, 463, 464, 465, 466, 467, 468, 469, 470, 471, 473, 474, 476, 478, 479, 480, 481, 482, 483, 484]
 69.2 :    3 : [472, 475, 477]
 69.3 :   21 : [461, 462, 463, 464, 465, 466, 467, 468, 469, 470, 471, 473, 474, 476, 478, 479, 480, 481, 482, 483, 484]
 71.3 :    3 : [472, 475, 477]
 71.4 :   21 : [461, 462, 463, 464, 465, 466, 467, 468, 469, 470, 471, 473, 474, 476, 478, 479, 480, 481, 482, 483, 484]
 73.4 :    3 : [472, 475, 477]
 73.5 :   21 : [461, 462, 463, 464, 465, 466, 467, 468, 469, 470, 471, 473, 474, 476, 478, 479, 480, 481, 482, 483, 484]
 75.5 :    3 : [472, 475, 477]
 75.6 :   21 : [461, 462, 463, 464, 465, 466, 467, 468, 469, 470, 471, 473, 474, 476, 478, 479, 480, 481, 482, 483, 484]
 77.6 :    3 : [472, 475, 477]
 77.7 :   21 : [461, 462, 463, 464, 465, 466, 467, 468, 469, 470, 471, 473, 474, 476, 478, 479, 480, 481, 482, 483, 484]
 79.7 :    3 : [472, 475, 477]
 79.8 :   21 : [461, 462, 463, 464, 465, 466, 467, 468, 469, 470, 471, 473, 474, 476, 478, 479, 480, 481, 482, 483, 484]
 81.8 :    3 : [472, 475, 477]
 81.9 :   21 : [461, 462, 463, 464, 465, 466, 467, 468, 469, 470, 471, 473, 474, 476, 478, 479, 480, 481, 482, 483, 484]
 83.9 :    3 : [472, 475, 477]
 84.0 :   21 : [461, 462, 463, 464, 465, 466, 467, 468, 469, 470, 471, 473, 474, 476, 478, 479, 480, 481, 482, 483, 484]
 86.0 :    3 : [472, 475, 477]
 86.1 :   21 : [461, 462, 463, 464, 465, 466, 467, 468, 469, 470, 471, 473, 474, 476, 478, 479, 480, 481, 482, 483, 484]
 88.1 :    3 : [472, 475, 477]
 88.2 :   21 : [461, 462, 463, 464, 465, 466, 467, 468, 469, 470, 471, 473, 474, 476, 478, 479, 480, 481, 482, 483, 484]
 90.2 :    3 : [472, 475, 477]
 90.3 :   21 : [461, 462, 463, 464, 465, 466, 467, 468, 469, 470, 471, 473, 474, 476, 478, 479, 480, 481, 482, 483, 484]
 92.3 :    3 : [472, 475, 477]
 92.4 :   21 : [461, 462, 463, 464, 465, 466, 467, 468, 469, 470, 471, 473, 474, 476, 478, 479, 480, 481, 482, 483, 484]
 94.4 :    3 : [472, 475, 477]
 94.5 :   21 : [461, 462, 463, 464, 465, 466, 467, 468, 469, 470, 471, 473, 474, 476, 478, 479, 480, 481, 482, 483, 484]
 96.5 :    3 : [472, 475, 477]
 96.6 :   21 : [461, 462, 463, 464, 465, 466, 467, 468, 469, 470, 471, 473, 474, 476, 478, 479, 480, 481, 482, 483, 484]
 98.6 :    3 : [472, 475, 477]
 98.7 :   21 : [461, 462, 463, 464, 465, 466, 467, 468, 469, 470, 471, 473, 474, 476, 478, 479, 480, 481, 482, 483, 484]
100.7 :    3 : [472, 475, 477]
100.8 :   21 : [461, 462, 463, 464, 465, 466, 467, 468, 469, 470, 471, 473, 474, 476, 478, 479, 480, 481, 482, 483, 484]
102.8 :    3 : [472, 475, 477]
102.9 :   21 : [461, 462, 463, 464, 465, 466, 467, 468, 469, 470, 471, 473, 474, 476, 478, 479, 480, 481, 482, 483, 484]
104.9 :    3 : [472, 475, 477]
105.0 :   21 : [461, 462, 463, 464, 465, 466, 467, 468, 469, 470, 471, 473, 474, 476, 478, 479, 480, 481, 482, 483, 484]
107.0 :    3 : [472, 475, 477]
107.1 :   21 : [461, 462, 463, 464, 465, 466, 467, 468, 469, 470, 471, 473, 474, 476, 478, 479, 480, 481, 482, 483, 484]
109.1 :    3 : [472, 475, 477]
109.2 :   21 : [461, 462, 463, 464, 465, 466, 467, 468, 469, 470, 471, 473, 474, 476, 478, 479, 480, 481, 482, 483, 484]
111.2 :    3 : [472, 475, 477]
111.3 :   21 : [461, 462, 463, 464, 465, 466, 467, 468, 469, 470, 471, 473, 474, 476, 478, 479, 480, 481, 482, 483, 484]
113.3 :    3 : [472, 475, 477]
113.4 :   21 : [461, 462, 463, 464, 465, 466, 467, 468, 469, 470, 471, 473, 474, 476, 478, 479, 480, 481, 482, 483, 484]
115.4 :    3 : [472, 475, 477]
115.5 :   21 : [461, 462, 463, 464, 465, 466, 467, 468, 469, 470, 471, 473, 474, 476, 478, 479, 480, 481, 482, 483, 484]
117.5 :    3 : [472, 475, 477]
117.6 :   21 : [461, 462, 463, 464, 465, 466, 467, 468, 469, 470, 471, 473, 474, 476, 478, 479, 480, 481, 482, 483, 484]
119.6 :    3 : [472, 475, 477]
119.7 :   21 : [461, 462, 463, 464, 465, 466, 467, 468, 469, 470, 471, 473, 474, 476, 478, 479, 480, 481, 482, 483, 484]
121.7 :    3 : [472, 475, 477]
121.8 :   21 : [461, 462, 463, 464, 465, 466, 467, 468, 469, 470, 471, 473, 474, 476, 478, 479, 480, 481, 482, 483, 484]
123.8 :    3 : [472, 475, 477]
123.9 :   21 : [461, 462, 463, 464, 465, 466, 467, 468, 469, 470, 471, 473, 474, 476, 478, 479, 480, 481, 482, 483, 484]
125.9 :    3 : [472, 475, 477]
126.0 :   21 : [461, 462, 463, 464, 465, 466, 467, 468, 469, 470, 471, 473, 474, 476, 478, 479, 480, 481, 482, 483, 484]
128.0 :    3 : [472, 475, 477]
128.1 :   21 : [461, 462, 463, 464, 465, 466, 467, 468, 469, 470, 471, 473, 474, 476, 478, 479, 480, 481, 482, 483, 484]
130.1 :    3 : [472, 475, 477]
130.2 :   21 : [461, 462, 463, 464, 465, 466, 467, 468, 469, 470, 471, 473, 474, 476, 478, 479, 480, 481, 482, 483, 484]
132.2 :    3 : [472, 475, 477]
132.3 :   21 : [461, 462, 463, 464, 465, 466, 467, 468, 469, 470, 471, 473, 474, 476, 478, 479, 480, 481, 482, 483, 484]
134.3 :    3 : [472, 475, 477]
134.4 :   21 : [461, 462, 463, 464, 465, 466, 467, 468, 469, 470, 471, 473, 474, 476, 478, 479, 480, 481, 482, 483, 484]
136.4 :    3 : [472, 475, 477]
136.5 :   21 : [461, 462, 463, 464, 465, 466, 467, 468, 469, 470, 471, 473, 474, 476, 478, 479, 480, 481, 482, 483, 484]
138.5 :    3 : [472, 475, 477]
138.6 :   21 : [461, 462, 463, 464, 465, 466, 467, 468, 469, 470, 471, 473, 474, 476, 478, 479, 480, 481, 482, 483, 484]
140.6 :    3 : [472, 475, 477]
140.7 :   21 : [461, 462, 463, 464, 465, 466, 467, 468, 469, 470, 471, 473, 474, 476, 478, 479, 480, 481, 482, 483, 484]
142.7 :    3 : [472, 475, 477]
142.8 :   21 : [461, 462, 463, 464, 465, 466, 467, 468, 469, 470, 471, 473, 474, 476, 478, 479, 480, 481, 482, 483, 484]
144.8 :    3 : [472, 475, 477]
144.9 :   21 : [461, 462, 463, 464, 465, 466, 467, 468, 469, 470, 471, 473, 474, 476, 478, 479, 480, 481, 482, 483, 484]
146.9 :    3 : [472, 475, 477]
147.0 :   21 : [461, 462, 463, 464, 465, 466, 467, 468, 469, 470, 471, 473, 474, 476, 478, 479, 480, 481, 482, 483, 484]
149.0 :    3 : [472, 475, 477]
149.1 :   21 : [461, 462, 463, 464, 465, 466, 467, 468, 469, 470, 471, 473, 474, 476, 478, 479, 480, 481, 482, 483, 484]
151.1 :    3 : [472, 475, 477]
151.2 :   21 : [461, 462, 463, 464, 465, 466, 467, 468, 469, 470, 471, 473, 474, 476, 478, 479, 480, 481, 482, 483, 484]
153.2 :    3 : [472, 475, 477]
153.3 :   21 : [461, 462, 463, 464, 465, 466, 467, 468, 469, 470, 471, 473, 474, 476, 478, 479, 480, 481, 482, 483, 484]
155.3 :    3 : [472, 475, 477]
155.4 :   21 : [461, 462, 463, 464, 465, 466, 467, 468, 469, 470, 471, 473, 474, 476, 478, 479, 480, 481, 482, 483, 484]
157.4 :    3 : [472, 475, 477]
157.5 :   21 : [461, 462, 463, 464, 465, 466, 467, 468, 469, 470, 471, 473, 474, 476, 478, 479, 480, 481, 482, 483, 484]
159.5 :    3 : [472, 475, 477]
159.6 :   21 : [461, 462, 463, 464, 465, 466, 467, 468, 469, 470, 471, 473, 474, 476, 478, 479, 480, 481, 482, 483, 484]
161.6 :    3 : [472, 475, 477]
161.7 :   21 : [461, 462, 463, 464, 465, 466, 467, 468, 469, 470, 471, 473, 474, 476, 478, 479, 480, 481, 482, 483, 484]
163.7 :    3 : [472, 475, 477]
163.8 :   21 : [461, 462, 463, 464, 465, 466, 467, 468, 469, 470, 471, 473, 474, 476, 478, 479, 480, 481, 482, 483, 484]
165.8 :    3 : [472, 475, 477]
165.9 :   21 : [461, 462, 463, 464, 465, 466, 467, 468, 469, 470, 471, 473, 474, 476, 478, 479, 480, 481, 482, 483, 484]
167.9 :    3 : [472, 475, 477]
168.0 :   21 : [461, 462, 463, 464, 465, 466, 467, 468, 469, 470, 471, 473, 474, 476, 478, 479, 480, 481, 482, 483, 484]
170.0 :    3 : [472, 475, 477]
170.1 :   21 : [461, 462, 463, 464, 465, 466, 467, 468, 469, 470, 471, 473, 474, 476, 478, 479, 480, 481, 482, 483, 484]
172.1 :    3 : [472, 475, 477]
172.2 :   21 : [461, 462, 463, 464, 465, 466, 467, 468, 469, 470, 471, 473, 474, 476, 478, 479, 480, 481, 482, 483, 484]
174.2 :    3 : [472, 475, 477]
174.3 :   21 : [461, 462, 463, 464, 465, 466, 467, 468, 469, 470, 471, 473, 474, 476, 478, 479, 480, 481, 482, 483, 484]
176.3 :    3 : [472, 475, 477]
176.4 :   21 : [461, 462, 463, 464, 465, 466, 467, 468, 469, 470, 471, 473, 474, 476, 478, 479, 480, 481, 482, 483, 484]
178.4 :    3 : [472, 475, 477]
178.5 :   21 : [461, 462, 463, 464, 465, 466, 467, 468, 469, 470, 471, 473, 474, 476, 478, 479, 480, 481, 482, 483, 484]
180.5 :    3 : [472, 475, 477]
180.6 :   21 : [461, 462, 463, 464, 465, 466, 467, 468, 469, 470, 471, 473, 474, 476, 478, 479, 480, 481, 482, 483, 484]
182.6 :    3 : [472, 475, 477]
182.7 :   21 : [461, 462, 463, 464, 465, 466, 467, 468, 469, 470, 471, 473, 474, 476, 478, 479, 480, 481, 482, 483, 484]
184.7 :    3 : [472, 475, 477]
184.8 :   21 : [461, 462, 463, 464, 465, 466, 467, 468, 469, 470, 471, 473, 474, 476, 478, 479, 480, 481, 482, 483, 484]
186.8 :    3 : [472, 475, 477]
186.9 :   21 : [461, 462, 463, 464, 465, 466, 467, 468, 469, 470, 471, 473, 474, 476, 478, 479, 480, 481, 482, 483, 484]
188.9 :    3 : [472, 475, 477]
189.0 :   21 : [461, 462, 463, 464, 465, 466, 467, 468, 469, 470, 471, 473, 474, 476, 478, 479, 480, 481, 482, 483, 484]
191.0 :    3 : [472, 475, 477]
191.1 :   21 : [461, 462, 463, 464, 465, 466, 467, 468, 469, 470, 471, 473, 474, 476, 478, 479, 480, 481, 482, 483, 484]
193.1 :    3 : [472, 475, 477]
193.2 :   21 : [461, 462, 463, 464, 465, 466, 467, 468, 469, 470, 471, 473, 474, 476, 478, 479, 480, 481, 482, 483, 484]
195.2 :    3 : [472, 475, 477]
195.3 :   21 : [461, 462, 463, 464, 465, 466, 467, 468, 469, 470, 471, 473, 474, 476, 478, 479, 480, 481, 482, 483, 484]
197.3 :    3 : [472, 475, 477]
197.4 :   21 : [461, 462, 463, 464, 465, 466, 467, 468, 469, 470, 471, 473, 474, 476, 478, 479, 480, 481, 482, 483, 484]
199.4 :    3 : [472, 475, 477]
199.5 :   21 : [461, 462, 463, 464, 465, 466, 467, 468, 469, 470, 471, 473, 474, 476, 478, 479, 480, 481, 482, 483, 484]
201.5 :    3 : [472, 475, 477]
201.6 :   21 : [461, 462, 463, 464, 465, 466, 467, 468, 469, 470, 471, 473, 474, 476, 478, 479, 480, 481, 482, 483, 484]
203.6 :    3 : [472, 475, 477]
203.7 :   21 : [461, 462, 463, 464, 465, 466, 467, 468, 469, 470, 471, 473, 474, 476, 478, 479, 480, 481, 482, 483, 484]
205.7 :    3 : [472, 475, 477]
205.8 :   21 : [461, 462, 463, 464, 465, 466, 467, 468, 469, 470, 471, 473, 474, 476, 478, 479, 480, 481, 482, 483, 484]
207.8 :    3 : [472, 475, 477]
207.9 :   21 : [461, 462, 463, 464, 465, 466, 467, 468, 469, 470, 471, 473, 474, 476, 478, 479, 480, 481, 482, 483, 484]
209.9 :    3 : [472, 475, 477]
210.0 :   21 : [461, 462, 463, 464, 465, 466, 467, 468, 469, 470, 471, 473, 474, 476, 478, 479, 480, 481, 482, 483, 484]
212.0 :    3 : [472, 475, 477]
212.1 :   21 : [461, 462, 463, 464, 465, 466, 467, 468, 469, 470, 471, 473, 474, 476, 478, 479, 480, 481, 482, 483, 484]
214.1 :    3 : [472, 475, 477]
214.2 :   21 : [461, 462, 463, 464, 465, 466, 467, 468, 469, 470, 471, 473, 474, 476, 478, 479, 480, 481, 482, 483, 484]
