Name: Prefrontal cortex [Glu1], Title: Raster plot from device '20335', Hist: False
213.5 :    1 : [953]
213.6 :    1 : [888]
213.7 :    1 : [911]
213.8 :    1 : [894]
213.9 :    1 : [886]
214.3 :    1 : [967]
214.4 :    5 : [928, 941, 943, 944, 961]
214.5 :    1 : [905]
214.6 :    2 : [952, 971]
214.7 :    2 : [957, 969]
214.8 :    4 : [887, 912, 936, 963]
214.9 :   12 : [889, 892, 893, 913, 915, 926, 929, 933, 948, 950, 955, 970]
215.0 :    2 : [910, 932]
215.1 :    2 : [898, 923]
215.2 :    2 : [890, 973]
215.3 :    7 : [884, 903, 904, 937, 940, 974, 977]
215.4 :    2 : [902, 920]
215.5 :    4 : [882, 899, 947, 954]
215.6 :    3 : [921, 939, 942]
215.7 :    2 : [934, 938]
215.8 :    2 : [895, 975]
215.9 :    1 : [922]
216.0 :    6 : [896, 900, 909, 930, 945, 964]
216.1 :    2 : [907, 927]
216.3 :    1 : [966]
216.6 :    1 : [888]
216.7 :    6 : [891, 894, 897, 917, 958, 965]
216.8 :    3 : [931, 951, 953]
216.9 :    4 : [911, 918, 935, 972]
217.1 :    1 : [886]
217.2 :    5 : [883, 943, 946, 949, 967]
217.3 :    6 : [916, 924, 941, 956, 961, 971]
217.4 :   16 : [887, 889, 901, 906, 908, 914, 928, 936, 944, 948, 952, 957, 959, 963, 970, 976]
217.5 :   10 : [910, 912, 913, 926, 929, 932, 933, 950, 955, 969]
217.6 :    6 : [893, 903, 905, 919, 960, 962]
217.7 :    2 : [892, 920]
217.8 :    6 : [884, 885, 925, 940, 968, 977]
217.9 :    6 : [882, 898, 899, 923, 954, 973]
218.0 :    4 : [902, 915, 937, 974]
218.1 :    3 : [890, 904, 939]
218.2 :    1 : [895]
218.3 :    3 : [921, 938, 942]
218.4 :    2 : [934, 947]
218.5 :    1 : [945]
218.6 :    1 : [922]
218.7 :    1 : [975]
218.8 :    1 : [964]
219.0 :    1 : [930]
219.1 :    2 : [900, 909]
219.2 :    1 : [894]
219.4 :    5 : [888, 896, 911, 917, 953]
219.5 :    6 : [891, 897, 907, 927, 965, 966]
219.6 :    3 : [943, 951, 958]
219.7 :    5 : [889, 931, 935, 941, 970]
219.8 :   11 : [887, 901, 924, 948, 949, 955, 956, 961, 963, 967, 976]
219.9 :   16 : [903, 906, 908, 910, 913, 914, 916, 918, 932, 933, 936, 946, 950, 957, 959, 969]
220.0 :    9 : [886, 893, 912, 920, 926, 929, 944, 952, 971]
220.1 :    4 : [905, 928, 962, 972]
220.2 :    2 : [892, 919]
220.3 :    5 : [882, 883, 884, 899, 940]
220.4 :    1 : [954]
220.5 :    2 : [898, 977]
220.7 :    1 : [885]
220.8 :    1 : [902]
220.9 :    2 : [923, 937]
221.0 :    2 : [973, 974]
221.1 :    1 : [939]
221.5 :    2 : [904, 947]
221.6 :    6 : [894, 915, 921, 922, 942, 945]
221.7 :    2 : [890, 895]
221.8 :    5 : [925, 930, 934, 938, 964]
221.9 :    4 : [917, 943, 953, 965]
222.0 :    6 : [889, 891, 900, 911, 968, 970]
222.1 :    8 : [888, 901, 909, 924, 941, 951, 955, 963]
222.2 :    8 : [887, 896, 897, 903, 948, 960, 966, 976]
222.3 :    7 : [910, 913, 950, 959, 961, 967, 969]
222.4 :    9 : [893, 908, 920, 931, 932, 933, 935, 956, 957]
222.5 :    5 : [886, 905, 907, 927, 949]
222.6 :    4 : [906, 926, 946, 975]
222.7 :    5 : [914, 916, 918, 936, 944]
222.8 :    2 : [912, 929]
222.9 :    4 : [892, 899, 952, 962]
223.0 :    2 : [882, 928]
223.1 :    4 : [884, 919, 954, 971]
223.2 :    2 : [940, 958]
223.4 :    1 : [898]
223.5 :    2 : [972, 977]
223.6 :    1 : [902]
223.7 :    3 : [937, 939, 974]
223.8 :    2 : [883, 973]
223.9 :    1 : [894]
224.0 :    4 : [885, 923, 942, 945]
224.1 :    3 : [895, 922, 947]
224.2 :    6 : [921, 938, 943, 953, 964, 965]
224.3 :    3 : [889, 904, 970]
224.4 :    8 : [911, 917, 924, 925, 930, 934, 955, 963]
224.5 :    5 : [888, 891, 901, 915, 941]
224.6 :    2 : [887, 903]
224.7 :    7 : [890, 900, 909, 913, 948, 969, 976]
224.8 :    5 : [910, 950, 951, 961, 968]
224.9 :    2 : [959, 966]
225.0 :    3 : [893, 920, 933]
225.1 :    5 : [905, 908, 932, 957, 967]
225.2 :    2 : [886, 897]
225.3 :    2 : [896, 935]
225.4 :    4 : [912, 926, 936, 949]
225.5 :    5 : [899, 929, 931, 944, 956]
225.6 :    3 : [906, 946, 952]
225.7 :    2 : [928, 971]
225.9 :    1 : [954]
226.0 :    1 : [977]
226.2 :    4 : [894, 898, 902, 919]
226.3 :    1 : [974]
226.4 :    1 : [937]
226.5 :    3 : [943, 972, 973]
226.6 :    1 : [965]
226.7 :    1 : [885]
226.8 :    1 : [963]
227.0 :    1 : [901]
227.1 :    3 : [888, 941, 947]
227.2 :    1 : [917]
227.3 :    3 : [930, 948, 969]
227.4 :    1 : [950]
227.5 :    1 : [953]
227.6 :    1 : [967]
227.7 :    2 : [893, 957]
227.8 :    2 : [900, 920]
227.9 :    2 : [889, 970]
228.0 :    4 : [905, 926, 929, 955]
228.1 :    2 : [886, 887]
228.2 :    4 : [913, 932, 939, 956]
228.3 :    4 : [896, 931, 946, 954]
228.4 :    2 : [928, 971]
228.5 :    2 : [894, 977]
228.8 :    4 : [898, 902, 919, 943]
229.2 :    1 : [965]
229.3 :    2 : [937, 974]
229.4 :    1 : [963]
229.6 :    1 : [973]
229.7 :    2 : [901, 941]
229.8 :    1 : [888]
229.9 :    3 : [917, 948, 972]
230.0 :    2 : [950, 969]
230.1 :    3 : [885, 947, 967]
230.2 :    3 : [920, 930, 957]
230.3 :    2 : [889, 893]
230.4 :    2 : [955, 970]
230.5 :    5 : [900, 905, 926, 929, 953]
230.7 :    4 : [886, 887, 913, 954]
230.8 :    1 : [956]
230.9 :    1 : [894]
231.2 :    1 : [943]
231.5 :    1 : [971]
232.0 :    2 : [963, 965]
232.3 :    6 : [901, 932, 939, 941, 946, 950]
232.4 :    2 : [948, 969]
232.5 :    3 : [888, 902, 977]
232.6 :    3 : [889, 920, 967]
232.7 :    3 : [937, 955, 957]
232.8 :    5 : [893, 898, 930, 953, 970]
232.9 :    1 : [905]
233.1 :    2 : [885, 917]
233.2 :    1 : [913]
233.3 :    1 : [900]
233.5 :    3 : [886, 926, 947]
233.6 :    2 : [887, 894]
233.7 :    1 : [943]
233.9 :    1 : [929]
234.0 :    1 : [954]
234.1 :    1 : [971]
234.2 :    1 : [956]
234.3 :    1 : [973]
234.6 :    1 : [965]
234.8 :    1 : [901]
235.0 :    1 : [950]
235.1 :    1 : [969]
236.5 :    1 : [943]
236.8 :    1 : [905]
237.1 :    1 : [971]
237.2 :    2 : [901, 965]
716.9 :    5 : [891, 908, 945, 959, 976]
717.0 :    2 : [906, 924]
717.1 :    1 : [903]
717.2 :    1 : [884]
717.4 :    1 : [925]
717.7 :    1 : [910]
717.9 :    2 : [899, 914]
718.0 :    2 : [919, 922]
718.1 :    1 : [964]
718.2 :    1 : [936]
718.3 :    3 : [892, 895, 911]
718.4 :    1 : [940]
718.5 :    5 : [916, 938, 939, 944, 975]
718.6 :    9 : [882, 905, 912, 913, 923, 934, 942, 946, 962]
718.7 :    8 : [918, 931, 951, 955, 960, 961, 974, 977]
718.8 :    3 : [907, 928, 966]
718.9 :    4 : [909, 937, 947, 968]
719.0 :    3 : [897, 917, 933]
719.1 :    2 : [935, 952]
719.2 :    8 : [883, 885, 889, 898, 904, 921, 953, 967]
719.3 :    3 : [949, 963, 972]
719.4 :    2 : [900, 930]
719.5 :    3 : [924, 927, 945]
719.6 :    4 : [891, 902, 915, 959]
719.7 :    2 : [903, 973]
719.8 :    6 : [884, 888, 890, 906, 908, 976]
719.9 :    2 : [896, 958]
720.1 :    2 : [932, 970]
720.3 :    1 : [910]
720.4 :    4 : [899, 925, 941, 957]
720.7 :    1 : [911]
720.9 :    1 : [971]
721.0 :    5 : [912, 920, 922, 938, 939]
721.1 :    2 : [934, 955]
721.2 :    2 : [916, 961]
721.3 :    1 : [926]
721.4 :    1 : [923]
721.6 :    2 : [909, 918]
721.7 :    4 : [889, 917, 931, 963]
721.8 :    4 : [907, 921, 967, 968]
721.9 :    2 : [885, 897]
722.0 :    2 : [904, 924]
722.1 :    2 : [903, 945]
722.2 :    4 : [914, 927, 959, 960]
722.4 :    2 : [900, 919]
722.5 :    1 : [976]
722.6 :    2 : [884, 906]
722.7 :    1 : [972]
722.8 :    4 : [891, 908, 910, 941]
722.9 :    3 : [899, 957, 958]
723.1 :    1 : [911]
723.5 :    1 : [920]
723.9 :    1 : [955]
724.1 :    1 : [963]
724.4 :    1 : [931]
725.1 :    2 : [885, 889]
725.6 :    1 : [912]
725.7 :    2 : [939, 957]
725.9 :    2 : [884, 941]
726.0 :    1 : [938]
726.3 :    2 : [920, 955]
726.5 :    1 : [911]
726.8 :    1 : [963]
727.0 :    2 : [909, 917]
727.1 :    1 : [969]
727.3 :    1 : [931]
