Name: Motor cortex [Glu1], Title: Raster plot from device '10144', Hist: False
113.9 :   17 : [1984, 1989, 1995, 2009, 2017, 2021, 2063, 2075, 2084, 2111, 2123, 2136, 2159, 2178, 2185, 2207, 2218]
114.0 :  173 : [1981, 1982, 1983, 1986, 1987, 1988, 1990, 1991, 1993, 1994, 1996, 1998, 2000, 2001, 2002, 2003, 2004, 2005, 2006, 2007, 2008, 2010, 2011, 2013, 2014, 2015, 2016, 2019, 2022, 2023, 2024, 2025, 2027, 2029, 2030, 2031, 2032, 2033, 2034, 2035, 2036, 2037, 2038, 2039, 2042, 2043, 2045, 2046, 2047, 2048, 2049, 2050, 2051, 2053, 2054, 2055, 2056, 2057, 2059, 2060, 2061, 2062, 2064, 2065, 2066, 2069, 2070, 2071, 2072, 2073, 2076, 2078, 2082, 2083, 2085, 2086, 2087, 2088, 2089, 2091, 2093, 2095, 2096, 2098, 2100, 2101, 2103, 2104, 2105, 2106, 2107, 2109, 2110, 2113, 2114, 2115, 2116, 2118, 2119, 2121, 2122, 2124, 2125, 2127, 2128, 2129, 2132, 2135, 2138, 2139, 2140, 2141, 2142, 2143, 2144, 2145, 2147, 2148, 2150, 2151, 2153, 2154, 2155, 2158, 2160, 2162, 2163, 2164, 2167, 2168, 2169, 2170, 2171, 2172, 2176, 2177, 2179, 2180, 2181, 2182, 2183, 2184, 2186, 2187, 2188, 2189, 2190, 2191, 2192, 2193, 2194, 2195, 2196, 2197, 2198, 2199, 2200, 2201, 2202, 2203, 2204, 2205, 2206, 2208, 2209, 2210, 2211, 2213, 2214, 2215, 2217, 2221, 2222]
114.1 :   14 : [2067, 2079, 2094, 2097, 2102, 2112, 2130, 2134, 2152, 2157, 2161, 2166, 2212, 2223]
116.5 :    2 : [2159, 2218]
116.6 :   21 : [1984, 1989, 1995, 2005, 2017, 2021, 2024, 2027, 2030, 2039, 2057, 2063, 2082, 2084, 2121, 2123, 2136, 2139, 2185, 2203, 2207]
116.7 :  175 : [1981, 1982, 1983, 1986, 1987, 1988, 1990, 1991, 1993, 1994, 1996, 1998, 2000, 2001, 2002, 2003, 2004, 2006, 2007, 2008, 2009, 2010, 2011, 2013, 2014, 2015, 2016, 2019, 2022, 2023, 2025, 2029, 2031, 2032, 2033, 2034, 2035, 2036, 2037, 2038, 2042, 2043, 2045, 2046, 2047, 2048, 2049, 2050, 2051, 2053, 2054, 2055, 2056, 2059, 2060, 2061, 2062, 2064, 2065, 2066, 2067, 2069, 2070, 2072, 2073, 2075, 2076, 2078, 2079, 2083, 2085, 2086, 2087, 2088, 2089, 2091, 2095, 2096, 2097, 2098, 2100, 2101, 2102, 2103, 2104, 2105, 2106, 2107, 2109, 2110, 2111, 2112, 2113, 2114, 2115, 2116, 2118, 2119, 2122, 2124, 2125, 2127, 2128, 2129, 2134, 2135, 2138, 2140, 2141, 2142, 2143, 2144, 2145, 2147, 2148, 2150, 2151, 2152, 2153, 2154, 2155, 2157, 2158, 2160, 2161, 2162, 2163, 2164, 2166, 2167, 2168, 2169, 2170, 2172, 2176, 2177, 2178, 2179, 2180, 2181, 2182, 2183, 2184, 2186, 2187, 2188, 2189, 2190, 2191, 2192, 2193, 2194, 2195, 2196, 2197, 2198, 2199, 2200, 2201, 2202, 2204, 2205, 2206, 2208, 2209, 2210, 2211, 2212, 2213, 2214, 2215, 2217, 2221, 2222, 2223]
116.8 :    6 : [2071, 2093, 2094, 2130, 2132, 2171]
118.9 :    5 : [2021, 2063, 2159, 2207, 2218]
119.0 :  156 : [1982, 1984, 1987, 1989, 1990, 1991, 1993, 1994, 1995, 1996, 1998, 2001, 2002, 2004, 2005, 2006, 2007, 2008, 2009, 2010, 2011, 2013, 2014, 2016, 2017, 2019, 2022, 2023, 2024, 2025, 2027, 2029, 2030, 2031, 2032, 2033, 2035, 2036, 2037, 2038, 2039, 2042, 2043, 2045, 2046, 2048, 2050, 2051, 2054, 2056, 2057, 2059, 2060, 2061, 2062, 2064, 2066, 2067, 2069, 2070, 2072, 2075, 2076, 2078, 2082, 2083, 2084, 2085, 2086, 2087, 2088, 2089, 2091, 2096, 2098, 2100, 2101, 2103, 2104, 2105, 2106, 2109, 2110, 2111, 2112, 2113, 2114, 2115, 2116, 2118, 2121, 2122, 2123, 2125, 2127, 2128, 2129, 2135, 2136, 2138, 2139, 2140, 2142, 2143, 2147, 2150, 2151, 2153, 2154, 2155, 2158, 2160, 2162, 2163, 2164, 2167, 2168, 2169, 2170, 2172, 2176, 2177, 2178, 2179, 2181, 2182, 2185, 2186, 2188, 2189, 2190, 2191, 2192, 2193, 2194, 2195, 2196, 2197, 2198, 2199, 2200, 2201, 2202, 2203, 2204, 2205, 2206, 2209, 2210, 2211, 2212, 2214, 2215, 2217, 2221, 2222]
119.1 :   43 : [1981, 1983, 1986, 1988, 2000, 2003, 2015, 2034, 2047, 2049, 2053, 2055, 2065, 2071, 2073, 2079, 2093, 2094, 2095, 2097, 2102, 2107, 2119, 2124, 2130, 2132, 2134, 2141, 2144, 2145, 2148, 2152, 2157, 2161, 2166, 2171, 2180, 2183, 2184, 2187, 2208, 2213, 2223]
121.2 :    8 : [1989, 2021, 2057, 2063, 2136, 2159, 2207, 2218]
121.3 :  127 : [1982, 1984, 1993, 1994, 1995, 1998, 2001, 2002, 2004, 2005, 2007, 2008, 2009, 2010, 2011, 2013, 2014, 2016, 2017, 2019, 2022, 2023, 2024, 2025, 2027, 2029, 2030, 2032, 2033, 2035, 2036, 2037, 2038, 2039, 2042, 2043, 2045, 2047, 2050, 2054, 2056, 2059, 2060, 2061, 2062, 2064, 2066, 2067, 2069, 2070, 2075, 2076, 2078, 2082, 2083, 2084, 2085, 2086, 2088, 2089, 2091, 2100, 2101, 2103, 2104, 2105, 2106, 2109, 2110, 2111, 2113, 2115, 2116, 2118, 2121, 2123, 2125, 2127, 2128, 2129, 2135, 2138, 2139, 2140, 2142, 2147, 2150, 2151, 2153, 2155, 2158, 2160, 2162, 2163, 2164, 2168, 2169, 2170, 2172, 2176, 2177, 2178, 2181, 2182, 2185, 2186, 2191, 2192, 2195, 2196, 2198, 2199, 2200, 2201, 2202, 2203, 2204, 2205, 2206, 2209, 2210, 2211, 2213, 2214, 2217, 2221, 2222]
121.4 :   68 : [1981, 1983, 1986, 1987, 1988, 1990, 1991, 1996, 2000, 2003, 2006, 2015, 2031, 2034, 2046, 2048, 2049, 2051, 2053, 2055, 2065, 2071, 2072, 2073, 2079, 2087, 2094, 2095, 2096, 2097, 2098, 2102, 2107, 2112, 2114, 2119, 2122, 2124, 2130, 2132, 2134, 2141, 2143, 2144, 2145, 2148, 2152, 2154, 2157, 2161, 2166, 2167, 2171, 2179, 2180, 2183, 2184, 2187, 2188, 2189, 2190, 2193, 2194, 2197, 2208, 2212, 2215, 2223]
121.5 :    1 : [2093]
123.5 :    1 : [2218]
123.6 :    3 : [2063, 2136, 2159]
123.7 :   41 : [1984, 1989, 2004, 2005, 2007, 2010, 2013, 2017, 2021, 2024, 2025, 2027, 2030, 2039, 2043, 2056, 2057, 2059, 2076, 2082, 2085, 2086, 2088, 2089, 2106, 2113, 2115, 2121, 2123, 2129, 2138, 2139, 2147, 2151, 2155, 2160, 2177, 2185, 2198, 2203, 2207]
123.8 :  104 : [1981, 1982, 1987, 1991, 1993, 1994, 1995, 1998, 2001, 2002, 2008, 2009, 2011, 2014, 2016, 2019, 2022, 2023, 2029, 2033, 2035, 2036, 2037, 2038, 2042, 2045, 2047, 2048, 2049, 2050, 2051, 2054, 2060, 2061, 2062, 2064, 2066, 2067, 2070, 2075, 2078, 2079, 2083, 2084, 2091, 2100, 2101, 2103, 2104, 2105, 2109, 2111, 2114, 2116, 2118, 2122, 2124, 2125, 2127, 2128, 2135, 2140, 2141, 2142, 2150, 2153, 2158, 2162, 2163, 2164, 2167, 2168, 2169, 2170, 2172, 2176, 2178, 2180, 2181, 2182, 2183, 2186, 2187, 2189, 2191, 2192, 2194, 2195, 2196, 2199, 2200, 2201, 2202, 2204, 2205, 2206, 2209, 2210, 2211, 2213, 2214, 2217, 2221, 2222]
123.9 :   42 : [1986, 1988, 1990, 1996, 2000, 2006, 2015, 2031, 2032, 2034, 2053, 2055, 2065, 2069, 2072, 2073, 2087, 2096, 2097, 2098, 2102, 2107, 2110, 2112, 2119, 2132, 2134, 2143, 2144, 2148, 2152, 2157, 2166, 2179, 2188, 2190, 2193, 2197, 2208, 2212, 2215, 2223]
124.0 :   13 : [1983, 2003, 2046, 2071, 2093, 2094, 2095, 2130, 2145, 2154, 2161, 2171, 2184]
126.1 :    1 : [2218]
126.2 :    2 : [2136, 2159]
126.3 :    9 : [2021, 2030, 2056, 2057, 2059, 2063, 2139, 2151, 2207]
126.4 :   33 : [1984, 1989, 2004, 2005, 2007, 2010, 2013, 2024, 2025, 2027, 2043, 2050, 2067, 2076, 2082, 2083, 2085, 2086, 2088, 2089, 2106, 2113, 2115, 2123, 2129, 2138, 2147, 2155, 2160, 2172, 2177, 2198, 2214]
126.5 :   64 : [1981, 1993, 1994, 2001, 2008, 2011, 2014, 2017, 2019, 2022, 2023, 2029, 2033, 2035, 2037, 2038, 2039, 2045, 2047, 2054, 2060, 2061, 2062, 2066, 2070, 2075, 2078, 2084, 2100, 2101, 2103, 2109, 2116, 2118, 2121, 2125, 2127, 2128, 2140, 2142, 2150, 2153, 2162, 2163, 2164, 2167, 2176, 2178, 2181, 2183, 2185, 2186, 2189, 2191, 2201, 2202, 2203, 2206, 2209, 2210, 2211, 2213, 2221, 2222]
126.6 :   54 : [1982, 1987, 1988, 1991, 1995, 1998, 2002, 2006, 2009, 2016, 2032, 2036, 2042, 2048, 2049, 2051, 2053, 2064, 2069, 2079, 2091, 2102, 2104, 2105, 2110, 2111, 2112, 2114, 2122, 2124, 2135, 2141, 2152, 2158, 2168, 2169, 2170, 2180, 2182, 2187, 2192, 2193, 2194, 2195, 2196, 2199, 2200, 2204, 2205, 2208, 2212, 2215, 2217, 2223]
126.7 :   24 : [1990, 1996, 2000, 2015, 2031, 2034, 2055, 2065, 2072, 2073, 2087, 2096, 2097, 2098, 2132, 2134, 2144, 2148, 2157, 2166, 2179, 2188, 2190, 2197]
126.8 :   13 : [1983, 1986, 2003, 2071, 2094, 2107, 2119, 2130, 2143, 2145, 2154, 2161, 2171]
126.9 :    4 : [2046, 2093, 2095, 2184]
129.0 :    1 : [2218]
129.1 :    2 : [2136, 2159]
129.2 :    2 : [2063, 2139]
129.3 :    8 : [2021, 2030, 2056, 2057, 2059, 2076, 2089, 2151]
129.4 :   27 : [1984, 1989, 2004, 2005, 2007, 2010, 2024, 2025, 2027, 2043, 2047, 2050, 2067, 2083, 2085, 2086, 2106, 2113, 2115, 2123, 2129, 2138, 2160, 2172, 2177, 2198, 2207]
129.5 :   40 : [2008, 2011, 2013, 2014, 2017, 2019, 2022, 2023, 2029, 2033, 2037, 2038, 2039, 2045, 2061, 2066, 2070, 2082, 2088, 2103, 2109, 2116, 2121, 2125, 2140, 2142, 2147, 2150, 2155, 2176, 2183, 2185, 2186, 2191, 2203, 2211, 2213, 2214, 2221, 2222]
129.6 :   50 : [1981, 1982, 1987, 1993, 1994, 1998, 2001, 2016, 2035, 2036, 2048, 2049, 2054, 2060, 2062, 2075, 2078, 2079, 2084, 2100, 2101, 2105, 2111, 2114, 2118, 2124, 2127, 2128, 2141, 2153, 2162, 2163, 2164, 2167, 2168, 2178, 2180, 2181, 2189, 2194, 2196, 2199, 2200, 2201, 2202, 2204, 2205, 2206, 2209, 2210]
129.7 :   30 : [1988, 1991, 1995, 2002, 2006, 2009, 2042, 2051, 2053, 2064, 2069, 2091, 2102, 2104, 2110, 2112, 2122, 2152, 2158, 2170, 2182, 2187, 2192, 2193, 2195, 2208, 2212, 2215, 2217, 2223]
129.8 :   21 : [1996, 2015, 2031, 2032, 2055, 2065, 2072, 2073, 2096, 2098, 2132, 2134, 2135, 2144, 2148, 2157, 2169, 2179, 2188, 2190, 2197]
129.9 :   13 : [1986, 1990, 2000, 2003, 2034, 2087, 2094, 2097, 2107, 2119, 2130, 2143, 2166]
130.0 :    6 : [1983, 2071, 2145, 2154, 2161, 2171]
130.1 :    4 : [2046, 2093, 2095, 2184]
132.0 :    3 : [1986, 2107, 2143]
132.1 :    2 : [1983, 2145]
132.2 :    2 : [2093, 2218]
132.4 :    2 : [2136, 2159]
132.5 :    2 : [2063, 2139]
132.6 :    6 : [2030, 2056, 2057, 2059, 2076, 2151]
132.7 :   16 : [1984, 1989, 2005, 2007, 2010, 2021, 2027, 2043, 2089, 2106, 2113, 2123, 2129, 2160, 2198, 2207]
132.8 :   22 : [2004, 2013, 2022, 2024, 2025, 2038, 2047, 2050, 2067, 2083, 2085, 2086, 2088, 2115, 2138, 2142, 2147, 2155, 2172, 2177, 2213, 2214]
132.9 :   35 : [1981, 2008, 2011, 2014, 2017, 2019, 2023, 2029, 2033, 2037, 2039, 2045, 2061, 2066, 2070, 2082, 2103, 2109, 2116, 2121, 2125, 2128, 2140, 2150, 2176, 2183, 2185, 2186, 2189, 2191, 2201, 2203, 2211, 2221, 2222]
133.0 :   36 : [1993, 1994, 1998, 2001, 2016, 2035, 2048, 2049, 2054, 2060, 2062, 2075, 2078, 2079, 2084, 2100, 2101, 2114, 2118, 2124, 2127, 2141, 2153, 2162, 2163, 2164, 2167, 2180, 2181, 2194, 2200, 2202, 2204, 2206, 2209, 2210]
133.1 :   24 : [1982, 1987, 1991, 1995, 2009, 2036, 2051, 2053, 2104, 2105, 2111, 2122, 2158, 2168, 2178, 2182, 2187, 2195, 2196, 2199, 2205, 2208, 2217, 2223]
133.2 :   23 : [1988, 2002, 2006, 2032, 2042, 2055, 2064, 2069, 2073, 2091, 2102, 2110, 2112, 2134, 2135, 2152, 2169, 2170, 2188, 2192, 2193, 2212, 2215]
133.3 :   15 : [1996, 2015, 2031, 2034, 2065, 2072, 2096, 2098, 2132, 2144, 2148, 2157, 2179, 2190, 2197]
133.4 :    8 : [1990, 2000, 2003, 2087, 2094, 2097, 2130, 2166]
133.5 :    5 : [2071, 2119, 2154, 2161, 2171]
133.6 :    3 : [2046, 2095, 2184]
134.4 :    1 : [1986]
134.5 :    1 : [2136]
134.6 :    2 : [2063, 2139]
134.7 :    6 : [2030, 2056, 2057, 2059, 2076, 2151]
134.8 :   16 : [1984, 1989, 2005, 2007, 2010, 2021, 2027, 2043, 2089, 2106, 2113, 2123, 2129, 2160, 2198, 2207]
134.9 :   22 : [2004, 2013, 2022, 2024, 2025, 2038, 2047, 2050, 2067, 2083, 2085, 2086, 2088, 2115, 2138, 2142, 2147, 2155, 2172, 2177, 2213, 2214]
135.0 :   35 : [1981, 2008, 2011, 2014, 2017, 2019, 2023, 2029, 2033, 2037, 2039, 2045, 2061, 2066, 2070, 2082, 2103, 2109, 2116, 2121, 2125, 2128, 2140, 2150, 2176, 2183, 2185, 2186, 2189, 2191, 2201, 2203, 2211, 2221, 2222]
135.1 :   36 : [1993, 1994, 1998, 2001, 2016, 2035, 2048, 2049, 2054, 2060, 2062, 2075, 2078, 2079, 2084, 2100, 2101, 2114, 2118, 2124, 2127, 2141, 2153, 2162, 2163, 2164, 2167, 2180, 2181, 2194, 2200, 2202, 2204, 2206, 2209, 2210]
135.2 :   24 : [1982, 1987, 1991, 1995, 2009, 2036, 2051, 2053, 2104, 2105, 2111, 2122, 2158, 2168, 2178, 2182, 2187, 2195, 2196, 2199, 2205, 2208, 2217, 2223]
135.3 :   23 : [1988, 2002, 2006, 2032, 2042, 2055, 2064, 2069, 2073, 2091, 2102, 2110, 2112, 2134, 2135, 2152, 2169, 2170, 2188, 2192, 2193, 2212, 2215]
135.4 :   17 : [1996, 2015, 2031, 2034, 2065, 2072, 2096, 2098, 2107, 2132, 2143, 2144, 2148, 2157, 2179, 2190, 2197]
135.5 :   10 : [1983, 1990, 2000, 2003, 2087, 2094, 2097, 2130, 2145, 2166]
135.6 :    5 : [2071, 2119, 2154, 2161, 2171]
135.7 :    5 : [2046, 2093, 2095, 2184, 2218]
136.0 :    1 : [2159]
137.0 :    2 : [2013, 2088]
137.1 :   16 : [1981, 2019, 2029, 2033, 2039, 2045, 2066, 2103, 2109, 2128, 2150, 2176, 2189, 2201, 2203, 2211]
137.2 :   24 : [1986, 1993, 1998, 2016, 2035, 2048, 2049, 2054, 2078, 2079, 2084, 2100, 2101, 2114, 2127, 2141, 2162, 2164, 2180, 2194, 2200, 2204, 2209, 2210]
137.3 :   18 : [1982, 1991, 1995, 2009, 2051, 2053, 2104, 2105, 2111, 2122, 2158, 2182, 2187, 2195, 2205, 2208, 2217, 2223]
137.4 :   23 : [1988, 2002, 2006, 2032, 2042, 2055, 2064, 2069, 2073, 2091, 2102, 2110, 2112, 2134, 2135, 2152, 2169, 2170, 2188, 2192, 2193, 2212, 2215]
137.5 :   17 : [1996, 2015, 2031, 2034, 2065, 2072, 2096, 2098, 2107, 2132, 2143, 2144, 2148, 2157, 2179, 2190, 2197]
137.6 :   10 : [1983, 1990, 2000, 2003, 2087, 2094, 2097, 2130, 2145, 2166]
137.7 :    5 : [2071, 2119, 2154, 2161, 2171]
137.8 :    6 : [2046, 2063, 2093, 2095, 2184, 2218]
138.0 :    1 : [2136]
138.1 :    2 : [2139, 2159]
138.2 :    2 : [2030, 2056]
138.3 :    2 : [2059, 2151]
138.4 :    5 : [2010, 2057, 2076, 2089, 2198]
138.5 :   14 : [1984, 1989, 2005, 2007, 2021, 2027, 2043, 2067, 2106, 2113, 2123, 2129, 2160, 2207]
138.6 :   14 : [2004, 2024, 2025, 2047, 2050, 2083, 2085, 2086, 2115, 2138, 2147, 2172, 2177, 2214]
138.7 :   16 : [2011, 2014, 2017, 2022, 2023, 2037, 2038, 2070, 2082, 2121, 2125, 2142, 2155, 2186, 2213, 2222]
138.8 :   10 : [2008, 2060, 2061, 2116, 2140, 2181, 2183, 2185, 2191, 2221]
138.9 :   11 : [1994, 2001, 2062, 2075, 2118, 2124, 2153, 2163, 2167, 2202, 2206]
139.0 :    6 : [1987, 2036, 2168, 2178, 2196, 2199]
139.2 :   16 : [1981, 2019, 2029, 2033, 2039, 2045, 2066, 2103, 2109, 2128, 2150, 2176, 2189, 2201, 2203, 2211]
139.3 :   23 : [1993, 1998, 2016, 2035, 2048, 2049, 2054, 2078, 2079, 2084, 2100, 2101, 2114, 2127, 2141, 2162, 2164, 2180, 2194, 2200, 2204, 2209, 2210]
139.4 :   18 : [1982, 1991, 1995, 2009, 2051, 2053, 2104, 2105, 2111, 2122, 2158, 2182, 2187, 2195, 2205, 2208, 2217, 2223]
139.5 :   23 : [1988, 2002, 2006, 2032, 2042, 2055, 2064, 2069, 2073, 2091, 2102, 2110, 2112, 2134, 2135, 2152, 2169, 2170, 2188, 2192, 2193, 2212, 2215]
139.6 :   15 : [1996, 2015, 2031, 2034, 2065, 2072, 2096, 2098, 2132, 2144, 2148, 2157, 2179, 2190, 2197]
139.7 :   10 : [1990, 2000, 2003, 2087, 2094, 2097, 2107, 2130, 2143, 2166]
139.8 :    6 : [1983, 2071, 2119, 2154, 2161, 2171]
139.9 :    6 : [2046, 2063, 2095, 2145, 2184, 2218]
140.0 :    1 : [2093]
140.1 :    1 : [2136]
140.2 :    2 : [1986, 2159]
140.3 :    1 : [2139]
140.4 :    3 : [2030, 2056, 2059]
140.5 :    2 : [2076, 2151]
140.6 :    5 : [2010, 2027, 2057, 2089, 2198]
140.7 :   12 : [1984, 1989, 2005, 2007, 2021, 2043, 2067, 2106, 2113, 2123, 2129, 2160]
140.8 :   14 : [2004, 2024, 2025, 2047, 2050, 2083, 2085, 2086, 2115, 2138, 2172, 2177, 2207, 2214]
140.9 :   10 : [2013, 2022, 2038, 2070, 2088, 2125, 2142, 2147, 2155, 2213]
141.0 :   17 : [2008, 2011, 2014, 2017, 2023, 2037, 2061, 2082, 2116, 2121, 2140, 2183, 2185, 2186, 2191, 2221, 2222]
141.1 :    9 : [2001, 2060, 2062, 2075, 2118, 2124, 2153, 2181, 2202]
141.2 :    4 : [1994, 2163, 2167, 2206]
141.3 :   22 : [1981, 1987, 2019, 2029, 2033, 2036, 2039, 2045, 2066, 2103, 2109, 2128, 2150, 2168, 2176, 2178, 2189, 2196, 2199, 2201, 2203, 2211]
141.4 :   23 : [1993, 1998, 2016, 2035, 2048, 2049, 2054, 2078, 2079, 2084, 2100, 2101, 2114, 2127, 2141, 2162, 2164, 2180, 2194, 2200, 2204, 2209, 2210]
141.5 :   18 : [1982, 1991, 1995, 2009, 2051, 2053, 2104, 2105, 2111, 2122, 2158, 2182, 2187, 2195, 2205, 2208, 2217, 2223]
141.6 :   21 : [1988, 2002, 2006, 2042, 2055, 2064, 2069, 2073, 2091, 2102, 2110, 2112, 2134, 2152, 2169, 2170, 2188, 2192, 2193, 2212, 2215]
141.7 :   12 : [1996, 2015, 2032, 2065, 2072, 2096, 2098, 2132, 2135, 2144, 2148, 2157]
141.8 :    6 : [2031, 2034, 2097, 2179, 2190, 2197]
141.9 :    5 : [1990, 2000, 2094, 2130, 2166]
142.0 :    4 : [2003, 2087, 2119, 2218]
142.1 :    5 : [2071, 2107, 2143, 2161, 2171]
142.2 :    1 : [2154]
142.3 :    2 : [1983, 2145]
142.4 :    5 : [2046, 2095, 2136, 2159, 2184]
142.5 :    1 : [2093]
142.6 :    1 : [2139]
142.7 :    3 : [2056, 2063, 2198]
142.8 :    3 : [2030, 2059, 2151]
142.9 :    7 : [2004, 2025, 2050, 2076, 2089, 2115, 2214]
143.0 :    3 : [2027, 2057, 2142]
143.1 :    5 : [2007, 2021, 2082, 2113, 2123]
143.2 :    6 : [1989, 2005, 2047, 2085, 2086, 2207]
143.4 :    6 : [2013, 2037, 2070, 2088, 2186, 2222]
143.5 :    7 : [1981, 1986, 2066, 2103, 2121, 2185, 2189]
143.6 :   20 : [2001, 2019, 2029, 2033, 2039, 2045, 2060, 2062, 2109, 2118, 2124, 2128, 2150, 2153, 2176, 2181, 2201, 2202, 2203, 2211]
143.7 :   20 : [1984, 1994, 2035, 2048, 2049, 2075, 2078, 2079, 2100, 2101, 2114, 2141, 2162, 2163, 2164, 2167, 2180, 2194, 2206, 2209]
143.8 :   19 : [1987, 1993, 1998, 2010, 2016, 2022, 2036, 2054, 2061, 2084, 2106, 2125, 2127, 2160, 2196, 2199, 2200, 2204, 2210]
143.9 :   20 : [1982, 1991, 2014, 2038, 2051, 2067, 2104, 2105, 2111, 2122, 2129, 2168, 2178, 2182, 2187, 2191, 2195, 2205, 2208, 2213]
144.0 :    9 : [2009, 2017, 2023, 2053, 2155, 2158, 2217, 2221, 2223]
144.1 :   20 : [1988, 1995, 2002, 2006, 2042, 2064, 2083, 2091, 2102, 2112, 2116, 2134, 2140, 2147, 2152, 2172, 2183, 2192, 2212, 2215]
144.2 :    9 : [2024, 2043, 2055, 2069, 2073, 2110, 2170, 2188, 2193]
144.3 :   12 : [1996, 2015, 2032, 2072, 2096, 2132, 2135, 2138, 2144, 2148, 2169, 2177]
144.4 :    9 : [2008, 2011, 2031, 2034, 2065, 2098, 2157, 2197, 2218]
144.5 :    4 : [2097, 2166, 2179, 2190]
144.6 :    4 : [1990, 2000, 2094, 2130]
144.7 :    2 : [2003, 2087]
144.8 :    5 : [2107, 2119, 2161, 2171, 2198]
144.9 :    2 : [2071, 2143]
145.0 :    6 : [2025, 2115, 2136, 2154, 2159, 2214]
145.1 :    3 : [1983, 2139, 2145]
145.2 :    3 : [2046, 2095, 2184]
145.3 :    1 : [2093]
145.4 :    3 : [2030, 2056, 2059]
145.5 :    2 : [2076, 2151]
145.6 :    3 : [1986, 2063, 2089]
145.7 :    2 : [2027, 2057]
145.8 :    3 : [2021, 2113, 2123]
145.9 :    6 : [1989, 2005, 2007, 2047, 2086, 2106]
146.0 :    3 : [2067, 2085, 2207]
146.2 :    5 : [2013, 2070, 2083, 2088, 2172]
146.3 :    5 : [2037, 2043, 2121, 2186, 2222]
146.4 :   13 : [1981, 2004, 2045, 2066, 2103, 2109, 2128, 2138, 2177, 2181, 2185, 2189, 2211]
146.5 :   19 : [2001, 2008, 2011, 2019, 2029, 2033, 2039, 2050, 2060, 2062, 2118, 2124, 2142, 2150, 2153, 2176, 2201, 2202, 2203]
146.6 :   13 : [1994, 2035, 2048, 2075, 2079, 2114, 2141, 2163, 2164, 2167, 2180, 2194, 2206]
146.7 :    9 : [2049, 2078, 2082, 2100, 2101, 2127, 2162, 2204, 2209]
146.8 :   15 : [1987, 1991, 1993, 1998, 2016, 2022, 2036, 2051, 2054, 2084, 2191, 2196, 2199, 2200, 2210]
146.9 :   10 : [1982, 2061, 2105, 2122, 2125, 2168, 2178, 2182, 2187, 2198]
147.0 :    9 : [2009, 2053, 2104, 2111, 2158, 2195, 2205, 2208, 2223]
147.1 :    9 : [2006, 2014, 2025, 2042, 2102, 2115, 2213, 2214, 2217]
147.2 :   13 : [1984, 1988, 1995, 2002, 2064, 2091, 2112, 2134, 2152, 2192, 2212, 2215, 2221]
147.3 :    8 : [2038, 2055, 2069, 2073, 2160, 2188, 2193, 2218]
147.4 :    8 : [2010, 2017, 2023, 2110, 2116, 2169, 2170, 2183]
147.5 :   12 : [1996, 2015, 2032, 2096, 2129, 2132, 2135, 2140, 2144, 2147, 2148, 2155]
147.6 :    4 : [2065, 2072, 2098, 2157]
147.7 :    3 : [2031, 2034, 2197]
147.8 :    4 : [2024, 2097, 2179, 2190]
147.9 :    2 : [2000, 2166]
148.0 :    5 : [1990, 2094, 2130, 2136, 2159]
148.1 :    1 : [2003]
148.2 :    1 : [2139]
148.3 :    4 : [2087, 2119, 2161, 2171]
148.4 :    3 : [2043, 2071, 2107]
148.5 :    2 : [2004, 2056]
148.6 :    4 : [2030, 2050, 2142, 2143]
148.7 :    4 : [2059, 2063, 2151, 2154]
148.8 :    2 : [2076, 2082]
148.9 :    2 : [1983, 2089]
149.0 :    2 : [2057, 2198]
149.2 :    4 : [1986, 2014, 2027, 2145]
149.3 :    4 : [1984, 2113, 2123, 2221]
149.4 :    8 : [2021, 2025, 2038, 2047, 2106, 2115, 2160, 2214]
149.5 :   10 : [2005, 2007, 2010, 2017, 2023, 2067, 2086, 2095, 2116, 2183]
149.6 :    7 : [1989, 2046, 2085, 2129, 2140, 2147, 2155]
149.7 :    4 : [2083, 2172, 2184, 2207]
149.9 :    1 : [2024]
150.0 :    2 : [2022, 2191]
150.2 :    3 : [2011, 2138, 2177]
150.3 :    6 : [2008, 2013, 2061, 2070, 2088, 2222]
150.4 :    2 : [2125, 2186]
150.5 :    3 : [2037, 2043, 2093]
150.7 :    2 : [2121, 2213]
150.8 :    4 : [2004, 2050, 2103, 2142]
150.9 :    2 : [1981, 2189]
151.0 :    1 : [2082]
151.3 :    1 : [2218]
151.4 :    2 : [1984, 1986]
151.5 :    3 : [2106, 2160, 2198]
151.6 :    2 : [2010, 2067]
151.7 :    2 : [2129, 2155]
151.8 :    3 : [2066, 2083, 2172]
152.0 :    1 : [2024]
152.1 :    4 : [2022, 2025, 2115, 2214]
152.2 :    1 : [2063]
152.4 :    3 : [2061, 2138, 2177]
152.5 :    3 : [2008, 2011, 2125]
152.7 :    2 : [2014, 2221]
152.8 :    1 : [2213]
153.0 :    1 : [2043]
153.1 :    2 : [2038, 2116]
153.2 :    2 : [2023, 2183]
153.3 :    3 : [2004, 2017, 2142]
153.4 :    3 : [2050, 2140, 2147]
153.5 :    2 : [1984, 2191]
153.6 :    2 : [2082, 2160]
153.7 :    2 : [2010, 2106]
153.8 :    3 : [1986, 2129, 2155]
153.9 :    1 : [2067]
154.1 :    2 : [2083, 2172]
154.2 :    1 : [2024]
154.3 :    1 : [2063]
154.5 :    1 : [2061]
154.6 :    2 : [2125, 2198]
154.8 :    2 : [2014, 2221]
154.9 :    4 : [2011, 2138, 2177, 2213]
155.0 :    1 : [2008]
155.3 :    3 : [2038, 2116, 2183]
155.4 :    1 : [2023]
155.5 :    4 : [2017, 2025, 2115, 2214]
155.6 :    4 : [1984, 2022, 2140, 2191]
155.7 :    2 : [2147, 2160]
155.8 :    1 : [2043]
155.9 :    1 : [2155]
156.1 :    1 : [2010]
156.2 :    3 : [2004, 2106, 2142]
156.3 :    2 : [2050, 2129]
156.4 :    2 : [2063, 2067]
156.5 :    2 : [1986, 2082]
156.6 :    2 : [2061, 2172]
156.7 :    2 : [2083, 2125]
156.8 :    1 : [2024]
157.0 :    3 : [2014, 2213, 2221]
157.7 :    4 : [2038, 2116, 2183, 2191]
157.8 :    5 : [2008, 2011, 2022, 2138, 2177]
157.9 :    1 : [2023]
158.0 :    2 : [1984, 2017]
158.1 :    1 : [2140]
158.2 :    2 : [2147, 2160]
158.5 :    2 : [2063, 2155]
158.7 :    1 : [2061]
158.8 :    1 : [2125]
158.9 :    1 : [2010]
159.0 :    1 : [2106]
159.1 :    1 : [2129]
159.3 :    1 : [2067]
159.4 :    2 : [2014, 2213]
159.5 :    1 : [2221]
159.6 :    1 : [2172]
159.7 :    1 : [2083]
159.8 :    2 : [2024, 2191]
159.9 :    1 : [2043]
160.0 :    1 : [1986]
160.1 :    1 : [2022]
160.3 :    2 : [2116, 2183]
160.4 :    1 : [2038]
160.6 :    1 : [2063]
160.7 :    1 : [2023]
160.8 :    1 : [2017]
160.9 :    1 : [2140]
161.1 :    3 : [1984, 2061, 2147]
161.3 :    1 : [2160]
161.4 :    1 : [2125]
161.6 :    1 : [2155]
162.0 :    1 : [2008]
162.1 :    1 : [2011]
162.2 :    2 : [2014, 2213]
162.3 :    2 : [2191, 2221]
162.6 :    1 : [2022]
162.9 :    1 : [2010]
163.2 :    1 : [2063]
163.5 :    1 : [2116]
163.6 :    2 : [2106, 2183]
164.0 :    2 : [2038, 2061]
164.4 :    1 : [2023]
164.6 :    1 : [2125]
164.9 :    1 : [2017]
165.0 :    1 : [2140]
165.1 :    1 : [2191]
165.6 :    1 : [2022]
166.2 :    1 : [2014]
166.3 :    1 : [2221]
166.4 :    2 : [2063, 2213]
169.2 :    1 : [2191]
212.9 :   13 : [1990, 1998, 2013, 2037, 2045, 2053, 2070, 2103, 2136, 2145, 2158, 2179, 2194]
213.0 :   52 : [1982, 1987, 1988, 2001, 2005, 2007, 2009, 2029, 2033, 2035, 2036, 2039, 2047, 2054, 2056, 2057, 2059, 2062, 2064, 2076, 2078, 2085, 2086, 2087, 2105, 2107, 2109, 2111, 2114, 2118, 2119, 2121, 2122, 2123, 2124, 2127, 2130, 2139, 2151, 2154, 2163, 2164, 2168, 2182, 2193, 2196, 2197, 2198, 2202, 2207, 2210, 2218]
213.1 :   53 : [1983, 1991, 1993, 2000, 2004, 2006, 2015, 2016, 2025, 2032, 2034, 2042, 2046, 2049, 2050, 2055, 2065, 2066, 2069, 2071, 2072, 2082, 2091, 2096, 2097, 2100, 2102, 2112, 2115, 2132, 2142, 2144, 2148, 2150, 2153, 2159, 2161, 2162, 2166, 2171, 2180, 2181, 2185, 2187, 2188, 2192, 2195, 2201, 2204, 2205, 2206, 2214, 2222]
213.2 :    6 : [2003, 2079, 2094, 2138, 2177, 2208]
215.3 :    1 : [2138]
215.5 :    2 : [2045, 2179]
215.6 :   12 : [1990, 1998, 2013, 2037, 2053, 2056, 2070, 2103, 2119, 2145, 2158, 2194]
215.7 :   41 : [1982, 1987, 1988, 2005, 2007, 2009, 2029, 2035, 2039, 2047, 2054, 2057, 2059, 2064, 2076, 2078, 2085, 2086, 2087, 2105, 2107, 2109, 2111, 2114, 2118, 2123, 2124, 2127, 2130, 2136, 2139, 2151, 2154, 2162, 2163, 2168, 2182, 2193, 2196, 2197, 2210]
215.8 :   55 : [1983, 1991, 1993, 2000, 2001, 2006, 2015, 2016, 2032, 2033, 2034, 2036, 2042, 2046, 2049, 2055, 2062, 2065, 2066, 2069, 2071, 2072, 2091, 2096, 2097, 2100, 2102, 2112, 2121, 2122, 2132, 2144, 2148, 2150, 2153, 2159, 2161, 2164, 2166, 2171, 2180, 2181, 2185, 2187, 2188, 2192, 2195, 2201, 2202, 2204, 2205, 2206, 2207, 2218, 2222]
215.9 :    5 : [2003, 2079, 2094, 2198, 2208]
216.1 :    5 : [2004, 2025, 2050, 2115, 2214]
216.2 :    2 : [2082, 2142]
216.5 :    1 : [2177]
217.6 :    1 : [2045]
217.7 :    4 : [1998, 2056, 2179, 2194]
217.8 :   11 : [2013, 2037, 2053, 2103, 2118, 2119, 2124, 2139, 2158, 2163, 2196]
217.9 :   12 : [1988, 1990, 2039, 2059, 2064, 2070, 2085, 2086, 2107, 2145, 2182, 2193]
218.0 :   17 : [1982, 2029, 2035, 2047, 2054, 2069, 2078, 2087, 2111, 2114, 2123, 2130, 2132, 2151, 2154, 2171, 2197]
218.1 :   38 : [1983, 1987, 1991, 2000, 2005, 2006, 2007, 2009, 2032, 2034, 2046, 2062, 2065, 2066, 2071, 2072, 2076, 2091, 2096, 2097, 2109, 2112, 2121, 2122, 2127, 2144, 2159, 2161, 2162, 2192, 2195, 2204, 2205, 2206, 2207, 2210, 2218, 2222]
218.2 :   24 : [1993, 2003, 2015, 2016, 2033, 2042, 2055, 2057, 2094, 2100, 2102, 2136, 2138, 2148, 2150, 2164, 2166, 2168, 2180, 2185, 2187, 2188, 2201, 2208]
218.3 :    6 : [2001, 2036, 2079, 2105, 2153, 2202]
218.4 :    2 : [2049, 2181]
218.5 :    1 : [2198]
218.8 :    1 : [2214]
218.9 :    2 : [2025, 2115]
219.0 :    1 : [2050]
219.1 :    2 : [2004, 2142]
219.3 :    1 : [2082]
219.8 :    2 : [2045, 2177]
219.9 :    1 : [2056]
220.0 :    4 : [1998, 2118, 2179, 2194]
220.1 :    8 : [2013, 2037, 2039, 2053, 2086, 2103, 2119, 2158]
220.2 :   12 : [1988, 1990, 2035, 2059, 2064, 2070, 2085, 2107, 2124, 2145, 2182, 2193]
220.3 :   24 : [1982, 1987, 2005, 2009, 2029, 2046, 2047, 2054, 2069, 2078, 2087, 2111, 2114, 2122, 2123, 2127, 2130, 2132, 2138, 2151, 2154, 2171, 2192, 2197]
220.4 :   39 : [1983, 1991, 1993, 2000, 2006, 2007, 2032, 2034, 2042, 2055, 2065, 2066, 2071, 2072, 2076, 2091, 2096, 2097, 2100, 2102, 2109, 2112, 2121, 2144, 2148, 2159, 2161, 2162, 2164, 2166, 2188, 2195, 2204, 2205, 2207, 2208, 2210, 2218, 2222]
220.5 :   16 : [2003, 2015, 2016, 2033, 2057, 2062, 2079, 2094, 2136, 2150, 2168, 2180, 2185, 2187, 2201, 2206]
220.6 :    1 : [2105]
220.7 :    4 : [2001, 2036, 2153, 2202]
220.8 :    3 : [2049, 2139, 2181]
220.9 :    2 : [2163, 2196]
221.3 :    1 : [2198]
221.8 :    2 : [2025, 2214]
221.9 :    2 : [2115, 2177]
222.1 :    1 : [2045]
222.2 :    2 : [2050, 2056]
222.3 :    3 : [2004, 2118, 2194]
222.4 :    5 : [1998, 2037, 2142, 2158, 2179]
222.5 :   10 : [1988, 2039, 2053, 2064, 2085, 2086, 2103, 2119, 2124, 2182]
222.6 :   11 : [1990, 2013, 2029, 2035, 2054, 2059, 2070, 2078, 2082, 2111, 2193]
222.7 :   34 : [1982, 1987, 1991, 2000, 2005, 2006, 2007, 2009, 2032, 2046, 2047, 2069, 2076, 2087, 2091, 2107, 2109, 2114, 2121, 2122, 2123, 2127, 2130, 2132, 2144, 2145, 2151, 2154, 2171, 2192, 2197, 2205, 2207, 2210]
222.8 :   36 : [1983, 1993, 2015, 2016, 2034, 2042, 2055, 2057, 2062, 2065, 2071, 2072, 2096, 2097, 2100, 2102, 2112, 2136, 2148, 2150, 2159, 2161, 2162, 2164, 2166, 2180, 2185, 2187, 2188, 2195, 2201, 2204, 2206, 2208, 2218, 2222]
222.9 :    7 : [2003, 2033, 2066, 2079, 2094, 2105, 2168]
223.0 :    3 : [2001, 2153, 2202]
223.1 :    4 : [2036, 2049, 2139, 2181]
223.2 :    2 : [2163, 2196]
223.8 :    1 : [2138]
224.4 :    1 : [2198]
224.6 :    2 : [2045, 2056]
224.7 :    2 : [2082, 2118]
224.8 :    1 : [2194]
225.0 :    8 : [1998, 2039, 2085, 2086, 2124, 2158, 2179, 2214]
225.1 :    9 : [1988, 2029, 2037, 2053, 2059, 2064, 2119, 2182, 2193]
225.2 :   24 : [1982, 1987, 1990, 1991, 2009, 2025, 2035, 2047, 2054, 2070, 2076, 2078, 2103, 2111, 2114, 2115, 2123, 2127, 2132, 2144, 2151, 2171, 2192, 2210]
225.3 :   31 : [1993, 2000, 2005, 2006, 2007, 2013, 2016, 2032, 2057, 2062, 2065, 2069, 2087, 2091, 2100, 2109, 2121, 2122, 2130, 2150, 2159, 2162, 2164, 2188, 2195, 2197, 2204, 2205, 2206, 2207, 2222]
225.4 :   27 : [2003, 2015, 2033, 2034, 2042, 2046, 2055, 2071, 2072, 2079, 2096, 2102, 2107, 2112, 2136, 2145, 2148, 2154, 2161, 2166, 2168, 2180, 2185, 2187, 2201, 2208, 2218]
225.5 :    9 : [1983, 2001, 2036, 2094, 2097, 2105, 2153, 2177, 2202]
225.6 :    4 : [2049, 2066, 2139, 2181]
225.7 :    2 : [2050, 2196]
225.8 :    2 : [2004, 2163]
225.9 :    1 : [2138]
226.0 :    1 : [2142]
227.1 :    1 : [2214]
227.3 :    4 : [2025, 2045, 2056, 2115]
227.4 :    1 : [2118]
227.6 :    1 : [2194]
227.7 :    2 : [2124, 2177]
227.8 :    7 : [1998, 2039, 2050, 2085, 2086, 2158, 2198]
227.9 :    5 : [1988, 2004, 2064, 2179, 2182]
228.0 :   19 : [1991, 2009, 2029, 2035, 2037, 2053, 2054, 2059, 2062, 2076, 2078, 2109, 2111, 2114, 2119, 2127, 2193, 2206, 2210]
228.1 :   29 : [1982, 1987, 1993, 2000, 2005, 2007, 2016, 2033, 2047, 2057, 2070, 2079, 2091, 2100, 2122, 2123, 2132, 2138, 2142, 2144, 2150, 2151, 2159, 2164, 2171, 2188, 2192, 2195, 2204]
228.2 :   29 : [1990, 2006, 2013, 2015, 2032, 2034, 2042, 2055, 2065, 2069, 2087, 2102, 2103, 2112, 2121, 2130, 2136, 2153, 2162, 2168, 2180, 2185, 2187, 2197, 2201, 2205, 2207, 2208, 2222]
228.3 :   13 : [2001, 2003, 2036, 2046, 2071, 2072, 2096, 2105, 2148, 2161, 2166, 2181, 2202]
228.4 :    8 : [2049, 2082, 2094, 2107, 2139, 2145, 2154, 2218]
228.5 :    3 : [1983, 2097, 2196]
228.6 :    2 : [2066, 2163]
229.9 :    2 : [2050, 2198]
230.0 :    1 : [2004]
230.1 :    1 : [2177]
230.2 :    1 : [2142]
230.3 :    1 : [2056]
230.4 :    2 : [2045, 2118]
230.6 :    2 : [2082, 2138]
230.7 :    3 : [2124, 2194, 2214]
230.9 :    3 : [2025, 2039, 2085]
231.0 :    6 : [1988, 2086, 2115, 2158, 2182, 2206]
231.1 :   11 : [1991, 1998, 2029, 2062, 2064, 2076, 2078, 2109, 2111, 2114, 2150]
231.2 :   20 : [1987, 2007, 2009, 2016, 2033, 2035, 2037, 2047, 2054, 2059, 2079, 2100, 2119, 2127, 2144, 2151, 2179, 2188, 2193, 2210]
231.3 :   28 : [1982, 1993, 2000, 2005, 2032, 2036, 2053, 2057, 2065, 2091, 2122, 2123, 2132, 2136, 2153, 2159, 2162, 2164, 2168, 2171, 2180, 2185, 2187, 2192, 2195, 2201, 2202, 2204]
231.4 :   19 : [1990, 2001, 2006, 2015, 2034, 2042, 2049, 2055, 2069, 2070, 2102, 2105, 2112, 2121, 2181, 2197, 2205, 2208, 2222]
231.5 :   10 : [2003, 2087, 2096, 2103, 2130, 2139, 2148, 2161, 2166, 2207]
231.6 :    6 : [2013, 2046, 2071, 2072, 2094, 2196]
231.7 :    4 : [2107, 2154, 2163, 2218]
231.8 :    2 : [2097, 2145]
231.9 :    1 : [1983]
232.0 :    3 : [2050, 2066, 2198]
232.1 :    1 : [2004]
232.4 :    1 : [2142]
232.7 :    1 : [2177]
232.8 :    1 : [2214]
233.1 :    2 : [2025, 2082]
233.2 :    1 : [2115]
233.3 :    5 : [2037, 2047, 2119, 2179, 2193]
233.4 :    5 : [2005, 2032, 2065, 2122, 2123]
233.5 :   10 : [1990, 2034, 2042, 2069, 2070, 2102, 2121, 2138, 2197, 2208]
233.6 :    6 : [2056, 2096, 2103, 2130, 2161, 2166]
233.7 :    4 : [2013, 2046, 2071, 2094]
233.8 :    5 : [2045, 2107, 2118, 2154, 2218]
233.9 :    2 : [2097, 2145]
234.0 :    1 : [1983]
234.1 :    4 : [2066, 2124, 2194, 2198]
234.3 :    1 : [2050]
234.4 :    3 : [2039, 2085, 2206]
234.5 :    5 : [1988, 2062, 2086, 2158, 2182]
234.6 :   10 : [1991, 2004, 2029, 2076, 2078, 2100, 2109, 2111, 2114, 2150]
234.7 :   16 : [1998, 2009, 2016, 2033, 2036, 2054, 2057, 2059, 2064, 2079, 2127, 2144, 2153, 2188, 2202, 2210]
234.8 :   20 : [1987, 1993, 2001, 2007, 2035, 2091, 2136, 2151, 2159, 2162, 2164, 2168, 2171, 2180, 2181, 2187, 2192, 2195, 2201, 2204]
234.9 :   11 : [1982, 2000, 2015, 2049, 2053, 2132, 2139, 2142, 2185, 2205, 2222]
235.0 :    5 : [2003, 2006, 2055, 2105, 2112]
235.1 :    4 : [2087, 2148, 2196, 2207]
235.2 :    3 : [2072, 2163, 2214]
235.5 :    1 : [2025]
235.7 :    2 : [2056, 2115]
235.8 :    1 : [2082]
235.9 :    2 : [2045, 2118]
236.0 :    2 : [2145, 2177]
236.2 :    3 : [2124, 2194, 2198]
236.5 :    3 : [2039, 2085, 2206]
236.6 :    5 : [1988, 2062, 2086, 2158, 2182]
236.7 :   10 : [1991, 2029, 2047, 2076, 2078, 2100, 2109, 2111, 2114, 2150]
236.8 :   22 : [1998, 2005, 2009, 2016, 2032, 2033, 2036, 2054, 2057, 2059, 2064, 2065, 2079, 2119, 2122, 2127, 2144, 2153, 2188, 2193, 2202, 2210]
236.9 :   23 : [1987, 1993, 2001, 2007, 2035, 2037, 2091, 2123, 2136, 2151, 2159, 2162, 2164, 2168, 2171, 2179, 2180, 2181, 2187, 2192, 2195, 2201, 2204]
237.0 :   16 : [1982, 2000, 2015, 2034, 2042, 2049, 2053, 2069, 2102, 2121, 2132, 2139, 2185, 2205, 2208, 2222]
237.1 :   12 : [1990, 2003, 2006, 2050, 2055, 2070, 2096, 2105, 2112, 2161, 2166, 2197]
237.2 :    8 : [2071, 2087, 2094, 2103, 2130, 2148, 2196, 2207]
237.3 :    3 : [2046, 2072, 2163]
237.4 :    4 : [2004, 2013, 2154, 2218]
237.5 :    1 : [2097]
237.6 :    2 : [1983, 2107]
237.7 :    1 : [2214]
237.8 :    1 : [2142]
237.9 :    1 : [2066]
238.0 :    1 : [2045]
238.1 :    1 : [2145]
238.2 :    1 : [2025]
238.3 :    2 : [2124, 2194]
238.4 :    1 : [2115]
238.6 :    2 : [2039, 2085]
238.7 :    5 : [1988, 2086, 2158, 2182, 2198]
238.8 :   10 : [1991, 2029, 2047, 2076, 2078, 2100, 2109, 2111, 2114, 2150]
238.9 :   22 : [1998, 2005, 2009, 2016, 2032, 2033, 2036, 2054, 2057, 2059, 2064, 2065, 2079, 2119, 2122, 2127, 2144, 2153, 2188, 2193, 2202, 2210]
239.0 :   22 : [1987, 1993, 2001, 2007, 2035, 2037, 2091, 2123, 2136, 2151, 2159, 2162, 2164, 2168, 2171, 2179, 2180, 2187, 2192, 2195, 2201, 2204]
239.1 :   15 : [1982, 2000, 2015, 2034, 2042, 2053, 2069, 2102, 2121, 2132, 2139, 2185, 2205, 2208, 2222]
239.2 :    9 : [2003, 2006, 2055, 2096, 2105, 2112, 2161, 2166, 2197]
239.3 :    7 : [1990, 2070, 2087, 2130, 2148, 2196, 2207]
239.4 :    7 : [2046, 2056, 2071, 2072, 2094, 2103, 2163]
239.5 :    3 : [2082, 2154, 2218]
239.6 :    2 : [2013, 2118]
239.7 :    1 : [2097]
239.8 :    2 : [1983, 2107]
240.1 :    2 : [2045, 2066]
240.2 :    1 : [2145]
240.3 :    1 : [2206]
240.4 :    3 : [2062, 2124, 2194]
240.7 :    4 : [2039, 2050, 2085, 2181]
240.8 :    6 : [1988, 2049, 2086, 2158, 2182, 2214]
240.9 :    9 : [1991, 2029, 2076, 2078, 2100, 2109, 2111, 2114, 2150]
241.0 :   17 : [1998, 2009, 2016, 2033, 2036, 2047, 2054, 2057, 2059, 2064, 2079, 2127, 2144, 2153, 2188, 2202, 2210]
241.1 :   23 : [1987, 1993, 2001, 2007, 2032, 2035, 2065, 2091, 2119, 2122, 2136, 2151, 2159, 2162, 2164, 2168, 2171, 2180, 2187, 2192, 2195, 2201, 2204]
241.2 :   10 : [1982, 2000, 2005, 2015, 2132, 2139, 2185, 2193, 2205, 2222]
241.3 :   13 : [2003, 2006, 2034, 2037, 2042, 2053, 2055, 2102, 2105, 2112, 2121, 2123, 2208]
241.4 :    5 : [2069, 2148, 2179, 2196, 2207]
241.5 :    7 : [2004, 2087, 2096, 2161, 2163, 2166, 2197]
241.6 :    6 : [1990, 2025, 2056, 2070, 2072, 2094]
241.7 :    2 : [2071, 2130]
241.8 :    4 : [2046, 2103, 2118, 2198]
241.9 :    2 : [2154, 2218]
242.0 :    2 : [2013, 2115]
242.1 :    1 : [2097]
242.2 :    3 : [1983, 2045, 2107]
242.5 :    4 : [2124, 2145, 2194, 2206]
242.6 :    2 : [2062, 2066]
242.8 :    1 : [2039]
242.9 :    2 : [2085, 2181]
243.0 :   10 : [1988, 1991, 2076, 2078, 2086, 2100, 2109, 2114, 2150, 2182]
243.1 :   11 : [2029, 2033, 2036, 2049, 2079, 2111, 2153, 2158, 2188, 2202, 2210]
243.2 :    6 : [2001, 2009, 2016, 2057, 2127, 2164]
243.3 :   10 : [1987, 1993, 2007, 2054, 2064, 2136, 2139, 2144, 2168, 2180]
243.4 :   12 : [2047, 2059, 2091, 2151, 2159, 2162, 2185, 2187, 2192, 2195, 2201, 2204]
243.5 :    8 : [1998, 2000, 2015, 2035, 2065, 2105, 2171, 2196]
243.6 :    6 : [1982, 2005, 2032, 2122, 2132, 2222]
243.7 :   12 : [2003, 2006, 2042, 2055, 2102, 2112, 2119, 2123, 2163, 2193, 2205, 2208]
243.8 :    2 : [2034, 2121]
243.9 :    5 : [2037, 2053, 2069, 2148, 2207]
244.0 :    3 : [2096, 2166, 2179]
244.1 :    4 : [2056, 2087, 2161, 2197]
244.2 :    6 : [1990, 2070, 2071, 2072, 2094, 2118]
244.3 :    1 : [2130]
244.4 :    1 : [2046]
244.5 :    2 : [2103, 2218]
244.6 :    2 : [2045, 2154]
244.7 :    2 : [2013, 2097]
244.8 :    1 : [2124]
245.0 :    4 : [1983, 2107, 2194, 2206]
245.1 :    1 : [2062]
245.3 :    1 : [2145]
245.4 :    6 : [2039, 2066, 2150, 2153, 2181, 2202]
245.5 :    4 : [2033, 2036, 2076, 2085]
245.6 :    5 : [1991, 2079, 2100, 2109, 2114]
245.7 :    6 : [1988, 2001, 2049, 2078, 2086, 2182]
245.8 :    8 : [2016, 2029, 2057, 2111, 2139, 2158, 2188, 2210]
245.9 :    4 : [1993, 2009, 2127, 2164]
246.0 :    8 : [1987, 2007, 2054, 2136, 2144, 2168, 2180, 2187]
246.1 :    7 : [2047, 2064, 2151, 2159, 2185, 2196, 2201]
246.2 :    8 : [2015, 2059, 2091, 2105, 2162, 2192, 2195, 2204]
246.3 :    6 : [2000, 2032, 2035, 2065, 2163, 2171]
246.4 :    6 : [1982, 1998, 2005, 2122, 2132, 2222]
246.5 :    5 : [2003, 2055, 2112, 2205, 2208]
246.6 :    6 : [2006, 2042, 2102, 2119, 2123, 2193]
246.7 :    3 : [2034, 2121, 2148]
246.8 :    1 : [2056]
246.9 :    5 : [2037, 2069, 2096, 2166, 2207]
247.0 :    3 : [2053, 2118, 2161]
247.1 :    3 : [2087, 2179, 2197]
247.2 :    2 : [2072, 2094]
247.3 :    2 : [1990, 2071]
247.4 :    2 : [2070, 2130]
247.5 :    1 : [2046]
247.6 :    2 : [2045, 2124]
247.8 :    4 : [2103, 2154, 2206, 2218]
248.0 :    2 : [2062, 2194]
248.1 :    1 : [2097]
248.3 :    2 : [2013, 2181]
248.4 :    4 : [2036, 2150, 2153, 2202]
248.5 :    1 : [1983]
248.6 :    2 : [2033, 2039]
248.7 :    4 : [2001, 2049, 2076, 2079]
248.8 :    5 : [1991, 2085, 2100, 2107, 2109]
248.9 :    2 : [2114, 2139]
249.0 :    5 : [2016, 2057, 2078, 2182, 2188]
249.1 :    3 : [1988, 2086, 2210]
249.2 :    4 : [2029, 2111, 2164, 2196]
249.3 :    4 : [1993, 2009, 2127, 2158]
249.4 :    6 : [2007, 2136, 2168, 2180, 2187, 2201]
249.5 :    4 : [2054, 2144, 2159, 2185]
249.6 :    2 : [1987, 2105]
249.7 :    4 : [2047, 2162, 2163, 2195]
249.8 :    6 : [2015, 2064, 2091, 2151, 2192, 2204]
249.9 :    1 : [2066]
250.0 :    3 : [2059, 2065, 2171]
250.1 :    3 : [2000, 2032, 2222]
250.2 :    1 : [2035]
250.4 :    5 : [2003, 2055, 2056, 2122, 2132]
250.5 :    1 : [2005]
250.6 :    3 : [1982, 2118, 2208]
250.7 :    1 : [2112]
250.8 :    1 : [2205]
250.9 :    2 : [2042, 2102]
251.2 :    1 : [2006]
252.2 :    1 : [2206]
312.9 :    1 : [1982]
313.0 :   16 : [2009, 2013, 2035, 2039, 2057, 2064, 2086, 2105, 2111, 2118, 2136, 2151, 2168, 2182, 2201, 2222]
313.1 :   39 : [1987, 1988, 1993, 2000, 2001, 2003, 2005, 2006, 2032, 2033, 2036, 2047, 2049, 2054, 2056, 2059, 2076, 2091, 2100, 2109, 2112, 2114, 2122, 2127, 2132, 2139, 2144, 2159, 2163, 2164, 2180, 2187, 2188, 2192, 2195, 2202, 2205, 2208, 2210]
313.2 :   11 : [1983, 1991, 2007, 2015, 2029, 2065, 2078, 2153, 2158, 2181, 2194]
313.4 :    1 : [2218]
313.5 :    1 : [2154]
313.6 :    1 : [2124]
313.8 :    3 : [2070, 2071, 2094]
315.7 :    4 : [1982, 2111, 2124, 2136]
315.8 :    9 : [2005, 2047, 2057, 2086, 2105, 2151, 2168, 2188, 2222]
315.9 :   38 : [1987, 1993, 2000, 2001, 2003, 2006, 2009, 2015, 2032, 2035, 2039, 2049, 2054, 2056, 2059, 2064, 2100, 2109, 2112, 2114, 2118, 2122, 2127, 2132, 2139, 2144, 2158, 2159, 2163, 2164, 2180, 2182, 2187, 2192, 2195, 2201, 2202, 2208]
316.0 :   17 : [1983, 1988, 1991, 2007, 2013, 2029, 2033, 2036, 2065, 2070, 2076, 2078, 2091, 2094, 2181, 2205, 2210]
316.1 :    2 : [2153, 2194]
316.2 :    1 : [2071]
316.4 :    1 : [2218]
316.7 :    1 : [2154]
318.0 :    1 : [2136]
318.1 :    7 : [1982, 2047, 2057, 2070, 2094, 2111, 2151]
318.2 :   15 : [1993, 2005, 2006, 2009, 2032, 2049, 2056, 2086, 2105, 2118, 2139, 2168, 2188, 2208, 2222]
318.3 :   30 : [1987, 1988, 2000, 2001, 2003, 2007, 2015, 2035, 2039, 2054, 2065, 2076, 2100, 2109, 2112, 2114, 2122, 2127, 2132, 2144, 2158, 2159, 2163, 2164, 2180, 2182, 2187, 2192, 2195, 2201]
318.4 :   12 : [1983, 1991, 2029, 2033, 2059, 2064, 2078, 2091, 2181, 2202, 2205, 2210]
318.5 :    2 : [2013, 2036]
318.6 :    2 : [2071, 2153]
318.7 :    1 : [2194]
319.0 :    1 : [2124]
319.2 :    1 : [2218]
319.7 :    1 : [2154]
320.3 :    2 : [2070, 2094]
320.4 :    1 : [2136]
320.5 :    4 : [1982, 2047, 2057, 2111]
320.6 :    7 : [2005, 2049, 2056, 2139, 2151, 2188, 2222]
320.7 :   19 : [1993, 2000, 2006, 2007, 2009, 2015, 2032, 2065, 2086, 2105, 2118, 2127, 2132, 2144, 2158, 2163, 2164, 2168, 2208]
320.8 :   20 : [1987, 1988, 1991, 2001, 2003, 2035, 2039, 2054, 2076, 2078, 2100, 2109, 2112, 2114, 2122, 2159, 2187, 2192, 2195, 2201]
320.9 :    7 : [2029, 2033, 2059, 2180, 2182, 2205, 2210]
321.0 :    4 : [1983, 2091, 2181, 2202]
321.1 :    2 : [2064, 2124]
321.2 :    3 : [2013, 2036, 2153]
321.3 :    1 : [2071]
321.5 :    1 : [2194]
322.3 :    1 : [2218]
322.8 :    2 : [2070, 2094]
323.0 :    1 : [2136]
323.1 :    3 : [2047, 2057, 2154]
323.2 :    7 : [1982, 2005, 2049, 2056, 2111, 2151, 2188]
323.3 :    3 : [2065, 2139, 2222]
323.4 :   14 : [1993, 2000, 2006, 2007, 2009, 2015, 2032, 2086, 2105, 2127, 2144, 2158, 2164, 2208]
323.5 :   14 : [1987, 1988, 2003, 2035, 2109, 2112, 2118, 2122, 2132, 2159, 2163, 2168, 2192, 2195]
323.6 :   12 : [1991, 2001, 2039, 2054, 2059, 2076, 2078, 2100, 2114, 2180, 2187, 2201]
323.7 :    3 : [2033, 2182, 2210]
323.8 :    5 : [1983, 2029, 2091, 2202, 2205]
323.9 :    1 : [2181]
324.0 :    1 : [2064]
324.1 :    1 : [2153]
324.2 :    1 : [2036]
324.3 :    1 : [2013]
324.6 :    1 : [2194]
324.7 :    1 : [2071]
324.9 :    1 : [2124]
325.2 :    1 : [2154]
325.6 :    2 : [2070, 2094]
325.7 :    1 : [2218]
325.8 :    1 : [2136]
326.0 :    2 : [2047, 2057]
326.1 :    3 : [2005, 2056, 2151]
326.2 :    6 : [1982, 2049, 2065, 2111, 2139, 2188]
326.3 :    1 : [2007]
326.4 :   12 : [1993, 2000, 2006, 2015, 2032, 2086, 2127, 2144, 2158, 2164, 2208, 2222]
326.5 :   10 : [1988, 2003, 2009, 2105, 2109, 2112, 2118, 2132, 2159, 2163]
326.6 :    9 : [1987, 1991, 2035, 2076, 2078, 2122, 2168, 2192, 2195]
326.7 :    7 : [2001, 2054, 2059, 2100, 2114, 2180, 2187]
326.8 :    4 : [2033, 2039, 2201, 2210]
326.9 :    3 : [2029, 2182, 2205]
327.0 :    4 : [1983, 2091, 2181, 2202]
327.1 :    1 : [2124]
327.3 :    1 : [2064]
327.4 :    1 : [2153]
327.6 :    2 : [2013, 2036]
327.8 :    1 : [2218]
328.1 :    1 : [2194]
328.9 :    1 : [2154]
329.0 :    1 : [2136]
329.1 :    1 : [2181]
329.2 :    1 : [2047]
329.3 :    1 : [2057]
329.4 :    6 : [2005, 2049, 2056, 2064, 2070, 2151]
329.5 :    3 : [2065, 2139, 2188]
329.6 :    4 : [1982, 2007, 2111, 2124]
329.7 :   12 : [1993, 2000, 2006, 2013, 2015, 2032, 2036, 2086, 2094, 2144, 2158, 2222]
329.8 :    3 : [2127, 2164, 2208]
329.9 :   10 : [1988, 2003, 2009, 2105, 2112, 2118, 2132, 2159, 2163, 2218]
330.0 :    7 : [1987, 1991, 2078, 2109, 2122, 2192, 2195]
330.1 :    5 : [2035, 2076, 2100, 2168, 2187]
330.2 :    7 : [2001, 2054, 2059, 2114, 2180, 2194, 2210]
330.3 :    3 : [2033, 2039, 2201]
330.4 :    3 : [2029, 2182, 2205]
330.5 :    2 : [1983, 2091]
330.6 :    1 : [2202]
331.0 :    1 : [2153]
331.2 :    1 : [2154]
331.4 :    1 : [2057]
331.5 :    3 : [2005, 2049, 2151]
331.6 :    2 : [2065, 2188]
331.7 :    3 : [1982, 2007, 2111]
331.8 :   10 : [1993, 2000, 2006, 2013, 2015, 2032, 2086, 2144, 2158, 2222]
331.9 :    3 : [2127, 2164, 2208]
332.0 :   10 : [1988, 2003, 2009, 2105, 2112, 2118, 2132, 2159, 2163, 2218]
332.1 :    7 : [1987, 1991, 2078, 2109, 2122, 2192, 2195]
332.2 :    5 : [2035, 2076, 2100, 2168, 2187]
332.3 :    7 : [2001, 2054, 2059, 2114, 2180, 2194, 2210]
332.4 :    3 : [2033, 2039, 2201]
332.5 :    5 : [2029, 2124, 2181, 2182, 2205]
332.6 :    3 : [1983, 2091, 2136]
332.7 :    2 : [2047, 2202]
333.0 :    2 : [2056, 2064]
333.1 :    2 : [2139, 2153]
333.3 :    1 : [2036]
333.6 :    1 : [2154]
333.9 :    1 : [2013]
334.1 :    7 : [2105, 2112, 2118, 2132, 2159, 2163, 2218]
334.2 :    4 : [1987, 1991, 2078, 2192]
334.3 :    4 : [2035, 2100, 2168, 2187]
334.4 :    7 : [2001, 2054, 2059, 2114, 2180, 2194, 2210]
334.5 :    3 : [2033, 2039, 2201]
334.6 :    4 : [2029, 2181, 2182, 2205]
334.7 :    3 : [1983, 2091, 2136]
334.8 :    2 : [2047, 2202]
334.9 :    1 : [2057]
335.1 :    5 : [2005, 2049, 2056, 2064, 2151]
335.2 :    4 : [2065, 2139, 2153, 2188]
335.3 :    1 : [2007]
335.4 :    2 : [1982, 2111]
335.5 :    7 : [2000, 2006, 2015, 2036, 2144, 2158, 2222]
335.6 :    6 : [1993, 2032, 2086, 2127, 2164, 2208]
335.7 :    1 : [1988]
335.8 :    2 : [2003, 2009]
335.9 :    3 : [2109, 2122, 2195]
336.0 :    2 : [2013, 2076]
336.2 :    6 : [2105, 2112, 2118, 2132, 2159, 2163]
336.3 :    4 : [1987, 1991, 2078, 2192]
336.4 :    6 : [2035, 2100, 2154, 2168, 2187, 2218]
336.5 :    7 : [2001, 2054, 2059, 2114, 2180, 2194, 2210]
336.6 :    3 : [2033, 2039, 2201]
336.7 :    3 : [2029, 2182, 2205]
336.8 :    4 : [1983, 2091, 2136, 2181]
336.9 :    2 : [2047, 2202]
337.1 :    1 : [2057]
337.2 :    3 : [2005, 2049, 2056]
337.3 :    4 : [2065, 2139, 2151, 2188]
337.5 :    3 : [2007, 2064, 2153]
337.6 :    3 : [1982, 2111, 2124]
337.7 :    5 : [2000, 2006, 2015, 2144, 2158]
337.8 :    7 : [1993, 2032, 2086, 2127, 2164, 2208, 2222]
337.9 :    2 : [1988, 2036]
338.0 :    2 : [2003, 2009]
338.1 :    3 : [2109, 2122, 2195]
338.2 :    1 : [2013]
338.3 :    7 : [2076, 2105, 2112, 2118, 2132, 2159, 2163]
338.4 :    4 : [1987, 1991, 2078, 2192]
338.5 :    4 : [2035, 2100, 2168, 2187]
338.6 :    6 : [2001, 2054, 2059, 2114, 2180, 2210]
338.7 :    2 : [2033, 2039]
338.8 :    1 : [2201]
338.9 :    2 : [2136, 2205]
339.0 :    4 : [2029, 2047, 2182, 2194]
339.1 :    2 : [1983, 2091]
339.3 :    3 : [2181, 2202, 2218]
339.4 :    2 : [2056, 2057]
339.5 :    2 : [2005, 2049]
339.6 :    3 : [2065, 2139, 2151]
339.7 :    1 : [2188]
339.9 :    1 : [2007]
340.0 :    2 : [2111, 2153]
340.1 :    5 : [1982, 2006, 2015, 2064, 2158]
340.2 :    7 : [1993, 2000, 2032, 2086, 2144, 2164, 2222]
340.3 :    2 : [2127, 2208]
340.4 :    2 : [1988, 2154]
340.5 :    3 : [2003, 2009, 2159]
340.6 :    6 : [2036, 2112, 2118, 2122, 2132, 2195]
340.7 :    5 : [1991, 2078, 2105, 2109, 2163]
340.8 :    3 : [1987, 2076, 2192]
340.9 :    2 : [2035, 2100]
341.0 :    2 : [2013, 2168]
341.1 :    6 : [2001, 2054, 2059, 2114, 2180, 2187]
341.2 :    1 : [2210]
341.3 :    2 : [2033, 2136]
341.4 :    2 : [2039, 2201]
341.5 :    1 : [2047]
341.6 :    1 : [2205]
341.7 :    2 : [2029, 2182]
341.9 :    4 : [1983, 2056, 2057, 2091]
342.1 :    5 : [2005, 2049, 2181, 2194, 2202]
342.2 :    3 : [2065, 2139, 2151]
342.3 :    1 : [2188]
342.5 :    1 : [2007]
342.8 :    4 : [1982, 2006, 2111, 2158]
342.9 :    3 : [2000, 2015, 2144]
343.0 :    6 : [1993, 2032, 2086, 2127, 2164, 2222]
343.1 :    3 : [1988, 2153, 2208]
343.2 :    1 : [2064]
343.3 :    1 : [2003]
343.4 :    2 : [2009, 2159]
343.5 :    5 : [2112, 2118, 2122, 2132, 2195]
343.6 :    4 : [1991, 2078, 2109, 2163]
343.7 :    2 : [2076, 2105]
343.8 :    2 : [1987, 2192]
343.9 :    2 : [2035, 2100]
344.1 :    5 : [2036, 2114, 2136, 2168, 2187]
344.2 :    4 : [2001, 2054, 2059, 2180]
344.4 :    2 : [2047, 2210]
344.5 :    1 : [2033]
344.7 :    2 : [2039, 2201]
344.9 :    2 : [2056, 2205]
345.0 :    1 : [2057]
345.1 :    2 : [2013, 2029]
345.2 :    2 : [2005, 2049]
345.3 :    3 : [2065, 2139, 2182]
345.4 :    1 : [2151]
345.5 :    3 : [1983, 2091, 2188]
345.8 :    1 : [2007]
345.9 :    1 : [2181]
346.1 :    1 : [2202]
346.3 :    1 : [2158]
346.4 :    3 : [2006, 2015, 2111]
346.5 :    3 : [1982, 2000, 2144]
346.6 :    1 : [2164]
346.7 :    1 : [2032]
346.8 :    3 : [1993, 2127, 2222]
346.9 :    3 : [1988, 2086, 2208]
347.8 :    1 : [2003]
348.2 :    1 : [2136]
348.3 :    1 : [2159]
349.0 :    1 : [2047]
413.0 :    2 : [2000, 2127]
413.1 :    6 : [1988, 2003, 2006, 2047, 2111, 2222]
413.2 :    5 : [1982, 1993, 2032, 2144, 2181]
413.3 :    2 : [2159, 2208]
413.4 :    2 : [2015, 2164]
413.5 :    1 : [2007]
413.6 :    2 : [2151, 2188]
413.7 :    5 : [1983, 2005, 2029, 2091, 2139]
415.5 :    1 : [2015]
415.6 :    1 : [2007]
415.7 :    1 : [2151]
415.8 :    3 : [2005, 2091, 2139]
415.9 :    4 : [1983, 2003, 2029, 2047]
416.0 :    3 : [2127, 2159, 2222]
416.1 :    3 : [1988, 2144, 2188]
416.2 :    4 : [1993, 2000, 2006, 2111]
416.3 :    4 : [1982, 2032, 2181, 2208]
416.4 :    1 : [2164]
417.8 :    1 : [2151]
417.9 :    2 : [2005, 2139]
418.0 :    1 : [1983]
418.1 :    1 : [2047]
418.2 :    1 : [2029]
418.3 :    3 : [2003, 2015, 2159]
418.4 :    1 : [2188]
418.6 :    3 : [2007, 2127, 2222]
418.9 :    4 : [1988, 2006, 2091, 2144]
419.1 :    3 : [1993, 2000, 2111]
419.2 :    3 : [1982, 2032, 2208]
419.3 :    1 : [2164]
419.4 :    1 : [2181]
420.0 :    2 : [2005, 2139]
420.1 :    1 : [1983]
420.4 :    1 : [2047]
420.6 :    1 : [2159]
420.7 :    1 : [2003]
420.8 :    1 : [2029]
420.9 :    1 : [2188]
421.0 :    1 : [2091]
421.3 :    3 : [2127, 2151, 2222]
421.7 :    1 : [2015]
421.8 :    1 : [1988]
421.9 :    2 : [2006, 2144]
422.1 :    2 : [2007, 2139]
422.2 :    2 : [1993, 2000]
422.3 :    3 : [1982, 2111, 2208]
422.4 :    4 : [1983, 2005, 2032, 2164]
422.7 :    1 : [2181]
422.9 :    1 : [2047]
423.2 :    1 : [2159]
423.4 :    2 : [2003, 2151]
423.7 :    1 : [2029]
423.8 :    1 : [2015]
423.9 :    1 : [2188]
424.2 :    2 : [2007, 2139]
424.3 :    2 : [2127, 2222]
424.7 :    1 : [2091]
424.8 :    1 : [2181]
425.0 :    3 : [1983, 1988, 2005]
425.1 :    1 : [2006]
425.2 :    1 : [2144]
425.5 :    1 : [2151]
425.6 :    2 : [1993, 2047]
425.7 :    2 : [2000, 2208]
425.8 :    2 : [1982, 2111]
425.9 :    2 : [2032, 2164]
426.1 :    1 : [2159]
426.3 :    2 : [2003, 2007]
426.7 :    1 : [2139]
426.9 :    1 : [2091]
427.1 :    1 : [1988]
427.2 :    1 : [2006]
427.3 :    1 : [2144]
427.5 :    1 : [2015]
427.6 :    2 : [2127, 2222]
427.7 :    1 : [1993]
427.8 :    2 : [2000, 2208]
427.9 :    3 : [1982, 2111, 2151]
428.0 :    2 : [2032, 2164]
428.1 :    1 : [1983]
428.2 :    1 : [2005]
428.4 :    2 : [2007, 2181]
428.6 :    1 : [2047]
429.3 :    2 : [2091, 2159]
429.7 :    3 : [2003, 2127, 2222]
429.8 :    3 : [1993, 2015, 2139]
429.9 :    2 : [2000, 2208]
430.0 :    2 : [1982, 2111]
430.1 :    2 : [2032, 2164]
430.5 :    2 : [2007, 2181]
430.6 :    1 : [1988]
430.7 :    1 : [2151]
430.8 :    1 : [2006]
430.9 :    1 : [2144]
431.8 :    1 : [2003]
431.9 :    2 : [1993, 2091]
432.0 :    3 : [2000, 2047, 2208]
432.1 :    2 : [1982, 2111]
432.2 :    3 : [2015, 2032, 2164]
432.7 :    1 : [1988]
432.8 :    1 : [2159]
432.9 :    2 : [2006, 2181]
433.0 :    2 : [2007, 2144]
433.4 :    2 : [2127, 2222]
434.0 :    1 : [1993]
434.1 :    3 : [2000, 2047, 2208]
434.2 :    1 : [2151]
434.3 :    3 : [1982, 2111, 2164]
434.5 :    1 : [2032]
434.9 :    1 : [2159]
435.0 :    2 : [1988, 2015]
435.2 :    1 : [2006]
435.3 :    1 : [2091]
435.4 :    2 : [2003, 2144]
435.6 :    2 : [2181, 2222]
435.7 :    1 : [2127]
436.2 :    1 : [2007]
436.6 :    3 : [1993, 2000, 2208]
436.8 :    1 : [2164]
437.0 :    3 : [1982, 2111, 2159]
437.3 :    1 : [2032]
437.6 :    2 : [1988, 2003]
437.8 :    1 : [2006]
437.9 :    1 : [2047]
438.0 :    1 : [2222]
438.1 :    2 : [2127, 2144]
438.8 :    1 : [2181]
438.9 :    1 : [2015]
439.1 :    1 : [2159]
439.7 :    1 : [2208]
439.8 :    2 : [1993, 2000]
439.9 :    1 : [2003]
440.0 :    1 : [2164]
440.1 :    1 : [2047]
440.3 :    1 : [1982]
440.4 :    1 : [2111]
440.6 :    1 : [1988]
440.7 :    1 : [2222]
440.9 :    3 : [2006, 2032, 2127]
441.3 :    1 : [2144]
441.6 :    1 : [2159]
442.6 :    2 : [2003, 2047]
444.1 :    1 : [2222]
444.4 :    1 : [2159]
444.6 :    1 : [2127]
445.4 :    1 : [2047]
446.0 :    1 : [2003]
448.5 :    1 : [2159]
449.5 :    1 : [2047]
513.1 :    2 : [2047, 2159]
513.5 :    1 : [2003]
515.7 :    1 : [2003]
515.8 :    1 : [2047]
516.0 :    1 : [2159]
517.8 :    1 : [2003]
518.1 :    1 : [2047]
518.4 :    1 : [2159]
519.9 :    1 : [2003]
520.5 :    1 : [2047]
521.0 :    1 : [2159]
522.2 :    1 : [2003]
523.0 :    1 : [2047]
523.9 :    1 : [2159]
524.8 :    1 : [2003]
525.8 :    1 : [2047]
527.1 :    1 : [2159]
527.9 :    1 : [2003]
528.9 :    1 : [2047]
530.6 :    1 : [2159]
532.4 :    1 : [2047]
532.7 :    1 : [2159]
534.5 :    1 : [2047]
534.8 :    1 : [2159]
536.6 :    1 : [2047]
536.9 :    1 : [2159]
538.7 :    1 : [2047]
539.3 :    1 : [2159]
540.8 :    1 : [2047]
542.1 :    1 : [2159]
543.5 :    1 : [2047]
546.0 :    1 : [2159]
546.7 :    1 : [2047]
