Name: Striatum [D2], Title: Raster plot from device '10146', Hist: False
112.2 :   39 : [4346, 4352, 4365, 4369, 4370, 4383, 4392, 4394, 4401, 4406, 4408, 4425, 4442, 4445, 4447, 4450, 4464, 4467, 4468, 4470, 4502, 4514, 4520, 4527, 4535, 4544, 4545, 4547, 4548, 4552, 4556, 4557, 4564, 4566, 4570, 4571, 4580, 4591, 4599]
112.3 :  159 : [4347, 4348, 4349, 4350, 4354, 4355, 4358, 4361, 4363, 4366, 4367, 4368, 4373, 4374, 4375, 4377, 4378, 4379, 4380, 4382, 4386, 4387, 4389, 4390, 4391, 4395, 4396, 4397, 4398, 4399, 4400, 4402, 4403, 4404, 4405, 4407, 4409, 4410, 4411, 4412, 4413, 4415, 4416, 4418, 4419, 4420, 4423, 4426, 4427, 4428, 4430, 4431, 4432, 4433, 4434, 4435, 4436, 4437, 4438, 4440, 4441, 4443, 4446, 4448, 4449, 4451, 4452, 4455, 4457, 4458, 4459, 4460, 4462, 4463, 4465, 4466, 4469, 4471, 4473, 4477, 4481, 4482, 4485, 4486, 4487, 4488, 4491, 4492, 4493, 4495, 4496, 4497, 4498, 4500, 4501, 4503, 4504, 4507, 4508, 4510, 4513, 4515, 4516, 4518, 4521, 4522, 4524, 4525, 4528, 4530, 4531, 4532, 4534, 4537, 4538, 4539, 4540, 4541, 4542, 4546, 4549, 4550, 4551, 4553, 4554, 4555, 4559, 4560, 4561, 4562, 4563, 4565, 4569, 4572, 4575, 4576, 4577, 4578, 4579, 4582, 4584, 4585, 4586, 4589, 4592, 4593, 4596, 4597, 4598, 4600, 4601, 4602, 4603, 4605, 4606, 4607, 4609, 4611, 4612]
112.4 :   12 : [4360, 4376, 4388, 4421, 4422, 4453, 4454, 4478, 4509, 4519, 4581, 4608]
113.7 :    1 : [4567]
113.8 :    1 : [4583]
113.9 :    2 : [4381, 4610]
114.0 :    3 : [4357, 4384, 4590]
114.1 :    1 : [4472]
114.2 :    1 : [4533]
114.3 :    8 : [4369, 4406, 4464, 4502, 4544, 4548, 4564, 4570]
114.4 :   24 : [4368, 4373, 4374, 4380, 4407, 4420, 4431, 4438, 4446, 4452, 4457, 4466, 4481, 4488, 4491, 4500, 4515, 4530, 4541, 4575, 4589, 4602, 4605, 4607]
114.5 :    5 : [4360, 4442, 4454, 4556, 4581]
114.6 :    1 : [4504]
114.7 :    4 : [4366, 4463, 4545, 4586]
114.8 :    6 : [4363, 4423, 4535, 4549, 4551, 4592]
114.9 :   12 : [4376, 4377, 4379, 4387, 4389, 4401, 4418, 4422, 4537, 4560, 4599, 4606]
115.0 :    9 : [4367, 4405, 4411, 4412, 4416, 4435, 4453, 4557, 4569]
115.1 :    8 : [4427, 4433, 4486, 4503, 4525, 4538, 4540, 4591]
115.2 :    4 : [4392, 4468, 4478, 4492]
115.3 :    5 : [4346, 4370, 4517, 4527, 4580]
115.4 :   11 : [4365, 4372, 4385, 4397, 4408, 4432, 4444, 4448, 4479, 4499, 4582]
115.5 :   17 : [4348, 4350, 4358, 4364, 4388, 4394, 4443, 4451, 4484, 4511, 4512, 4524, 4555, 4573, 4579, 4593, 4603]
115.6 :   19 : [4351, 4362, 4390, 4410, 4429, 4455, 4461, 4482, 4489, 4497, 4506, 4526, 4531, 4542, 4547, 4587, 4588, 4595, 4612]
115.7 :   11 : [4400, 4409, 4414, 4417, 4424, 4469, 4474, 4520, 4572, 4578, 4608]
115.8 :    6 : [4421, 4439, 4490, 4508, 4539, 4567]
115.9 :    7 : [4419, 4459, 4509, 4522, 4552, 4583, 4601]
116.0 :    8 : [4381, 4428, 4440, 4460, 4529, 4534, 4585, 4610]
116.1 :    2 : [4415, 4471]
116.2 :    4 : [4378, 4395, 4498, 4532]
116.3 :    2 : [4465, 4584]
116.4 :    1 : [4513]
116.5 :    2 : [4563, 4577]
116.6 :    1 : [4442]
116.7 :    1 : [4504]
116.8 :    4 : [4366, 4463, 4545, 4586]
116.9 :    2 : [4363, 4551]
117.0 :    6 : [4379, 4387, 4423, 4560, 4599, 4606]
117.1 :    8 : [4357, 4367, 4377, 4405, 4412, 4491, 4557, 4564]
117.2 :   12 : [4389, 4406, 4420, 4433, 4454, 4486, 4500, 4502, 4548, 4575, 4590, 4607]
117.3 :   13 : [4360, 4368, 4384, 4407, 4416, 4438, 4466, 4472, 4525, 4533, 4538, 4540, 4605]
117.4 :    6 : [4373, 4380, 4431, 4446, 4488, 4602]
117.5 :    4 : [4372, 4385, 4418, 4544]
117.6 :    4 : [4481, 4512, 4541, 4573]
117.7 :   10 : [4369, 4374, 4429, 4489, 4506, 4530, 4570, 4581, 4588, 4595]
117.8 :    3 : [4457, 4515, 4608]
117.9 :    4 : [4351, 4451, 4461, 4587]
118.0 :    1 : [4464]
118.1 :    5 : [4362, 4439, 4474, 4526, 4589]
118.2 :    5 : [4376, 4414, 4424, 4443, 4556]
118.3 :    4 : [4417, 4422, 4490, 4517]
118.4 :    5 : [4381, 4444, 4453, 4479, 4499]
118.5 :    2 : [4511, 4610]
118.6 :    2 : [4484, 4583]
118.7 :    2 : [4364, 4529]
118.8 :    2 : [4504, 4567]
119.1 :    2 : [4388, 4478]
119.2 :    1 : [4367]
119.3 :    2 : [4486, 4502]
119.4 :    1 : [4466]
119.5 :    1 : [4602]
119.6 :    2 : [4446, 4544]
119.7 :    1 : [4541]
119.8 :    1 : [4357]
119.9 :    1 : [4491]
120.0 :    4 : [4360, 4372, 4385, 4512]
120.1 :    1 : [4573]
120.3 :    3 : [4424, 4500, 4588]
120.5 :    3 : [4407, 4526, 4590]
120.7 :    1 : [4484]
120.8 :    1 : [4429]
121.4 :    2 : [4444, 4479]
121.6 :    1 : [4517]
121.7 :    1 : [4506]
122.1 :    1 : [4512]
122.2 :    1 : [4499]
122.5 :    1 : [4511]
124.5 :    1 : [4360]
212.4 :    2 : [4394, 4468]
212.5 :   22 : [4363, 4372, 4375, 4397, 4423, 4427, 4436, 4439, 4441, 4445, 4487, 4498, 4525, 4528, 4551, 4572, 4576, 4589, 4590, 4601, 4605, 4608]
212.6 :   28 : [4347, 4360, 4364, 4369, 4380, 4382, 4388, 4389, 4402, 4403, 4412, 4424, 4457, 4458, 4462, 4507, 4510, 4511, 4534, 4535, 4541, 4554, 4560, 4564, 4578, 4580, 4582, 4597]
214.7 :    1 : [4360]
214.9 :    1 : [4423]
215.2 :    1 : [4551]
215.8 :    2 : [4498, 4608]
216.0 :    1 : [4590]
216.1 :    1 : [4394]
216.6 :    1 : [4554]
216.7 :    1 : [4458]
217.0 :    1 : [4423]
220.7 :    1 : [4423]
222.9 :    1 : [4423]
225.3 :    1 : [4423]
228.3 :    1 : [4423]
311.9 :    3 : [4360, 4444, 4511]
312.1 :    2 : [4439, 4468]
312.2 :   11 : [4364, 4402, 4412, 4424, 4551, 4554, 4560, 4589, 4590, 4597, 4608]
312.3 :    8 : [4372, 4394, 4457, 4510, 4525, 4576, 4580, 4601]
312.5 :    5 : [4401, 4423, 4492, 4532, 4565]
312.6 :   15 : [4418, 4430, 4440, 4458, 4460, 4484, 4485, 4497, 4513, 4524, 4526, 4545, 4556, 4557, 4577]
312.7 :    7 : [4350, 4441, 4498, 4507, 4518, 4540, 4596]
312.8 :    4 : [4388, 4427, 4487, 4563]
313.0 :    1 : [4403]
313.5 :    1 : [4363]
314.3 :    2 : [4554, 4608]
314.4 :    1 : [4560]
314.5 :    1 : [4551]
314.6 :    1 : [4590]
314.7 :    1 : [4597]
315.0 :    6 : [4360, 4394, 4457, 4468, 4498, 4511]
315.1 :    1 : [4439]
315.3 :    1 : [4423]
315.5 :    1 : [4525]
315.7 :    1 : [4589]
316.0 :    1 : [4412]
316.1 :    1 : [4556]
316.4 :    1 : [4427]
317.0 :    1 : [4363]
317.3 :    1 : [4608]
317.4 :    1 : [4360]
317.8 :    1 : [4423]
318.3 :    1 : [4554]
318.4 :    1 : [4560]
318.7 :    1 : [4525]
319.8 :    1 : [4608]
321.2 :    1 : [4423]
323.3 :    1 : [4423]
411.9 :    1 : [4412]
412.0 :    2 : [4427, 4498]
412.1 :    9 : [4360, 4372, 4439, 4468, 4511, 4551, 4556, 4582, 4590]
412.2 :   10 : [4347, 4375, 4394, 4397, 4423, 4424, 4492, 4560, 4565, 4601]
412.3 :   22 : [4364, 4382, 4401, 4403, 4418, 4441, 4444, 4457, 4484, 4487, 4510, 4518, 4524, 4525, 4526, 4532, 4554, 4578, 4589, 4596, 4597, 4608]
412.4 :   11 : [4350, 4402, 4430, 4440, 4485, 4513, 4557, 4563, 4576, 4577, 4580]
412.5 :    5 : [4405, 4458, 4460, 4497, 4540]
412.6 :    3 : [4414, 4431, 4549]
412.7 :   13 : [4362, 4374, 4386, 4392, 4432, 4491, 4542, 4583, 4587, 4593, 4595, 4606, 4610]
412.8 :   10 : [4346, 4365, 4379, 4409, 4466, 4478, 4479, 4512, 4538, 4588]
412.9 :    4 : [4381, 4426, 4464, 4499]
413.0 :    4 : [4363, 4388, 4453, 4548]
413.1 :    1 : [4507]
413.3 :    2 : [4445, 4462]
413.7 :    1 : [4602]
414.0 :    1 : [4412]
414.2 :    3 : [4551, 4556, 4590]
414.4 :    2 : [4468, 4554]
414.5 :    5 : [4418, 4427, 4439, 4457, 4597]
414.6 :    3 : [4498, 4511, 4540]
414.8 :    4 : [4394, 4458, 4510, 4589]
414.9 :    1 : [4423]
415.0 :    2 : [4401, 4526]
415.1 :    2 : [4424, 4485]
415.2 :    2 : [4360, 4582]
415.4 :    5 : [4363, 4525, 4532, 4596, 4608]
415.5 :    3 : [4484, 4560, 4577]
415.6 :    3 : [4444, 4557, 4601]
415.7 :    2 : [4441, 4524]
415.9 :    1 : [4513]
416.7 :    1 : [4590]
417.3 :    2 : [4360, 4423]
417.6 :    2 : [4418, 4525]
417.7 :    1 : [4485]
418.1 :    1 : [4554]
418.3 :    1 : [4608]
420.2 :    1 : [4423]
420.4 :    1 : [4608]
424.1 :    1 : [4423]
511.8 :    2 : [4458, 4560]
511.9 :    7 : [4394, 4397, 4440, 4497, 4525, 4548, 4554]
512.0 :   19 : [4346, 4363, 4401, 4402, 4423, 4424, 4439, 4457, 4468, 4484, 4498, 4510, 4538, 4540, 4542, 4576, 4580, 4597, 4608]
512.1 :   24 : [4360, 4365, 4374, 4382, 4388, 4392, 4409, 4412, 4418, 4441, 4460, 4485, 4487, 4491, 4507, 4524, 4526, 4551, 4557, 4577, 4578, 4589, 4601, 4602]
512.2 :   20 : [4364, 4372, 4427, 4430, 4444, 4445, 4453, 4492, 4511, 4513, 4518, 4532, 4556, 4565, 4582, 4588, 4590, 4593, 4596, 4606]
512.3 :   18 : [4347, 4362, 4375, 4379, 4381, 4386, 4414, 4426, 4432, 4466, 4478, 4479, 4512, 4549, 4583, 4587, 4595, 4610]
512.4 :    5 : [4403, 4405, 4462, 4499, 4563]
512.6 :    4 : [4367, 4501, 4504, 4592]
512.7 :   11 : [4368, 4400, 4411, 4425, 4446, 4452, 4455, 4489, 4514, 4562, 4566]
512.8 :    4 : [4428, 4467, 4490, 4567]
512.9 :    2 : [4442, 4547]
513.0 :    1 : [4378]
514.1 :    2 : [4363, 4540]
514.2 :    2 : [4360, 4412]
514.3 :    3 : [4427, 4498, 4606]
514.4 :    3 : [4468, 4510, 4556]
514.5 :    7 : [4347, 4394, 4401, 4485, 4551, 4578, 4597]
514.6 :    7 : [4424, 4457, 4526, 4580, 4582, 4589, 4601]
514.7 :    3 : [4392, 4418, 4423]
514.8 :    5 : [4439, 4441, 4554, 4596, 4608]
514.9 :    4 : [4458, 4484, 4525, 4557]
515.0 :    2 : [4397, 4560]
515.1 :    6 : [4372, 4444, 4511, 4532, 4538, 4593]
515.2 :    4 : [4445, 4491, 4507, 4590]
515.3 :    3 : [4524, 4565, 4588]
515.6 :    1 : [4492]
516.6 :    1 : [4597]
517.0 :    2 : [4423, 4606]
517.1 :    1 : [4556]
517.2 :    1 : [4412]
517.3 :    2 : [4468, 4608]
518.0 :    1 : [4554]
519.6 :    1 : [4423]
520.5 :    1 : [4608]
522.8 :    1 : [4608]
523.0 :    1 : [4423]
