Name: Thalamus [Glu], Title: Raster plot from device '10143', Hist: False
112.6 :    1 : [1019]
112.7 :   95 : [1010, 1011, 1012, 1013, 1016, 1018, 1021, 1023, 1025, 1026, 1027, 1028, 1030, 1032, 1037, 1044, 1050, 1053, 1054, 1057, 1058, 1061, 1062, 1063, 1064, 1068, 1073, 1076, 1080, 1081, 1084, 1086, 1088, 1089, 1094, 1095, 1097, 1098, 1101, 1102, 1104, 1105, 1106, 1108, 1111, 1112, 1115, 1117, 1121, 1122, 1123, 1124, 1125, 1129, 1130, 1131, 1133, 1139, 1140, 1141, 1142, 1144, 1149, 1150, 1152, 1153, 1157, 1160, 1161, 1162, 1164, 1165, 1166, 1168, 1177, 1178, 1185, 1186, 1190, 1191, 1195, 1196, 1197, 1198, 1200, 1201, 1204, 1205, 1208, 1211, 1212, 1213, 1214, 1217, 1219]
112.8 :  110 : [1014, 1015, 1017, 1020, 1022, 1024, 1029, 1031, 1033, 1034, 1035, 1036, 1038, 1039, 1040, 1041, 1042, 1043, 1045, 1046, 1047, 1048, 1049, 1051, 1052, 1055, 1056, 1059, 1060, 1065, 1066, 1067, 1069, 1070, 1071, 1072, 1074, 1075, 1077, 1078, 1079, 1082, 1083, 1085, 1087, 1090, 1092, 1093, 1096, 1099, 1100, 1103, 1107, 1109, 1110, 1113, 1114, 1116, 1118, 1119, 1120, 1126, 1127, 1128, 1134, 1135, 1136, 1137, 1138, 1143, 1145, 1146, 1147, 1148, 1151, 1154, 1155, 1156, 1158, 1159, 1167, 1169, 1170, 1171, 1172, 1173, 1174, 1175, 1176, 1179, 1180, 1181, 1182, 1183, 1184, 1187, 1188, 1189, 1192, 1193, 1194, 1202, 1203, 1206, 1207, 1209, 1210, 1215, 1216, 1218]
112.9 :    4 : [1091, 1132, 1163, 1199]
114.9 :   49 : [1010, 1013, 1016, 1019, 1025, 1026, 1027, 1032, 1050, 1053, 1057, 1061, 1068, 1073, 1081, 1089, 1094, 1095, 1098, 1102, 1104, 1111, 1112, 1115, 1117, 1121, 1122, 1131, 1133, 1140, 1144, 1149, 1150, 1152, 1157, 1161, 1164, 1165, 1166, 1168, 1177, 1190, 1191, 1198, 1200, 1205, 1211, 1213, 1214]
115.0 :  142 : [1011, 1012, 1014, 1015, 1017, 1018, 1020, 1021, 1022, 1023, 1028, 1029, 1030, 1031, 1033, 1034, 1035, 1036, 1037, 1038, 1039, 1040, 1041, 1042, 1044, 1045, 1046, 1047, 1049, 1051, 1052, 1054, 1055, 1056, 1058, 1060, 1062, 1063, 1064, 1065, 1067, 1070, 1072, 1074, 1075, 1076, 1077, 1078, 1079, 1080, 1082, 1083, 1084, 1085, 1086, 1087, 1088, 1090, 1092, 1093, 1096, 1097, 1099, 1100, 1101, 1103, 1105, 1106, 1107, 1108, 1109, 1110, 1118, 1119, 1120, 1123, 1124, 1125, 1126, 1127, 1128, 1129, 1130, 1134, 1135, 1136, 1137, 1138, 1139, 1141, 1142, 1143, 1146, 1147, 1148, 1151, 1153, 1154, 1155, 1156, 1158, 1159, 1160, 1162, 1169, 1170, 1172, 1173, 1174, 1175, 1176, 1178, 1179, 1180, 1181, 1182, 1183, 1184, 1185, 1186, 1187, 1188, 1189, 1192, 1193, 1194, 1195, 1196, 1197, 1201, 1202, 1204, 1206, 1208, 1209, 1210, 1212, 1215, 1216, 1217, 1218, 1219]
115.1 :   17 : [1024, 1043, 1048, 1059, 1066, 1069, 1071, 1113, 1114, 1116, 1132, 1145, 1163, 1167, 1171, 1203, 1207]
115.2 :    2 : [1091, 1199]
117.4 :    7 : [1094, 1095, 1102, 1111, 1115, 1157, 1191]
117.5 :   45 : [1010, 1012, 1016, 1019, 1025, 1026, 1027, 1028, 1037, 1049, 1053, 1054, 1057, 1061, 1068, 1089, 1098, 1104, 1112, 1117, 1122, 1123, 1124, 1130, 1131, 1133, 1140, 1144, 1149, 1152, 1160, 1164, 1166, 1168, 1177, 1179, 1190, 1198, 1200, 1205, 1208, 1211, 1213, 1217, 1219]
117.6 :   65 : [1011, 1013, 1018, 1021, 1023, 1030, 1031, 1032, 1033, 1035, 1039, 1040, 1044, 1046, 1047, 1050, 1058, 1062, 1063, 1064, 1073, 1076, 1079, 1081, 1084, 1085, 1086, 1090, 1097, 1100, 1105, 1106, 1109, 1119, 1121, 1126, 1129, 1135, 1136, 1138, 1139, 1141, 1142, 1148, 1150, 1151, 1153, 1154, 1155, 1161, 1162, 1165, 1170, 1174, 1178, 1180, 1186, 1193, 1195, 1197, 1201, 1204, 1212, 1214, 1218]
117.7 :   69 : [1014, 1020, 1022, 1024, 1029, 1038, 1042, 1043, 1045, 1051, 1052, 1055, 1056, 1060, 1067, 1069, 1070, 1071, 1072, 1074, 1075, 1077, 1078, 1080, 1082, 1083, 1087, 1088, 1092, 1093, 1096, 1101, 1103, 1107, 1108, 1110, 1118, 1120, 1125, 1127, 1128, 1134, 1137, 1143, 1146, 1147, 1158, 1159, 1171, 1172, 1173, 1175, 1176, 1181, 1182, 1183, 1184, 1185, 1187, 1188, 1189, 1192, 1196, 1202, 1206, 1209, 1210, 1215, 1216]
117.8 :   22 : [1015, 1017, 1034, 1036, 1041, 1048, 1059, 1065, 1066, 1099, 1113, 1114, 1116, 1132, 1145, 1156, 1163, 1167, 1169, 1194, 1203, 1207]
117.9 :    2 : [1091, 1199]
119.8 :    5 : [1094, 1095, 1111, 1115, 1157]
119.9 :   21 : [1016, 1027, 1028, 1053, 1054, 1061, 1068, 1089, 1102, 1112, 1117, 1123, 1131, 1144, 1160, 1168, 1179, 1190, 1191, 1200, 1219]
120.0 :   34 : [1010, 1012, 1018, 1023, 1025, 1030, 1031, 1033, 1037, 1049, 1057, 1058, 1076, 1086, 1090, 1098, 1105, 1122, 1124, 1129, 1130, 1139, 1140, 1142, 1149, 1151, 1152, 1177, 1197, 1205, 1208, 1211, 1213, 1217]
120.1 :   55 : [1011, 1013, 1019, 1021, 1024, 1026, 1029, 1032, 1035, 1038, 1039, 1044, 1046, 1047, 1062, 1063, 1073, 1081, 1083, 1084, 1085, 1097, 1100, 1104, 1109, 1110, 1119, 1121, 1126, 1133, 1135, 1136, 1138, 1141, 1148, 1154, 1155, 1161, 1162, 1164, 1165, 1166, 1170, 1172, 1173, 1176, 1178, 1180, 1186, 1193, 1198, 1201, 1212, 1214, 1218]
120.2 :   48 : [1014, 1022, 1040, 1043, 1050, 1051, 1052, 1056, 1064, 1069, 1071, 1072, 1074, 1075, 1077, 1079, 1082, 1088, 1092, 1096, 1106, 1107, 1118, 1127, 1128, 1134, 1143, 1145, 1146, 1147, 1150, 1153, 1158, 1159, 1171, 1174, 1175, 1183, 1185, 1187, 1188, 1192, 1195, 1196, 1204, 1210, 1215, 1216]
120.3 :   38 : [1015, 1020, 1034, 1042, 1045, 1048, 1055, 1060, 1066, 1067, 1070, 1078, 1080, 1087, 1093, 1099, 1101, 1103, 1108, 1113, 1114, 1116, 1120, 1125, 1132, 1137, 1156, 1163, 1167, 1181, 1182, 1184, 1189, 1194, 1202, 1206, 1207, 1209]
120.4 :    7 : [1036, 1041, 1059, 1065, 1169, 1199, 1203]
120.5 :    2 : [1017, 1091]
122.3 :    1 : [1095]
122.4 :    5 : [1054, 1094, 1111, 1115, 1157]
122.5 :    8 : [1016, 1061, 1102, 1117, 1160, 1179, 1190, 1191]
122.6 :   16 : [1027, 1028, 1030, 1037, 1049, 1053, 1068, 1089, 1112, 1123, 1131, 1149, 1168, 1200, 1213, 1219]
122.7 :   33 : [1010, 1012, 1018, 1023, 1024, 1031, 1033, 1057, 1058, 1076, 1085, 1090, 1098, 1100, 1105, 1122, 1124, 1129, 1130, 1139, 1140, 1142, 1144, 1151, 1152, 1154, 1177, 1197, 1205, 1208, 1211, 1217, 1218]
122.8 :   35 : [1013, 1025, 1026, 1029, 1035, 1038, 1039, 1046, 1047, 1063, 1084, 1086, 1097, 1104, 1109, 1119, 1121, 1126, 1136, 1138, 1148, 1155, 1161, 1162, 1165, 1166, 1170, 1172, 1173, 1176, 1178, 1180, 1186, 1210, 1212]
122.9 :   44 : [1011, 1014, 1021, 1022, 1032, 1044, 1052, 1056, 1062, 1069, 1071, 1073, 1077, 1079, 1081, 1083, 1092, 1096, 1106, 1110, 1127, 1133, 1135, 1141, 1143, 1145, 1146, 1147, 1150, 1158, 1164, 1174, 1185, 1187, 1188, 1192, 1193, 1195, 1196, 1198, 1201, 1204, 1214, 1216]
123.0 :   23 : [1019, 1040, 1043, 1051, 1064, 1066, 1072, 1074, 1075, 1082, 1088, 1107, 1118, 1128, 1134, 1153, 1159, 1163, 1171, 1175, 1183, 1189, 1215]
123.1 :   29 : [1020, 1042, 1045, 1048, 1050, 1055, 1060, 1067, 1078, 1080, 1093, 1099, 1101, 1103, 1108, 1113, 1114, 1116, 1125, 1132, 1167, 1181, 1182, 1184, 1194, 1202, 1206, 1207, 1209]
123.2 :   10 : [1015, 1034, 1041, 1070, 1087, 1120, 1137, 1156, 1199, 1203]
123.3 :    4 : [1059, 1065, 1091, 1169]
123.4 :    2 : [1017, 1036]
125.2 :    1 : [1095]
125.3 :    5 : [1054, 1094, 1111, 1115, 1157]
125.4 :    5 : [1016, 1061, 1160, 1179, 1191]
125.5 :   10 : [1027, 1028, 1037, 1102, 1117, 1123, 1131, 1168, 1190, 1219]
125.6 :   18 : [1012, 1018, 1030, 1049, 1053, 1058, 1068, 1089, 1090, 1112, 1140, 1149, 1151, 1197, 1200, 1208, 1213, 1217]
125.7 :   25 : [1010, 1023, 1024, 1031, 1033, 1057, 1076, 1085, 1098, 1100, 1105, 1109, 1124, 1129, 1130, 1139, 1142, 1144, 1152, 1154, 1155, 1177, 1180, 1211, 1218]
125.8 :   22 : [1029, 1035, 1038, 1039, 1046, 1086, 1097, 1104, 1119, 1122, 1138, 1145, 1148, 1161, 1162, 1166, 1172, 1173, 1176, 1205, 1210, 1212]
125.9 :   30 : [1011, 1013, 1014, 1022, 1025, 1044, 1047, 1056, 1063, 1069, 1071, 1083, 1084, 1092, 1110, 1121, 1126, 1136, 1141, 1147, 1164, 1165, 1170, 1178, 1186, 1188, 1196, 1201, 1214, 1216]
126.0 :   32 : [1021, 1026, 1032, 1043, 1052, 1062, 1066, 1073, 1075, 1077, 1079, 1081, 1096, 1106, 1107, 1127, 1133, 1135, 1143, 1146, 1150, 1158, 1163, 1171, 1174, 1185, 1187, 1192, 1193, 1195, 1198, 1204]
126.1 :   19 : [1019, 1040, 1051, 1064, 1072, 1082, 1088, 1113, 1114, 1116, 1118, 1128, 1134, 1153, 1159, 1175, 1183, 1189, 1215]
126.2 :   20 : [1020, 1042, 1045, 1048, 1055, 1060, 1067, 1074, 1080, 1093, 1099, 1125, 1132, 1167, 1181, 1184, 1194, 1202, 1206, 1209]
126.3 :   13 : [1015, 1034, 1050, 1078, 1101, 1103, 1108, 1120, 1156, 1182, 1199, 1203, 1207]
126.4 :    3 : [1041, 1070, 1087]
126.5 :    5 : [1059, 1065, 1091, 1137, 1169]
126.6 :    1 : [1036]
126.7 :    1 : [1017]
128.2 :    1 : [1019]
128.3 :    1 : [1020]
128.4 :    3 : [1054, 1094, 1095]
128.5 :    2 : [1111, 1157]
128.6 :    5 : [1016, 1061, 1115, 1169, 1179]
128.7 :    7 : [1036, 1117, 1123, 1160, 1190, 1191, 1219]
128.8 :    8 : [1017, 1027, 1028, 1037, 1102, 1131, 1151, 1168]
128.9 :   12 : [1012, 1018, 1024, 1030, 1049, 1053, 1058, 1068, 1090, 1112, 1197, 1208]
129.0 :   20 : [1023, 1031, 1033, 1057, 1076, 1085, 1089, 1105, 1130, 1140, 1142, 1149, 1152, 1154, 1177, 1200, 1211, 1213, 1217, 1218]
129.1 :   18 : [1010, 1039, 1086, 1098, 1100, 1109, 1124, 1129, 1138, 1139, 1144, 1148, 1155, 1172, 1173, 1176, 1180, 1210]
129.2 :   18 : [1022, 1029, 1035, 1038, 1046, 1083, 1084, 1092, 1097, 1104, 1119, 1122, 1126, 1145, 1161, 1162, 1205, 1212]
129.3 :   25 : [1011, 1013, 1014, 1025, 1044, 1047, 1056, 1063, 1069, 1071, 1110, 1121, 1136, 1141, 1147, 1163, 1165, 1166, 1170, 1178, 1186, 1188, 1196, 1201, 1216]
129.4 :   22 : [1026, 1043, 1066, 1073, 1075, 1077, 1079, 1096, 1127, 1135, 1143, 1146, 1158, 1164, 1171, 1174, 1185, 1187, 1192, 1193, 1195, 1214]
129.5 :   22 : [1021, 1032, 1051, 1052, 1062, 1072, 1081, 1082, 1088, 1106, 1107, 1128, 1133, 1150, 1153, 1159, 1175, 1183, 1189, 1198, 1204, 1215]
129.6 :   11 : [1040, 1048, 1064, 1099, 1113, 1114, 1116, 1118, 1132, 1134, 1194]
129.7 :   15 : [1042, 1045, 1055, 1060, 1067, 1074, 1093, 1125, 1167, 1181, 1184, 1202, 1206, 1207, 1209]
129.8 :   12 : [1015, 1034, 1050, 1078, 1080, 1101, 1103, 1108, 1156, 1182, 1199, 1203]
129.9 :    4 : [1041, 1070, 1087, 1120]
130.0 :    3 : [1059, 1065, 1091]
130.1 :    1 : [1137]
130.5 :    1 : [1094]
130.6 :    2 : [1111, 1157]
130.7 :    2 : [1061, 1179]
130.8 :    5 : [1117, 1123, 1190, 1191, 1219]
130.9 :    7 : [1027, 1028, 1037, 1102, 1131, 1151, 1168]
131.0 :   12 : [1012, 1018, 1024, 1030, 1049, 1053, 1058, 1068, 1090, 1112, 1197, 1208]
131.1 :   20 : [1023, 1031, 1033, 1057, 1076, 1085, 1089, 1105, 1130, 1140, 1142, 1149, 1152, 1154, 1177, 1200, 1211, 1213, 1217, 1218]
131.2 :   18 : [1010, 1039, 1086, 1098, 1100, 1109, 1124, 1129, 1138, 1139, 1144, 1148, 1155, 1172, 1173, 1176, 1180, 1210]
131.3 :   18 : [1022, 1029, 1035, 1038, 1046, 1083, 1084, 1092, 1097, 1104, 1119, 1122, 1126, 1145, 1161, 1162, 1205, 1212]
131.4 :   25 : [1011, 1013, 1014, 1025, 1044, 1047, 1056, 1063, 1069, 1071, 1110, 1121, 1136, 1141, 1147, 1163, 1165, 1166, 1170, 1178, 1186, 1188, 1196, 1201, 1216]
131.5 :   22 : [1026, 1043, 1066, 1073, 1075, 1077, 1079, 1096, 1127, 1135, 1143, 1146, 1158, 1164, 1171, 1174, 1185, 1187, 1192, 1193, 1195, 1214]
131.6 :   23 : [1019, 1021, 1032, 1051, 1052, 1062, 1072, 1081, 1082, 1088, 1106, 1107, 1128, 1133, 1150, 1153, 1159, 1175, 1183, 1189, 1198, 1204, 1215]
131.7 :   12 : [1020, 1040, 1048, 1064, 1099, 1113, 1114, 1116, 1118, 1132, 1134, 1194]
131.8 :   15 : [1042, 1045, 1055, 1060, 1067, 1074, 1093, 1125, 1167, 1181, 1184, 1202, 1206, 1207, 1209]
131.9 :   13 : [1015, 1034, 1050, 1078, 1080, 1095, 1101, 1103, 1108, 1156, 1182, 1199, 1203]
132.0 :    5 : [1041, 1054, 1070, 1087, 1120]
132.1 :    4 : [1059, 1065, 1091, 1169]
132.2 :    4 : [1016, 1036, 1115, 1137]
132.3 :    2 : [1017, 1160]
133.4 :    4 : [1022, 1084, 1104, 1212]
133.5 :   10 : [1011, 1025, 1044, 1056, 1147, 1165, 1178, 1186, 1188, 1201]
133.6 :   16 : [1026, 1043, 1073, 1075, 1077, 1079, 1135, 1143, 1146, 1164, 1171, 1174, 1192, 1193, 1195, 1214]
133.7 :   21 : [1019, 1021, 1032, 1051, 1062, 1072, 1081, 1082, 1088, 1106, 1128, 1133, 1150, 1153, 1159, 1175, 1183, 1189, 1198, 1204, 1215]
133.8 :   12 : [1020, 1040, 1048, 1064, 1099, 1113, 1114, 1116, 1118, 1132, 1134, 1194]
133.9 :   15 : [1042, 1045, 1055, 1060, 1067, 1074, 1093, 1125, 1167, 1181, 1184, 1202, 1206, 1207, 1209]
134.0 :   14 : [1015, 1034, 1050, 1078, 1080, 1094, 1095, 1101, 1103, 1108, 1156, 1182, 1199, 1203]
134.1 :    7 : [1041, 1054, 1070, 1087, 1111, 1120, 1157]
134.2 :    6 : [1059, 1061, 1065, 1091, 1169, 1179]
134.3 :    5 : [1016, 1036, 1115, 1117, 1137]
134.4 :    5 : [1123, 1160, 1190, 1191, 1219]
134.5 :   11 : [1017, 1027, 1028, 1030, 1037, 1049, 1090, 1131, 1151, 1168, 1197]
134.6 :    5 : [1018, 1024, 1068, 1102, 1112]
134.7 :    7 : [1012, 1053, 1058, 1105, 1140, 1208, 1217]
134.8 :   21 : [1023, 1031, 1033, 1057, 1076, 1085, 1089, 1109, 1130, 1142, 1149, 1154, 1155, 1172, 1173, 1176, 1180, 1200, 1211, 1213, 1218]
134.9 :   14 : [1010, 1039, 1098, 1100, 1124, 1129, 1138, 1139, 1144, 1145, 1148, 1152, 1177, 1210]
135.0 :    9 : [1029, 1035, 1038, 1046, 1086, 1097, 1119, 1122, 1162]
135.1 :   11 : [1014, 1069, 1083, 1092, 1110, 1126, 1141, 1161, 1170, 1205, 1216]
135.2 :   10 : [1013, 1047, 1063, 1066, 1071, 1121, 1136, 1163, 1166, 1196]
135.3 :    5 : [1096, 1127, 1158, 1185, 1187]
135.4 :    2 : [1052, 1107]
135.5 :    3 : [1084, 1104, 1212]
135.6 :   10 : [1011, 1025, 1044, 1056, 1147, 1165, 1178, 1186, 1188, 1201]
135.7 :   16 : [1026, 1043, 1073, 1075, 1077, 1079, 1135, 1143, 1146, 1164, 1171, 1174, 1192, 1193, 1195, 1214]
135.8 :   20 : [1021, 1032, 1051, 1062, 1072, 1081, 1082, 1088, 1106, 1128, 1133, 1150, 1153, 1159, 1175, 1183, 1189, 1198, 1204, 1215]
135.9 :   13 : [1019, 1020, 1040, 1048, 1064, 1099, 1113, 1114, 1116, 1118, 1132, 1134, 1194]
136.0 :   15 : [1042, 1045, 1055, 1060, 1067, 1074, 1093, 1125, 1167, 1181, 1184, 1202, 1206, 1207, 1209]
136.1 :   14 : [1015, 1034, 1050, 1078, 1080, 1094, 1095, 1101, 1103, 1108, 1156, 1182, 1199, 1203]
136.2 :    7 : [1041, 1054, 1070, 1087, 1111, 1120, 1157]
136.3 :    5 : [1059, 1061, 1065, 1091, 1179]
136.4 :    4 : [1016, 1115, 1137, 1169]
136.5 :    5 : [1117, 1123, 1160, 1191, 1219]
136.6 :    6 : [1028, 1036, 1037, 1151, 1168, 1190]
136.7 :    9 : [1024, 1027, 1030, 1049, 1090, 1102, 1112, 1131, 1197]
136.8 :    6 : [1017, 1018, 1053, 1058, 1068, 1208]
136.9 :    6 : [1012, 1085, 1105, 1140, 1217, 1218]
137.0 :   19 : [1023, 1031, 1033, 1057, 1076, 1089, 1109, 1130, 1142, 1149, 1154, 1155, 1172, 1173, 1176, 1180, 1200, 1211, 1213]
137.1 :   11 : [1039, 1100, 1124, 1129, 1138, 1139, 1145, 1148, 1152, 1177, 1210]
137.2 :   10 : [1010, 1029, 1035, 1038, 1046, 1086, 1098, 1119, 1144, 1162]
137.3 :    9 : [1022, 1069, 1083, 1092, 1097, 1122, 1126, 1161, 1205]
137.4 :   15 : [1013, 1014, 1047, 1063, 1066, 1071, 1110, 1121, 1136, 1141, 1163, 1166, 1170, 1196, 1216]
137.5 :    1 : [1127]
137.6 :    7 : [1084, 1096, 1104, 1158, 1185, 1187, 1212]
137.7 :   12 : [1011, 1025, 1044, 1052, 1056, 1107, 1147, 1165, 1178, 1186, 1188, 1201]
137.8 :   16 : [1026, 1043, 1073, 1075, 1077, 1079, 1135, 1143, 1146, 1164, 1171, 1174, 1192, 1193, 1195, 1214]
137.9 :   20 : [1021, 1032, 1051, 1062, 1072, 1081, 1082, 1088, 1106, 1128, 1133, 1150, 1153, 1159, 1175, 1183, 1189, 1198, 1204, 1215]
138.0 :   11 : [1040, 1048, 1064, 1099, 1113, 1114, 1116, 1118, 1132, 1134, 1194]
138.1 :    8 : [1042, 1045, 1060, 1067, 1167, 1184, 1202, 1209]
138.2 :    9 : [1055, 1074, 1093, 1095, 1125, 1181, 1199, 1203, 1207]
138.3 :    9 : [1019, 1020, 1034, 1054, 1080, 1094, 1156, 1182, 1206]
138.4 :    8 : [1015, 1050, 1078, 1103, 1108, 1111, 1120, 1157]
138.5 :    6 : [1016, 1041, 1091, 1101, 1115, 1179]
138.6 :    3 : [1061, 1070, 1087]
138.7 :    1 : [1160]
138.8 :    6 : [1059, 1065, 1117, 1123, 1191, 1219]
138.9 :    5 : [1037, 1137, 1151, 1169, 1190]
139.0 :    9 : [1024, 1027, 1028, 1030, 1049, 1090, 1131, 1168, 1197]
139.1 :    4 : [1036, 1068, 1102, 1112]
139.2 :    5 : [1012, 1018, 1053, 1058, 1208]
139.3 :    8 : [1017, 1085, 1105, 1140, 1154, 1173, 1217, 1218]
139.4 :   18 : [1023, 1031, 1033, 1057, 1076, 1089, 1109, 1130, 1142, 1145, 1149, 1155, 1172, 1176, 1180, 1200, 1211, 1213]
139.5 :    8 : [1100, 1129, 1138, 1139, 1148, 1152, 1177, 1210]
139.6 :    8 : [1010, 1029, 1039, 1086, 1098, 1119, 1124, 1144]
139.7 :    5 : [1035, 1038, 1046, 1097, 1162]
139.8 :   13 : [1014, 1022, 1069, 1083, 1084, 1092, 1110, 1122, 1126, 1161, 1163, 1205, 1216]
139.9 :   13 : [1013, 1047, 1063, 1066, 1071, 1104, 1121, 1136, 1141, 1147, 1170, 1196, 1212]
140.0 :    7 : [1056, 1127, 1166, 1178, 1186, 1188, 1201]
140.1 :   15 : [1011, 1025, 1043, 1044, 1075, 1077, 1079, 1096, 1143, 1158, 1165, 1171, 1185, 1187, 1192]
140.2 :    4 : [1073, 1107, 1174, 1214]
140.3 :   11 : [1021, 1052, 1072, 1128, 1135, 1146, 1159, 1164, 1189, 1193, 1195]
140.4 :   12 : [1026, 1032, 1051, 1082, 1106, 1114, 1116, 1132, 1150, 1175, 1183, 1204]
140.5 :    9 : [1048, 1062, 1088, 1099, 1113, 1153, 1167, 1198, 1215]
140.6 :    8 : [1054, 1064, 1081, 1095, 1118, 1133, 1134, 1194]
140.7 :    8 : [1040, 1042, 1060, 1067, 1094, 1184, 1199, 1209]
140.8 :    6 : [1045, 1055, 1093, 1181, 1202, 1207]
140.9 :    7 : [1074, 1111, 1125, 1157, 1182, 1203, 1206]
141.0 :    6 : [1016, 1020, 1034, 1080, 1156, 1179]
141.1 :    6 : [1015, 1019, 1061, 1103, 1108, 1115]
141.2 :    6 : [1050, 1078, 1091, 1101, 1120, 1160]
141.3 :    2 : [1041, 1070]
141.4 :    6 : [1087, 1117, 1123, 1151, 1191, 1219]
141.5 :    2 : [1037, 1190]
141.6 :    9 : [1024, 1027, 1028, 1030, 1059, 1065, 1090, 1168, 1197]
141.7 :    2 : [1049, 1131]
141.8 :    6 : [1018, 1068, 1102, 1112, 1137, 1169]
141.9 :    5 : [1012, 1053, 1058, 1105, 1208]
142.0 :    9 : [1033, 1085, 1109, 1140, 1142, 1154, 1173, 1217, 1218]
142.1 :   10 : [1023, 1031, 1036, 1076, 1145, 1155, 1172, 1176, 1180, 1213]
142.2 :   10 : [1057, 1089, 1100, 1130, 1138, 1139, 1149, 1200, 1210, 1211]
142.3 :    7 : [1029, 1039, 1124, 1129, 1148, 1152, 1177]
142.4 :    7 : [1010, 1017, 1038, 1046, 1086, 1098, 1119]
142.5 :    5 : [1035, 1097, 1144, 1162, 1163]
142.6 :    9 : [1014, 1022, 1069, 1083, 1084, 1092, 1110, 1126, 1161]
142.7 :    8 : [1066, 1071, 1122, 1141, 1170, 1205, 1212, 1216]
142.8 :   10 : [1013, 1047, 1056, 1063, 1104, 1121, 1136, 1147, 1188, 1196]
142.9 :    4 : [1127, 1166, 1186, 1201]
143.0 :   11 : [1011, 1043, 1044, 1075, 1077, 1096, 1158, 1178, 1185, 1187, 1192]
143.1 :    6 : [1025, 1079, 1143, 1165, 1171, 1214]
143.2 :    4 : [1073, 1107, 1128, 1174]
143.3 :    7 : [1052, 1054, 1072, 1146, 1189, 1193, 1195]
143.4 :   11 : [1021, 1032, 1116, 1132, 1135, 1150, 1159, 1164, 1175, 1183, 1204]
143.5 :    7 : [1026, 1051, 1082, 1094, 1095, 1113, 1114]
143.6 :    9 : [1048, 1062, 1088, 1099, 1106, 1153, 1167, 1194, 1215]
143.7 :    2 : [1134, 1198]
143.8 :    6 : [1064, 1081, 1111, 1118, 1133, 1157]
143.9 :    9 : [1016, 1040, 1042, 1060, 1067, 1179, 1184, 1199, 1209]
144.0 :    5 : [1045, 1061, 1115, 1202, 1207]
144.1 :    3 : [1055, 1093, 1181]
144.2 :    4 : [1074, 1125, 1160, 1203]
144.3 :    4 : [1034, 1156, 1182, 1206]
144.4 :    5 : [1020, 1080, 1117, 1123, 1219]
144.5 :    3 : [1015, 1151, 1191]
144.6 :    3 : [1103, 1108, 1190]
144.7 :    8 : [1024, 1028, 1037, 1078, 1090, 1091, 1120, 1197]
144.8 :    5 : [1027, 1030, 1049, 1050, 1168]
144.9 :    3 : [1019, 1041, 1131]
145.0 :    3 : [1068, 1101, 1112]
145.1 :    3 : [1018, 1070, 1102]
145.2 :    4 : [1012, 1058, 1105, 1208]
145.3 :    3 : [1053, 1085, 1173]
145.4 :    9 : [1033, 1087, 1109, 1140, 1145, 1154, 1172, 1217, 1218]
145.5 :    4 : [1076, 1142, 1176, 1180]
145.6 :    6 : [1023, 1031, 1138, 1155, 1210, 1213]
145.7 :    2 : [1100, 1130]
145.8 :    6 : [1057, 1065, 1139, 1148, 1149, 1211]
145.9 :    5 : [1029, 1059, 1089, 1129, 1200]
146.0 :    4 : [1039, 1119, 1152, 1177]
146.1 :    1 : [1124]
146.2 :    3 : [1038, 1086, 1163]
146.3 :    2 : [1046, 1098]
146.4 :    4 : [1010, 1035, 1092, 1097]
146.5 :    4 : [1022, 1069, 1083, 1162]
146.6 :    2 : [1014, 1126]
146.7 :    2 : [1066, 1144]
146.8 :    4 : [1071, 1084, 1110, 1216]
147.0 :    2 : [1054, 1161]
147.1 :    1 : [1141]
147.4 :    2 : [1095, 1170]
147.5 :    1 : [1094]
147.9 :    1 : [1147]
148.4 :    1 : [1196]
211.6 :    2 : [1028, 1129]
211.7 :   12 : [1031, 1046, 1049, 1059, 1062, 1082, 1128, 1157, 1159, 1166, 1196, 1216]
211.8 :   65 : [1014, 1020, 1024, 1032, 1033, 1039, 1041, 1047, 1048, 1051, 1053, 1054, 1060, 1063, 1064, 1066, 1069, 1074, 1075, 1083, 1085, 1086, 1087, 1088, 1090, 1092, 1108, 1111, 1114, 1115, 1118, 1121, 1124, 1125, 1127, 1130, 1134, 1135, 1141, 1142, 1146, 1148, 1151, 1153, 1155, 1158, 1160, 1167, 1170, 1176, 1177, 1178, 1182, 1183, 1185, 1188, 1190, 1192, 1193, 1198, 1199, 1200, 1207, 1209, 1211]
211.9 :   63 : [1012, 1018, 1022, 1023, 1026, 1034, 1035, 1036, 1040, 1042, 1043, 1045, 1050, 1056, 1058, 1061, 1065, 1070, 1073, 1078, 1079, 1091, 1094, 1095, 1097, 1098, 1101, 1102, 1104, 1105, 1116, 1117, 1119, 1123, 1126, 1136, 1137, 1138, 1139, 1143, 1144, 1156, 1161, 1162, 1164, 1168, 1169, 1179, 1181, 1191, 1194, 1195, 1197, 1201, 1202, 1203, 1208, 1210, 1212, 1213, 1215, 1218, 1219]
212.0 :   14 : [1010, 1013, 1016, 1017, 1021, 1067, 1068, 1103, 1109, 1120, 1131, 1163, 1175, 1206]
212.1 :    2 : [1015, 1189]
214.0 :    2 : [1177, 1209]
214.1 :   13 : [1041, 1050, 1062, 1083, 1104, 1111, 1115, 1117, 1129, 1143, 1155, 1157, 1183]
214.2 :   29 : [1014, 1020, 1028, 1039, 1046, 1049, 1054, 1063, 1066, 1069, 1075, 1090, 1092, 1097, 1118, 1125, 1127, 1135, 1141, 1146, 1148, 1166, 1182, 1188, 1192, 1194, 1199, 1212, 1216]
214.3 :   22 : [1010, 1036, 1045, 1047, 1053, 1058, 1085, 1086, 1088, 1094, 1095, 1116, 1130, 1134, 1136, 1142, 1159, 1161, 1202, 1211, 1215, 1219]
214.4 :   46 : [1012, 1016, 1017, 1021, 1024, 1026, 1031, 1033, 1035, 1040, 1042, 1048, 1051, 1056, 1060, 1065, 1078, 1082, 1087, 1091, 1101, 1108, 1119, 1123, 1124, 1126, 1128, 1144, 1153, 1158, 1162, 1168, 1170, 1175, 1181, 1185, 1190, 1191, 1193, 1195, 1196, 1198, 1203, 1207, 1208, 1210]
214.5 :   20 : [1013, 1018, 1032, 1034, 1061, 1064, 1067, 1068, 1073, 1114, 1121, 1151, 1156, 1160, 1164, 1176, 1189, 1197, 1200, 1213]
214.6 :    7 : [1070, 1074, 1079, 1103, 1120, 1179, 1201]
214.7 :   11 : [1043, 1059, 1102, 1105, 1131, 1138, 1139, 1167, 1169, 1178, 1206]
214.8 :    5 : [1023, 1098, 1109, 1137, 1218]
214.9 :    2 : [1022, 1163]
215.1 :    1 : [1015]
216.1 :    2 : [1177, 1209]
216.2 :   13 : [1041, 1050, 1062, 1083, 1104, 1111, 1115, 1117, 1129, 1143, 1155, 1157, 1183]
216.3 :   29 : [1014, 1020, 1028, 1039, 1046, 1049, 1054, 1063, 1066, 1069, 1075, 1090, 1092, 1097, 1118, 1125, 1127, 1135, 1141, 1146, 1148, 1166, 1182, 1188, 1192, 1194, 1199, 1212, 1216]
216.4 :   22 : [1010, 1036, 1045, 1047, 1053, 1058, 1085, 1086, 1088, 1094, 1095, 1116, 1130, 1134, 1136, 1142, 1159, 1161, 1202, 1211, 1215, 1219]
216.5 :   46 : [1012, 1016, 1017, 1021, 1024, 1026, 1031, 1033, 1035, 1040, 1042, 1048, 1051, 1056, 1060, 1065, 1078, 1082, 1087, 1091, 1101, 1108, 1119, 1123, 1124, 1126, 1128, 1144, 1153, 1158, 1162, 1168, 1170, 1175, 1181, 1185, 1190, 1191, 1193, 1195, 1196, 1198, 1203, 1207, 1208, 1210]
216.6 :   20 : [1013, 1018, 1032, 1034, 1061, 1064, 1067, 1068, 1073, 1114, 1121, 1151, 1156, 1160, 1164, 1176, 1189, 1197, 1200, 1213]
216.7 :    7 : [1070, 1074, 1079, 1103, 1120, 1179, 1201]
216.8 :   11 : [1043, 1059, 1102, 1105, 1131, 1138, 1139, 1167, 1169, 1178, 1206]
216.9 :    5 : [1023, 1098, 1109, 1137, 1218]
217.0 :    2 : [1022, 1163]
217.2 :    1 : [1015]
218.2 :    2 : [1177, 1209]
218.3 :   13 : [1041, 1050, 1062, 1083, 1104, 1111, 1115, 1117, 1129, 1143, 1155, 1157, 1183]
218.4 :   29 : [1014, 1020, 1028, 1039, 1046, 1049, 1054, 1063, 1066, 1069, 1075, 1090, 1092, 1097, 1118, 1125, 1127, 1135, 1141, 1146, 1148, 1166, 1182, 1188, 1192, 1194, 1199, 1212, 1216]
218.5 :   22 : [1010, 1036, 1045, 1047, 1053, 1058, 1085, 1086, 1088, 1094, 1095, 1116, 1130, 1134, 1136, 1142, 1159, 1161, 1202, 1211, 1215, 1219]
218.6 :   46 : [1012, 1016, 1017, 1021, 1024, 1026, 1031, 1033, 1035, 1040, 1042, 1048, 1051, 1056, 1060, 1065, 1078, 1082, 1087, 1091, 1101, 1108, 1119, 1123, 1124, 1126, 1128, 1144, 1153, 1158, 1162, 1168, 1170, 1175, 1181, 1185, 1190, 1191, 1193, 1195, 1196, 1198, 1203, 1207, 1208, 1210]
218.7 :   20 : [1013, 1018, 1032, 1034, 1061, 1064, 1067, 1068, 1073, 1114, 1121, 1151, 1156, 1160, 1164, 1176, 1189, 1197, 1200, 1213]
218.8 :    7 : [1070, 1074, 1079, 1103, 1120, 1179, 1201]
218.9 :   11 : [1043, 1059, 1102, 1105, 1131, 1138, 1139, 1167, 1169, 1178, 1206]
219.0 :    5 : [1023, 1098, 1109, 1137, 1218]
219.1 :    2 : [1022, 1163]
219.3 :    1 : [1015]
220.3 :    2 : [1177, 1209]
220.4 :   13 : [1041, 1050, 1062, 1083, 1104, 1111, 1115, 1117, 1129, 1143, 1155, 1157, 1183]
220.5 :   29 : [1014, 1020, 1028, 1039, 1046, 1049, 1054, 1063, 1066, 1069, 1075, 1090, 1092, 1097, 1118, 1125, 1127, 1135, 1141, 1146, 1148, 1166, 1182, 1188, 1192, 1194, 1199, 1212, 1216]
220.6 :   22 : [1010, 1036, 1045, 1047, 1053, 1058, 1085, 1086, 1088, 1094, 1095, 1116, 1130, 1134, 1136, 1142, 1159, 1161, 1202, 1211, 1215, 1219]
220.7 :   46 : [1012, 1016, 1017, 1021, 1024, 1026, 1031, 1033, 1035, 1040, 1042, 1048, 1051, 1056, 1060, 1065, 1078, 1082, 1087, 1091, 1101, 1108, 1119, 1123, 1124, 1126, 1128, 1144, 1153, 1158, 1162, 1168, 1170, 1175, 1181, 1185, 1190, 1191, 1193, 1195, 1196, 1198, 1203, 1207, 1208, 1210]
220.8 :   19 : [1013, 1018, 1032, 1061, 1064, 1067, 1068, 1073, 1114, 1121, 1151, 1156, 1160, 1164, 1176, 1189, 1197, 1200, 1213]
220.9 :    6 : [1074, 1079, 1103, 1120, 1179, 1201]
221.0 :   11 : [1043, 1059, 1102, 1105, 1131, 1138, 1139, 1167, 1169, 1178, 1206]
221.1 :    5 : [1023, 1098, 1109, 1137, 1218]
221.2 :    2 : [1022, 1163]
221.3 :    1 : [1034]
221.4 :    2 : [1015, 1070]
222.4 :    2 : [1177, 1209]
222.5 :    9 : [1050, 1083, 1104, 1115, 1117, 1129, 1143, 1155, 1157]
222.6 :   14 : [1014, 1020, 1039, 1046, 1054, 1066, 1069, 1092, 1097, 1141, 1146, 1148, 1188, 1216]
222.7 :   12 : [1010, 1045, 1047, 1053, 1086, 1094, 1095, 1130, 1134, 1136, 1161, 1211]
222.8 :   40 : [1012, 1016, 1017, 1021, 1026, 1031, 1033, 1035, 1042, 1048, 1049, 1060, 1062, 1065, 1082, 1087, 1088, 1090, 1101, 1108, 1111, 1116, 1119, 1124, 1126, 1142, 1144, 1153, 1159, 1162, 1166, 1170, 1190, 1192, 1193, 1194, 1196, 1207, 1208, 1210]
222.9 :   27 : [1013, 1024, 1032, 1041, 1051, 1061, 1063, 1067, 1068, 1073, 1075, 1118, 1121, 1125, 1151, 1156, 1158, 1160, 1164, 1168, 1176, 1183, 1185, 1189, 1191, 1200, 1213]
223.0 :   17 : [1018, 1058, 1074, 1078, 1079, 1085, 1091, 1103, 1127, 1135, 1175, 1179, 1181, 1182, 1198, 1202, 1212]
223.1 :   20 : [1036, 1040, 1056, 1059, 1102, 1105, 1114, 1120, 1131, 1138, 1139, 1167, 1169, 1178, 1195, 1201, 1203, 1206, 1215, 1219]
223.2 :    7 : [1023, 1043, 1098, 1109, 1123, 1137, 1218]
223.3 :    2 : [1022, 1163]
223.4 :    1 : [1028]
223.5 :    1 : [1015]
223.6 :    1 : [1199]
223.7 :    2 : [1064, 1128]
223.8 :    1 : [1197]
223.9 :    1 : [1034]
224.0 :    1 : [1070]
224.5 :    1 : [1209]
224.6 :    3 : [1115, 1117, 1157]
224.7 :    8 : [1020, 1039, 1046, 1054, 1092, 1104, 1146, 1188]
224.8 :    6 : [1053, 1094, 1136, 1141, 1143, 1161]
224.9 :   11 : [1016, 1021, 1033, 1035, 1047, 1069, 1126, 1144, 1170, 1177, 1208]
225.0 :    7 : [1014, 1061, 1068, 1083, 1134, 1148, 1162]
225.1 :   15 : [1010, 1026, 1045, 1049, 1050, 1062, 1088, 1090, 1095, 1101, 1108, 1116, 1119, 1179, 1192]
225.2 :   13 : [1024, 1042, 1048, 1051, 1060, 1111, 1151, 1153, 1168, 1169, 1191, 1194, 1207]
225.3 :   10 : [1032, 1041, 1091, 1098, 1118, 1125, 1159, 1160, 1166, 1202]
225.4 :   15 : [1031, 1063, 1073, 1074, 1075, 1127, 1129, 1142, 1156, 1158, 1164, 1167, 1181, 1183, 1198]
225.5 :   11 : [1078, 1085, 1103, 1178, 1195, 1196, 1203, 1210, 1212, 1216, 1219]
225.6 :   14 : [1018, 1040, 1056, 1086, 1105, 1114, 1120, 1135, 1155, 1176, 1185, 1201, 1211, 1215]
225.7 :   11 : [1058, 1065, 1066, 1067, 1097, 1124, 1130, 1175, 1182, 1190, 1193]
225.8 :   12 : [1013, 1017, 1023, 1036, 1043, 1082, 1087, 1102, 1121, 1123, 1139, 1189]
225.9 :    5 : [1012, 1028, 1059, 1079, 1218]
226.0 :    4 : [1015, 1138, 1200, 1213]
226.1 :    4 : [1109, 1131, 1199, 1206]
226.2 :    4 : [1064, 1128, 1137, 1163]
226.3 :    1 : [1197]
226.4 :    2 : [1022, 1034]
226.5 :    1 : [1070]
227.0 :    5 : [1115, 1117, 1144, 1157, 1209]
227.1 :    4 : [1039, 1054, 1092, 1146]
227.2 :   10 : [1020, 1021, 1035, 1046, 1094, 1104, 1136, 1143, 1170, 1188]
227.3 :    8 : [1016, 1047, 1053, 1069, 1126, 1141, 1177, 1208]
227.4 :    4 : [1014, 1033, 1061, 1068]
227.5 :    2 : [1148, 1179]
227.6 :    6 : [1050, 1083, 1119, 1134, 1162, 1169]
227.7 :   12 : [1010, 1026, 1045, 1049, 1062, 1088, 1090, 1095, 1101, 1108, 1116, 1192]
227.8 :   12 : [1024, 1042, 1048, 1060, 1111, 1151, 1153, 1161, 1168, 1191, 1194, 1207]
227.9 :   11 : [1032, 1041, 1051, 1091, 1098, 1118, 1125, 1129, 1160, 1166, 1202]
228.0 :   15 : [1031, 1063, 1073, 1074, 1075, 1127, 1142, 1156, 1158, 1159, 1164, 1167, 1181, 1183, 1198]
228.1 :   11 : [1078, 1085, 1103, 1176, 1178, 1196, 1203, 1210, 1212, 1216, 1219]
228.2 :   17 : [1018, 1040, 1056, 1065, 1086, 1105, 1114, 1120, 1124, 1130, 1135, 1155, 1185, 1195, 1201, 1211, 1215]
228.3 :    8 : [1058, 1066, 1067, 1097, 1175, 1182, 1190, 1193]
228.4 :   12 : [1013, 1017, 1023, 1036, 1043, 1082, 1087, 1102, 1121, 1123, 1139, 1189]
228.5 :    4 : [1012, 1059, 1079, 1218]
228.6 :    4 : [1015, 1138, 1200, 1213]
228.7 :    5 : [1028, 1109, 1131, 1137, 1206]
228.8 :    1 : [1163]
228.9 :    2 : [1064, 1199]
229.0 :    2 : [1022, 1128]
229.1 :    1 : [1197]
229.2 :    1 : [1034]
229.3 :    1 : [1070]
229.5 :    1 : [1144]
229.7 :    3 : [1092, 1117, 1209]
229.8 :    5 : [1039, 1054, 1115, 1146, 1157]
229.9 :    8 : [1020, 1035, 1046, 1094, 1136, 1143, 1170, 1188]
230.0 :   10 : [1016, 1021, 1047, 1053, 1069, 1104, 1126, 1141, 1177, 1208]
230.1 :    2 : [1014, 1033]
230.2 :    2 : [1061, 1068]
230.3 :    6 : [1083, 1119, 1148, 1162, 1169, 1179]
230.4 :    3 : [1010, 1050, 1095]
230.5 :    2 : [1134, 1161]
230.6 :   10 : [1026, 1045, 1049, 1062, 1088, 1090, 1101, 1108, 1116, 1192]
230.7 :   13 : [1024, 1042, 1048, 1060, 1098, 1111, 1151, 1153, 1166, 1168, 1191, 1194, 1207]
230.8 :   13 : [1031, 1032, 1041, 1051, 1075, 1091, 1118, 1125, 1129, 1142, 1160, 1164, 1202]
230.9 :   11 : [1063, 1073, 1074, 1127, 1159, 1167, 1181, 1183, 1196, 1198, 1216]
231.0 :   15 : [1085, 1086, 1103, 1135, 1155, 1156, 1158, 1176, 1178, 1201, 1203, 1210, 1211, 1212, 1219]
231.1 :   17 : [1018, 1040, 1056, 1065, 1066, 1067, 1078, 1097, 1105, 1120, 1124, 1130, 1182, 1185, 1193, 1195, 1215]
231.2 :    9 : [1017, 1023, 1036, 1058, 1102, 1114, 1139, 1175, 1190]
231.3 :    9 : [1013, 1043, 1079, 1082, 1087, 1121, 1123, 1189, 1218]
231.4 :    4 : [1012, 1059, 1138, 1213]
231.5 :    3 : [1015, 1109, 1200]
231.6 :    3 : [1131, 1137, 1206]
231.7 :    2 : [1028, 1163]
231.8 :    1 : [1022]
232.0 :    2 : [1064, 1128]
232.1 :    2 : [1197, 1199]
232.3 :    2 : [1034, 1144]
232.4 :    1 : [1070]
232.7 :    3 : [1092, 1117, 1146]
232.8 :    3 : [1039, 1054, 1209]
232.9 :    8 : [1035, 1046, 1094, 1115, 1136, 1143, 1157, 1170]
233.0 :   10 : [1016, 1020, 1021, 1047, 1069, 1104, 1126, 1141, 1177, 1188]
233.1 :    4 : [1014, 1033, 1053, 1208]
233.2 :    2 : [1061, 1068]
233.3 :    4 : [1083, 1119, 1148, 1169]
233.4 :    4 : [1010, 1095, 1162, 1179]
233.5 :    2 : [1050, 1161]
233.7 :    1 : [1098]
233.8 :   10 : [1026, 1045, 1049, 1088, 1090, 1101, 1108, 1116, 1134, 1192]
233.9 :   10 : [1024, 1042, 1048, 1060, 1062, 1111, 1129, 1153, 1168, 1207]
234.0 :   15 : [1032, 1041, 1051, 1075, 1091, 1118, 1125, 1142, 1151, 1160, 1164, 1166, 1191, 1194, 1202]
234.1 :   11 : [1031, 1063, 1073, 1074, 1127, 1167, 1181, 1183, 1196, 1198, 1216]
234.2 :   15 : [1085, 1086, 1103, 1124, 1155, 1156, 1159, 1176, 1178, 1201, 1203, 1210, 1211, 1212, 1219]
234.3 :   16 : [1017, 1018, 1040, 1056, 1065, 1066, 1067, 1097, 1105, 1120, 1130, 1135, 1158, 1185, 1193, 1215]
234.4 :    8 : [1023, 1058, 1078, 1102, 1139, 1175, 1182, 1189]
234.5 :   12 : [1013, 1036, 1043, 1079, 1082, 1087, 1114, 1121, 1123, 1190, 1195, 1218]
234.6 :    4 : [1012, 1138, 1200, 1213]
234.7 :    3 : [1015, 1059, 1109]
234.8 :    3 : [1137, 1163, 1206]
234.9 :    1 : [1131]
235.0 :    1 : [1022]
235.1 :    1 : [1028]
235.4 :    2 : [1064, 1128]
235.5 :    2 : [1144, 1197]
235.6 :    1 : [1199]
235.8 :    1 : [1034]
235.9 :    8 : [1026, 1049, 1070, 1088, 1090, 1108, 1116, 1192]
236.0 :    5 : [1024, 1048, 1111, 1153, 1168]
236.1 :   14 : [1032, 1051, 1054, 1075, 1091, 1092, 1117, 1125, 1142, 1146, 1151, 1160, 1164, 1202]
236.2 :    8 : [1039, 1046, 1063, 1073, 1094, 1136, 1167, 1209]
236.3 :   14 : [1016, 1035, 1047, 1085, 1103, 1115, 1124, 1143, 1156, 1157, 1159, 1170, 1201, 1210]
236.4 :   18 : [1017, 1018, 1020, 1021, 1033, 1040, 1056, 1066, 1069, 1104, 1105, 1120, 1126, 1141, 1158, 1177, 1188, 1215]
236.5 :    6 : [1014, 1053, 1058, 1078, 1189, 1208]
236.6 :    9 : [1043, 1068, 1082, 1114, 1119, 1123, 1148, 1169, 1195]
236.7 :    5 : [1010, 1061, 1083, 1095, 1162]
236.8 :    1 : [1179]
236.9 :    3 : [1050, 1161, 1206]
237.0 :    1 : [1098]
237.2 :    1 : [1028]
237.4 :    3 : [1045, 1101, 1134]
237.5 :    7 : [1042, 1060, 1062, 1064, 1128, 1129, 1207]
237.6 :   10 : [1031, 1041, 1118, 1144, 1166, 1191, 1194, 1196, 1197, 1216]
237.7 :   10 : [1074, 1086, 1127, 1155, 1176, 1181, 1183, 1198, 1199, 1211]
237.8 :   10 : [1065, 1067, 1097, 1130, 1135, 1178, 1193, 1203, 1212, 1219]
237.9 :    5 : [1023, 1034, 1102, 1139, 1185]
238.0 :    6 : [1013, 1070, 1079, 1175, 1182, 1218]
238.1 :    6 : [1036, 1087, 1121, 1138, 1190, 1213]
238.2 :    8 : [1012, 1015, 1054, 1092, 1109, 1117, 1146, 1200]
238.3 :    7 : [1039, 1046, 1059, 1094, 1136, 1137, 1209]
238.4 :    8 : [1016, 1035, 1047, 1115, 1143, 1157, 1163, 1170]
238.5 :   10 : [1020, 1021, 1033, 1069, 1104, 1126, 1131, 1141, 1177, 1188]
238.6 :    4 : [1014, 1022, 1053, 1208]
238.7 :    4 : [1068, 1119, 1148, 1169]
238.8 :    5 : [1010, 1061, 1083, 1095, 1162]
238.9 :    1 : [1179]
239.0 :    2 : [1050, 1161]
239.1 :    1 : [1098]
239.3 :    1 : [1028]
239.4 :    7 : [1026, 1049, 1088, 1090, 1108, 1116, 1192]
239.5 :    8 : [1024, 1045, 1048, 1101, 1111, 1134, 1153, 1168]
239.6 :   14 : [1032, 1042, 1060, 1062, 1075, 1091, 1125, 1129, 1142, 1151, 1160, 1164, 1202, 1207]
239.7 :   13 : [1031, 1041, 1051, 1063, 1073, 1118, 1124, 1166, 1167, 1191, 1194, 1196, 1216]
239.8 :   16 : [1017, 1066, 1074, 1085, 1086, 1103, 1127, 1155, 1176, 1181, 1183, 1198, 1199, 1201, 1210, 1211]
239.9 :   18 : [1018, 1040, 1056, 1065, 1067, 1097, 1105, 1120, 1130, 1135, 1156, 1178, 1189, 1193, 1203, 1212, 1215, 1219]
240.0 :    8 : [1023, 1034, 1058, 1102, 1139, 1158, 1159, 1185]
240.1 :   10 : [1013, 1043, 1070, 1078, 1079, 1082, 1123, 1175, 1182, 1218]
240.2 :    7 : [1036, 1087, 1121, 1138, 1190, 1195, 1213]
240.3 :    6 : [1012, 1015, 1109, 1114, 1117, 1200]
240.4 :    3 : [1059, 1137, 1206]
240.5 :    1 : [1163]
240.6 :    4 : [1020, 1021, 1104, 1131]
240.7 :    3 : [1022, 1053, 1208]
240.8 :    1 : [1068]
241.0 :    2 : [1144, 1179]
241.1 :    1 : [1050]
241.3 :    2 : [1064, 1128]
241.4 :    2 : [1028, 1197]
241.5 :    7 : [1026, 1049, 1088, 1090, 1108, 1116, 1192]
241.6 :    8 : [1024, 1045, 1048, 1101, 1111, 1134, 1153, 1168]
241.7 :   14 : [1032, 1042, 1060, 1062, 1075, 1091, 1125, 1129, 1142, 1151, 1160, 1164, 1202, 1207]
241.8 :   13 : [1031, 1041, 1051, 1063, 1073, 1118, 1124, 1166, 1167, 1191, 1194, 1196, 1216]
241.9 :   19 : [1017, 1054, 1066, 1074, 1085, 1086, 1092, 1103, 1127, 1146, 1155, 1176, 1181, 1183, 1198, 1199, 1201, 1210, 1211]
242.0 :   21 : [1018, 1039, 1040, 1046, 1056, 1065, 1067, 1094, 1097, 1105, 1120, 1130, 1135, 1136, 1178, 1189, 1193, 1203, 1212, 1215, 1219]
242.1 :   14 : [1016, 1023, 1034, 1035, 1047, 1058, 1102, 1139, 1143, 1156, 1159, 1170, 1185, 1209]
242.2 :   17 : [1013, 1043, 1069, 1070, 1078, 1079, 1082, 1115, 1123, 1126, 1141, 1157, 1158, 1175, 1177, 1182, 1218]
242.3 :   10 : [1014, 1033, 1036, 1087, 1121, 1138, 1188, 1190, 1195, 1213]
242.4 :    8 : [1012, 1015, 1109, 1117, 1119, 1148, 1169, 1200]
242.5 :    7 : [1010, 1059, 1083, 1114, 1137, 1162, 1206]
242.6 :    3 : [1061, 1095, 1163]
242.7 :    5 : [1020, 1021, 1104, 1131, 1161]
242.8 :    3 : [1022, 1053, 1208]
242.9 :    2 : [1068, 1098]
243.1 :    2 : [1144, 1179]
243.2 :    1 : [1050]
243.5 :    2 : [1028, 1064]
243.6 :    1 : [1128]
243.7 :    8 : [1026, 1045, 1088, 1090, 1101, 1116, 1134, 1197]
243.8 :   13 : [1024, 1042, 1048, 1049, 1060, 1062, 1108, 1111, 1129, 1153, 1168, 1192, 1207]
243.9 :   10 : [1031, 1032, 1041, 1075, 1118, 1142, 1164, 1166, 1196, 1216]
244.0 :   22 : [1017, 1063, 1073, 1074, 1086, 1091, 1124, 1125, 1127, 1151, 1155, 1160, 1167, 1176, 1181, 1183, 1191, 1194, 1198, 1199, 1202, 1211]
244.1 :   19 : [1051, 1054, 1065, 1066, 1067, 1085, 1092, 1097, 1103, 1130, 1135, 1146, 1178, 1193, 1201, 1203, 1210, 1212, 1219]
244.2 :   14 : [1023, 1034, 1039, 1040, 1046, 1056, 1094, 1102, 1120, 1136, 1139, 1185, 1189, 1215]
244.3 :   15 : [1013, 1016, 1018, 1035, 1047, 1058, 1070, 1079, 1105, 1143, 1170, 1175, 1182, 1209, 1218]
244.4 :   11 : [1036, 1069, 1087, 1123, 1126, 1138, 1141, 1156, 1177, 1190, 1213]
244.5 :   13 : [1012, 1014, 1015, 1033, 1043, 1082, 1109, 1115, 1117, 1121, 1157, 1159, 1200]
244.6 :    6 : [1078, 1137, 1148, 1158, 1169, 1188]
244.7 :    6 : [1059, 1083, 1119, 1162, 1163, 1195]
244.8 :    6 : [1010, 1020, 1021, 1095, 1104, 1206]
244.9 :    7 : [1022, 1053, 1061, 1114, 1131, 1161, 1208]
245.0 :    1 : [1068]
245.1 :    1 : [1098]
245.2 :    1 : [1179]
245.3 :    2 : [1050, 1144]
245.8 :    1 : [1028]
246.0 :    2 : [1064, 1129]
246.1 :    3 : [1128, 1196, 1197]
246.2 :   10 : [1026, 1045, 1060, 1088, 1090, 1101, 1116, 1134, 1192, 1216]
246.3 :   13 : [1024, 1042, 1049, 1062, 1086, 1108, 1111, 1153, 1155, 1168, 1176, 1207, 1211]
246.4 :   14 : [1031, 1032, 1041, 1048, 1067, 1075, 1097, 1118, 1124, 1130, 1142, 1164, 1166, 1193]
246.5 :   23 : [1017, 1023, 1054, 1063, 1065, 1073, 1074, 1091, 1092, 1102, 1125, 1127, 1139, 1146, 1151, 1160, 1167, 1181, 1183, 1191, 1194, 1198, 1202]
246.6 :   16 : [1039, 1046, 1066, 1085, 1094, 1103, 1135, 1136, 1178, 1189, 1201, 1203, 1210, 1212, 1218, 1219]
246.7 :   16 : [1013, 1016, 1035, 1040, 1047, 1051, 1056, 1079, 1120, 1138, 1143, 1170, 1175, 1185, 1199, 1215]
246.8 :   13 : [1018, 1034, 1069, 1105, 1109, 1117, 1126, 1141, 1177, 1182, 1200, 1209, 1213]
246.9 :   10 : [1014, 1033, 1036, 1043, 1058, 1070, 1087, 1123, 1137, 1190]
247.0 :    6 : [1015, 1082, 1115, 1121, 1157, 1163]
247.1 :    9 : [1012, 1021, 1083, 1104, 1119, 1148, 1156, 1169, 1188]
247.2 :    9 : [1010, 1020, 1022, 1059, 1078, 1095, 1158, 1159, 1162]
247.3 :    3 : [1053, 1206, 1208]
247.4 :    5 : [1061, 1068, 1131, 1161, 1195]
247.5 :    2 : [1098, 1114]
247.6 :    1 : [1179]
247.8 :    2 : [1050, 1144]
248.7 :    2 : [1028, 1129]
248.9 :    4 : [1064, 1128, 1196, 1216]
249.0 :    4 : [1086, 1101, 1197, 1211]
249.1 :   14 : [1026, 1045, 1049, 1060, 1067, 1088, 1090, 1097, 1116, 1124, 1134, 1155, 1176, 1192]
249.2 :   17 : [1017, 1024, 1041, 1042, 1054, 1062, 1065, 1092, 1111, 1118, 1130, 1146, 1153, 1166, 1168, 1193, 1207]
249.3 :   17 : [1023, 1031, 1032, 1039, 1046, 1048, 1074, 1075, 1102, 1108, 1125, 1127, 1139, 1142, 1164, 1183, 1218]
249.4 :   18 : [1016, 1035, 1063, 1066, 1073, 1091, 1094, 1103, 1136, 1143, 1167, 1170, 1181, 1189, 1198, 1202, 1203, 1212]
249.5 :   20 : [1013, 1047, 1079, 1085, 1109, 1120, 1135, 1138, 1141, 1151, 1160, 1177, 1178, 1191, 1194, 1200, 1201, 1210, 1213, 1219]
249.6 :    9 : [1018, 1033, 1040, 1056, 1069, 1126, 1137, 1175, 1215]
249.7 :    9 : [1014, 1036, 1051, 1105, 1117, 1163, 1182, 1185, 1209]
249.8 :    7 : [1015, 1043, 1058, 1123, 1148, 1169, 1190]
249.9 :    7 : [1083, 1087, 1115, 1119, 1121, 1157, 1162]
250.0 :   10 : [1010, 1012, 1021, 1022, 1034, 1070, 1082, 1095, 1188, 1199]
250.1 :    2 : [1020, 1104]
250.2 :    4 : [1053, 1059, 1161, 1208]
250.3 :    4 : [1068, 1098, 1156, 1206]
250.4 :    3 : [1061, 1078, 1131]
250.5 :    2 : [1158, 1159]
250.6 :    2 : [1144, 1179]
250.7 :    1 : [1195]
250.9 :    2 : [1050, 1114]
252.2 :    1 : [1129]
252.3 :    1 : [1196]
252.4 :    1 : [1216]
252.5 :    2 : [1086, 1211]
252.6 :    3 : [1067, 1124, 1155]
252.7 :    4 : [1017, 1092, 1097, 1176]
252.8 :    5 : [1054, 1130, 1146, 1193, 1218]
252.9 :    5 : [1023, 1039, 1046, 1136, 1139]
253.0 :    7 : [1016, 1035, 1065, 1094, 1102, 1143, 1170]
253.1 :    8 : [1047, 1109, 1138, 1141, 1177, 1189, 1200, 1213]
253.2 :    4 : [1066, 1069, 1126, 1137]
253.3 :    3 : [1033, 1079, 1163]
253.4 :    3 : [1013, 1014, 1169]
253.5 :    2 : [1083, 1148]
253.6 :    2 : [1119, 1162]
253.7 :    2 : [1010, 1022]
253.8 :    1 : [1095]
253.9 :    1 : [1161]
254.0 :    2 : [1015, 1031]
254.1 :    1 : [1098]
254.3 :    1 : [1164]
254.4 :    1 : [1075]
254.6 :    1 : [1120]
254.7 :    1 : [1144]
311.7 :    4 : [1059, 1151, 1157, 1211]
311.8 :   56 : [1013, 1015, 1031, 1036, 1041, 1042, 1045, 1049, 1051, 1054, 1058, 1060, 1062, 1063, 1068, 1070, 1073, 1082, 1083, 1085, 1088, 1092, 1094, 1095, 1101, 1102, 1103, 1104, 1108, 1114, 1115, 1116, 1121, 1123, 1125, 1130, 1135, 1136, 1148, 1159, 1164, 1168, 1175, 1182, 1183, 1188, 1190, 1191, 1192, 1196, 1206, 1207, 1209, 1213, 1215, 1219]
311.9 :   76 : [1010, 1012, 1014, 1020, 1021, 1022, 1023, 1024, 1026, 1028, 1032, 1033, 1034, 1035, 1040, 1047, 1048, 1050, 1053, 1056, 1061, 1065, 1066, 1074, 1075, 1078, 1079, 1086, 1087, 1091, 1097, 1105, 1109, 1111, 1117, 1118, 1119, 1120, 1124, 1126, 1127, 1128, 1129, 1131, 1134, 1137, 1138, 1139, 1141, 1142, 1143, 1153, 1155, 1156, 1161, 1162, 1163, 1166, 1169, 1170, 1178, 1179, 1181, 1185, 1189, 1194, 1195, 1197, 1200, 1201, 1202, 1203, 1208, 1210, 1212, 1218]
312.0 :   17 : [1016, 1017, 1039, 1043, 1046, 1067, 1069, 1090, 1098, 1146, 1158, 1160, 1167, 1176, 1177, 1193, 1216]
312.1 :    2 : [1144, 1199]
314.2 :   25 : [1036, 1045, 1049, 1051, 1059, 1063, 1070, 1073, 1088, 1101, 1103, 1108, 1114, 1121, 1123, 1125, 1151, 1157, 1168, 1188, 1190, 1191, 1206, 1207, 1219]
314.3 :   59 : [1012, 1020, 1021, 1024, 1028, 1032, 1034, 1040, 1042, 1050, 1054, 1058, 1060, 1062, 1068, 1074, 1078, 1082, 1083, 1087, 1092, 1094, 1095, 1102, 1104, 1105, 1115, 1116, 1117, 1127, 1130, 1131, 1134, 1135, 1136, 1148, 1153, 1159, 1164, 1169, 1170, 1175, 1178, 1179, 1181, 1182, 1185, 1192, 1195, 1196, 1197, 1201, 1202, 1203, 1208, 1209, 1211, 1212, 1215]
314.4 :   43 : [1010, 1013, 1014, 1015, 1022, 1026, 1031, 1033, 1041, 1046, 1047, 1048, 1053, 1056, 1061, 1066, 1079, 1085, 1091, 1097, 1109, 1119, 1120, 1126, 1128, 1129, 1138, 1139, 1142, 1143, 1146, 1155, 1156, 1160, 1161, 1162, 1183, 1189, 1194, 1200, 1210, 1213, 1218]
314.5 :   21 : [1016, 1017, 1023, 1035, 1039, 1065, 1067, 1069, 1075, 1086, 1090, 1098, 1124, 1137, 1141, 1163, 1167, 1176, 1177, 1199, 1216]
314.6 :    2 : [1158, 1193]
314.7 :    3 : [1043, 1118, 1144]
314.8 :    1 : [1166]
315.0 :    1 : [1111]
316.3 :   25 : [1036, 1045, 1049, 1051, 1059, 1063, 1070, 1073, 1088, 1101, 1103, 1108, 1114, 1121, 1123, 1125, 1151, 1157, 1168, 1188, 1190, 1191, 1206, 1207, 1219]
316.4 :   59 : [1012, 1020, 1021, 1024, 1028, 1032, 1034, 1040, 1042, 1050, 1054, 1058, 1060, 1062, 1068, 1074, 1078, 1082, 1083, 1087, 1092, 1094, 1095, 1102, 1104, 1105, 1115, 1116, 1117, 1127, 1130, 1131, 1134, 1135, 1136, 1148, 1153, 1159, 1164, 1169, 1170, 1175, 1178, 1179, 1181, 1182, 1185, 1192, 1195, 1196, 1197, 1201, 1202, 1203, 1208, 1209, 1211, 1212, 1215]
316.5 :   36 : [1010, 1014, 1015, 1026, 1031, 1033, 1041, 1046, 1047, 1048, 1053, 1056, 1061, 1085, 1091, 1097, 1109, 1119, 1126, 1128, 1129, 1138, 1139, 1142, 1143, 1146, 1155, 1156, 1160, 1162, 1183, 1189, 1194, 1210, 1213, 1218]
316.6 :   14 : [1016, 1022, 1023, 1035, 1039, 1069, 1090, 1124, 1141, 1167, 1177, 1199, 1200, 1216]
316.7 :    6 : [1067, 1086, 1120, 1137, 1158, 1193]
316.8 :    8 : [1013, 1017, 1043, 1065, 1098, 1118, 1161, 1163]
316.9 :    4 : [1066, 1079, 1166, 1176]
317.0 :    1 : [1075]
317.1 :    2 : [1111, 1144]
318.4 :   25 : [1036, 1045, 1049, 1051, 1059, 1063, 1070, 1073, 1088, 1101, 1103, 1108, 1114, 1121, 1123, 1125, 1151, 1157, 1168, 1188, 1190, 1191, 1206, 1207, 1219]
318.5 :   46 : [1012, 1020, 1021, 1024, 1028, 1032, 1034, 1040, 1042, 1050, 1058, 1060, 1062, 1068, 1074, 1078, 1082, 1087, 1104, 1105, 1115, 1116, 1117, 1127, 1131, 1134, 1135, 1153, 1159, 1170, 1175, 1178, 1179, 1181, 1182, 1185, 1192, 1195, 1197, 1201, 1202, 1203, 1208, 1209, 1212, 1215]
318.6 :   24 : [1026, 1031, 1033, 1041, 1046, 1048, 1053, 1054, 1056, 1061, 1085, 1091, 1128, 1136, 1142, 1143, 1146, 1156, 1160, 1183, 1194, 1210, 1211, 1213]
318.7 :   22 : [1014, 1023, 1039, 1047, 1083, 1090, 1092, 1094, 1095, 1102, 1130, 1138, 1139, 1141, 1148, 1162, 1164, 1167, 1169, 1196, 1199, 1216]
318.8 :    3 : [1015, 1109, 1158]
318.9 :    9 : [1016, 1043, 1069, 1097, 1118, 1119, 1155, 1189, 1218]
319.0 :    6 : [1022, 1120, 1124, 1129, 1166, 1200]
319.1 :    5 : [1035, 1126, 1137, 1163, 1193]
319.2 :    9 : [1010, 1017, 1065, 1067, 1086, 1098, 1111, 1161, 1177]
319.3 :    4 : [1013, 1066, 1079, 1144]
319.4 :    2 : [1075, 1176]
320.5 :   23 : [1036, 1045, 1049, 1051, 1063, 1073, 1088, 1101, 1103, 1108, 1114, 1121, 1123, 1125, 1151, 1157, 1168, 1188, 1190, 1191, 1206, 1207, 1219]
320.6 :   36 : [1024, 1028, 1032, 1034, 1040, 1042, 1058, 1060, 1062, 1074, 1078, 1082, 1087, 1105, 1115, 1116, 1117, 1127, 1131, 1134, 1135, 1153, 1159, 1175, 1178, 1181, 1182, 1185, 1192, 1197, 1201, 1202, 1203, 1209, 1212, 1215]
320.7 :   14 : [1026, 1041, 1048, 1056, 1061, 1085, 1091, 1128, 1142, 1156, 1160, 1183, 1194, 1210]
320.8 :    5 : [1023, 1090, 1141, 1167, 1199]
320.9 :    1 : [1211]
321.0 :   17 : [1014, 1031, 1033, 1043, 1054, 1092, 1094, 1102, 1118, 1138, 1139, 1148, 1162, 1164, 1169, 1170, 1196]
321.1 :   12 : [1015, 1020, 1059, 1068, 1070, 1083, 1095, 1130, 1143, 1166, 1195, 1213]
321.2 :    9 : [1012, 1047, 1053, 1104, 1109, 1158, 1189, 1208, 1218]
321.3 :   10 : [1016, 1022, 1050, 1097, 1111, 1119, 1120, 1129, 1136, 1200]
321.4 :    7 : [1021, 1039, 1069, 1137, 1155, 1163, 1179]
321.5 :   10 : [1017, 1065, 1067, 1086, 1098, 1124, 1126, 1146, 1161, 1193]
321.6 :    7 : [1010, 1013, 1035, 1046, 1066, 1079, 1177]
321.7 :    3 : [1075, 1144, 1176]
321.8 :    1 : [1216]
322.6 :   12 : [1036, 1063, 1101, 1103, 1108, 1121, 1123, 1151, 1168, 1190, 1206, 1219]
322.7 :   20 : [1028, 1042, 1045, 1058, 1060, 1062, 1073, 1078, 1082, 1114, 1116, 1125, 1131, 1175, 1178, 1191, 1197, 1203, 1207, 1215]
322.8 :   20 : [1032, 1040, 1041, 1048, 1085, 1087, 1088, 1115, 1127, 1128, 1135, 1153, 1181, 1183, 1185, 1188, 1194, 1201, 1210, 1212]
322.9 :   13 : [1024, 1026, 1049, 1056, 1074, 1090, 1091, 1117, 1134, 1142, 1157, 1167, 1209]
323.0 :    2 : [1051, 1192]
323.1 :    3 : [1023, 1043, 1141]
323.3 :    1 : [1211]
323.4 :   16 : [1014, 1020, 1031, 1033, 1059, 1070, 1092, 1094, 1139, 1143, 1148, 1162, 1164, 1170, 1195, 1196]
323.5 :   10 : [1054, 1068, 1083, 1095, 1102, 1104, 1130, 1138, 1160, 1169]
323.6 :   10 : [1012, 1015, 1047, 1053, 1109, 1136, 1156, 1208, 1213, 1218]
323.7 :   11 : [1016, 1022, 1034, 1050, 1105, 1119, 1129, 1159, 1182, 1189, 1202]
323.8 :   10 : [1021, 1061, 1069, 1097, 1120, 1155, 1158, 1166, 1179, 1200]
323.9 :    9 : [1039, 1067, 1086, 1124, 1137, 1146, 1163, 1193, 1199]
324.0 :    8 : [1010, 1017, 1046, 1065, 1098, 1126, 1161, 1177]
324.1 :    6 : [1013, 1035, 1066, 1075, 1079, 1118]
324.2 :    1 : [1176]
324.3 :    3 : [1111, 1144, 1216]
324.9 :    6 : [1036, 1058, 1103, 1108, 1151, 1168]
325.0 :   17 : [1028, 1042, 1060, 1062, 1063, 1078, 1082, 1090, 1101, 1116, 1121, 1123, 1125, 1190, 1203, 1206, 1219]
325.1 :   11 : [1045, 1048, 1073, 1131, 1178, 1183, 1188, 1191, 1194, 1201, 1207]
325.2 :   18 : [1032, 1040, 1041, 1087, 1088, 1091, 1114, 1115, 1127, 1134, 1135, 1153, 1175, 1181, 1185, 1210, 1212, 1215]
325.3 :    8 : [1024, 1056, 1074, 1085, 1142, 1157, 1167, 1209]
325.4 :    2 : [1051, 1117]
325.5 :    3 : [1026, 1043, 1192]
325.6 :    2 : [1049, 1128]
325.7 :    3 : [1023, 1141, 1197]
325.9 :    6 : [1033, 1059, 1070, 1160, 1170, 1195]
326.0 :   11 : [1014, 1020, 1031, 1068, 1083, 1092, 1094, 1143, 1148, 1196, 1211]
326.1 :   14 : [1012, 1053, 1054, 1095, 1102, 1104, 1130, 1138, 1139, 1156, 1162, 1164, 1169, 1208]
326.2 :   10 : [1034, 1047, 1050, 1105, 1109, 1136, 1159, 1182, 1202, 1213]
326.3 :    7 : [1061, 1129, 1158, 1166, 1179, 1189, 1218]
326.4 :    6 : [1015, 1016, 1021, 1069, 1119, 1199]
326.5 :    8 : [1022, 1039, 1097, 1120, 1146, 1155, 1193, 1200]
326.6 :    8 : [1046, 1067, 1086, 1118, 1124, 1126, 1137, 1163]
326.7 :    4 : [1010, 1017, 1098, 1177]
326.8 :    6 : [1013, 1035, 1065, 1079, 1111, 1161]
326.9 :    3 : [1066, 1075, 1176]
327.0 :    1 : [1216]
327.2 :    1 : [1144]
327.5 :    7 : [1036, 1058, 1090, 1103, 1108, 1121, 1168]
327.6 :   13 : [1042, 1062, 1063, 1078, 1082, 1101, 1116, 1123, 1125, 1151, 1190, 1203, 1219]
327.7 :   14 : [1028, 1045, 1048, 1060, 1073, 1131, 1178, 1183, 1188, 1191, 1194, 1201, 1206, 1207]
327.8 :   16 : [1032, 1040, 1041, 1085, 1088, 1091, 1114, 1115, 1127, 1134, 1153, 1175, 1181, 1210, 1212, 1215]
327.9 :    9 : [1024, 1074, 1087, 1135, 1142, 1157, 1167, 1185, 1209]
328.0 :    2 : [1056, 1117]
328.1 :    4 : [1026, 1043, 1051, 1192]
328.2 :    2 : [1049, 1128]
328.3 :    1 : [1197]
328.5 :    1 : [1141]
328.6 :    2 : [1023, 1160]
328.7 :    4 : [1020, 1059, 1070, 1195]
328.8 :    4 : [1033, 1068, 1156, 1170]
328.9 :   16 : [1012, 1014, 1031, 1034, 1053, 1083, 1092, 1104, 1105, 1143, 1148, 1159, 1196, 1202, 1208, 1211]
329.0 :   11 : [1047, 1054, 1061, 1094, 1095, 1130, 1138, 1139, 1162, 1169, 1182]
329.1 :    7 : [1050, 1102, 1136, 1158, 1164, 1166, 1199]
329.2 :    6 : [1021, 1109, 1129, 1179, 1189, 1213]
329.3 :    5 : [1016, 1069, 1119, 1146, 1218]
329.4 :    4 : [1039, 1046, 1118, 1193]
329.5 :    6 : [1015, 1022, 1097, 1111, 1120, 1155]
329.6 :    6 : [1067, 1086, 1124, 1126, 1177, 1200]
329.7 :    4 : [1010, 1017, 1137, 1163]
329.8 :    4 : [1035, 1065, 1079, 1098]
329.9 :    5 : [1013, 1066, 1075, 1161, 1176]
330.0 :    1 : [1216]
330.2 :    1 : [1090]
330.3 :    1 : [1108]
330.4 :    7 : [1058, 1063, 1103, 1121, 1168, 1190, 1219]
330.5 :   14 : [1036, 1042, 1062, 1078, 1082, 1101, 1116, 1123, 1125, 1144, 1151, 1191, 1203, 1207]
330.6 :   12 : [1028, 1045, 1048, 1060, 1073, 1131, 1178, 1183, 1188, 1194, 1201, 1206]
330.7 :   14 : [1032, 1041, 1074, 1085, 1088, 1091, 1115, 1127, 1134, 1153, 1175, 1181, 1210, 1212]
330.8 :   10 : [1024, 1040, 1087, 1114, 1135, 1142, 1167, 1185, 1209, 1215]
330.9 :    2 : [1056, 1157]
331.0 :    4 : [1026, 1043, 1051, 1117]
331.1 :    3 : [1049, 1128, 1192]
331.2 :    1 : [1197]
331.6 :    1 : [1160]
331.7 :    1 : [1141]
331.8 :    4 : [1023, 1059, 1070, 1195]
331.9 :    5 : [1020, 1068, 1156, 1159, 1202]
332.0 :    9 : [1012, 1033, 1034, 1053, 1061, 1104, 1105, 1170, 1208]
332.1 :    6 : [1014, 1092, 1143, 1148, 1166, 1182]
332.2 :   11 : [1031, 1047, 1083, 1094, 1136, 1139, 1158, 1162, 1196, 1199, 1211]
332.3 :    7 : [1050, 1054, 1095, 1130, 1138, 1169, 1179]
332.4 :    4 : [1021, 1102, 1118, 1164]
332.5 :    4 : [1109, 1111, 1129, 1189]
332.6 :    6 : [1016, 1069, 1119, 1144, 1146, 1213]
332.7 :    4 : [1039, 1046, 1193, 1218]
332.8 :    2 : [1097, 1155]
332.9 :    6 : [1015, 1022, 1120, 1124, 1126, 1177]
333.0 :    3 : [1067, 1086, 1200]
333.1 :    4 : [1010, 1017, 1035, 1137]
333.2 :    4 : [1079, 1098, 1163, 1176]
333.3 :    7 : [1013, 1065, 1066, 1075, 1090, 1161, 1216]
333.5 :    1 : [1108]
333.6 :    6 : [1058, 1063, 1103, 1121, 1168, 1190]
333.7 :   10 : [1042, 1062, 1078, 1082, 1101, 1116, 1123, 1125, 1203, 1219]
333.8 :   13 : [1028, 1036, 1045, 1073, 1141, 1151, 1178, 1183, 1188, 1191, 1194, 1201, 1207]
333.9 :   15 : [1041, 1048, 1060, 1074, 1085, 1088, 1115, 1127, 1131, 1134, 1153, 1181, 1206, 1210, 1212]
334.0 :   10 : [1024, 1032, 1040, 1091, 1114, 1142, 1167, 1175, 1209, 1215]
334.1 :    5 : [1033, 1087, 1135, 1157, 1185]
334.2 :    6 : [1014, 1026, 1043, 1056, 1143, 1148]
334.3 :   12 : [1031, 1047, 1049, 1051, 1094, 1117, 1128, 1136, 1139, 1162, 1196, 1211]
334.4 :    6 : [1054, 1095, 1130, 1138, 1169, 1192]
334.5 :    3 : [1102, 1164, 1197]
334.6 :    2 : [1129, 1189]
334.7 :    2 : [1119, 1213]
334.8 :    3 : [1039, 1193, 1218]
334.9 :    2 : [1097, 1155]
335.0 :    7 : [1015, 1022, 1120, 1124, 1126, 1160, 1177]
335.1 :    3 : [1067, 1086, 1200]
335.2 :    4 : [1010, 1017, 1035, 1137]
335.3 :   10 : [1059, 1070, 1079, 1098, 1156, 1159, 1163, 1176, 1195, 1202]
335.4 :   12 : [1013, 1020, 1023, 1034, 1061, 1065, 1066, 1068, 1075, 1105, 1161, 1216]
335.5 :    5 : [1012, 1053, 1104, 1166, 1208]
335.6 :    4 : [1108, 1170, 1182, 1199]
335.7 :    6 : [1058, 1063, 1092, 1121, 1158, 1190]
335.8 :    8 : [1050, 1062, 1082, 1083, 1116, 1118, 1123, 1203]
335.9 :    4 : [1028, 1111, 1179, 1194]
336.0 :    9 : [1021, 1041, 1060, 1074, 1115, 1131, 1134, 1206, 1210]
336.1 :   11 : [1024, 1040, 1109, 1114, 1142, 1144, 1146, 1167, 1175, 1209, 1215]
336.2 :    7 : [1016, 1046, 1069, 1087, 1135, 1157, 1185]
336.3 :    1 : [1056]
336.4 :    3 : [1051, 1117, 1128]
336.5 :    1 : [1192]
336.7 :    1 : [1090]
337.1 :    3 : [1015, 1160, 1168]
337.2 :    3 : [1101, 1103, 1219]
337.3 :    8 : [1042, 1073, 1078, 1125, 1141, 1183, 1191, 1207]
337.4 :   14 : [1036, 1045, 1059, 1070, 1079, 1151, 1156, 1159, 1163, 1178, 1188, 1195, 1201, 1202]
337.5 :   18 : [1013, 1020, 1023, 1034, 1048, 1061, 1065, 1066, 1068, 1075, 1085, 1088, 1105, 1127, 1153, 1161, 1181, 1212]
337.6 :    8 : [1012, 1032, 1033, 1053, 1091, 1104, 1166, 1208]
337.7 :    7 : [1014, 1136, 1143, 1148, 1170, 1182, 1199]
337.8 :   10 : [1026, 1031, 1043, 1047, 1092, 1139, 1158, 1162, 1196, 1211]
337.9 :    9 : [1049, 1050, 1083, 1094, 1095, 1118, 1130, 1138, 1169]
338.0 :    3 : [1054, 1111, 1179]
338.1 :    4 : [1021, 1102, 1129, 1197]
338.2 :    4 : [1109, 1146, 1164, 1189]
338.3 :    7 : [1016, 1039, 1046, 1069, 1119, 1144, 1213]
338.4 :    1 : [1193]
338.5 :    2 : [1155, 1218]
338.6 :    2 : [1097, 1177]
338.7 :    3 : [1120, 1124, 1126]
338.8 :    6 : [1010, 1022, 1067, 1086, 1090, 1200]
338.9 :    2 : [1017, 1035]
339.0 :    2 : [1137, 1176]
339.1 :    2 : [1098, 1108]
339.2 :    7 : [1015, 1058, 1063, 1121, 1168, 1190, 1216]
339.3 :    8 : [1062, 1082, 1101, 1103, 1116, 1123, 1203, 1219]
339.4 :   11 : [1028, 1042, 1073, 1078, 1115, 1125, 1141, 1183, 1191, 1194, 1207]
339.5 :   16 : [1036, 1041, 1045, 1059, 1070, 1074, 1079, 1134, 1151, 1163, 1178, 1188, 1195, 1201, 1202, 1210]
339.6 :   25 : [1013, 1020, 1023, 1024, 1034, 1040, 1048, 1060, 1061, 1065, 1066, 1068, 1075, 1085, 1088, 1127, 1131, 1142, 1153, 1161, 1167, 1181, 1206, 1209, 1212]
339.7 :   11 : [1012, 1032, 1033, 1053, 1091, 1104, 1114, 1166, 1175, 1208, 1215]
339.8 :   11 : [1014, 1087, 1135, 1136, 1143, 1148, 1157, 1170, 1182, 1185, 1199]
339.9 :   10 : [1026, 1031, 1043, 1047, 1056, 1092, 1128, 1158, 1162, 1196]
340.0 :    8 : [1049, 1050, 1083, 1094, 1117, 1130, 1139, 1211]
340.1 :    7 : [1051, 1054, 1095, 1111, 1138, 1169, 1179]
340.2 :    5 : [1021, 1102, 1129, 1192, 1197]
340.3 :    2 : [1109, 1146]
340.4 :    6 : [1016, 1046, 1069, 1119, 1164, 1189]
340.5 :    3 : [1039, 1193, 1213]
340.6 :    1 : [1144]
340.7 :    2 : [1155, 1218]
340.8 :    4 : [1097, 1124, 1160, 1177]
340.9 :    3 : [1090, 1120, 1126]
341.0 :    3 : [1022, 1067, 1086]
341.1 :    3 : [1010, 1035, 1200]
341.2 :    5 : [1017, 1108, 1156, 1159, 1176]
341.3 :    9 : [1015, 1058, 1063, 1098, 1105, 1121, 1137, 1168, 1190]
341.4 :    9 : [1062, 1082, 1101, 1103, 1116, 1123, 1203, 1216, 1219]
341.5 :   10 : [1028, 1042, 1073, 1078, 1115, 1125, 1183, 1191, 1194, 1207]
341.6 :   17 : [1036, 1041, 1045, 1059, 1070, 1074, 1079, 1134, 1141, 1151, 1163, 1178, 1188, 1195, 1201, 1202, 1210]
341.7 :   24 : [1013, 1020, 1023, 1024, 1034, 1048, 1061, 1065, 1066, 1068, 1075, 1085, 1088, 1118, 1127, 1131, 1142, 1153, 1161, 1167, 1181, 1206, 1209, 1212]
341.8 :   10 : [1012, 1032, 1040, 1053, 1060, 1091, 1104, 1166, 1175, 1208]
341.9 :    8 : [1033, 1114, 1135, 1170, 1182, 1185, 1199, 1215]
342.0 :   10 : [1014, 1026, 1043, 1087, 1092, 1128, 1136, 1143, 1157, 1158]
342.1 :    7 : [1047, 1049, 1050, 1056, 1083, 1117, 1148]
342.2 :    6 : [1031, 1051, 1111, 1162, 1179, 1196]
342.3 :    7 : [1021, 1094, 1130, 1139, 1192, 1197, 1211]
342.4 :    4 : [1095, 1138, 1146, 1169]
342.5 :    4 : [1046, 1054, 1069, 1129]
342.6 :    2 : [1102, 1109]
342.7 :    2 : [1016, 1189]
342.8 :    4 : [1039, 1119, 1164, 1193]
342.9 :    1 : [1213]
343.0 :    3 : [1090, 1155, 1160]
343.1 :    3 : [1144, 1177, 1218]
343.2 :    2 : [1124, 1126]
343.3 :    1 : [1097]
343.4 :    6 : [1067, 1086, 1108, 1120, 1159, 1168]
343.5 :   10 : [1010, 1022, 1058, 1063, 1101, 1103, 1121, 1156, 1190, 1219]
343.6 :   14 : [1035, 1042, 1062, 1073, 1078, 1105, 1116, 1123, 1125, 1183, 1191, 1200, 1203, 1207]
343.7 :   12 : [1017, 1045, 1059, 1070, 1082, 1176, 1178, 1188, 1194, 1195, 1201, 1202]
343.8 :   18 : [1015, 1020, 1028, 1034, 1041, 1061, 1068, 1074, 1085, 1088, 1098, 1115, 1127, 1137, 1153, 1181, 1212, 1216]
343.9 :   15 : [1012, 1024, 1036, 1048, 1053, 1079, 1091, 1118, 1134, 1151, 1166, 1167, 1208, 1209, 1210]
344.0 :    8 : [1032, 1075, 1104, 1141, 1142, 1163, 1182, 1199]
344.1 :   10 : [1013, 1026, 1040, 1043, 1065, 1066, 1131, 1158, 1161, 1206]
344.2 :    7 : [1023, 1049, 1060, 1114, 1170, 1175, 1215]
344.3 :    6 : [1087, 1111, 1128, 1135, 1157, 1185]
344.4 :    3 : [1033, 1056, 1197]
344.5 :    7 : [1014, 1050, 1092, 1117, 1136, 1143, 1179]
344.6 :    4 : [1047, 1051, 1083, 1148]
344.7 :    2 : [1021, 1192]
344.8 :    4 : [1031, 1139, 1162, 1196]
344.9 :    4 : [1094, 1130, 1146, 1211]
345.0 :    5 : [1046, 1069, 1095, 1138, 1169]
345.1 :    3 : [1054, 1090, 1129]
345.2 :    2 : [1102, 1109]
345.3 :    3 : [1016, 1039, 1189]
345.4 :    3 : [1119, 1160, 1193]
345.5 :    1 : [1164]
345.6 :    1 : [1213]
345.7 :    1 : [1155]
345.8 :    2 : [1177, 1218]
345.9 :    5 : [1108, 1124, 1126, 1159, 1168]
346.0 :   12 : [1042, 1058, 1063, 1097, 1101, 1103, 1121, 1125, 1156, 1190, 1202, 1219]
346.1 :   17 : [1034, 1045, 1061, 1062, 1073, 1078, 1082, 1086, 1105, 1116, 1120, 1144, 1178, 1183, 1191, 1203, 1207]
346.2 :   11 : [1010, 1067, 1085, 1088, 1115, 1123, 1127, 1153, 1166, 1188, 1201]
346.3 :   11 : [1022, 1035, 1041, 1059, 1070, 1074, 1181, 1194, 1195, 1199, 1212]
346.4 :   12 : [1020, 1024, 1028, 1048, 1118, 1134, 1151, 1167, 1176, 1200, 1209, 1210]
346.5 :    9 : [1012, 1017, 1036, 1053, 1068, 1091, 1142, 1182, 1208]
346.6 :    9 : [1026, 1032, 1040, 1043, 1049, 1104, 1111, 1131, 1216]
346.7 :    5 : [1098, 1137, 1158, 1175, 1206]
346.8 :    5 : [1060, 1079, 1114, 1128, 1215]
346.9 :    8 : [1015, 1075, 1087, 1135, 1141, 1157, 1185, 1197]
347.0 :    3 : [1013, 1163, 1170]
347.1 :    6 : [1023, 1056, 1065, 1066, 1117, 1161]
347.2 :    2 : [1033, 1179]
347.3 :    2 : [1051, 1136]
347.4 :    5 : [1014, 1050, 1092, 1143, 1192]
347.5 :    4 : [1021, 1047, 1083, 1148]
347.6 :    1 : [1090]
347.7 :    1 : [1162]
347.8 :    3 : [1139, 1146, 1196]
347.9 :    3 : [1031, 1046, 1130]
348.0 :    6 : [1069, 1094, 1095, 1129, 1138, 1211]
348.1 :    2 : [1160, 1169]
348.2 :    1 : [1054]
348.3 :    1 : [1109]
348.4 :    3 : [1016, 1039, 1102]
348.5 :    2 : [1189, 1193]
348.6 :    1 : [1119]
348.7 :    1 : [1108]
348.8 :    5 : [1063, 1121, 1159, 1168, 1190]
348.9 :   13 : [1042, 1058, 1073, 1078, 1101, 1103, 1125, 1156, 1164, 1183, 1191, 1202, 1219]
349.0 :   14 : [1034, 1045, 1061, 1062, 1082, 1085, 1105, 1116, 1155, 1177, 1178, 1201, 1203, 1207]
349.1 :    8 : [1088, 1115, 1123, 1127, 1153, 1166, 1188, 1213]
349.2 :    7 : [1024, 1041, 1074, 1181, 1194, 1199, 1212]
349.3 :    9 : [1028, 1118, 1124, 1126, 1134, 1142, 1167, 1209, 1210]
349.4 :    3 : [1048, 1091, 1195]
349.5 :    8 : [1026, 1043, 1049, 1059, 1070, 1111, 1151, 1218]
349.6 :    4 : [1032, 1036, 1040, 1208]
349.7 :    8 : [1012, 1020, 1053, 1068, 1086, 1097, 1128, 1182]
349.8 :    5 : [1010, 1067, 1131, 1197, 1206]
349.9 :    3 : [1104, 1158, 1175]
350.0 :    5 : [1035, 1060, 1114, 1120, 1215]
350.1 :    5 : [1087, 1135, 1157, 1176, 1185]
350.3 :    2 : [1056, 1117]
350.5 :    3 : [1051, 1090, 1216]
350.7 :    2 : [1017, 1192]
350.8 :    1 : [1022]
350.9 :    1 : [1179]
351.0 :    2 : [1141, 1170]
351.1 :    1 : [1136]
351.4 :    1 : [1050]
351.5 :    1 : [1021]
351.7 :    1 : [1160]
352.1 :    1 : [1033]
352.6 :    1 : [1146]
353.1 :    1 : [1073]
353.2 :    3 : [1063, 1085, 1190]
353.4 :    4 : [1045, 1101, 1108, 1121]
353.5 :    3 : [1115, 1178, 1191]
353.6 :    3 : [1088, 1159, 1183]
353.9 :    2 : [1042, 1201]
354.7 :    1 : [1153]
411.7 :    9 : [1102, 1138, 1143, 1148, 1177, 1188, 1189, 1190, 1193]
411.8 :   51 : [1012, 1013, 1014, 1015, 1026, 1034, 1046, 1049, 1053, 1054, 1060, 1062, 1065, 1066, 1070, 1075, 1082, 1085, 1086, 1088, 1095, 1097, 1104, 1105, 1111, 1116, 1117, 1119, 1123, 1127, 1130, 1136, 1137, 1139, 1141, 1151, 1156, 1157, 1160, 1161, 1162, 1169, 1183, 1185, 1207, 1210, 1211, 1213, 1216, 1218, 1219]
411.9 :   63 : [1010, 1021, 1022, 1023, 1024, 1028, 1032, 1033, 1036, 1040, 1041, 1043, 1045, 1047, 1048, 1050, 1051, 1056, 1059, 1067, 1068, 1069, 1074, 1078, 1079, 1101, 1103, 1109, 1115, 1118, 1120, 1121, 1124, 1125, 1126, 1129, 1131, 1134, 1135, 1142, 1153, 1155, 1158, 1159, 1163, 1166, 1167, 1170, 1175, 1178, 1179, 1182, 1191, 1195, 1196, 1199, 1201, 1202, 1203, 1206, 1209, 1212, 1215]
412.0 :   11 : [1017, 1063, 1073, 1087, 1090, 1091, 1094, 1108, 1146, 1181, 1194]
414.0 :    2 : [1137, 1213]
414.1 :    4 : [1138, 1143, 1148, 1188]
414.2 :   24 : [1010, 1012, 1014, 1015, 1046, 1049, 1062, 1065, 1066, 1086, 1102, 1105, 1111, 1117, 1123, 1130, 1139, 1157, 1163, 1177, 1185, 1189, 1207, 1219]
414.3 :   18 : [1023, 1032, 1033, 1036, 1051, 1054, 1070, 1079, 1104, 1116, 1127, 1151, 1160, 1161, 1183, 1190, 1206, 1210]
414.4 :   41 : [1013, 1021, 1022, 1024, 1028, 1034, 1040, 1045, 1048, 1053, 1056, 1059, 1060, 1068, 1069, 1075, 1085, 1088, 1091, 1094, 1097, 1121, 1134, 1135, 1136, 1141, 1153, 1156, 1158, 1159, 1178, 1181, 1182, 1193, 1199, 1201, 1203, 1211, 1212, 1215, 1216]
414.5 :   20 : [1017, 1026, 1050, 1063, 1073, 1074, 1090, 1101, 1108, 1109, 1115, 1118, 1125, 1131, 1146, 1166, 1167, 1170, 1191, 1194]
414.6 :   18 : [1047, 1067, 1078, 1087, 1103, 1119, 1120, 1124, 1126, 1129, 1142, 1162, 1175, 1179, 1195, 1196, 1202, 1209]
414.7 :    4 : [1041, 1095, 1155, 1169]
414.8 :    3 : [1043, 1082, 1218]
416.1 :    2 : [1137, 1213]
416.2 :    4 : [1138, 1143, 1148, 1188]
416.3 :   24 : [1010, 1012, 1014, 1015, 1046, 1049, 1062, 1065, 1066, 1086, 1102, 1105, 1111, 1117, 1123, 1130, 1139, 1157, 1163, 1177, 1185, 1189, 1207, 1219]
416.4 :   17 : [1023, 1032, 1033, 1036, 1051, 1054, 1070, 1079, 1104, 1116, 1127, 1151, 1160, 1161, 1190, 1206, 1210]
416.5 :   37 : [1013, 1021, 1022, 1024, 1028, 1034, 1040, 1048, 1053, 1056, 1059, 1060, 1068, 1069, 1075, 1091, 1094, 1097, 1121, 1134, 1135, 1136, 1141, 1156, 1158, 1159, 1178, 1181, 1182, 1183, 1193, 1199, 1203, 1211, 1212, 1215, 1216]
416.6 :   20 : [1017, 1026, 1045, 1050, 1073, 1074, 1085, 1088, 1090, 1109, 1115, 1118, 1125, 1131, 1146, 1166, 1167, 1170, 1194, 1201]
416.7 :   23 : [1047, 1063, 1067, 1078, 1087, 1101, 1103, 1108, 1119, 1120, 1124, 1126, 1129, 1142, 1153, 1162, 1175, 1179, 1191, 1195, 1196, 1202, 1209]
416.8 :    4 : [1041, 1095, 1155, 1169]
416.9 :    3 : [1043, 1082, 1218]
418.2 :    2 : [1137, 1213]
418.3 :    4 : [1138, 1143, 1148, 1188]
418.4 :   24 : [1010, 1012, 1014, 1015, 1046, 1049, 1062, 1065, 1066, 1086, 1102, 1105, 1111, 1117, 1123, 1130, 1139, 1157, 1163, 1177, 1185, 1189, 1207, 1219]
418.5 :   16 : [1023, 1032, 1033, 1036, 1051, 1054, 1070, 1079, 1104, 1116, 1127, 1151, 1160, 1161, 1206, 1210]
418.6 :   34 : [1013, 1021, 1022, 1024, 1028, 1034, 1040, 1048, 1053, 1056, 1059, 1060, 1068, 1069, 1075, 1091, 1094, 1097, 1134, 1135, 1136, 1141, 1156, 1158, 1159, 1181, 1182, 1193, 1199, 1203, 1211, 1212, 1215, 1216]
418.7 :   15 : [1017, 1026, 1050, 1074, 1109, 1115, 1118, 1125, 1131, 1146, 1166, 1167, 1170, 1190, 1194]
418.8 :   19 : [1047, 1067, 1078, 1087, 1103, 1119, 1120, 1124, 1126, 1129, 1142, 1162, 1175, 1179, 1183, 1195, 1196, 1202, 1209]
418.9 :    8 : [1041, 1045, 1085, 1090, 1095, 1155, 1169, 1178]
419.0 :    7 : [1043, 1082, 1088, 1108, 1153, 1201, 1218]
419.1 :    5 : [1063, 1073, 1101, 1121, 1191]
420.3 :    2 : [1137, 1213]
420.4 :    4 : [1138, 1143, 1148, 1188]
420.5 :   22 : [1010, 1014, 1015, 1046, 1049, 1062, 1065, 1066, 1086, 1102, 1105, 1111, 1117, 1123, 1130, 1139, 1157, 1163, 1177, 1189, 1207, 1219]
420.6 :   11 : [1023, 1032, 1033, 1036, 1051, 1054, 1079, 1116, 1151, 1161, 1206]
420.7 :   20 : [1013, 1022, 1024, 1028, 1056, 1069, 1075, 1091, 1094, 1097, 1134, 1135, 1156, 1181, 1193, 1203, 1211, 1212, 1215, 1216]
420.8 :    7 : [1017, 1074, 1109, 1118, 1125, 1131, 1167]
420.9 :   13 : [1047, 1067, 1078, 1115, 1119, 1120, 1124, 1126, 1129, 1162, 1175, 1196, 1209]
421.0 :    5 : [1041, 1095, 1155, 1169, 1190]
421.1 :    4 : [1053, 1082, 1183, 1218]
421.2 :   14 : [1026, 1034, 1045, 1060, 1085, 1104, 1141, 1159, 1166, 1178, 1182, 1195, 1201, 1210]
421.3 :   11 : [1021, 1048, 1059, 1068, 1088, 1090, 1108, 1153, 1158, 1170, 1185]
421.4 :   13 : [1012, 1043, 1050, 1063, 1070, 1101, 1103, 1121, 1127, 1136, 1142, 1191, 1202]
421.5 :    3 : [1087, 1146, 1179]
421.6 :    4 : [1073, 1160, 1194, 1199]
421.7 :    1 : [1040]
422.4 :    1 : [1137]
422.5 :    2 : [1148, 1188]
422.6 :    6 : [1049, 1102, 1123, 1130, 1157, 1189]
422.7 :   11 : [1032, 1036, 1051, 1062, 1079, 1105, 1117, 1138, 1161, 1206, 1219]
422.8 :   15 : [1024, 1028, 1046, 1054, 1065, 1086, 1091, 1134, 1143, 1156, 1193, 1203, 1211, 1212, 1215]
422.9 :   13 : [1010, 1017, 1056, 1074, 1075, 1097, 1109, 1118, 1131, 1167, 1207, 1213, 1216]
423.0 :   15 : [1014, 1015, 1022, 1023, 1047, 1067, 1069, 1119, 1124, 1126, 1129, 1139, 1162, 1181, 1209]
423.1 :    7 : [1041, 1066, 1078, 1094, 1095, 1155, 1175]
423.2 :    2 : [1125, 1163]
423.3 :    1 : [1115]
423.4 :    3 : [1053, 1177, 1190]
423.5 :    7 : [1034, 1060, 1104, 1141, 1182, 1183, 1210]
423.6 :    9 : [1021, 1026, 1033, 1048, 1059, 1111, 1151, 1159, 1195]
423.7 :   13 : [1045, 1050, 1085, 1088, 1090, 1116, 1136, 1158, 1166, 1170, 1178, 1185, 1201]
423.8 :   11 : [1012, 1013, 1063, 1068, 1070, 1108, 1127, 1135, 1153, 1179, 1218]
423.9 :    7 : [1101, 1121, 1146, 1160, 1191, 1194, 1196]
424.0 :    7 : [1073, 1087, 1120, 1142, 1169, 1199, 1202]
424.1 :    4 : [1040, 1043, 1082, 1103]
424.6 :    1 : [1148]
424.8 :    1 : [1130]
424.9 :    3 : [1123, 1188, 1189]
425.0 :    7 : [1036, 1049, 1051, 1102, 1105, 1157, 1206]
425.1 :    7 : [1028, 1086, 1091, 1117, 1134, 1137, 1219]
425.2 :   12 : [1017, 1024, 1032, 1046, 1062, 1065, 1074, 1118, 1131, 1138, 1156, 1193]
425.3 :    7 : [1010, 1143, 1203, 1207, 1211, 1212, 1215]
425.4 :   14 : [1014, 1022, 1054, 1056, 1069, 1075, 1097, 1109, 1124, 1161, 1167, 1181, 1209, 1216]
425.5 :    7 : [1015, 1041, 1066, 1067, 1095, 1175, 1213]
425.6 :    6 : [1023, 1078, 1119, 1126, 1139, 1155]
425.7 :    2 : [1125, 1163]
425.8 :    2 : [1079, 1094]
425.9 :    4 : [1053, 1115, 1129, 1162]
426.0 :    6 : [1034, 1047, 1060, 1141, 1177, 1210]
426.1 :    9 : [1021, 1048, 1104, 1111, 1151, 1159, 1182, 1190, 1195]
426.2 :    8 : [1026, 1033, 1050, 1059, 1116, 1166, 1170, 1183]
426.3 :   11 : [1012, 1013, 1068, 1070, 1090, 1127, 1135, 1136, 1158, 1185, 1218]
426.4 :    8 : [1045, 1085, 1146, 1178, 1179, 1194, 1196, 1201]
426.5 :    9 : [1063, 1087, 1088, 1108, 1120, 1142, 1153, 1160, 1169]
426.6 :    7 : [1043, 1082, 1103, 1121, 1191, 1199, 1202]
426.7 :    3 : [1040, 1073, 1101]
426.9 :    1 : [1148]
427.3 :    1 : [1130]
427.5 :    3 : [1123, 1188, 1189]
427.6 :    4 : [1049, 1102, 1105, 1137]
427.7 :    8 : [1028, 1036, 1051, 1065, 1134, 1138, 1157, 1206]
427.8 :   12 : [1024, 1032, 1046, 1062, 1074, 1086, 1091, 1117, 1118, 1131, 1193, 1219]
427.9 :    8 : [1010, 1017, 1143, 1156, 1203, 1211, 1212, 1215]
428.0 :   13 : [1014, 1022, 1054, 1056, 1069, 1075, 1097, 1109, 1124, 1161, 1167, 1207, 1216]
428.1 :    5 : [1015, 1067, 1181, 1209, 1213]
428.2 :    9 : [1023, 1041, 1066, 1095, 1119, 1126, 1139, 1155, 1175]
428.3 :    3 : [1078, 1125, 1163]
428.4 :    2 : [1079, 1094]
428.5 :    2 : [1129, 1162]
428.6 :    1 : [1047]
428.7 :    2 : [1053, 1177]
428.8 :    4 : [1060, 1115, 1141, 1210]
428.9 :   11 : [1021, 1026, 1033, 1034, 1048, 1104, 1111, 1151, 1159, 1182, 1195]
429.0 :    6 : [1013, 1059, 1116, 1166, 1170, 1218]
429.1 :    6 : [1050, 1068, 1135, 1158, 1185, 1196]
429.2 :    9 : [1012, 1070, 1090, 1127, 1136, 1169, 1179, 1183, 1190]
429.3 :    6 : [1082, 1087, 1120, 1142, 1146, 1194]
429.4 :    8 : [1043, 1045, 1085, 1103, 1160, 1178, 1201, 1202]
429.5 :    5 : [1040, 1063, 1088, 1153, 1199]
429.6 :    1 : [1108]
429.7 :    4 : [1073, 1121, 1148, 1191]
429.8 :    1 : [1101]
430.1 :    1 : [1130]
430.3 :    1 : [1137]
430.4 :    2 : [1123, 1189]
430.5 :    3 : [1102, 1105, 1188]
430.6 :   11 : [1028, 1036, 1049, 1051, 1065, 1086, 1134, 1138, 1157, 1193, 1206]
430.7 :    8 : [1024, 1046, 1074, 1091, 1117, 1118, 1131, 1219]
430.8 :   10 : [1010, 1017, 1032, 1062, 1069, 1097, 1109, 1143, 1156, 1211]
430.9 :    9 : [1014, 1022, 1054, 1075, 1124, 1161, 1203, 1212, 1215]
431.0 :   10 : [1015, 1056, 1067, 1095, 1167, 1181, 1207, 1209, 1213, 1216]
431.1 :    7 : [1023, 1041, 1119, 1126, 1139, 1155, 1175]
431.2 :    3 : [1066, 1078, 1163]
431.3 :    3 : [1079, 1094, 1125]
431.4 :    2 : [1129, 1162]
431.5 :    1 : [1047]
431.8 :    1 : [1053]
431.9 :    4 : [1060, 1141, 1177, 1210]
432.0 :    8 : [1033, 1034, 1048, 1104, 1111, 1159, 1182, 1195]
432.1 :   10 : [1013, 1021, 1026, 1059, 1115, 1116, 1151, 1166, 1170, 1218]
432.2 :    3 : [1050, 1068, 1196]
432.3 :    6 : [1120, 1135, 1158, 1169, 1179, 1185]
432.4 :    9 : [1012, 1070, 1082, 1087, 1090, 1127, 1136, 1142, 1194]
432.5 :    6 : [1043, 1103, 1146, 1183, 1190, 1202]
432.6 :    1 : [1160]
432.7 :    4 : [1040, 1045, 1148, 1199]
432.8 :    2 : [1178, 1201]
432.9 :    4 : [1063, 1085, 1088, 1153]
433.0 :    3 : [1073, 1108, 1121]
433.1 :    1 : [1191]
433.2 :    2 : [1101, 1130]
433.4 :    1 : [1137]
433.6 :    1 : [1189]
433.7 :    2 : [1102, 1123]
433.8 :    7 : [1028, 1049, 1065, 1105, 1134, 1138, 1188]
433.9 :   10 : [1024, 1036, 1046, 1051, 1074, 1086, 1118, 1157, 1193, 1206]
434.0 :   11 : [1010, 1017, 1032, 1091, 1097, 1109, 1117, 1131, 1143, 1211, 1219]
434.1 :   10 : [1014, 1022, 1054, 1062, 1069, 1075, 1124, 1156, 1161, 1212]
434.2 :    7 : [1015, 1067, 1126, 1167, 1203, 1213, 1215]
434.3 :   10 : [1023, 1056, 1095, 1119, 1139, 1155, 1181, 1207, 1209, 1216]
434.4 :    5 : [1041, 1158, 1163, 1175, 1185]
434.5 :    7 : [1012, 1066, 1078, 1079, 1090, 1094, 1136]
434.6 :    4 : [1125, 1162, 1183, 1190]
434.7 :    1 : [1129]
434.8 :    4 : [1040, 1045, 1047, 1199]
434.9 :    2 : [1178, 1201]
435.0 :    4 : [1063, 1085, 1088, 1153]
435.1 :    3 : [1073, 1108, 1121]
435.2 :    1 : [1191]
435.3 :    3 : [1053, 1101, 1177]
435.4 :    3 : [1060, 1141, 1210]
435.5 :   12 : [1013, 1026, 1033, 1048, 1104, 1111, 1116, 1151, 1159, 1182, 1195, 1218]
435.6 :    6 : [1021, 1034, 1059, 1166, 1170, 1196]
435.7 :    6 : [1050, 1068, 1115, 1120, 1169, 1189]
435.8 :    4 : [1082, 1123, 1135, 1179]
435.9 :    9 : [1028, 1049, 1065, 1087, 1127, 1138, 1142, 1194, 1202]
436.0 :   11 : [1036, 1043, 1046, 1051, 1070, 1074, 1103, 1118, 1146, 1157, 1206]
436.1 :    9 : [1010, 1017, 1032, 1091, 1097, 1109, 1117, 1148, 1219]
436.2 :    5 : [1054, 1156, 1160, 1161, 1212]
436.3 :    4 : [1015, 1126, 1167, 1203]
436.4 :    8 : [1023, 1056, 1139, 1155, 1181, 1207, 1209, 1216]
436.5 :    3 : [1041, 1163, 1175]
436.6 :    5 : [1066, 1078, 1079, 1094, 1130]
436.7 :    3 : [1125, 1137, 1162]
437.2 :    2 : [1108, 1121]
437.3 :    2 : [1102, 1191]
437.4 :    7 : [1053, 1101, 1105, 1134, 1177, 1188, 1193]
437.5 :    5 : [1024, 1060, 1086, 1141, 1210]
437.6 :   16 : [1013, 1026, 1033, 1048, 1069, 1104, 1111, 1116, 1131, 1143, 1151, 1159, 1182, 1195, 1211, 1218]
437.7 :   11 : [1014, 1021, 1022, 1034, 1059, 1062, 1075, 1124, 1166, 1170, 1196]
437.8 :    9 : [1050, 1067, 1068, 1115, 1120, 1169, 1185, 1213, 1215]
437.9 :    6 : [1082, 1095, 1119, 1135, 1158, 1179]
438.0 :    8 : [1012, 1087, 1090, 1127, 1136, 1142, 1194, 1202]
438.1 :    4 : [1043, 1070, 1103, 1146]
438.2 :    3 : [1040, 1148, 1183]
438.3 :    3 : [1129, 1160, 1199]
438.4 :    2 : [1047, 1190]
438.5 :    1 : [1045]
438.6 :    2 : [1178, 1201]
438.7 :    4 : [1063, 1073, 1088, 1130]
438.8 :    3 : [1085, 1137, 1153]
439.2 :    1 : [1189]
439.3 :    2 : [1108, 1121]
439.4 :    6 : [1028, 1065, 1102, 1123, 1138, 1191]
439.5 :   11 : [1046, 1049, 1053, 1074, 1101, 1105, 1118, 1134, 1177, 1188, 1193]
439.6 :   13 : [1010, 1017, 1024, 1036, 1051, 1060, 1086, 1097, 1109, 1141, 1157, 1206, 1210]
439.7 :   21 : [1026, 1032, 1033, 1048, 1054, 1069, 1091, 1104, 1111, 1116, 1117, 1126, 1131, 1143, 1151, 1159, 1161, 1182, 1195, 1211, 1219]
439.8 :   13 : [1014, 1015, 1021, 1022, 1034, 1059, 1062, 1075, 1124, 1156, 1166, 1170, 1212]
439.9 :   13 : [1023, 1050, 1067, 1068, 1115, 1120, 1139, 1155, 1167, 1185, 1203, 1213, 1215]
440.0 :   11 : [1056, 1095, 1119, 1135, 1158, 1163, 1179, 1181, 1207, 1209, 1216]
440.1 :   11 : [1012, 1079, 1087, 1090, 1094, 1127, 1136, 1142, 1175, 1194, 1202]
440.2 :    7 : [1041, 1043, 1066, 1070, 1103, 1146, 1162]
440.3 :    3 : [1040, 1078, 1148]
440.4 :    5 : [1125, 1129, 1160, 1183, 1199]
440.5 :    1 : [1047]
440.6 :    1 : [1190]
440.8 :    3 : [1045, 1130, 1201]
440.9 :    4 : [1063, 1073, 1088, 1178]
441.0 :    2 : [1085, 1153]
441.3 :    1 : [1189]
441.4 :    5 : [1013, 1108, 1121, 1196, 1218]
441.5 :    6 : [1028, 1065, 1102, 1123, 1138, 1191]
441.6 :   11 : [1046, 1053, 1074, 1101, 1105, 1118, 1134, 1169, 1177, 1188, 1193]
441.7 :   13 : [1010, 1017, 1024, 1036, 1049, 1060, 1082, 1086, 1097, 1109, 1141, 1157, 1210]
441.8 :   20 : [1026, 1033, 1048, 1051, 1054, 1069, 1104, 1111, 1116, 1117, 1126, 1131, 1143, 1151, 1159, 1161, 1182, 1195, 1206, 1211]
441.9 :   15 : [1014, 1015, 1021, 1022, 1032, 1034, 1059, 1062, 1075, 1091, 1124, 1156, 1166, 1170, 1219]
442.0 :   11 : [1023, 1050, 1067, 1068, 1120, 1139, 1155, 1203, 1212, 1213, 1215]
442.1 :    8 : [1095, 1115, 1119, 1135, 1163, 1167, 1179, 1216]
442.2 :   13 : [1056, 1079, 1087, 1094, 1127, 1142, 1158, 1181, 1185, 1194, 1202, 1207, 1209]
442.3 :    9 : [1012, 1041, 1043, 1070, 1103, 1136, 1146, 1162, 1175]
442.4 :    3 : [1066, 1090, 1148]
442.5 :    4 : [1078, 1129, 1137, 1160]
442.6 :    3 : [1040, 1047, 1125]
442.7 :    1 : [1199]
442.8 :    1 : [1183]
442.9 :    1 : [1130]
443.0 :    1 : [1190]
443.2 :    2 : [1045, 1201]
443.3 :    3 : [1063, 1073, 1178]
443.4 :    1 : [1088]
443.5 :    2 : [1085, 1153]
443.6 :    4 : [1013, 1102, 1121, 1189]
443.7 :   10 : [1053, 1065, 1105, 1108, 1134, 1138, 1177, 1193, 1196, 1218]
443.8 :    8 : [1024, 1028, 1046, 1060, 1086, 1141, 1169, 1210]
443.9 :   18 : [1010, 1026, 1033, 1048, 1074, 1082, 1097, 1109, 1111, 1116, 1118, 1123, 1143, 1159, 1182, 1188, 1191, 1211]
444.0 :   18 : [1014, 1017, 1022, 1036, 1049, 1054, 1059, 1069, 1075, 1101, 1104, 1124, 1126, 1131, 1151, 1161, 1166, 1195]
444.1 :   10 : [1015, 1021, 1034, 1051, 1067, 1068, 1120, 1157, 1170, 1213]
444.2 :   11 : [1023, 1032, 1050, 1062, 1095, 1117, 1119, 1135, 1155, 1179, 1206]
444.3 :    8 : [1087, 1091, 1139, 1142, 1156, 1202, 1212, 1219]
444.4 :    8 : [1043, 1094, 1103, 1163, 1167, 1194, 1203, 1215]
444.5 :    6 : [1056, 1079, 1148, 1181, 1209, 1216]
444.6 :    5 : [1115, 1129, 1162, 1185, 1207]
444.7 :    9 : [1041, 1047, 1066, 1070, 1127, 1137, 1146, 1158, 1175]
444.8 :    3 : [1012, 1078, 1136]
444.9 :    3 : [1090, 1125, 1160]
445.0 :    2 : [1040, 1130]
445.2 :    1 : [1199]
445.5 :    1 : [1183]
445.8 :    1 : [1190]
445.9 :    1 : [1045]
446.0 :    4 : [1063, 1073, 1102, 1201]
446.1 :    2 : [1013, 1189]
446.2 :    9 : [1053, 1065, 1088, 1134, 1138, 1178, 1193, 1196, 1218]
446.3 :    7 : [1028, 1046, 1086, 1105, 1141, 1143, 1169]
446.4 :   17 : [1010, 1024, 1048, 1060, 1069, 1074, 1075, 1082, 1085, 1097, 1109, 1111, 1118, 1126, 1153, 1177, 1211]
446.5 :   14 : [1014, 1022, 1033, 1054, 1116, 1120, 1121, 1123, 1124, 1161, 1166, 1182, 1188, 1210]
446.6 :   11 : [1015, 1017, 1026, 1036, 1049, 1067, 1108, 1131, 1151, 1159, 1213]
446.7 :   11 : [1021, 1023, 1059, 1068, 1095, 1104, 1119, 1155, 1157, 1170, 1195]
446.8 :    8 : [1034, 1051, 1062, 1117, 1139, 1148, 1163, 1206]
446.9 :   12 : [1032, 1050, 1087, 1091, 1094, 1135, 1156, 1179, 1191, 1202, 1212, 1219]
447.0 :    7 : [1043, 1079, 1101, 1142, 1194, 1203, 1215]
447.1 :    7 : [1056, 1103, 1129, 1137, 1162, 1167, 1216]
447.2 :    2 : [1181, 1209]
447.3 :    3 : [1047, 1175, 1207]
447.4 :    4 : [1041, 1066, 1130, 1185]
447.5 :    5 : [1070, 1078, 1115, 1127, 1146]
447.6 :    4 : [1012, 1125, 1136, 1158]
447.8 :    2 : [1040, 1160]
447.9 :    1 : [1090]
448.1 :    1 : [1199]
448.8 :    1 : [1183]
448.9 :    1 : [1102]
449.0 :    5 : [1013, 1065, 1138, 1189, 1196]
449.1 :    4 : [1046, 1134, 1193, 1218]
449.2 :    9 : [1086, 1097, 1105, 1109, 1118, 1126, 1143, 1169, 1211]
449.3 :    8 : [1010, 1022, 1024, 1028, 1069, 1074, 1075, 1082]
449.4 :    8 : [1014, 1053, 1054, 1067, 1120, 1124, 1141, 1161]
449.5 :    5 : [1015, 1048, 1073, 1177, 1213]
449.6 :   13 : [1017, 1023, 1033, 1060, 1063, 1095, 1111, 1116, 1119, 1123, 1131, 1155, 1190]
449.7 :   11 : [1026, 1045, 1049, 1139, 1148, 1163, 1166, 1182, 1188, 1201, 1210]
449.8 :    5 : [1036, 1068, 1094, 1151, 1159]
449.9 :    3 : [1079, 1137, 1157]
450.0 :   10 : [1032, 1051, 1059, 1062, 1087, 1104, 1117, 1129, 1170, 1195]
450.1 :    9 : [1021, 1135, 1156, 1162, 1179, 1202, 1206, 1212, 1219]
450.2 :    6 : [1043, 1047, 1050, 1091, 1142, 1215]
450.3 :    8 : [1034, 1088, 1103, 1130, 1167, 1194, 1203, 1216]
450.4 :    4 : [1056, 1178, 1181, 1209]
450.6 :    2 : [1175, 1207]
450.7 :    2 : [1041, 1066]
450.8 :    1 : [1121]
450.9 :    1 : [1078]
451.0 :    2 : [1125, 1153]
451.3 :    1 : [1146]
451.5 :    1 : [1127]
451.6 :    1 : [1185]
451.7 :    1 : [1070]
451.9 :    1 : [1040]
452.1 :    1 : [1160]
452.9 :    1 : [1126]
453.2 :    1 : [1012]
453.6 :    1 : [1137]
453.8 :    1 : [1097]
453.9 :    1 : [1143]
454.0 :    2 : [1065, 1109]
454.1 :    1 : [1075]
454.5 :    1 : [1138]
511.7 :    3 : [1049, 1085, 1188]
511.8 :   63 : [1012, 1013, 1014, 1015, 1021, 1022, 1024, 1028, 1033, 1036, 1040, 1045, 1046, 1048, 1056, 1059, 1060, 1062, 1068, 1069, 1075, 1078, 1082, 1087, 1090, 1091, 1095, 1097, 1105, 1108, 1111, 1115, 1117, 1118, 1120, 1125, 1126, 1127, 1129, 1131, 1134, 1136, 1142, 1146, 1148, 1151, 1155, 1158, 1166, 1177, 1183, 1185, 1189, 1190, 1193, 1203, 1206, 1207, 1210, 1213, 1215, 1218, 1219]
511.9 :   45 : [1017, 1023, 1034, 1041, 1050, 1051, 1065, 1066, 1067, 1070, 1074, 1079, 1088, 1094, 1102, 1103, 1104, 1109, 1116, 1119, 1124, 1130, 1135, 1137, 1138, 1139, 1141, 1156, 1157, 1160, 1161, 1162, 1163, 1167, 1169, 1170, 1178, 1179, 1181, 1191, 1194, 1195, 1196, 1209, 1216]
512.0 :    2 : [1202, 1212]
514.1 :    3 : [1022, 1155, 1190]
514.2 :   23 : [1012, 1028, 1048, 1060, 1068, 1082, 1085, 1088, 1091, 1095, 1105, 1111, 1127, 1129, 1131, 1134, 1142, 1148, 1151, 1188, 1189, 1193, 1203]
514.3 :   36 : [1014, 1015, 1021, 1033, 1040, 1046, 1049, 1059, 1066, 1074, 1075, 1078, 1102, 1117, 1119, 1120, 1124, 1125, 1126, 1139, 1146, 1156, 1157, 1161, 1162, 1177, 1178, 1181, 1185, 1191, 1195, 1206, 1209, 1210, 1215, 1216]
514.4 :   36 : [1013, 1023, 1024, 1034, 1036, 1041, 1045, 1050, 1065, 1069, 1070, 1079, 1087, 1097, 1104, 1108, 1109, 1116, 1118, 1130, 1135, 1136, 1138, 1141, 1158, 1160, 1163, 1166, 1167, 1179, 1183, 1194, 1196, 1207, 1212, 1218]
514.5 :   12 : [1017, 1051, 1062, 1067, 1090, 1094, 1103, 1137, 1170, 1202, 1213, 1219]
514.6 :    1 : [1056]
514.7 :    1 : [1115]
514.8 :    1 : [1169]
516.2 :    3 : [1022, 1155, 1190]
516.3 :   23 : [1012, 1028, 1048, 1060, 1068, 1082, 1085, 1088, 1091, 1095, 1105, 1111, 1127, 1129, 1131, 1134, 1142, 1148, 1151, 1188, 1189, 1193, 1203]
516.4 :   34 : [1014, 1015, 1021, 1033, 1040, 1046, 1049, 1059, 1066, 1074, 1078, 1102, 1117, 1119, 1120, 1124, 1125, 1139, 1146, 1156, 1157, 1161, 1162, 1177, 1178, 1181, 1185, 1191, 1195, 1206, 1209, 1210, 1215, 1216]
516.5 :   32 : [1013, 1023, 1024, 1034, 1036, 1041, 1045, 1050, 1069, 1070, 1079, 1087, 1104, 1108, 1116, 1118, 1130, 1135, 1136, 1141, 1158, 1160, 1163, 1166, 1167, 1179, 1183, 1194, 1196, 1207, 1212, 1218]
516.6 :   17 : [1017, 1051, 1062, 1065, 1067, 1075, 1090, 1094, 1103, 1109, 1126, 1137, 1138, 1170, 1202, 1213, 1219]
516.7 :    2 : [1056, 1097]
516.8 :    1 : [1115]
516.9 :    1 : [1169]
518.3 :    3 : [1022, 1155, 1190]
518.4 :   22 : [1028, 1048, 1060, 1068, 1082, 1085, 1088, 1091, 1095, 1105, 1111, 1127, 1129, 1131, 1134, 1142, 1148, 1151, 1188, 1189, 1193, 1203]
518.5 :   34 : [1014, 1015, 1021, 1033, 1040, 1046, 1049, 1059, 1066, 1074, 1078, 1102, 1117, 1119, 1120, 1124, 1125, 1139, 1146, 1156, 1157, 1161, 1162, 1177, 1178, 1181, 1185, 1191, 1195, 1206, 1209, 1210, 1215, 1216]
518.6 :   30 : [1013, 1023, 1024, 1034, 1036, 1041, 1045, 1050, 1069, 1070, 1079, 1087, 1104, 1108, 1116, 1118, 1135, 1136, 1141, 1158, 1163, 1166, 1167, 1179, 1183, 1194, 1196, 1207, 1212, 1218]
518.7 :   11 : [1017, 1051, 1062, 1067, 1090, 1094, 1103, 1170, 1202, 1213, 1219]
518.8 :    2 : [1012, 1056]
518.9 :    5 : [1075, 1109, 1115, 1126, 1130]
519.0 :    6 : [1065, 1097, 1137, 1138, 1160, 1169]
520.4 :    3 : [1022, 1155, 1190]
520.5 :   16 : [1028, 1060, 1068, 1082, 1085, 1088, 1091, 1095, 1105, 1111, 1131, 1134, 1188, 1189, 1193, 1203]
520.6 :   25 : [1015, 1033, 1046, 1049, 1059, 1074, 1102, 1117, 1120, 1124, 1125, 1139, 1156, 1157, 1161, 1162, 1177, 1178, 1181, 1191, 1206, 1209, 1210, 1215, 1216]
520.7 :   18 : [1013, 1023, 1024, 1036, 1041, 1045, 1050, 1069, 1079, 1108, 1118, 1136, 1158, 1179, 1183, 1196, 1212, 1218]
520.8 :    4 : [1051, 1090, 1202, 1219]
521.0 :    3 : [1115, 1142, 1146]
521.1 :    7 : [1021, 1034, 1048, 1148, 1166, 1169, 1185]
521.2 :   13 : [1012, 1017, 1056, 1075, 1078, 1104, 1109, 1116, 1126, 1127, 1141, 1151, 1213]
521.3 :   12 : [1065, 1070, 1087, 1094, 1097, 1119, 1129, 1137, 1138, 1160, 1170, 1207]
521.4 :    4 : [1062, 1067, 1130, 1167]
521.5 :    5 : [1014, 1066, 1103, 1194, 1195]
521.6 :    3 : [1040, 1135, 1163]
522.5 :    1 : [1190]
522.6 :    7 : [1068, 1085, 1091, 1095, 1105, 1131, 1134]
522.7 :   12 : [1033, 1049, 1111, 1117, 1125, 1139, 1161, 1162, 1181, 1188, 1206, 1216]
522.8 :   18 : [1013, 1022, 1036, 1046, 1050, 1069, 1088, 1102, 1108, 1118, 1155, 1157, 1158, 1179, 1189, 1193, 1196, 1212]
522.9 :   10 : [1024, 1028, 1051, 1074, 1090, 1183, 1191, 1202, 1218, 1219]
523.0 :    4 : [1023, 1045, 1082, 1178]
523.1 :    2 : [1115, 1136]
523.2 :    1 : [1169]
523.3 :    1 : [1142]
523.4 :    4 : [1021, 1146, 1166, 1185]
523.5 :    6 : [1017, 1034, 1048, 1116, 1148, 1151]
523.6 :    9 : [1012, 1059, 1060, 1078, 1104, 1119, 1127, 1203, 1207]
523.7 :   19 : [1015, 1056, 1070, 1075, 1087, 1094, 1109, 1120, 1124, 1126, 1129, 1137, 1156, 1160, 1167, 1177, 1209, 1210, 1215]
523.8 :   11 : [1041, 1062, 1065, 1067, 1079, 1103, 1130, 1138, 1141, 1194, 1195]
523.9 :    7 : [1014, 1066, 1097, 1135, 1163, 1170, 1213]
524.0 :    1 : [1040]
524.6 :    1 : [1190]
524.9 :    4 : [1068, 1091, 1095, 1105]
525.0 :    6 : [1125, 1131, 1134, 1139, 1161, 1216]
525.1 :    7 : [1013, 1033, 1111, 1117, 1157, 1181, 1188]
525.2 :   17 : [1022, 1046, 1049, 1050, 1051, 1069, 1102, 1118, 1155, 1158, 1162, 1183, 1193, 1196, 1202, 1206, 1212]
525.3 :    8 : [1024, 1036, 1045, 1074, 1088, 1179, 1189, 1219]
525.4 :    2 : [1023, 1028]
525.5 :    1 : [1090]
525.6 :    1 : [1115]
525.7 :    5 : [1082, 1085, 1178, 1191, 1218]
525.8 :    2 : [1108, 1169]
525.9 :    4 : [1021, 1136, 1142, 1146]
526.0 :    5 : [1034, 1048, 1116, 1166, 1185]
526.1 :    8 : [1017, 1059, 1060, 1104, 1148, 1151, 1203, 1207]
526.2 :   14 : [1012, 1015, 1078, 1087, 1094, 1119, 1120, 1124, 1127, 1129, 1156, 1167, 1210, 1215]
526.3 :    9 : [1041, 1056, 1067, 1070, 1079, 1141, 1160, 1177, 1209]
526.4 :   11 : [1014, 1062, 1066, 1103, 1109, 1130, 1137, 1170, 1194, 1195, 1213]
526.5 :    7 : [1040, 1065, 1075, 1126, 1135, 1138, 1163]
526.7 :    1 : [1097]
527.1 :    1 : [1190]
527.5 :    2 : [1068, 1091]
527.6 :    3 : [1095, 1105, 1134]
527.7 :   11 : [1013, 1033, 1111, 1117, 1125, 1131, 1139, 1157, 1161, 1181, 1216]
527.8 :   10 : [1049, 1050, 1069, 1158, 1162, 1188, 1193, 1196, 1202, 1206]
527.9 :   14 : [1022, 1036, 1045, 1046, 1051, 1074, 1088, 1102, 1118, 1155, 1179, 1183, 1189, 1212]
528.0 :    4 : [1023, 1024, 1028, 1219]
528.1 :    1 : [1090]
528.2 :    1 : [1115]
528.3 :    5 : [1082, 1085, 1178, 1191, 1218]
528.4 :    2 : [1108, 1169]
528.5 :    1 : [1136]
528.7 :    3 : [1021, 1142, 1146]
528.8 :    5 : [1034, 1048, 1116, 1166, 1185]
528.9 :    7 : [1017, 1059, 1060, 1104, 1151, 1203, 1207]
529.0 :   13 : [1015, 1078, 1087, 1094, 1119, 1120, 1124, 1127, 1148, 1156, 1167, 1209, 1215]
529.1 :    8 : [1012, 1056, 1067, 1079, 1129, 1141, 1177, 1210]
529.2 :    8 : [1041, 1062, 1070, 1103, 1160, 1170, 1194, 1213]
529.3 :    5 : [1014, 1066, 1130, 1135, 1195]
529.4 :    4 : [1040, 1109, 1137, 1163]
529.5 :    3 : [1075, 1126, 1138]
529.6 :    1 : [1065]
529.8 :    2 : [1097, 1190]
530.5 :    5 : [1013, 1068, 1091, 1095, 1105]
530.6 :    7 : [1117, 1125, 1131, 1134, 1157, 1161, 1216]
530.7 :    9 : [1033, 1111, 1139, 1158, 1181, 1183, 1188, 1193, 1196]
530.8 :   16 : [1022, 1045, 1046, 1049, 1050, 1051, 1069, 1074, 1088, 1102, 1118, 1155, 1162, 1202, 1206, 1212]
530.9 :    4 : [1024, 1036, 1179, 1189]
531.0 :    5 : [1023, 1028, 1090, 1115, 1219]
531.1 :    2 : [1085, 1178]
531.2 :    3 : [1082, 1191, 1218]
531.3 :    2 : [1108, 1169]
531.4 :    1 : [1136]
531.8 :    2 : [1142, 1146]
531.9 :    5 : [1021, 1034, 1116, 1166, 1185]
532.0 :    5 : [1017, 1048, 1059, 1060, 1207]
532.1 :    6 : [1094, 1104, 1119, 1124, 1151, 1203]
532.2 :   15 : [1015, 1056, 1067, 1078, 1087, 1120, 1127, 1141, 1148, 1156, 1167, 1177, 1209, 1210, 1215]
532.3 :    5 : [1041, 1079, 1129, 1170, 1194]
532.4 :    5 : [1012, 1062, 1070, 1103, 1213]
532.5 :    6 : [1014, 1066, 1130, 1135, 1160, 1195]
532.6 :    2 : [1040, 1163]
532.7 :    2 : [1109, 1137]
532.9 :    2 : [1126, 1190]
533.0 :    3 : [1065, 1075, 1138]
533.3 :    1 : [1097]
533.8 :    4 : [1013, 1068, 1091, 1095]
533.9 :   10 : [1105, 1117, 1131, 1134, 1157, 1158, 1161, 1193, 1196, 1216]
534.0 :    9 : [1033, 1074, 1088, 1111, 1125, 1139, 1181, 1183, 1188]
534.1 :   14 : [1022, 1045, 1046, 1049, 1050, 1051, 1069, 1102, 1118, 1155, 1162, 1202, 1206, 1212]
534.2 :    7 : [1023, 1024, 1036, 1090, 1115, 1179, 1189]
534.3 :    5 : [1028, 1085, 1127, 1148, 1219]
534.4 :    2 : [1082, 1178]
534.5 :    5 : [1070, 1108, 1169, 1191, 1218]
534.6 :    1 : [1136]
534.7 :    1 : [1040]
534.8 :    2 : [1109, 1137]
535.0 :    1 : [1126]
535.1 :    3 : [1065, 1075, 1138]
535.3 :    3 : [1142, 1146, 1166]
535.4 :    5 : [1021, 1034, 1097, 1116, 1185]
535.5 :    5 : [1017, 1048, 1059, 1060, 1207]
535.6 :   12 : [1015, 1056, 1094, 1104, 1119, 1120, 1124, 1151, 1156, 1203, 1209, 1215]
535.7 :    8 : [1067, 1078, 1079, 1087, 1141, 1167, 1177, 1210]
535.8 :    3 : [1041, 1129, 1170]
535.9 :    7 : [1062, 1068, 1091, 1095, 1103, 1194, 1213]
536.0 :   10 : [1012, 1066, 1105, 1117, 1131, 1158, 1161, 1193, 1196, 1216]
536.1 :   13 : [1014, 1033, 1074, 1111, 1125, 1130, 1135, 1139, 1160, 1163, 1181, 1188, 1195]
536.2 :   13 : [1022, 1046, 1049, 1050, 1051, 1069, 1102, 1118, 1155, 1162, 1202, 1206, 1212]
536.3 :    7 : [1023, 1024, 1036, 1090, 1179, 1189, 1190]
536.4 :    2 : [1028, 1219]
536.6 :    2 : [1108, 1169]
536.7 :    1 : [1136]
537.1 :    1 : [1126]
537.2 :    1 : [1075]
537.4 :    4 : [1013, 1142, 1146, 1166]
537.5 :    7 : [1021, 1034, 1097, 1116, 1134, 1157, 1185]
537.6 :    7 : [1017, 1048, 1059, 1060, 1088, 1183, 1207]
537.7 :   15 : [1015, 1045, 1056, 1094, 1104, 1115, 1119, 1120, 1124, 1127, 1151, 1156, 1203, 1209, 1215]
537.8 :   10 : [1067, 1078, 1079, 1085, 1087, 1141, 1148, 1167, 1177, 1210]
537.9 :    3 : [1041, 1129, 1170]
538.0 :    7 : [1062, 1070, 1082, 1103, 1178, 1194, 1213]
538.1 :    4 : [1012, 1066, 1191, 1218]
538.2 :    7 : [1014, 1040, 1130, 1135, 1160, 1163, 1195]
538.4 :    1 : [1190]
538.5 :    1 : [1137]
538.6 :    1 : [1109]
538.9 :    2 : [1065, 1138]
539.2 :    1 : [1126]
539.3 :    1 : [1075]
539.5 :   11 : [1013, 1068, 1091, 1095, 1117, 1142, 1146, 1158, 1166, 1193, 1196]
539.6 :   11 : [1021, 1034, 1074, 1097, 1105, 1116, 1131, 1134, 1157, 1161, 1185]
539.7 :   14 : [1017, 1033, 1048, 1059, 1060, 1069, 1088, 1111, 1125, 1181, 1183, 1188, 1207, 1216]
539.8 :   27 : [1015, 1022, 1045, 1046, 1049, 1050, 1051, 1056, 1090, 1094, 1102, 1104, 1115, 1119, 1120, 1124, 1127, 1139, 1151, 1155, 1156, 1202, 1203, 1206, 1209, 1212, 1215]
539.9 :   17 : [1023, 1024, 1036, 1067, 1078, 1079, 1085, 1087, 1118, 1141, 1148, 1162, 1167, 1177, 1179, 1189, 1210]
540.0 :    5 : [1028, 1041, 1129, 1170, 1219]
540.1 :    9 : [1062, 1070, 1082, 1103, 1108, 1169, 1178, 1194, 1213]
540.2 :    5 : [1012, 1066, 1136, 1191, 1218]
540.3 :    7 : [1014, 1040, 1130, 1135, 1160, 1163, 1195]
540.5 :    1 : [1190]
540.7 :    1 : [1137]
540.8 :    1 : [1109]
541.1 :    1 : [1138]
541.2 :    1 : [1065]
541.3 :    1 : [1126]
541.4 :    1 : [1075]
541.6 :   10 : [1013, 1068, 1095, 1117, 1142, 1146, 1158, 1166, 1193, 1196]
541.7 :    9 : [1021, 1034, 1074, 1091, 1116, 1134, 1157, 1161, 1185]
541.8 :   14 : [1017, 1033, 1048, 1059, 1060, 1088, 1097, 1105, 1111, 1131, 1181, 1183, 1207, 1216]
541.9 :   21 : [1015, 1045, 1049, 1050, 1056, 1069, 1090, 1094, 1104, 1115, 1119, 1120, 1124, 1125, 1151, 1156, 1188, 1202, 1203, 1209, 1215]
542.0 :   19 : [1022, 1023, 1046, 1051, 1067, 1078, 1079, 1085, 1087, 1102, 1118, 1139, 1141, 1155, 1167, 1177, 1206, 1210, 1212]
542.1 :    9 : [1024, 1036, 1041, 1127, 1129, 1162, 1170, 1179, 1189]
542.2 :   11 : [1028, 1062, 1082, 1103, 1108, 1148, 1169, 1178, 1194, 1213, 1219]
542.3 :    5 : [1066, 1070, 1136, 1191, 1218]
542.4 :    7 : [1012, 1014, 1130, 1135, 1160, 1163, 1195]
542.5 :    1 : [1040]
542.6 :    1 : [1190]
543.1 :    1 : [1137]
543.2 :    1 : [1109]
543.7 :    5 : [1013, 1065, 1126, 1138, 1146]
543.8 :    6 : [1021, 1034, 1075, 1142, 1157, 1166]
543.9 :   12 : [1017, 1059, 1060, 1074, 1088, 1116, 1117, 1158, 1183, 1185, 1193, 1196]
544.0 :   13 : [1045, 1048, 1056, 1068, 1091, 1095, 1115, 1119, 1124, 1134, 1203, 1207, 1209]
544.1 :   13 : [1015, 1067, 1085, 1094, 1104, 1120, 1131, 1141, 1151, 1156, 1161, 1181, 1215]
544.2 :   12 : [1033, 1069, 1079, 1087, 1090, 1105, 1111, 1125, 1167, 1170, 1210, 1216]
544.3 :   15 : [1022, 1023, 1041, 1049, 1050, 1051, 1082, 1102, 1177, 1178, 1188, 1202, 1206, 1212, 1213]
544.4 :   13 : [1024, 1036, 1046, 1062, 1078, 1118, 1139, 1155, 1169, 1189, 1191, 1194, 1218]
544.5 :    7 : [1097, 1108, 1127, 1129, 1162, 1179, 1219]
544.6 :    3 : [1028, 1103, 1136]
544.7 :    4 : [1066, 1135, 1148, 1190]
544.8 :    3 : [1014, 1070, 1195]
544.9 :    4 : [1012, 1130, 1160, 1163]
545.0 :    1 : [1040]
545.8 :    1 : [1137]
546.0 :    1 : [1109]
546.2 :    1 : [1013]
546.3 :    3 : [1115, 1146, 1157]
546.4 :    9 : [1034, 1074, 1085, 1088, 1158, 1166, 1183, 1193, 1196]
546.5 :    7 : [1021, 1045, 1059, 1116, 1117, 1142, 1185]
546.6 :   11 : [1017, 1056, 1060, 1065, 1068, 1095, 1119, 1124, 1126, 1134, 1138]
546.7 :   13 : [1015, 1048, 1090, 1091, 1094, 1120, 1131, 1141, 1156, 1161, 1203, 1207, 1209]
546.8 :   11 : [1033, 1067, 1075, 1082, 1104, 1105, 1111, 1151, 1178, 1181, 1215]
546.9 :   19 : [1023, 1049, 1050, 1051, 1069, 1079, 1087, 1125, 1167, 1169, 1170, 1177, 1188, 1191, 1202, 1210, 1212, 1216, 1218]
547.0 :   10 : [1022, 1041, 1046, 1102, 1108, 1118, 1155, 1190, 1206, 1213]
547.1 :    8 : [1024, 1036, 1062, 1136, 1139, 1179, 1189, 1194]
547.2 :    5 : [1028, 1078, 1129, 1162, 1219]
547.3 :    2 : [1103, 1127]
547.4 :    1 : [1135]
547.5 :    1 : [1066]
547.6 :    2 : [1014, 1148]
547.7 :    3 : [1070, 1163, 1195]
547.8 :    2 : [1097, 1130]
547.9 :    2 : [1040, 1160]
548.0 :    1 : [1012]
549.0 :    1 : [1115]
549.1 :    2 : [1013, 1085]
549.2 :    1 : [1157]
549.3 :    4 : [1074, 1088, 1158, 1183]
549.4 :    4 : [1045, 1137, 1193, 1196]
549.5 :    2 : [1117, 1146]
549.6 :    3 : [1034, 1090, 1166]
549.7 :    2 : [1059, 1178]
549.8 :   14 : [1017, 1021, 1056, 1060, 1068, 1082, 1095, 1109, 1116, 1134, 1161, 1169, 1185, 1191]
549.9 :   13 : [1015, 1091, 1094, 1119, 1124, 1131, 1141, 1142, 1181, 1203, 1207, 1209, 1218]
550.0 :    7 : [1023, 1067, 1108, 1111, 1120, 1156, 1190]
550.1 :   13 : [1033, 1048, 1049, 1050, 1051, 1069, 1079, 1136, 1170, 1188, 1202, 1212, 1215]
550.2 :   13 : [1022, 1046, 1087, 1102, 1104, 1105, 1125, 1151, 1155, 1167, 1206, 1210, 1216]
550.3 :    6 : [1024, 1036, 1118, 1177, 1189, 1213]
550.4 :    3 : [1041, 1062, 1179]
550.5 :    3 : [1028, 1139, 1219]
550.6 :    1 : [1194]
550.7 :    1 : [1162]
551.0 :    3 : [1078, 1103, 1129]
551.1 :    1 : [1135]
551.2 :    1 : [1066]
551.5 :    1 : [1127]
551.8 :    1 : [1163]
551.9 :    1 : [1014]
552.3 :    1 : [1195]
552.5 :    1 : [1115]
552.7 :    1 : [1085]
