       0.0      5.0        5.0  0.0 22:09:06.170851
       5.0      1.5        6.5 10.0 22:09:06.921457
       6.5      1.5        8.0 20.0 22:09:07.678729
       8.0      1.5        9.5 30.0 22:09:08.427395
       9.5      1.5       11.0 40.0 22:09:09.183658
      11.0      1.5       12.5 50.0 22:09:09.946427
      12.5      1.5       14.1 60.0 22:09:10.710001
      14.1      1.6       15.7 70.0 22:09:11.590642
      15.7      1.6       17.3 80.0 22:09:12.410871
      17.3      1.6       18.9 90.0 22:09:13.224692
      18.9      1.6       20.5 100.0 22:09:14.046119
      20.5      7.2       27.7 110.0 22:09:17.692545
      27.7      7.7       35.4 120.0 22:09:21.559569
      35.4      6.8       42.2 130.0 22:09:25.031134
      42.2      4.8       47.0 140.0 22:09:27.454012
      47.0      3.2       50.2 150.0 22:09:29.046593
      50.2      2.3       52.4 160.0 22:09:30.196224
      52.4      1.5       54.0 170.0 22:09:30.954738
      54.0      1.5       55.5 180.0 22:09:31.701320
      55.5      1.5       56.9 190.0 22:09:32.447942
      56.9      1.5       58.5 200.0 22:09:33.209856
      58.5      7.0       65.5 210.0 22:09:36.769390
      65.5      7.0       72.5 220.0 22:09:40.321497
      72.5      6.1       78.7 230.0 22:09:43.418396
      78.7      4.3       83.0 240.0 22:09:45.572716
      83.0      2.9       85.8 250.0 22:09:47.020496
      85.8      1.9       87.7 260.0 22:09:47.978090
      87.7      1.5       89.2 270.0 22:09:48.742610
      89.2      1.5       90.7 280.0 22:09:49.488646
      90.7      1.5       92.2 290.0 22:09:50.231184
      92.2      1.5       93.7 300.0 22:09:50.974351
      93.7      6.5      100.2 310.0 22:09:54.256662
     100.2      6.6      106.8 320.0 22:09:57.566771
     106.8      5.5      112.3 330.0 22:10:00.348555
     112.3      3.8      116.1 340.0 22:10:02.247495
     116.1      2.7      118.8 350.0 22:10:03.628753
     118.8      2.3      121.1 360.0 22:10:04.774677
     121.1      1.7      122.8 370.0 22:10:05.633737
     122.8      1.5      124.3 380.0 22:10:06.380319
     124.3      1.5      125.8 390.0 22:10:07.122148
     125.8      1.5      127.3 400.0 22:10:07.862386
     127.3      6.2      133.5 410.0 22:10:11.010929
     133.5      6.2      139.6 420.0 22:10:14.146095
     139.6      5.1      144.8 430.0 22:10:16.736677
     144.8      3.5      148.2 440.0 22:10:18.490510
     148.2      2.7      150.9 450.0 22:10:19.824225
     150.9      2.1      153.0 460.0 22:10:20.898074
     153.0      1.6      154.6 470.0 22:10:21.684101
     154.6      1.5      156.1 480.0 22:10:22.426169
     156.1      1.5      157.6 490.0 22:10:23.166882
     157.6      1.5      159.0 500.0 22:10:23.906300
     159.0      6.0      165.0 510.0 22:10:26.908661
     165.0      6.0      171.0 520.0 22:10:29.924136
     171.0      4.9      175.9 530.0 22:10:32.399210
     175.9      3.3      179.2 540.0 22:10:34.042435
     179.2      2.6      181.8 550.0 22:10:35.349844
     181.8      2.2      184.0 560.0 22:10:36.439086
     184.0      1.7      185.6 570.0 22:10:37.269582
     185.6      1.5      187.1 580.0 22:10:38.009602
     187.1      1.5      188.6 590.0 22:10:38.749005
     188.6      1.5      190.0 600.0 22:10:39.484505
     190.0      1.5      191.5 610.0 22:10:40.223662
     191.5      1.5      193.0 620.0 22:10:40.962255
     193.0      1.5      194.5 630.0 22:10:41.699554
     194.5      1.5      196.0 640.0 22:10:42.437832
     196.0      1.5      197.4 650.0 22:10:43.175696
     197.4      1.5      198.9 660.0 22:10:43.922877
     198.9      1.5      200.4 670.0 22:10:44.660532
     200.4      1.5      201.9 680.0 22:10:45.397610
     201.9      1.5      203.4 690.0 22:10:46.137120
     203.4      1.5      204.8 700.0 22:10:46.873711
     204.8      1.5      206.3 710.0 22:10:47.613058
     206.3      1.5      207.8 720.0 22:10:48.350170
     207.8      1.5      209.3 730.0 22:10:49.088721
     209.3      1.5      210.7 740.0 22:10:49.826500
     210.7      1.5      212.2 750.0 22:10:50.565550
     212.2      1.5      213.7 760.0 22:10:51.303307
     213.7      1.5      215.2 770.0 22:10:52.040989
     215.2      1.5      216.6 780.0 22:10:52.781501
     216.6      1.5      218.1 790.0 22:10:53.518237
     218.1      1.5      219.6 800.0 22:10:54.254351
     219.6      1.5      221.1 810.0 22:10:54.991258
     221.1      1.5      222.6 820.0 22:10:55.766662
     222.6      1.5      224.1 830.0 22:10:56.505741
     224.1      1.5      225.6 840.0 22:10:57.246708
     225.6      1.5      227.0 850.0 22:10:57.983651
     227.0      1.5      228.5 860.0 22:10:58.720430
     228.5      1.5      230.0 870.0 22:10:59.456135
     230.0      1.5      231.5 880.0 22:11:00.195544
     231.5      1.5      232.9 890.0 22:11:00.932221
     232.9      1.5      234.4 900.0 22:11:01.671037
     234.4      1.5      235.9 910.0 22:11:02.407710
     235.9      1.5      237.4 920.0 22:11:03.145407
     237.4      1.5      238.8 930.0 22:11:03.884114
     238.8      1.5      240.3 940.0 22:11:04.620480
     240.3      1.5      241.8 950.0 22:11:05.356926
     241.8      1.5      243.3 960.0 22:11:06.095917
     243.3      1.5      244.7 970.0 22:11:06.832888
     244.7      1.5      246.2 980.0 22:11:07.570504
     246.2      1.5      247.7 990.0 22:11:08.308064
