Name: basal ganglia [5HT], Title: Raster plot from device '20329', Hist: False
217.5 :    7 : [5408, 5430, 5440, 5449, 5455, 5464, 5498]
217.6 :   16 : [5404, 5405, 5407, 5424, 5427, 5429, 5432, 5436, 5441, 5445, 5450, 5453, 5454, 5457, 5476, 5484]
217.7 :   29 : [5406, 5411, 5412, 5413, 5415, 5417, 5425, 5433, 5437, 5439, 5442, 5444, 5446, 5447, 5448, 5451, 5452, 5456, 5458, 5459, 5473, 5478, 5486, 5487, 5488, 5493, 5494, 5496, 5500]
217.8 :   17 : [5401, 5402, 5409, 5416, 5423, 5428, 5435, 5461, 5463, 5467, 5468, 5472, 5477, 5483, 5491, 5492, 5495]
217.9 :   19 : [5403, 5410, 5414, 5418, 5420, 5421, 5422, 5426, 5434, 5438, 5462, 5470, 5479, 5480, 5481, 5485, 5489, 5490, 5497]
218.0 :   10 : [5419, 5431, 5443, 5460, 5465, 5466, 5469, 5471, 5475, 5499]
218.1 :    2 : [5474, 5482]
220.8 :   33 : [5404, 5405, 5406, 5407, 5408, 5415, 5424, 5427, 5429, 5430, 5432, 5436, 5437, 5440, 5441, 5442, 5445, 5446, 5449, 5450, 5451, 5453, 5454, 5455, 5457, 5458, 5459, 5464, 5476, 5484, 5486, 5487, 5498]
220.9 :   56 : [5401, 5402, 5403, 5409, 5410, 5411, 5412, 5413, 5414, 5416, 5417, 5418, 5420, 5421, 5422, 5423, 5425, 5426, 5428, 5433, 5434, 5435, 5438, 5439, 5443, 5444, 5447, 5448, 5452, 5456, 5461, 5462, 5463, 5467, 5468, 5470, 5472, 5473, 5477, 5478, 5479, 5480, 5481, 5483, 5485, 5488, 5489, 5490, 5491, 5492, 5493, 5494, 5495, 5496, 5497, 5500]
221.0 :   11 : [5419, 5431, 5460, 5465, 5466, 5469, 5471, 5474, 5475, 5482, 5499]
223.4 :   40 : [5404, 5405, 5406, 5407, 5408, 5415, 5420, 5421, 5424, 5427, 5429, 5430, 5432, 5436, 5437, 5440, 5441, 5442, 5443, 5445, 5446, 5449, 5450, 5451, 5453, 5454, 5455, 5457, 5458, 5459, 5461, 5463, 5464, 5467, 5476, 5483, 5484, 5486, 5487, 5498]
223.5 :   56 : [5401, 5402, 5403, 5409, 5410, 5411, 5412, 5413, 5414, 5416, 5417, 5418, 5419, 5422, 5423, 5425, 5426, 5428, 5431, 5433, 5434, 5435, 5438, 5439, 5444, 5447, 5448, 5452, 5456, 5460, 5462, 5465, 5466, 5468, 5470, 5471, 5472, 5473, 5474, 5477, 5478, 5479, 5480, 5481, 5485, 5488, 5489, 5490, 5491, 5492, 5493, 5494, 5495, 5496, 5497, 5500]
223.6 :    4 : [5469, 5475, 5482, 5499]
225.9 :   40 : [5404, 5405, 5406, 5407, 5408, 5415, 5420, 5421, 5424, 5427, 5429, 5430, 5432, 5436, 5437, 5440, 5441, 5442, 5443, 5445, 5446, 5449, 5450, 5451, 5453, 5454, 5455, 5457, 5458, 5459, 5461, 5463, 5464, 5467, 5476, 5483, 5484, 5486, 5487, 5498]
226.0 :   56 : [5401, 5402, 5403, 5409, 5410, 5411, 5412, 5413, 5414, 5416, 5417, 5418, 5419, 5422, 5423, 5425, 5426, 5428, 5431, 5433, 5434, 5435, 5438, 5439, 5444, 5447, 5448, 5452, 5456, 5460, 5462, 5465, 5466, 5468, 5470, 5471, 5472, 5473, 5474, 5477, 5478, 5479, 5480, 5481, 5485, 5488, 5489, 5490, 5491, 5492, 5493, 5494, 5495, 5496, 5497, 5500]
226.1 :    4 : [5469, 5475, 5482, 5499]
228.3 :    3 : [5415, 5458, 5487]
228.4 :   38 : [5404, 5405, 5406, 5407, 5408, 5416, 5420, 5421, 5424, 5427, 5429, 5430, 5432, 5436, 5437, 5440, 5441, 5442, 5443, 5445, 5446, 5449, 5450, 5451, 5453, 5454, 5455, 5457, 5459, 5461, 5463, 5464, 5467, 5476, 5483, 5484, 5486, 5498]
228.5 :   55 : [5401, 5402, 5403, 5409, 5410, 5411, 5412, 5413, 5414, 5417, 5418, 5419, 5422, 5423, 5425, 5426, 5428, 5431, 5433, 5434, 5435, 5438, 5439, 5444, 5447, 5448, 5452, 5456, 5460, 5462, 5465, 5466, 5468, 5470, 5471, 5472, 5473, 5474, 5477, 5478, 5479, 5480, 5481, 5485, 5488, 5489, 5490, 5491, 5492, 5493, 5494, 5495, 5496, 5497, 5500]
228.6 :    4 : [5469, 5475, 5482, 5499]
230.7 :    3 : [5415, 5458, 5487]
230.8 :   32 : [5404, 5405, 5406, 5408, 5416, 5420, 5421, 5424, 5427, 5429, 5430, 5436, 5440, 5441, 5442, 5443, 5445, 5446, 5449, 5450, 5451, 5453, 5457, 5459, 5461, 5463, 5464, 5467, 5483, 5484, 5486, 5498]
230.9 :   25 : [5407, 5410, 5417, 5422, 5426, 5432, 5433, 5434, 5435, 5437, 5444, 5454, 5455, 5456, 5462, 5468, 5470, 5473, 5476, 5477, 5479, 5480, 5491, 5492, 5494]
231.0 :   36 : [5401, 5402, 5403, 5409, 5411, 5412, 5413, 5414, 5418, 5419, 5423, 5425, 5428, 5431, 5438, 5439, 5447, 5448, 5452, 5460, 5465, 5466, 5471, 5472, 5474, 5478, 5481, 5485, 5488, 5489, 5490, 5493, 5495, 5496, 5497, 5500]
231.1 :    4 : [5469, 5475, 5482, 5499]
233.1 :    3 : [5415, 5458, 5487]
233.2 :   31 : [5404, 5405, 5406, 5408, 5416, 5420, 5421, 5424, 5427, 5429, 5430, 5436, 5441, 5442, 5443, 5445, 5446, 5449, 5450, 5451, 5453, 5457, 5459, 5461, 5463, 5464, 5467, 5483, 5484, 5486, 5498]
233.3 :   10 : [5417, 5434, 5435, 5440, 5444, 5470, 5477, 5479, 5492, 5494]
233.4 :   16 : [5407, 5410, 5422, 5426, 5432, 5433, 5437, 5454, 5455, 5456, 5462, 5468, 5473, 5476, 5480, 5491]
233.5 :   36 : [5401, 5402, 5403, 5409, 5411, 5412, 5413, 5414, 5418, 5419, 5423, 5425, 5428, 5431, 5438, 5439, 5447, 5448, 5452, 5460, 5465, 5466, 5471, 5472, 5474, 5478, 5481, 5485, 5488, 5489, 5490, 5493, 5495, 5496, 5497, 5500]
233.6 :    4 : [5469, 5475, 5482, 5499]
235.5 :    3 : [5415, 5458, 5487]
235.6 :   22 : [5404, 5406, 5408, 5416, 5420, 5421, 5424, 5427, 5436, 5442, 5445, 5446, 5449, 5450, 5451, 5453, 5459, 5461, 5463, 5464, 5483, 5498]
235.7 :   10 : [5405, 5429, 5430, 5435, 5441, 5443, 5457, 5467, 5484, 5486]
235.8 :    9 : [5417, 5434, 5440, 5444, 5470, 5477, 5479, 5492, 5494]
235.9 :   16 : [5407, 5410, 5422, 5426, 5432, 5433, 5437, 5454, 5455, 5456, 5462, 5468, 5473, 5476, 5480, 5491]
236.0 :   36 : [5401, 5402, 5403, 5409, 5411, 5412, 5413, 5414, 5418, 5419, 5423, 5425, 5428, 5431, 5438, 5439, 5447, 5448, 5452, 5460, 5465, 5466, 5471, 5472, 5474, 5478, 5481, 5485, 5488, 5489, 5490, 5493, 5495, 5496, 5497, 5500]
236.1 :    4 : [5469, 5475, 5482, 5499]
237.9 :    3 : [5415, 5458, 5487]
238.0 :    9 : [5406, 5420, 5421, 5436, 5446, 5450, 5459, 5464, 5483]
238.1 :   13 : [5404, 5408, 5416, 5424, 5427, 5442, 5445, 5449, 5451, 5453, 5461, 5463, 5498]
238.2 :   10 : [5405, 5429, 5430, 5435, 5441, 5443, 5457, 5467, 5484, 5486]
238.3 :    9 : [5417, 5434, 5440, 5444, 5470, 5477, 5479, 5492, 5494]
238.4 :   16 : [5407, 5410, 5422, 5426, 5432, 5433, 5437, 5454, 5455, 5456, 5462, 5468, 5473, 5476, 5480, 5491]
238.5 :   36 : [5401, 5402, 5403, 5409, 5411, 5412, 5413, 5414, 5418, 5419, 5423, 5425, 5428, 5431, 5438, 5439, 5447, 5448, 5452, 5460, 5465, 5466, 5471, 5472, 5474, 5478, 5481, 5485, 5488, 5489, 5490, 5493, 5495, 5496, 5497, 5500]
238.6 :    4 : [5469, 5475, 5482, 5499]
240.3 :    3 : [5415, 5458, 5487]
240.4 :    2 : [5406, 5459]
240.5 :    7 : [5420, 5421, 5436, 5446, 5450, 5464, 5483]
240.6 :   13 : [5404, 5408, 5416, 5424, 5427, 5442, 5445, 5449, 5451, 5453, 5461, 5463, 5498]
240.7 :   10 : [5405, 5429, 5430, 5435, 5441, 5443, 5457, 5467, 5484, 5486]
240.8 :    9 : [5417, 5434, 5440, 5444, 5470, 5477, 5479, 5492, 5494]
240.9 :   16 : [5407, 5410, 5422, 5426, 5432, 5433, 5437, 5454, 5455, 5456, 5462, 5468, 5473, 5476, 5480, 5491]
241.0 :   36 : [5401, 5402, 5403, 5409, 5411, 5412, 5413, 5414, 5418, 5419, 5423, 5425, 5428, 5431, 5438, 5439, 5447, 5448, 5452, 5460, 5465, 5466, 5471, 5472, 5474, 5478, 5481, 5485, 5488, 5489, 5490, 5493, 5495, 5496, 5497, 5500]
241.1 :    4 : [5469, 5475, 5482, 5499]
242.7 :    3 : [5415, 5458, 5487]
242.9 :    2 : [5406, 5459]
243.0 :    7 : [5420, 5421, 5436, 5446, 5450, 5464, 5483]
243.1 :   13 : [5404, 5408, 5416, 5424, 5427, 5442, 5445, 5449, 5451, 5453, 5461, 5463, 5498]
243.2 :   10 : [5405, 5429, 5430, 5435, 5441, 5443, 5457, 5467, 5484, 5486]
243.3 :    9 : [5417, 5434, 5440, 5444, 5470, 5477, 5479, 5492, 5494]
243.4 :   16 : [5407, 5410, 5422, 5426, 5432, 5433, 5437, 5454, 5455, 5456, 5462, 5468, 5473, 5476, 5480, 5491]
243.5 :   36 : [5401, 5402, 5403, 5409, 5411, 5412, 5413, 5414, 5418, 5419, 5423, 5425, 5428, 5431, 5438, 5439, 5447, 5448, 5452, 5460, 5465, 5466, 5471, 5472, 5474, 5478, 5481, 5485, 5488, 5489, 5490, 5493, 5495, 5496, 5497, 5500]
243.6 :    4 : [5469, 5475, 5482, 5499]
245.1 :    1 : [5458]
245.2 :    2 : [5415, 5487]
245.4 :    2 : [5406, 5459]
245.5 :    7 : [5420, 5421, 5436, 5446, 5450, 5464, 5483]
245.6 :   13 : [5404, 5408, 5416, 5424, 5427, 5442, 5445, 5449, 5451, 5453, 5461, 5463, 5498]
245.7 :   10 : [5405, 5429, 5430, 5435, 5441, 5443, 5457, 5467, 5484, 5486]
245.8 :    9 : [5417, 5434, 5440, 5444, 5470, 5477, 5479, 5492, 5494]
245.9 :   16 : [5407, 5410, 5422, 5426, 5432, 5433, 5437, 5454, 5455, 5456, 5462, 5468, 5473, 5476, 5480, 5491]
246.0 :   36 : [5401, 5402, 5403, 5409, 5411, 5412, 5413, 5414, 5418, 5419, 5423, 5425, 5428, 5431, 5438, 5439, 5447, 5448, 5452, 5460, 5465, 5466, 5471, 5472, 5474, 5478, 5481, 5485, 5488, 5489, 5490, 5493, 5495, 5496, 5497, 5500]
246.1 :    4 : [5469, 5475, 5482, 5499]
247.6 :    1 : [5458]
247.7 :    2 : [5415, 5487]
247.9 :    2 : [5406, 5459]
248.0 :    7 : [5420, 5421, 5436, 5446, 5450, 5464, 5483]
248.1 :   13 : [5404, 5408, 5416, 5424, 5427, 5442, 5445, 5449, 5451, 5453, 5461, 5463, 5498]
248.2 :   10 : [5405, 5429, 5430, 5435, 5441, 5443, 5457, 5467, 5484, 5486]
248.3 :    9 : [5417, 5434, 5440, 5444, 5470, 5477, 5479, 5492, 5494]
248.4 :   16 : [5407, 5410, 5422, 5426, 5432, 5433, 5437, 5454, 5455, 5456, 5462, 5468, 5473, 5476, 5480, 5491]
248.5 :   36 : [5401, 5402, 5403, 5409, 5411, 5412, 5413, 5414, 5418, 5419, 5423, 5425, 5428, 5431, 5438, 5439, 5447, 5448, 5452, 5460, 5465, 5466, 5471, 5472, 5474, 5478, 5481, 5485, 5488, 5489, 5490, 5493, 5495, 5496, 5497, 5500]
248.6 :    4 : [5469, 5475, 5482, 5499]
250.1 :    1 : [5458]
250.2 :    2 : [5415, 5487]
250.4 :    2 : [5406, 5459]
250.5 :    7 : [5420, 5421, 5436, 5446, 5450, 5464, 5483]
250.6 :   13 : [5404, 5408, 5416, 5424, 5427, 5442, 5445, 5449, 5451, 5453, 5461, 5463, 5498]
250.7 :   10 : [5405, 5429, 5430, 5435, 5441, 5443, 5457, 5467, 5484, 5486]
250.8 :    9 : [5417, 5434, 5440, 5444, 5470, 5477, 5479, 5492, 5494]
250.9 :   16 : [5407, 5410, 5422, 5426, 5432, 5433, 5437, 5454, 5455, 5456, 5462, 5468, 5473, 5476, 5480, 5491]
251.0 :   36 : [5401, 5402, 5403, 5409, 5411, 5412, 5413, 5414, 5418, 5419, 5423, 5425, 5428, 5431, 5438, 5439, 5447, 5448, 5452, 5460, 5465, 5466, 5471, 5472, 5474, 5478, 5481, 5485, 5488, 5489, 5490, 5493, 5495, 5496, 5497, 5500]
251.1 :    4 : [5469, 5475, 5482, 5499]
252.6 :    1 : [5458]
252.7 :    2 : [5415, 5487]
252.9 :    2 : [5406, 5459]
253.0 :    7 : [5420, 5421, 5436, 5446, 5450, 5464, 5483]
253.1 :   13 : [5404, 5408, 5416, 5424, 5427, 5442, 5445, 5449, 5451, 5453, 5461, 5463, 5498]
253.2 :   10 : [5405, 5429, 5430, 5435, 5441, 5443, 5457, 5467, 5484, 5486]
253.3 :    9 : [5417, 5434, 5440, 5444, 5470, 5477, 5479, 5492, 5494]
253.4 :   16 : [5407, 5410, 5422, 5426, 5432, 5433, 5437, 5454, 5455, 5456, 5462, 5468, 5473, 5476, 5480, 5491]
253.5 :   36 : [5401, 5402, 5403, 5409, 5411, 5412, 5413, 5414, 5418, 5419, 5423, 5425, 5428, 5431, 5438, 5439, 5447, 5448, 5452, 5460, 5465, 5466, 5471, 5472, 5474, 5478, 5481, 5485, 5488, 5489, 5490, 5493, 5495, 5496, 5497, 5500]
253.6 :    4 : [5469, 5475, 5482, 5499]
255.1 :    1 : [5458]
255.2 :    2 : [5415, 5487]
255.4 :    2 : [5406, 5459]
255.5 :    7 : [5420, 5421, 5436, 5446, 5450, 5464, 5483]
255.6 :   13 : [5404, 5408, 5416, 5424, 5427, 5442, 5445, 5449, 5451, 5453, 5461, 5463, 5498]
255.7 :   10 : [5405, 5429, 5430, 5435, 5441, 5443, 5457, 5467, 5484, 5486]
255.8 :    9 : [5417, 5434, 5440, 5444, 5470, 5477, 5479, 5492, 5494]
255.9 :   16 : [5407, 5410, 5422, 5426, 5432, 5433, 5437, 5454, 5455, 5456, 5462, 5468, 5473, 5476, 5480, 5491]
256.0 :   36 : [5401, 5402, 5403, 5409, 5411, 5412, 5413, 5414, 5418, 5419, 5423, 5425, 5428, 5431, 5438, 5439, 5447, 5448, 5452, 5460, 5465, 5466, 5471, 5472, 5474, 5478, 5481, 5485, 5488, 5489, 5490, 5493, 5495, 5496, 5497, 5500]
256.1 :    4 : [5469, 5475, 5482, 5499]
257.6 :    1 : [5458]
257.7 :    2 : [5415, 5487]
257.9 :    2 : [5406, 5459]
258.0 :    7 : [5420, 5421, 5436, 5446, 5450, 5464, 5483]
258.1 :   13 : [5404, 5408, 5416, 5424, 5427, 5442, 5445, 5449, 5451, 5453, 5461, 5463, 5498]
258.2 :   10 : [5405, 5429, 5430, 5435, 5441, 5443, 5457, 5467, 5484, 5486]
258.3 :    9 : [5417, 5434, 5440, 5444, 5470, 5477, 5479, 5492, 5494]
258.4 :   16 : [5407, 5410, 5422, 5426, 5432, 5433, 5437, 5454, 5455, 5456, 5462, 5468, 5473, 5476, 5480, 5491]
258.5 :   36 : [5401, 5402, 5403, 5409, 5411, 5412, 5413, 5414, 5418, 5419, 5423, 5425, 5428, 5431, 5438, 5439, 5447, 5448, 5452, 5460, 5465, 5466, 5471, 5472, 5474, 5478, 5481, 5485, 5488, 5489, 5490, 5493, 5495, 5496, 5497, 5500]
258.6 :    4 : [5469, 5475, 5482, 5499]
260.1 :    1 : [5458]
260.2 :    2 : [5415, 5487]
260.4 :    2 : [5406, 5459]
260.5 :    7 : [5420, 5421, 5436, 5446, 5450, 5464, 5483]
260.6 :   13 : [5404, 5408, 5416, 5424, 5427, 5442, 5445, 5449, 5451, 5453, 5461, 5463, 5498]
260.7 :   10 : [5405, 5429, 5430, 5435, 5441, 5443, 5457, 5467, 5484, 5486]
260.8 :    9 : [5417, 5434, 5440, 5444, 5470, 5477, 5479, 5492, 5494]
260.9 :   16 : [5407, 5410, 5422, 5426, 5432, 5433, 5437, 5454, 5455, 5456, 5462, 5468, 5473, 5476, 5480, 5491]
261.0 :   36 : [5401, 5402, 5403, 5409, 5411, 5412, 5413, 5414, 5418, 5419, 5423, 5425, 5428, 5431, 5438, 5439, 5447, 5448, 5452, 5460, 5465, 5466, 5471, 5472, 5474, 5478, 5481, 5485, 5488, 5489, 5490, 5493, 5495, 5496, 5497, 5500]
261.1 :    4 : [5469, 5475, 5482, 5499]
262.6 :    1 : [5458]
262.7 :    2 : [5415, 5487]
262.9 :    2 : [5406, 5459]
263.0 :    7 : [5420, 5421, 5436, 5446, 5450, 5464, 5483]
263.1 :   13 : [5404, 5408, 5416, 5424, 5427, 5442, 5445, 5449, 5451, 5453, 5461, 5463, 5498]
263.2 :   10 : [5405, 5429, 5430, 5435, 5441, 5443, 5457, 5467, 5484, 5486]
263.3 :    9 : [5417, 5434, 5440, 5444, 5470, 5477, 5479, 5492, 5494]
263.4 :   16 : [5407, 5410, 5422, 5426, 5432, 5433, 5437, 5454, 5455, 5456, 5462, 5468, 5473, 5476, 5480, 5491]
263.5 :   36 : [5401, 5402, 5403, 5409, 5411, 5412, 5413, 5414, 5418, 5419, 5423, 5425, 5428, 5431, 5438, 5439, 5447, 5448, 5452, 5460, 5465, 5466, 5471, 5472, 5474, 5478, 5481, 5485, 5488, 5489, 5490, 5493, 5495, 5496, 5497, 5500]
263.6 :    4 : [5469, 5475, 5482, 5499]
265.1 :    1 : [5458]
265.2 :    2 : [5415, 5487]
265.4 :    2 : [5406, 5459]
265.5 :    7 : [5420, 5421, 5436, 5446, 5450, 5464, 5483]
265.6 :   13 : [5404, 5408, 5416, 5424, 5427, 5442, 5445, 5449, 5451, 5453, 5461, 5463, 5498]
265.7 :   10 : [5405, 5429, 5430, 5435, 5441, 5443, 5457, 5467, 5484, 5486]
265.8 :    9 : [5417, 5434, 5440, 5444, 5470, 5477, 5479, 5492, 5494]
265.9 :   16 : [5407, 5410, 5422, 5426, 5432, 5433, 5437, 5454, 5455, 5456, 5462, 5468, 5473, 5476, 5480, 5491]
266.0 :   36 : [5401, 5402, 5403, 5409, 5411, 5412, 5413, 5414, 5418, 5419, 5423, 5425, 5428, 5431, 5438, 5439, 5447, 5448, 5452, 5460, 5465, 5466, 5471, 5472, 5474, 5478, 5481, 5485, 5488, 5489, 5490, 5493, 5495, 5496, 5497, 5500]
266.1 :    4 : [5469, 5475, 5482, 5499]
267.6 :    1 : [5458]
267.7 :    2 : [5415, 5487]
267.9 :    2 : [5406, 5459]
268.0 :    7 : [5420, 5421, 5436, 5446, 5450, 5464, 5483]
268.1 :   13 : [5404, 5408, 5416, 5424, 5427, 5442, 5445, 5449, 5451, 5453, 5461, 5463, 5498]
268.2 :   10 : [5405, 5429, 5430, 5435, 5441, 5443, 5457, 5467, 5484, 5486]
268.3 :    9 : [5417, 5434, 5440, 5444, 5470, 5477, 5479, 5492, 5494]
268.4 :   16 : [5407, 5410, 5422, 5426, 5432, 5433, 5437, 5454, 5455, 5456, 5462, 5468, 5473, 5476, 5480, 5491]
268.5 :   36 : [5401, 5402, 5403, 5409, 5411, 5412, 5413, 5414, 5418, 5419, 5423, 5425, 5428, 5431, 5438, 5439, 5447, 5448, 5452, 5460, 5465, 5466, 5471, 5472, 5474, 5478, 5481, 5485, 5488, 5489, 5490, 5493, 5495, 5496, 5497, 5500]
268.6 :    4 : [5469, 5475, 5482, 5499]
270.1 :    1 : [5458]
270.2 :    2 : [5415, 5487]
270.4 :    2 : [5406, 5459]
270.5 :    7 : [5420, 5421, 5436, 5446, 5450, 5464, 5483]
270.6 :   13 : [5404, 5408, 5416, 5424, 5427, 5442, 5445, 5449, 5451, 5453, 5461, 5463, 5498]
270.7 :   10 : [5405, 5429, 5430, 5435, 5441, 5443, 5457, 5467, 5484, 5486]
270.8 :    9 : [5417, 5434, 5440, 5444, 5470, 5477, 5479, 5492, 5494]
270.9 :   16 : [5407, 5410, 5422, 5426, 5432, 5433, 5437, 5454, 5455, 5456, 5462, 5468, 5473, 5476, 5480, 5491]
271.0 :   36 : [5401, 5402, 5403, 5409, 5411, 5412, 5413, 5414, 5418, 5419, 5423, 5425, 5428, 5431, 5438, 5439, 5447, 5448, 5452, 5460, 5465, 5466, 5471, 5472, 5474, 5478, 5481, 5485, 5488, 5489, 5490, 5493, 5495, 5496, 5497, 5500]
271.1 :    4 : [5469, 5475, 5482, 5499]
272.6 :    1 : [5458]
272.7 :    2 : [5415, 5487]
272.9 :    2 : [5406, 5459]
273.0 :    7 : [5420, 5421, 5436, 5446, 5450, 5464, 5483]
273.1 :   13 : [5404, 5408, 5416, 5424, 5427, 5442, 5445, 5449, 5451, 5453, 5461, 5463, 5498]
273.2 :   10 : [5405, 5429, 5430, 5435, 5441, 5443, 5457, 5467, 5484, 5486]
273.3 :    9 : [5417, 5434, 5440, 5444, 5470, 5477, 5479, 5492, 5494]
273.4 :   16 : [5407, 5410, 5422, 5426, 5432, 5433, 5437, 5454, 5455, 5456, 5462, 5468, 5473, 5476, 5480, 5491]
273.5 :   36 : [5401, 5402, 5403, 5409, 5411, 5412, 5413, 5414, 5418, 5419, 5423, 5425, 5428, 5431, 5438, 5439, 5447, 5448, 5452, 5460, 5465, 5466, 5471, 5472, 5474, 5478, 5481, 5485, 5488, 5489, 5490, 5493, 5495, 5496, 5497, 5500]
273.6 :    4 : [5469, 5475, 5482, 5499]
275.0 :    1 : [5458]
275.1 :    1 : [5415]
275.2 :    1 : [5487]
275.4 :    2 : [5406, 5459]
275.5 :    7 : [5420, 5421, 5436, 5446, 5450, 5464, 5483]
275.6 :   13 : [5404, 5408, 5416, 5424, 5427, 5442, 5445, 5449, 5451, 5453, 5461, 5463, 5498]
275.7 :   10 : [5405, 5429, 5430, 5435, 5441, 5443, 5457, 5467, 5484, 5486]
275.8 :    9 : [5417, 5434, 5440, 5444, 5470, 5477, 5479, 5492, 5494]
275.9 :   16 : [5407, 5410, 5422, 5426, 5432, 5433, 5437, 5454, 5455, 5456, 5462, 5468, 5473, 5476, 5480, 5491]
276.0 :   36 : [5401, 5402, 5403, 5409, 5411, 5412, 5413, 5414, 5418, 5419, 5423, 5425, 5428, 5431, 5438, 5439, 5447, 5448, 5452, 5460, 5465, 5466, 5471, 5472, 5474, 5478, 5481, 5485, 5488, 5489, 5490, 5493, 5495, 5496, 5497, 5500]
276.1 :    4 : [5469, 5475, 5482, 5499]
277.4 :    1 : [5458]
277.5 :    1 : [5415]
277.7 :    1 : [5487]
277.9 :    2 : [5406, 5459]
278.0 :    7 : [5420, 5421, 5436, 5446, 5450, 5464, 5483]
278.1 :   13 : [5404, 5408, 5416, 5424, 5427, 5442, 5445, 5449, 5451, 5453, 5461, 5463, 5498]
278.2 :   10 : [5405, 5429, 5430, 5435, 5441, 5443, 5457, 5467, 5484, 5486]
278.3 :    9 : [5417, 5434, 5440, 5444, 5470, 5477, 5479, 5492, 5494]
278.4 :   16 : [5407, 5410, 5422, 5426, 5432, 5433, 5437, 5454, 5455, 5456, 5462, 5468, 5473, 5476, 5480, 5491]
278.5 :   36 : [5401, 5402, 5403, 5409, 5411, 5412, 5413, 5414, 5418, 5419, 5423, 5425, 5428, 5431, 5438, 5439, 5447, 5448, 5452, 5460, 5465, 5466, 5471, 5472, 5474, 5478, 5481, 5485, 5488, 5489, 5490, 5493, 5495, 5496, 5497, 5500]
278.6 :    4 : [5469, 5475, 5482, 5499]
279.8 :    1 : [5458]
279.9 :    1 : [5415]
280.2 :    1 : [5487]
280.4 :    2 : [5406, 5459]
280.5 :    7 : [5420, 5421, 5436, 5446, 5450, 5464, 5483]
280.6 :   13 : [5404, 5408, 5416, 5424, 5427, 5442, 5445, 5449, 5451, 5453, 5461, 5463, 5498]
280.7 :   10 : [5405, 5429, 5430, 5435, 5441, 5443, 5457, 5467, 5484, 5486]
280.8 :    9 : [5417, 5434, 5440, 5444, 5470, 5477, 5479, 5492, 5494]
280.9 :   16 : [5407, 5410, 5422, 5426, 5432, 5433, 5437, 5454, 5455, 5456, 5462, 5468, 5473, 5476, 5480, 5491]
281.0 :   36 : [5401, 5402, 5403, 5409, 5411, 5412, 5413, 5414, 5418, 5419, 5423, 5425, 5428, 5431, 5438, 5439, 5447, 5448, 5452, 5460, 5465, 5466, 5471, 5472, 5474, 5478, 5481, 5485, 5488, 5489, 5490, 5493, 5495, 5496, 5497, 5500]
281.1 :    4 : [5469, 5475, 5482, 5499]
282.2 :    1 : [5458]
282.3 :    1 : [5415]
282.7 :    1 : [5487]
282.9 :    2 : [5406, 5459]
283.0 :    7 : [5420, 5421, 5436, 5446, 5450, 5464, 5483]
283.1 :   13 : [5404, 5408, 5416, 5424, 5427, 5442, 5445, 5449, 5451, 5453, 5461, 5463, 5498]
283.2 :   10 : [5405, 5429, 5430, 5435, 5441, 5443, 5457, 5467, 5484, 5486]
283.3 :    9 : [5417, 5434, 5440, 5444, 5470, 5477, 5479, 5492, 5494]
283.4 :   16 : [5407, 5410, 5422, 5426, 5432, 5433, 5437, 5454, 5455, 5456, 5462, 5468, 5473, 5476, 5480, 5491]
283.5 :   36 : [5401, 5402, 5403, 5409, 5411, 5412, 5413, 5414, 5418, 5419, 5423, 5425, 5428, 5431, 5438, 5439, 5447, 5448, 5452, 5460, 5465, 5466, 5471, 5472, 5474, 5478, 5481, 5485, 5488, 5489, 5490, 5493, 5495, 5496, 5497, 5500]
283.6 :    4 : [5469, 5475, 5482, 5499]
284.6 :    1 : [5458]
284.7 :    1 : [5415]
285.2 :    1 : [5487]
285.4 :    2 : [5406, 5459]
285.5 :    7 : [5420, 5421, 5436, 5446, 5450, 5464, 5483]
285.6 :   13 : [5404, 5408, 5416, 5424, 5427, 5442, 5445, 5449, 5451, 5453, 5461, 5463, 5498]
285.7 :   10 : [5405, 5429, 5430, 5435, 5441, 5443, 5457, 5467, 5484, 5486]
285.8 :    9 : [5417, 5434, 5440, 5444, 5470, 5477, 5479, 5492, 5494]
285.9 :   16 : [5407, 5410, 5422, 5426, 5432, 5433, 5437, 5454, 5455, 5456, 5462, 5468, 5473, 5476, 5480, 5491]
286.0 :   36 : [5401, 5402, 5403, 5409, 5411, 5412, 5413, 5414, 5418, 5419, 5423, 5425, 5428, 5431, 5438, 5439, 5447, 5448, 5452, 5460, 5465, 5466, 5471, 5472, 5474, 5478, 5481, 5485, 5488, 5489, 5490, 5493, 5495, 5496, 5497, 5500]
286.1 :    4 : [5469, 5475, 5482, 5499]
287.0 :    1 : [5458]
287.1 :    1 : [5415]
287.7 :    1 : [5487]
287.9 :    2 : [5406, 5459]
288.0 :    7 : [5420, 5421, 5436, 5446, 5450, 5464, 5483]
288.1 :   13 : [5404, 5408, 5416, 5424, 5427, 5442, 5445, 5449, 5451, 5453, 5461, 5463, 5498]
288.2 :   10 : [5405, 5429, 5430, 5435, 5441, 5443, 5457, 5467, 5484, 5486]
288.3 :    9 : [5417, 5434, 5440, 5444, 5470, 5477, 5479, 5492, 5494]
288.4 :   16 : [5407, 5410, 5422, 5426, 5432, 5433, 5437, 5454, 5455, 5456, 5462, 5468, 5473, 5476, 5480, 5491]
288.5 :   36 : [5401, 5402, 5403, 5409, 5411, 5412, 5413, 5414, 5418, 5419, 5423, 5425, 5428, 5431, 5438, 5439, 5447, 5448, 5452, 5460, 5465, 5466, 5471, 5472, 5474, 5478, 5481, 5485, 5488, 5489, 5490, 5493, 5495, 5496, 5497, 5500]
288.6 :    4 : [5469, 5475, 5482, 5499]
289.4 :    1 : [5458]
289.5 :    1 : [5415]
290.2 :    1 : [5487]
290.4 :    2 : [5406, 5459]
290.5 :    7 : [5420, 5421, 5436, 5446, 5450, 5464, 5483]
290.6 :   13 : [5404, 5408, 5416, 5424, 5427, 5442, 5445, 5449, 5451, 5453, 5461, 5463, 5498]
290.7 :   10 : [5405, 5429, 5430, 5435, 5441, 5443, 5457, 5467, 5484, 5486]
290.8 :    9 : [5417, 5434, 5440, 5444, 5470, 5477, 5479, 5492, 5494]
290.9 :   16 : [5407, 5410, 5422, 5426, 5432, 5433, 5437, 5454, 5455, 5456, 5462, 5468, 5473, 5476, 5480, 5491]
291.0 :   36 : [5401, 5402, 5403, 5409, 5411, 5412, 5413, 5414, 5418, 5419, 5423, 5425, 5428, 5431, 5438, 5439, 5447, 5448, 5452, 5460, 5465, 5466, 5471, 5472, 5474, 5478, 5481, 5485, 5488, 5489, 5490, 5493, 5495, 5496, 5497, 5500]
291.1 :    4 : [5469, 5475, 5482, 5499]
291.8 :    1 : [5458]
291.9 :    1 : [5415]
292.7 :    1 : [5487]
292.9 :    2 : [5406, 5459]
293.0 :    7 : [5420, 5421, 5436, 5446, 5450, 5464, 5483]
293.1 :   13 : [5404, 5408, 5416, 5424, 5427, 5442, 5445, 5449, 5451, 5453, 5461, 5463, 5498]
293.2 :   10 : [5405, 5429, 5430, 5435, 5441, 5443, 5457, 5467, 5484, 5486]
293.3 :    9 : [5417, 5434, 5440, 5444, 5470, 5477, 5479, 5492, 5494]
293.4 :   16 : [5407, 5410, 5422, 5426, 5432, 5433, 5437, 5454, 5455, 5456, 5462, 5468, 5473, 5476, 5480, 5491]
293.5 :   36 : [5401, 5402, 5403, 5409, 5411, 5412, 5413, 5414, 5418, 5419, 5423, 5425, 5428, 5431, 5438, 5439, 5447, 5448, 5452, 5460, 5465, 5466, 5471, 5472, 5474, 5478, 5481, 5485, 5488, 5489, 5490, 5493, 5495, 5496, 5497, 5500]
293.6 :    4 : [5469, 5475, 5482, 5499]
294.2 :    1 : [5458]
294.3 :    1 : [5415]
295.2 :    1 : [5487]
295.4 :    2 : [5406, 5459]
295.5 :    7 : [5420, 5421, 5436, 5446, 5450, 5464, 5483]
295.6 :   13 : [5404, 5408, 5416, 5424, 5427, 5442, 5445, 5449, 5451, 5453, 5461, 5463, 5498]
295.7 :   10 : [5405, 5429, 5430, 5435, 5441, 5443, 5457, 5467, 5484, 5486]
295.8 :    9 : [5417, 5434, 5440, 5444, 5470, 5477, 5479, 5492, 5494]
295.9 :   16 : [5407, 5410, 5422, 5426, 5432, 5433, 5437, 5454, 5455, 5456, 5462, 5468, 5473, 5476, 5480, 5491]
296.0 :   36 : [5401, 5402, 5403, 5409, 5411, 5412, 5413, 5414, 5418, 5419, 5423, 5425, 5428, 5431, 5438, 5439, 5447, 5448, 5452, 5460, 5465, 5466, 5471, 5472, 5474, 5478, 5481, 5485, 5488, 5489, 5490, 5493, 5495, 5496, 5497, 5500]
296.1 :    4 : [5469, 5475, 5482, 5499]
296.6 :    1 : [5458]
296.7 :    1 : [5415]
297.7 :    1 : [5487]
297.9 :    2 : [5406, 5459]
298.0 :    7 : [5420, 5421, 5436, 5446, 5450, 5464, 5483]
298.1 :   13 : [5404, 5408, 5416, 5424, 5427, 5442, 5445, 5449, 5451, 5453, 5461, 5463, 5498]
298.2 :   10 : [5405, 5429, 5430, 5435, 5441, 5443, 5457, 5467, 5484, 5486]
298.3 :    9 : [5417, 5434, 5440, 5444, 5470, 5477, 5479, 5492, 5494]
298.4 :   16 : [5407, 5410, 5422, 5426, 5432, 5433, 5437, 5454, 5455, 5456, 5462, 5468, 5473, 5476, 5480, 5491]
298.5 :   36 : [5401, 5402, 5403, 5409, 5411, 5412, 5413, 5414, 5418, 5419, 5423, 5425, 5428, 5431, 5438, 5439, 5447, 5448, 5452, 5460, 5465, 5466, 5471, 5472, 5474, 5478, 5481, 5485, 5488, 5489, 5490, 5493, 5495, 5496, 5497, 5500]
298.6 :    4 : [5469, 5475, 5482, 5499]
299.0 :    1 : [5458]
299.1 :    1 : [5415]
300.2 :    1 : [5487]
300.4 :    2 : [5406, 5459]
300.5 :    7 : [5420, 5421, 5436, 5446, 5450, 5464, 5483]
300.6 :   13 : [5404, 5408, 5416, 5424, 5427, 5442, 5445, 5449, 5451, 5453, 5461, 5463, 5498]
300.7 :   10 : [5405, 5429, 5430, 5435, 5441, 5443, 5457, 5467, 5484, 5486]
300.8 :    9 : [5417, 5434, 5440, 5444, 5470, 5477, 5479, 5492, 5494]
300.9 :   16 : [5407, 5410, 5422, 5426, 5432, 5433, 5437, 5454, 5455, 5456, 5462, 5468, 5473, 5476, 5480, 5491]
301.0 :   36 : [5401, 5402, 5403, 5409, 5411, 5412, 5413, 5414, 5418, 5419, 5423, 5425, 5428, 5431, 5438, 5439, 5447, 5448, 5452, 5460, 5465, 5466, 5471, 5472, 5474, 5478, 5481, 5485, 5488, 5489, 5490, 5493, 5495, 5496, 5497, 5500]
301.1 :    4 : [5469, 5475, 5482, 5499]
301.4 :    1 : [5458]
301.5 :    1 : [5415]
302.7 :    1 : [5487]
302.9 :    2 : [5406, 5459]
303.0 :    7 : [5420, 5421, 5436, 5446, 5450, 5464, 5483]
303.1 :   13 : [5404, 5408, 5416, 5424, 5427, 5442, 5445, 5449, 5451, 5453, 5461, 5463, 5498]
303.2 :   10 : [5405, 5429, 5430, 5435, 5441, 5443, 5457, 5467, 5484, 5486]
303.3 :    9 : [5417, 5434, 5440, 5444, 5470, 5477, 5479, 5492, 5494]
303.4 :   16 : [5407, 5410, 5422, 5426, 5432, 5433, 5437, 5454, 5455, 5456, 5462, 5468, 5473, 5476, 5480, 5491]
303.5 :   36 : [5401, 5402, 5403, 5409, 5411, 5412, 5413, 5414, 5418, 5419, 5423, 5425, 5428, 5431, 5438, 5439, 5447, 5448, 5452, 5460, 5465, 5466, 5471, 5472, 5474, 5478, 5481, 5485, 5488, 5489, 5490, 5493, 5495, 5496, 5497, 5500]
303.6 :    4 : [5469, 5475, 5482, 5499]
303.8 :    1 : [5458]
304.0 :    1 : [5415]
305.2 :    1 : [5487]
305.4 :    2 : [5406, 5459]
305.5 :    7 : [5420, 5421, 5436, 5446, 5450, 5464, 5483]
305.6 :   13 : [5404, 5408, 5416, 5424, 5427, 5442, 5445, 5449, 5451, 5453, 5461, 5463, 5498]
305.7 :   10 : [5405, 5429, 5430, 5435, 5441, 5443, 5457, 5467, 5484, 5486]
305.8 :    9 : [5417, 5434, 5440, 5444, 5470, 5477, 5479, 5492, 5494]
305.9 :   16 : [5407, 5410, 5422, 5426, 5432, 5433, 5437, 5454, 5455, 5456, 5462, 5468, 5473, 5476, 5480, 5491]
306.0 :   36 : [5401, 5402, 5403, 5409, 5411, 5412, 5413, 5414, 5418, 5419, 5423, 5425, 5428, 5431, 5438, 5439, 5447, 5448, 5452, 5460, 5465, 5466, 5471, 5472, 5474, 5478, 5481, 5485, 5488, 5489, 5490, 5493, 5495, 5496, 5497, 5500]
306.1 :    4 : [5469, 5475, 5482, 5499]
306.3 :    1 : [5458]
306.5 :    1 : [5415]
307.7 :    1 : [5487]
307.9 :    2 : [5406, 5459]
308.0 :    7 : [5420, 5421, 5436, 5446, 5450, 5464, 5483]
308.1 :   13 : [5404, 5408, 5416, 5424, 5427, 5442, 5445, 5449, 5451, 5453, 5461, 5463, 5498]
308.2 :   10 : [5405, 5429, 5430, 5435, 5441, 5443, 5457, 5467, 5484, 5486]
308.3 :    9 : [5417, 5434, 5440, 5444, 5470, 5477, 5479, 5492, 5494]
308.4 :   16 : [5407, 5410, 5422, 5426, 5432, 5433, 5437, 5454, 5455, 5456, 5462, 5468, 5473, 5476, 5480, 5491]
308.5 :   36 : [5401, 5402, 5403, 5409, 5411, 5412, 5413, 5414, 5418, 5419, 5423, 5425, 5428, 5431, 5438, 5439, 5447, 5448, 5452, 5460, 5465, 5466, 5471, 5472, 5474, 5478, 5481, 5485, 5488, 5489, 5490, 5493, 5495, 5496, 5497, 5500]
308.6 :    4 : [5469, 5475, 5482, 5499]
308.8 :    1 : [5458]
308.9 :    1 : [5415]
310.2 :    1 : [5487]
310.4 :    2 : [5406, 5459]
310.5 :    7 : [5420, 5421, 5436, 5446, 5450, 5464, 5483]
310.6 :   13 : [5404, 5408, 5416, 5424, 5427, 5442, 5445, 5449, 5451, 5453, 5461, 5463, 5498]
310.7 :   10 : [5405, 5429, 5430, 5435, 5441, 5443, 5457, 5467, 5484, 5486]
310.8 :    9 : [5417, 5434, 5440, 5444, 5470, 5477, 5479, 5492, 5494]
310.9 :   16 : [5407, 5410, 5422, 5426, 5432, 5433, 5437, 5454, 5455, 5456, 5462, 5468, 5473, 5476, 5480, 5491]
311.0 :   36 : [5401, 5402, 5403, 5409, 5411, 5412, 5413, 5414, 5418, 5419, 5423, 5425, 5428, 5431, 5438, 5439, 5447, 5448, 5452, 5460, 5465, 5466, 5471, 5472, 5474, 5478, 5481, 5485, 5488, 5489, 5490, 5493, 5495, 5496, 5497, 5500]
311.1 :    4 : [5469, 5475, 5482, 5499]
311.3 :    2 : [5415, 5458]
312.7 :    1 : [5487]
312.9 :    2 : [5406, 5459]
313.0 :    7 : [5420, 5421, 5436, 5446, 5450, 5464, 5483]
313.1 :   13 : [5404, 5408, 5416, 5424, 5427, 5442, 5445, 5449, 5451, 5453, 5461, 5463, 5498]
313.2 :   10 : [5405, 5429, 5430, 5435, 5441, 5443, 5457, 5467, 5484, 5486]
313.3 :    9 : [5417, 5434, 5440, 5444, 5470, 5477, 5479, 5492, 5494]
313.4 :   16 : [5407, 5410, 5422, 5426, 5432, 5433, 5437, 5454, 5455, 5456, 5462, 5468, 5473, 5476, 5480, 5491]
313.5 :   36 : [5401, 5402, 5403, 5409, 5411, 5412, 5413, 5414, 5418, 5419, 5423, 5425, 5428, 5431, 5438, 5439, 5447, 5448, 5452, 5460, 5465, 5466, 5471, 5472, 5474, 5478, 5481, 5485, 5488, 5489, 5490, 5493, 5495, 5496, 5497, 5500]
313.6 :    4 : [5469, 5475, 5482, 5499]
313.7 :    1 : [5415]
313.8 :    1 : [5458]
315.2 :    1 : [5487]
315.4 :    2 : [5406, 5459]
315.5 :    7 : [5420, 5421, 5436, 5446, 5450, 5464, 5483]
315.6 :   13 : [5404, 5408, 5416, 5424, 5427, 5442, 5445, 5449, 5451, 5453, 5461, 5463, 5498]
315.7 :   10 : [5405, 5429, 5430, 5435, 5441, 5443, 5457, 5467, 5484, 5486]
315.8 :    9 : [5417, 5434, 5440, 5444, 5470, 5477, 5479, 5492, 5494]
315.9 :   16 : [5407, 5410, 5422, 5426, 5432, 5433, 5437, 5454, 5455, 5456, 5462, 5468, 5473, 5476, 5480, 5491]
316.0 :   36 : [5401, 5402, 5403, 5409, 5411, 5412, 5413, 5414, 5418, 5419, 5423, 5425, 5428, 5431, 5438, 5439, 5447, 5448, 5452, 5460, 5465, 5466, 5471, 5472, 5474, 5478, 5481, 5485, 5488, 5489, 5490, 5493, 5495, 5496, 5497, 5500]
316.1 :    4 : [5469, 5475, 5482, 5499]
316.2 :    1 : [5415]
316.3 :    1 : [5458]
317.7 :    1 : [5487]
317.9 :    2 : [5406, 5459]
318.0 :    7 : [5420, 5421, 5436, 5446, 5450, 5464, 5483]
318.1 :   13 : [5404, 5408, 5416, 5424, 5427, 5442, 5445, 5449, 5451, 5453, 5461, 5463, 5498]
318.2 :   10 : [5405, 5429, 5430, 5435, 5441, 5443, 5457, 5467, 5484, 5486]
318.3 :    9 : [5417, 5434, 5440, 5444, 5470, 5477, 5479, 5492, 5494]
318.4 :   16 : [5407, 5410, 5422, 5426, 5432, 5433, 5437, 5454, 5455, 5456, 5462, 5468, 5473, 5476, 5480, 5491]
318.5 :   36 : [5401, 5402, 5403, 5409, 5411, 5412, 5413, 5414, 5418, 5419, 5423, 5425, 5428, 5431, 5438, 5439, 5447, 5448, 5452, 5460, 5465, 5466, 5471, 5472, 5474, 5478, 5481, 5485, 5488, 5489, 5490, 5493, 5495, 5496, 5497, 5500]
318.6 :    4 : [5469, 5475, 5482, 5499]
318.7 :    1 : [5415]
318.8 :    1 : [5458]
320.2 :    1 : [5487]
320.4 :    2 : [5406, 5459]
320.5 :    7 : [5420, 5421, 5436, 5446, 5450, 5464, 5483]
320.6 :   13 : [5404, 5408, 5416, 5424, 5427, 5442, 5445, 5449, 5451, 5453, 5461, 5463, 5498]
320.7 :   10 : [5405, 5429, 5430, 5435, 5441, 5443, 5457, 5467, 5484, 5486]
320.8 :    9 : [5417, 5434, 5440, 5444, 5470, 5477, 5479, 5492, 5494]
320.9 :   16 : [5407, 5410, 5422, 5426, 5432, 5433, 5437, 5454, 5455, 5456, 5462, 5468, 5473, 5476, 5480, 5491]
321.0 :   36 : [5401, 5402, 5403, 5409, 5411, 5412, 5413, 5414, 5418, 5419, 5423, 5425, 5428, 5431, 5438, 5439, 5447, 5448, 5452, 5460, 5465, 5466, 5471, 5472, 5474, 5478, 5481, 5485, 5488, 5489, 5490, 5493, 5495, 5496, 5497, 5500]
321.1 :    4 : [5469, 5475, 5482, 5499]
321.2 :    2 : [5415, 5458]
322.7 :    1 : [5487]
322.9 :    2 : [5406, 5459]
323.0 :    7 : [5420, 5421, 5436, 5446, 5450, 5464, 5483]
323.1 :   13 : [5404, 5408, 5416, 5424, 5427, 5442, 5445, 5449, 5451, 5453, 5461, 5463, 5498]
323.2 :   10 : [5405, 5429, 5430, 5435, 5441, 5443, 5457, 5467, 5484, 5486]
323.3 :    9 : [5417, 5434, 5440, 5444, 5470, 5477, 5479, 5492, 5494]
323.4 :   16 : [5407, 5410, 5422, 5426, 5432, 5433, 5437, 5454, 5455, 5456, 5462, 5468, 5473, 5476, 5480, 5491]
323.5 :   36 : [5401, 5402, 5403, 5409, 5411, 5412, 5413, 5414, 5418, 5419, 5423, 5425, 5428, 5431, 5438, 5439, 5447, 5448, 5452, 5460, 5465, 5466, 5471, 5472, 5474, 5478, 5481, 5485, 5488, 5489, 5490, 5493, 5495, 5496, 5497, 5500]
323.6 :    6 : [5415, 5458, 5469, 5475, 5482, 5499]
325.2 :    1 : [5487]
325.4 :    2 : [5406, 5459]
325.5 :    7 : [5420, 5421, 5436, 5446, 5450, 5464, 5483]
325.6 :   13 : [5404, 5408, 5416, 5424, 5427, 5442, 5445, 5449, 5451, 5453, 5461, 5463, 5498]
325.7 :   10 : [5405, 5429, 5430, 5435, 5441, 5443, 5457, 5467, 5484, 5486]
325.8 :    9 : [5417, 5434, 5440, 5444, 5470, 5477, 5479, 5492, 5494]
325.9 :   16 : [5407, 5410, 5422, 5426, 5432, 5433, 5437, 5454, 5455, 5456, 5462, 5468, 5473, 5476, 5480, 5491]
326.0 :   38 : [5401, 5402, 5403, 5409, 5411, 5412, 5413, 5414, 5415, 5418, 5419, 5423, 5425, 5428, 5431, 5438, 5439, 5447, 5448, 5452, 5458, 5460, 5465, 5466, 5471, 5472, 5474, 5478, 5481, 5485, 5488, 5489, 5490, 5493, 5495, 5496, 5497, 5500]
326.1 :    4 : [5469, 5475, 5482, 5499]
327.7 :    1 : [5487]
327.9 :    2 : [5406, 5459]
328.0 :    7 : [5420, 5421, 5436, 5446, 5450, 5464, 5483]
328.1 :   13 : [5404, 5408, 5416, 5424, 5427, 5442, 5445, 5449, 5451, 5453, 5461, 5463, 5498]
328.2 :   10 : [5405, 5429, 5430, 5435, 5441, 5443, 5457, 5467, 5484, 5486]
328.3 :    9 : [5417, 5434, 5440, 5444, 5470, 5477, 5479, 5492, 5494]
328.4 :   18 : [5407, 5410, 5415, 5422, 5426, 5432, 5433, 5437, 5454, 5455, 5456, 5458, 5462, 5468, 5473, 5476, 5480, 5491]
328.5 :   36 : [5401, 5402, 5403, 5409, 5411, 5412, 5413, 5414, 5418, 5419, 5423, 5425, 5428, 5431, 5438, 5439, 5447, 5448, 5452, 5460, 5465, 5466, 5471, 5472, 5474, 5478, 5481, 5485, 5488, 5489, 5490, 5493, 5495, 5496, 5497, 5500]
328.6 :    4 : [5469, 5475, 5482, 5499]
330.2 :    1 : [5487]
330.4 :    2 : [5406, 5459]
330.5 :    7 : [5420, 5421, 5436, 5446, 5450, 5464, 5483]
330.6 :   13 : [5404, 5408, 5416, 5424, 5427, 5442, 5445, 5449, 5451, 5453, 5461, 5463, 5498]
330.7 :   10 : [5405, 5429, 5430, 5435, 5441, 5443, 5457, 5467, 5484, 5486]
330.8 :    9 : [5417, 5434, 5440, 5444, 5470, 5477, 5479, 5492, 5494]
330.9 :   18 : [5407, 5410, 5415, 5422, 5426, 5432, 5433, 5437, 5454, 5455, 5456, 5458, 5462, 5468, 5473, 5476, 5480, 5491]
331.0 :   36 : [5401, 5402, 5403, 5409, 5411, 5412, 5413, 5414, 5418, 5419, 5423, 5425, 5428, 5431, 5438, 5439, 5447, 5448, 5452, 5460, 5465, 5466, 5471, 5472, 5474, 5478, 5481, 5485, 5488, 5489, 5490, 5493, 5495, 5496, 5497, 5500]
331.1 :    4 : [5469, 5475, 5482, 5499]
332.7 :    1 : [5487]
332.9 :    2 : [5406, 5459]
333.0 :    7 : [5420, 5421, 5436, 5446, 5450, 5464, 5483]
333.1 :   13 : [5404, 5408, 5416, 5424, 5427, 5442, 5445, 5449, 5451, 5453, 5461, 5463, 5498]
333.2 :   10 : [5405, 5429, 5430, 5435, 5441, 5443, 5457, 5467, 5484, 5486]
333.3 :   11 : [5415, 5417, 5434, 5440, 5444, 5458, 5470, 5477, 5479, 5492, 5494]
333.4 :   16 : [5407, 5410, 5422, 5426, 5432, 5433, 5437, 5454, 5455, 5456, 5462, 5468, 5473, 5476, 5480, 5491]
333.5 :   36 : [5401, 5402, 5403, 5409, 5411, 5412, 5413, 5414, 5418, 5419, 5423, 5425, 5428, 5431, 5438, 5439, 5447, 5448, 5452, 5460, 5465, 5466, 5471, 5472, 5474, 5478, 5481, 5485, 5488, 5489, 5490, 5493, 5495, 5496, 5497, 5500]
333.6 :    4 : [5469, 5475, 5482, 5499]
335.2 :    1 : [5487]
335.4 :    2 : [5406, 5459]
335.5 :    7 : [5420, 5421, 5436, 5446, 5450, 5464, 5483]
335.6 :   13 : [5404, 5408, 5416, 5424, 5427, 5442, 5445, 5449, 5451, 5453, 5461, 5463, 5498]
335.7 :   10 : [5405, 5429, 5430, 5435, 5441, 5443, 5457, 5467, 5484, 5486]
335.8 :   11 : [5415, 5417, 5434, 5440, 5444, 5458, 5470, 5477, 5479, 5492, 5494]
335.9 :   16 : [5407, 5410, 5422, 5426, 5432, 5433, 5437, 5454, 5455, 5456, 5462, 5468, 5473, 5476, 5480, 5491]
336.0 :   36 : [5401, 5402, 5403, 5409, 5411, 5412, 5413, 5414, 5418, 5419, 5423, 5425, 5428, 5431, 5438, 5439, 5447, 5448, 5452, 5460, 5465, 5466, 5471, 5472, 5474, 5478, 5481, 5485, 5488, 5489, 5490, 5493, 5495, 5496, 5497, 5500]
336.1 :    4 : [5469, 5475, 5482, 5499]
337.7 :    1 : [5487]
337.9 :    2 : [5406, 5459]
338.0 :    7 : [5420, 5421, 5436, 5446, 5450, 5464, 5483]
338.1 :   13 : [5404, 5408, 5416, 5424, 5427, 5442, 5445, 5449, 5451, 5453, 5461, 5463, 5498]
338.2 :   10 : [5405, 5429, 5430, 5435, 5441, 5443, 5457, 5467, 5484, 5486]
338.3 :   11 : [5415, 5417, 5434, 5440, 5444, 5458, 5470, 5477, 5479, 5492, 5494]
338.4 :   16 : [5407, 5410, 5422, 5426, 5432, 5433, 5437, 5454, 5455, 5456, 5462, 5468, 5473, 5476, 5480, 5491]
338.5 :   36 : [5401, 5402, 5403, 5409, 5411, 5412, 5413, 5414, 5418, 5419, 5423, 5425, 5428, 5431, 5438, 5439, 5447, 5448, 5452, 5460, 5465, 5466, 5471, 5472, 5474, 5478, 5481, 5485, 5488, 5489, 5490, 5493, 5495, 5496, 5497, 5500]
338.6 :    4 : [5469, 5475, 5482, 5499]
340.2 :    1 : [5487]
340.4 :    2 : [5406, 5459]
340.5 :    7 : [5420, 5421, 5436, 5446, 5450, 5464, 5483]
340.6 :   13 : [5404, 5408, 5416, 5424, 5427, 5442, 5445, 5449, 5451, 5453, 5461, 5463, 5498]
340.7 :   10 : [5405, 5429, 5430, 5435, 5441, 5443, 5457, 5467, 5484, 5486]
340.8 :   11 : [5415, 5417, 5434, 5440, 5444, 5458, 5470, 5477, 5479, 5492, 5494]
340.9 :   16 : [5407, 5410, 5422, 5426, 5432, 5433, 5437, 5454, 5455, 5456, 5462, 5468, 5473, 5476, 5480, 5491]
341.0 :   36 : [5401, 5402, 5403, 5409, 5411, 5412, 5413, 5414, 5418, 5419, 5423, 5425, 5428, 5431, 5438, 5439, 5447, 5448, 5452, 5460, 5465, 5466, 5471, 5472, 5474, 5478, 5481, 5485, 5488, 5489, 5490, 5493, 5495, 5496, 5497, 5500]
341.1 :    4 : [5469, 5475, 5482, 5499]
342.7 :    1 : [5487]
342.9 :    2 : [5406, 5459]
343.0 :    7 : [5420, 5421, 5436, 5446, 5450, 5464, 5483]
343.1 :   13 : [5404, 5408, 5416, 5424, 5427, 5442, 5445, 5449, 5451, 5453, 5461, 5463, 5498]
343.2 :   10 : [5405, 5429, 5430, 5435, 5441, 5443, 5457, 5467, 5484, 5486]
343.3 :   11 : [5415, 5417, 5434, 5440, 5444, 5458, 5470, 5477, 5479, 5492, 5494]
343.4 :   16 : [5407, 5410, 5422, 5426, 5432, 5433, 5437, 5454, 5455, 5456, 5462, 5468, 5473, 5476, 5480, 5491]
343.5 :   36 : [5401, 5402, 5403, 5409, 5411, 5412, 5413, 5414, 5418, 5419, 5423, 5425, 5428, 5431, 5438, 5439, 5447, 5448, 5452, 5460, 5465, 5466, 5471, 5472, 5474, 5478, 5481, 5485, 5488, 5489, 5490, 5493, 5495, 5496, 5497, 5500]
343.6 :    4 : [5469, 5475, 5482, 5499]
345.2 :    1 : [5487]
345.4 :    2 : [5406, 5459]
345.5 :    7 : [5420, 5421, 5436, 5446, 5450, 5464, 5483]
345.6 :   13 : [5404, 5408, 5416, 5424, 5427, 5442, 5445, 5449, 5451, 5453, 5461, 5463, 5498]
345.7 :   10 : [5405, 5429, 5430, 5435, 5441, 5443, 5457, 5467, 5484, 5486]
345.8 :   11 : [5415, 5417, 5434, 5440, 5444, 5458, 5470, 5477, 5479, 5492, 5494]
345.9 :   16 : [5407, 5410, 5422, 5426, 5432, 5433, 5437, 5454, 5455, 5456, 5462, 5468, 5473, 5476, 5480, 5491]
346.0 :   36 : [5401, 5402, 5403, 5409, 5411, 5412, 5413, 5414, 5418, 5419, 5423, 5425, 5428, 5431, 5438, 5439, 5447, 5448, 5452, 5460, 5465, 5466, 5471, 5472, 5474, 5478, 5481, 5485, 5488, 5489, 5490, 5493, 5495, 5496, 5497, 5500]
346.1 :    4 : [5469, 5475, 5482, 5499]
347.7 :    1 : [5487]
347.9 :    2 : [5406, 5459]
348.0 :    7 : [5420, 5421, 5436, 5446, 5450, 5464, 5483]
348.1 :   13 : [5404, 5408, 5416, 5424, 5427, 5442, 5445, 5449, 5451, 5453, 5461, 5463, 5498]
348.2 :   10 : [5405, 5429, 5430, 5435, 5441, 5443, 5457, 5467, 5484, 5486]
348.3 :   11 : [5415, 5417, 5434, 5440, 5444, 5458, 5470, 5477, 5479, 5492, 5494]
348.4 :   16 : [5407, 5410, 5422, 5426, 5432, 5433, 5437, 5454, 5455, 5456, 5462, 5468, 5473, 5476, 5480, 5491]
348.5 :   36 : [5401, 5402, 5403, 5409, 5411, 5412, 5413, 5414, 5418, 5419, 5423, 5425, 5428, 5431, 5438, 5439, 5447, 5448, 5452, 5460, 5465, 5466, 5471, 5472, 5474, 5478, 5481, 5485, 5488, 5489, 5490, 5493, 5495, 5496, 5497, 5500]
348.6 :    4 : [5469, 5475, 5482, 5499]
350.2 :    1 : [5487]
350.4 :    2 : [5406, 5459]
350.5 :    7 : [5420, 5421, 5436, 5446, 5450, 5464, 5483]
350.6 :   13 : [5404, 5408, 5416, 5424, 5427, 5442, 5445, 5449, 5451, 5453, 5461, 5463, 5498]
350.7 :   10 : [5405, 5429, 5430, 5435, 5441, 5443, 5457, 5467, 5484, 5486]
350.8 :   11 : [5415, 5417, 5434, 5440, 5444, 5458, 5470, 5477, 5479, 5492, 5494]
350.9 :   16 : [5407, 5410, 5422, 5426, 5432, 5433, 5437, 5454, 5455, 5456, 5462, 5468, 5473, 5476, 5480, 5491]
351.0 :   36 : [5401, 5402, 5403, 5409, 5411, 5412, 5413, 5414, 5418, 5419, 5423, 5425, 5428, 5431, 5438, 5439, 5447, 5448, 5452, 5460, 5465, 5466, 5471, 5472, 5474, 5478, 5481, 5485, 5488, 5489, 5490, 5493, 5495, 5496, 5497, 5500]
351.1 :    4 : [5469, 5475, 5482, 5499]
352.7 :    1 : [5487]
352.9 :    2 : [5406, 5459]
353.0 :    7 : [5420, 5421, 5436, 5446, 5450, 5464, 5483]
353.1 :   13 : [5404, 5408, 5416, 5424, 5427, 5442, 5445, 5449, 5451, 5453, 5461, 5463, 5498]
353.2 :   10 : [5405, 5429, 5430, 5435, 5441, 5443, 5457, 5467, 5484, 5486]
353.3 :   11 : [5415, 5417, 5434, 5440, 5444, 5458, 5470, 5477, 5479, 5492, 5494]
353.4 :   16 : [5407, 5410, 5422, 5426, 5432, 5433, 5437, 5454, 5455, 5456, 5462, 5468, 5473, 5476, 5480, 5491]
353.5 :   36 : [5401, 5402, 5403, 5409, 5411, 5412, 5413, 5414, 5418, 5419, 5423, 5425, 5428, 5431, 5438, 5439, 5447, 5448, 5452, 5460, 5465, 5466, 5471, 5472, 5474, 5478, 5481, 5485, 5488, 5489, 5490, 5493, 5495, 5496, 5497, 5500]
353.6 :    4 : [5469, 5475, 5482, 5499]
355.2 :    1 : [5487]
355.4 :    2 : [5406, 5459]
355.5 :    7 : [5420, 5421, 5436, 5446, 5450, 5464, 5483]
355.6 :   13 : [5404, 5408, 5416, 5424, 5427, 5442, 5445, 5449, 5451, 5453, 5461, 5463, 5498]
355.7 :   10 : [5405, 5429, 5430, 5435, 5441, 5443, 5457, 5467, 5484, 5486]
355.8 :   11 : [5415, 5417, 5434, 5440, 5444, 5458, 5470, 5477, 5479, 5492, 5494]
355.9 :   16 : [5407, 5410, 5422, 5426, 5432, 5433, 5437, 5454, 5455, 5456, 5462, 5468, 5473, 5476, 5480, 5491]
356.0 :   36 : [5401, 5402, 5403, 5409, 5411, 5412, 5413, 5414, 5418, 5419, 5423, 5425, 5428, 5431, 5438, 5439, 5447, 5448, 5452, 5460, 5465, 5466, 5471, 5472, 5474, 5478, 5481, 5485, 5488, 5489, 5490, 5493, 5495, 5496, 5497, 5500]
356.1 :    4 : [5469, 5475, 5482, 5499]
357.7 :    1 : [5487]
357.9 :    2 : [5406, 5459]
358.0 :    7 : [5420, 5421, 5436, 5446, 5450, 5464, 5483]
358.1 :   13 : [5404, 5408, 5416, 5424, 5427, 5442, 5445, 5449, 5451, 5453, 5461, 5463, 5498]
358.2 :   10 : [5405, 5429, 5430, 5435, 5441, 5443, 5457, 5467, 5484, 5486]
358.3 :   11 : [5415, 5417, 5434, 5440, 5444, 5458, 5470, 5477, 5479, 5492, 5494]
358.4 :   16 : [5407, 5410, 5422, 5426, 5432, 5433, 5437, 5454, 5455, 5456, 5462, 5468, 5473, 5476, 5480, 5491]
358.5 :   36 : [5401, 5402, 5403, 5409, 5411, 5412, 5413, 5414, 5418, 5419, 5423, 5425, 5428, 5431, 5438, 5439, 5447, 5448, 5452, 5460, 5465, 5466, 5471, 5472, 5474, 5478, 5481, 5485, 5488, 5489, 5490, 5493, 5495, 5496, 5497, 5500]
358.6 :    4 : [5469, 5475, 5482, 5499]
360.2 :    1 : [5487]
360.4 :    2 : [5406, 5459]
360.5 :    7 : [5420, 5421, 5436, 5446, 5450, 5464, 5483]
360.6 :   13 : [5404, 5408, 5416, 5424, 5427, 5442, 5445, 5449, 5451, 5453, 5461, 5463, 5498]
360.7 :   10 : [5405, 5429, 5430, 5435, 5441, 5443, 5457, 5467, 5484, 5486]
360.8 :   11 : [5415, 5417, 5434, 5440, 5444, 5458, 5470, 5477, 5479, 5492, 5494]
360.9 :   16 : [5407, 5410, 5422, 5426, 5432, 5433, 5437, 5454, 5455, 5456, 5462, 5468, 5473, 5476, 5480, 5491]
361.0 :   36 : [5401, 5402, 5403, 5409, 5411, 5412, 5413, 5414, 5418, 5419, 5423, 5425, 5428, 5431, 5438, 5439, 5447, 5448, 5452, 5460, 5465, 5466, 5471, 5472, 5474, 5478, 5481, 5485, 5488, 5489, 5490, 5493, 5495, 5496, 5497, 5500]
361.1 :    4 : [5469, 5475, 5482, 5499]
362.7 :    1 : [5487]
362.9 :    2 : [5406, 5459]
363.0 :    7 : [5420, 5421, 5436, 5446, 5450, 5464, 5483]
363.1 :   13 : [5404, 5408, 5416, 5424, 5427, 5442, 5445, 5449, 5451, 5453, 5461, 5463, 5498]
363.2 :   10 : [5405, 5429, 5430, 5435, 5441, 5443, 5457, 5467, 5484, 5486]
363.3 :   11 : [5415, 5417, 5434, 5440, 5444, 5458, 5470, 5477, 5479, 5492, 5494]
363.4 :   16 : [5407, 5410, 5422, 5426, 5432, 5433, 5437, 5454, 5455, 5456, 5462, 5468, 5473, 5476, 5480, 5491]
363.5 :   36 : [5401, 5402, 5403, 5409, 5411, 5412, 5413, 5414, 5418, 5419, 5423, 5425, 5428, 5431, 5438, 5439, 5447, 5448, 5452, 5460, 5465, 5466, 5471, 5472, 5474, 5478, 5481, 5485, 5488, 5489, 5490, 5493, 5495, 5496, 5497, 5500]
363.6 :    4 : [5469, 5475, 5482, 5499]
365.2 :    1 : [5487]
365.4 :    2 : [5406, 5459]
365.5 :    7 : [5420, 5421, 5436, 5446, 5450, 5464, 5483]
365.6 :   13 : [5404, 5408, 5416, 5424, 5427, 5442, 5445, 5449, 5451, 5453, 5461, 5463, 5498]
365.7 :   10 : [5405, 5429, 5430, 5435, 5441, 5443, 5457, 5467, 5484, 5486]
365.8 :   11 : [5415, 5417, 5434, 5440, 5444, 5458, 5470, 5477, 5479, 5492, 5494]
365.9 :   16 : [5407, 5410, 5422, 5426, 5432, 5433, 5437, 5454, 5455, 5456, 5462, 5468, 5473, 5476, 5480, 5491]
366.0 :   36 : [5401, 5402, 5403, 5409, 5411, 5412, 5413, 5414, 5418, 5419, 5423, 5425, 5428, 5431, 5438, 5439, 5447, 5448, 5452, 5460, 5465, 5466, 5471, 5472, 5474, 5478, 5481, 5485, 5488, 5489, 5490, 5493, 5495, 5496, 5497, 5500]
366.1 :    4 : [5469, 5475, 5482, 5499]
367.7 :    1 : [5487]
367.9 :    2 : [5406, 5459]
368.0 :    7 : [5420, 5421, 5436, 5446, 5450, 5464, 5483]
368.1 :   13 : [5404, 5408, 5416, 5424, 5427, 5442, 5445, 5449, 5451, 5453, 5461, 5463, 5498]
368.2 :   10 : [5405, 5429, 5430, 5435, 5441, 5443, 5457, 5467, 5484, 5486]
368.3 :   11 : [5415, 5417, 5434, 5440, 5444, 5458, 5470, 5477, 5479, 5492, 5494]
368.4 :   16 : [5407, 5410, 5422, 5426, 5432, 5433, 5437, 5454, 5455, 5456, 5462, 5468, 5473, 5476, 5480, 5491]
368.5 :   36 : [5401, 5402, 5403, 5409, 5411, 5412, 5413, 5414, 5418, 5419, 5423, 5425, 5428, 5431, 5438, 5439, 5447, 5448, 5452, 5460, 5465, 5466, 5471, 5472, 5474, 5478, 5481, 5485, 5488, 5489, 5490, 5493, 5495, 5496, 5497, 5500]
368.6 :    4 : [5469, 5475, 5482, 5499]
370.2 :    1 : [5487]
370.4 :    2 : [5406, 5459]
370.5 :    7 : [5420, 5421, 5436, 5446, 5450, 5464, 5483]
370.6 :   13 : [5404, 5408, 5416, 5424, 5427, 5442, 5445, 5449, 5451, 5453, 5461, 5463, 5498]
370.7 :   10 : [5405, 5429, 5430, 5435, 5441, 5443, 5457, 5467, 5484, 5486]
370.8 :   11 : [5415, 5417, 5434, 5440, 5444, 5458, 5470, 5477, 5479, 5492, 5494]
370.9 :   16 : [5407, 5410, 5422, 5426, 5432, 5433, 5437, 5454, 5455, 5456, 5462, 5468, 5473, 5476, 5480, 5491]
371.0 :   36 : [5401, 5402, 5403, 5409, 5411, 5412, 5413, 5414, 5418, 5419, 5423, 5425, 5428, 5431, 5438, 5439, 5447, 5448, 5452, 5460, 5465, 5466, 5471, 5472, 5474, 5478, 5481, 5485, 5488, 5489, 5490, 5493, 5495, 5496, 5497, 5500]
371.1 :    4 : [5469, 5475, 5482, 5499]
372.7 :    1 : [5487]
372.9 :    2 : [5406, 5459]
373.0 :    7 : [5420, 5421, 5436, 5446, 5450, 5464, 5483]
373.1 :   13 : [5404, 5408, 5416, 5424, 5427, 5442, 5445, 5449, 5451, 5453, 5461, 5463, 5498]
373.2 :   10 : [5405, 5429, 5430, 5435, 5441, 5443, 5457, 5467, 5484, 5486]
373.3 :   11 : [5415, 5417, 5434, 5440, 5444, 5458, 5470, 5477, 5479, 5492, 5494]
373.4 :   16 : [5407, 5410, 5422, 5426, 5432, 5433, 5437, 5454, 5455, 5456, 5462, 5468, 5473, 5476, 5480, 5491]
373.5 :   36 : [5401, 5402, 5403, 5409, 5411, 5412, 5413, 5414, 5418, 5419, 5423, 5425, 5428, 5431, 5438, 5439, 5447, 5448, 5452, 5460, 5465, 5466, 5471, 5472, 5474, 5478, 5481, 5485, 5488, 5489, 5490, 5493, 5495, 5496, 5497, 5500]
373.6 :    4 : [5469, 5475, 5482, 5499]
375.2 :    1 : [5487]
375.4 :    2 : [5406, 5459]
375.5 :    7 : [5420, 5421, 5436, 5446, 5450, 5464, 5483]
375.6 :   13 : [5404, 5408, 5416, 5424, 5427, 5442, 5445, 5449, 5451, 5453, 5461, 5463, 5498]
375.7 :   10 : [5405, 5429, 5430, 5435, 5441, 5443, 5457, 5467, 5484, 5486]
375.8 :   11 : [5415, 5417, 5434, 5440, 5444, 5458, 5470, 5477, 5479, 5492, 5494]
375.9 :   16 : [5407, 5410, 5422, 5426, 5432, 5433, 5437, 5454, 5455, 5456, 5462, 5468, 5473, 5476, 5480, 5491]
376.0 :   36 : [5401, 5402, 5403, 5409, 5411, 5412, 5413, 5414, 5418, 5419, 5423, 5425, 5428, 5431, 5438, 5439, 5447, 5448, 5452, 5460, 5465, 5466, 5471, 5472, 5474, 5478, 5481, 5485, 5488, 5489, 5490, 5493, 5495, 5496, 5497, 5500]
376.1 :    4 : [5469, 5475, 5482, 5499]
377.7 :    1 : [5487]
377.9 :    2 : [5406, 5459]
378.0 :    7 : [5420, 5421, 5436, 5446, 5450, 5464, 5483]
378.1 :   13 : [5404, 5408, 5416, 5424, 5427, 5442, 5445, 5449, 5451, 5453, 5461, 5463, 5498]
378.2 :   10 : [5405, 5429, 5430, 5435, 5441, 5443, 5457, 5467, 5484, 5486]
378.3 :   11 : [5415, 5417, 5434, 5440, 5444, 5458, 5470, 5477, 5479, 5492, 5494]
378.4 :   16 : [5407, 5410, 5422, 5426, 5432, 5433, 5437, 5454, 5455, 5456, 5462, 5468, 5473, 5476, 5480, 5491]
378.5 :   36 : [5401, 5402, 5403, 5409, 5411, 5412, 5413, 5414, 5418, 5419, 5423, 5425, 5428, 5431, 5438, 5439, 5447, 5448, 5452, 5460, 5465, 5466, 5471, 5472, 5474, 5478, 5481, 5485, 5488, 5489, 5490, 5493, 5495, 5496, 5497, 5500]
378.6 :    4 : [5469, 5475, 5482, 5499]
380.2 :    1 : [5487]
380.4 :    2 : [5406, 5459]
380.5 :    7 : [5420, 5421, 5436, 5446, 5450, 5464, 5483]
380.6 :   13 : [5404, 5408, 5416, 5424, 5427, 5442, 5445, 5449, 5451, 5453, 5461, 5463, 5498]
380.7 :   10 : [5405, 5429, 5430, 5435, 5441, 5443, 5457, 5467, 5484, 5486]
380.8 :   11 : [5415, 5417, 5434, 5440, 5444, 5458, 5470, 5477, 5479, 5492, 5494]
380.9 :   16 : [5407, 5410, 5422, 5426, 5432, 5433, 5437, 5454, 5455, 5456, 5462, 5468, 5473, 5476, 5480, 5491]
381.0 :   36 : [5401, 5402, 5403, 5409, 5411, 5412, 5413, 5414, 5418, 5419, 5423, 5425, 5428, 5431, 5438, 5439, 5447, 5448, 5452, 5460, 5465, 5466, 5471, 5472, 5474, 5478, 5481, 5485, 5488, 5489, 5490, 5493, 5495, 5496, 5497, 5500]
381.1 :    4 : [5469, 5475, 5482, 5499]
382.7 :    1 : [5487]
382.9 :    2 : [5406, 5459]
383.0 :    7 : [5420, 5421, 5436, 5446, 5450, 5464, 5483]
383.1 :   13 : [5404, 5408, 5416, 5424, 5427, 5442, 5445, 5449, 5451, 5453, 5461, 5463, 5498]
383.2 :   10 : [5405, 5429, 5430, 5435, 5441, 5443, 5457, 5467, 5484, 5486]
383.3 :   11 : [5415, 5417, 5434, 5440, 5444, 5458, 5470, 5477, 5479, 5492, 5494]
383.4 :   16 : [5407, 5410, 5422, 5426, 5432, 5433, 5437, 5454, 5455, 5456, 5462, 5468, 5473, 5476, 5480, 5491]
383.5 :   36 : [5401, 5402, 5403, 5409, 5411, 5412, 5413, 5414, 5418, 5419, 5423, 5425, 5428, 5431, 5438, 5439, 5447, 5448, 5452, 5460, 5465, 5466, 5471, 5472, 5474, 5478, 5481, 5485, 5488, 5489, 5490, 5493, 5495, 5496, 5497, 5500]
383.6 :    4 : [5469, 5475, 5482, 5499]
385.2 :    1 : [5487]
385.4 :    2 : [5406, 5459]
385.5 :    7 : [5420, 5421, 5436, 5446, 5450, 5464, 5483]
385.6 :   13 : [5404, 5408, 5416, 5424, 5427, 5442, 5445, 5449, 5451, 5453, 5461, 5463, 5498]
385.7 :   10 : [5405, 5429, 5430, 5435, 5441, 5443, 5457, 5467, 5484, 5486]
385.8 :   11 : [5415, 5417, 5434, 5440, 5444, 5458, 5470, 5477, 5479, 5492, 5494]
385.9 :   16 : [5407, 5410, 5422, 5426, 5432, 5433, 5437, 5454, 5455, 5456, 5462, 5468, 5473, 5476, 5480, 5491]
386.0 :   36 : [5401, 5402, 5403, 5409, 5411, 5412, 5413, 5414, 5418, 5419, 5423, 5425, 5428, 5431, 5438, 5439, 5447, 5448, 5452, 5460, 5465, 5466, 5471, 5472, 5474, 5478, 5481, 5485, 5488, 5489, 5490, 5493, 5495, 5496, 5497, 5500]
386.1 :    4 : [5469, 5475, 5482, 5499]
387.7 :    1 : [5487]
387.9 :    2 : [5406, 5459]
388.0 :    7 : [5420, 5421, 5436, 5446, 5450, 5464, 5483]
388.1 :   13 : [5404, 5408, 5416, 5424, 5427, 5442, 5445, 5449, 5451, 5453, 5461, 5463, 5498]
388.2 :   10 : [5405, 5429, 5430, 5435, 5441, 5443, 5457, 5467, 5484, 5486]
388.3 :   11 : [5415, 5417, 5434, 5440, 5444, 5458, 5470, 5477, 5479, 5492, 5494]
388.4 :   16 : [5407, 5410, 5422, 5426, 5432, 5433, 5437, 5454, 5455, 5456, 5462, 5468, 5473, 5476, 5480, 5491]
388.5 :   36 : [5401, 5402, 5403, 5409, 5411, 5412, 5413, 5414, 5418, 5419, 5423, 5425, 5428, 5431, 5438, 5439, 5447, 5448, 5452, 5460, 5465, 5466, 5471, 5472, 5474, 5478, 5481, 5485, 5488, 5489, 5490, 5493, 5495, 5496, 5497, 5500]
388.6 :    4 : [5469, 5475, 5482, 5499]
390.2 :    1 : [5487]
390.4 :    2 : [5406, 5459]
390.5 :    7 : [5420, 5421, 5436, 5446, 5450, 5464, 5483]
390.6 :   13 : [5404, 5408, 5416, 5424, 5427, 5442, 5445, 5449, 5451, 5453, 5461, 5463, 5498]
390.7 :   10 : [5405, 5429, 5430, 5435, 5441, 5443, 5457, 5467, 5484, 5486]
390.8 :   11 : [5415, 5417, 5434, 5440, 5444, 5458, 5470, 5477, 5479, 5492, 5494]
390.9 :   16 : [5407, 5410, 5422, 5426, 5432, 5433, 5437, 5454, 5455, 5456, 5462, 5468, 5473, 5476, 5480, 5491]
391.0 :   36 : [5401, 5402, 5403, 5409, 5411, 5412, 5413, 5414, 5418, 5419, 5423, 5425, 5428, 5431, 5438, 5439, 5447, 5448, 5452, 5460, 5465, 5466, 5471, 5472, 5474, 5478, 5481, 5485, 5488, 5489, 5490, 5493, 5495, 5496, 5497, 5500]
391.1 :    4 : [5469, 5475, 5482, 5499]
392.7 :    1 : [5487]
392.9 :    2 : [5406, 5459]
393.0 :    7 : [5420, 5421, 5436, 5446, 5450, 5464, 5483]
393.1 :   13 : [5404, 5408, 5416, 5424, 5427, 5442, 5445, 5449, 5451, 5453, 5461, 5463, 5498]
393.2 :   10 : [5405, 5429, 5430, 5435, 5441, 5443, 5457, 5467, 5484, 5486]
393.3 :   11 : [5415, 5417, 5434, 5440, 5444, 5458, 5470, 5477, 5479, 5492, 5494]
393.4 :   16 : [5407, 5410, 5422, 5426, 5432, 5433, 5437, 5454, 5455, 5456, 5462, 5468, 5473, 5476, 5480, 5491]
393.5 :   36 : [5401, 5402, 5403, 5409, 5411, 5412, 5413, 5414, 5418, 5419, 5423, 5425, 5428, 5431, 5438, 5439, 5447, 5448, 5452, 5460, 5465, 5466, 5471, 5472, 5474, 5478, 5481, 5485, 5488, 5489, 5490, 5493, 5495, 5496, 5497, 5500]
393.6 :    4 : [5469, 5475, 5482, 5499]
395.2 :    1 : [5487]
395.4 :    2 : [5406, 5459]
395.5 :    7 : [5420, 5421, 5436, 5446, 5450, 5464, 5483]
395.6 :   13 : [5404, 5408, 5416, 5424, 5427, 5442, 5445, 5449, 5451, 5453, 5461, 5463, 5498]
395.7 :   10 : [5405, 5429, 5430, 5435, 5441, 5443, 5457, 5467, 5484, 5486]
395.8 :   11 : [5415, 5417, 5434, 5440, 5444, 5458, 5470, 5477, 5479, 5492, 5494]
395.9 :   16 : [5407, 5410, 5422, 5426, 5432, 5433, 5437, 5454, 5455, 5456, 5462, 5468, 5473, 5476, 5480, 5491]
396.0 :   36 : [5401, 5402, 5403, 5409, 5411, 5412, 5413, 5414, 5418, 5419, 5423, 5425, 5428, 5431, 5438, 5439, 5447, 5448, 5452, 5460, 5465, 5466, 5471, 5472, 5474, 5478, 5481, 5485, 5488, 5489, 5490, 5493, 5495, 5496, 5497, 5500]
396.1 :    4 : [5469, 5475, 5482, 5499]
397.7 :    1 : [5487]
397.9 :    2 : [5406, 5459]
398.0 :    7 : [5420, 5421, 5436, 5446, 5450, 5464, 5483]
398.1 :   13 : [5404, 5408, 5416, 5424, 5427, 5442, 5445, 5449, 5451, 5453, 5461, 5463, 5498]
398.2 :   10 : [5405, 5429, 5430, 5435, 5441, 5443, 5457, 5467, 5484, 5486]
398.3 :   11 : [5415, 5417, 5434, 5440, 5444, 5458, 5470, 5477, 5479, 5492, 5494]
398.4 :   16 : [5407, 5410, 5422, 5426, 5432, 5433, 5437, 5454, 5455, 5456, 5462, 5468, 5473, 5476, 5480, 5491]
398.5 :   36 : [5401, 5402, 5403, 5409, 5411, 5412, 5413, 5414, 5418, 5419, 5423, 5425, 5428, 5431, 5438, 5439, 5447, 5448, 5452, 5460, 5465, 5466, 5471, 5472, 5474, 5478, 5481, 5485, 5488, 5489, 5490, 5493, 5495, 5496, 5497, 5500]
398.6 :    4 : [5469, 5475, 5482, 5499]
400.2 :    1 : [5487]
400.4 :    2 : [5406, 5459]
400.5 :    7 : [5420, 5421, 5436, 5446, 5450, 5464, 5483]
400.6 :   13 : [5404, 5408, 5416, 5424, 5427, 5442, 5445, 5449, 5451, 5453, 5461, 5463, 5498]
400.7 :   10 : [5405, 5429, 5430, 5435, 5441, 5443, 5457, 5467, 5484, 5486]
400.8 :   11 : [5415, 5417, 5434, 5440, 5444, 5458, 5470, 5477, 5479, 5492, 5494]
400.9 :   16 : [5407, 5410, 5422, 5426, 5432, 5433, 5437, 5454, 5455, 5456, 5462, 5468, 5473, 5476, 5480, 5491]
401.0 :   36 : [5401, 5402, 5403, 5409, 5411, 5412, 5413, 5414, 5418, 5419, 5423, 5425, 5428, 5431, 5438, 5439, 5447, 5448, 5452, 5460, 5465, 5466, 5471, 5472, 5474, 5478, 5481, 5485, 5488, 5489, 5490, 5493, 5495, 5496, 5497, 5500]
401.1 :    4 : [5469, 5475, 5482, 5499]
402.7 :    1 : [5487]
402.9 :    2 : [5406, 5459]
403.0 :    7 : [5420, 5421, 5436, 5446, 5450, 5464, 5483]
403.1 :   13 : [5404, 5408, 5416, 5424, 5427, 5442, 5445, 5449, 5451, 5453, 5461, 5463, 5498]
403.2 :   10 : [5405, 5429, 5430, 5435, 5441, 5443, 5457, 5467, 5484, 5486]
403.3 :   11 : [5415, 5417, 5434, 5440, 5444, 5458, 5470, 5477, 5479, 5492, 5494]
403.4 :   16 : [5407, 5410, 5422, 5426, 5432, 5433, 5437, 5454, 5455, 5456, 5462, 5468, 5473, 5476, 5480, 5491]
403.5 :   36 : [5401, 5402, 5403, 5409, 5411, 5412, 5413, 5414, 5418, 5419, 5423, 5425, 5428, 5431, 5438, 5439, 5447, 5448, 5452, 5460, 5465, 5466, 5471, 5472, 5474, 5478, 5481, 5485, 5488, 5489, 5490, 5493, 5495, 5496, 5497, 5500]
403.6 :    4 : [5469, 5475, 5482, 5499]
405.2 :    1 : [5487]
405.4 :    2 : [5406, 5459]
405.5 :    7 : [5420, 5421, 5436, 5446, 5450, 5464, 5483]
405.6 :   13 : [5404, 5408, 5416, 5424, 5427, 5442, 5445, 5449, 5451, 5453, 5461, 5463, 5498]
405.7 :   10 : [5405, 5429, 5430, 5435, 5441, 5443, 5457, 5467, 5484, 5486]
405.8 :   11 : [5415, 5417, 5434, 5440, 5444, 5458, 5470, 5477, 5479, 5492, 5494]
405.9 :   16 : [5407, 5410, 5422, 5426, 5432, 5433, 5437, 5454, 5455, 5456, 5462, 5468, 5473, 5476, 5480, 5491]
406.0 :   36 : [5401, 5402, 5403, 5409, 5411, 5412, 5413, 5414, 5418, 5419, 5423, 5425, 5428, 5431, 5438, 5439, 5447, 5448, 5452, 5460, 5465, 5466, 5471, 5472, 5474, 5478, 5481, 5485, 5488, 5489, 5490, 5493, 5495, 5496, 5497, 5500]
406.1 :    4 : [5469, 5475, 5482, 5499]
407.7 :    1 : [5487]
407.9 :    2 : [5406, 5459]
408.0 :    7 : [5420, 5421, 5436, 5446, 5450, 5464, 5483]
408.1 :   13 : [5404, 5408, 5416, 5424, 5427, 5442, 5445, 5449, 5451, 5453, 5461, 5463, 5498]
408.2 :   10 : [5405, 5429, 5430, 5435, 5441, 5443, 5457, 5467, 5484, 5486]
408.3 :   11 : [5415, 5417, 5434, 5440, 5444, 5458, 5470, 5477, 5479, 5492, 5494]
408.4 :   16 : [5407, 5410, 5422, 5426, 5432, 5433, 5437, 5454, 5455, 5456, 5462, 5468, 5473, 5476, 5480, 5491]
408.5 :   36 : [5401, 5402, 5403, 5409, 5411, 5412, 5413, 5414, 5418, 5419, 5423, 5425, 5428, 5431, 5438, 5439, 5447, 5448, 5452, 5460, 5465, 5466, 5471, 5472, 5474, 5478, 5481, 5485, 5488, 5489, 5490, 5493, 5495, 5496, 5497, 5500]
408.6 :    4 : [5469, 5475, 5482, 5499]
410.2 :    1 : [5487]
410.4 :    2 : [5406, 5459]
410.5 :    7 : [5420, 5421, 5436, 5446, 5450, 5464, 5483]
410.6 :   13 : [5404, 5408, 5416, 5424, 5427, 5442, 5445, 5449, 5451, 5453, 5461, 5463, 5498]
410.7 :   10 : [5405, 5429, 5430, 5435, 5441, 5443, 5457, 5467, 5484, 5486]
410.8 :   11 : [5415, 5417, 5434, 5440, 5444, 5458, 5470, 5477, 5479, 5492, 5494]
410.9 :   16 : [5407, 5410, 5422, 5426, 5432, 5433, 5437, 5454, 5455, 5456, 5462, 5468, 5473, 5476, 5480, 5491]
411.0 :   36 : [5401, 5402, 5403, 5409, 5411, 5412, 5413, 5414, 5418, 5419, 5423, 5425, 5428, 5431, 5438, 5439, 5447, 5448, 5452, 5460, 5465, 5466, 5471, 5472, 5474, 5478, 5481, 5485, 5488, 5489, 5490, 5493, 5495, 5496, 5497, 5500]
411.1 :    4 : [5469, 5475, 5482, 5499]
412.7 :    1 : [5487]
412.9 :    2 : [5406, 5459]
413.0 :    7 : [5420, 5421, 5436, 5446, 5450, 5464, 5483]
413.1 :   13 : [5404, 5408, 5416, 5424, 5427, 5442, 5445, 5449, 5451, 5453, 5461, 5463, 5498]
413.2 :   12 : [5405, 5415, 5429, 5430, 5435, 5441, 5443, 5457, 5458, 5467, 5484, 5486]
413.3 :    9 : [5417, 5434, 5440, 5444, 5470, 5477, 5479, 5492, 5494]
413.4 :   16 : [5407, 5410, 5422, 5426, 5432, 5433, 5437, 5454, 5455, 5456, 5462, 5468, 5473, 5476, 5480, 5491]
413.5 :   36 : [5401, 5402, 5403, 5409, 5411, 5412, 5413, 5414, 5418, 5419, 5423, 5425, 5428, 5431, 5438, 5439, 5447, 5448, 5452, 5460, 5465, 5466, 5471, 5472, 5474, 5478, 5481, 5485, 5488, 5489, 5490, 5493, 5495, 5496, 5497, 5500]
413.6 :    4 : [5469, 5475, 5482, 5499]
415.2 :    1 : [5487]
415.4 :    2 : [5406, 5459]
415.5 :    7 : [5420, 5421, 5436, 5446, 5450, 5464, 5483]
415.6 :   13 : [5404, 5408, 5416, 5424, 5427, 5442, 5445, 5449, 5451, 5453, 5461, 5463, 5498]
415.7 :   12 : [5405, 5415, 5429, 5430, 5435, 5441, 5443, 5457, 5458, 5467, 5484, 5486]
415.8 :    9 : [5417, 5434, 5440, 5444, 5470, 5477, 5479, 5492, 5494]
415.9 :   16 : [5407, 5410, 5422, 5426, 5432, 5433, 5437, 5454, 5455, 5456, 5462, 5468, 5473, 5476, 5480, 5491]
416.0 :   36 : [5401, 5402, 5403, 5409, 5411, 5412, 5413, 5414, 5418, 5419, 5423, 5425, 5428, 5431, 5438, 5439, 5447, 5448, 5452, 5460, 5465, 5466, 5471, 5472, 5474, 5478, 5481, 5485, 5488, 5489, 5490, 5493, 5495, 5496, 5497, 5500]
416.1 :    4 : [5469, 5475, 5482, 5499]
418.3 :    1 : [5487]
418.7 :    2 : [5406, 5459]
418.9 :    1 : [5421]
419.0 :    3 : [5420, 5446, 5450]
419.1 :    3 : [5436, 5464, 5483]
419.2 :    1 : [5449]
419.3 :    4 : [5404, 5408, 5442, 5453]
419.4 :    9 : [5415, 5416, 5424, 5427, 5445, 5451, 5461, 5463, 5498]
419.6 :    1 : [5458]
419.8 :    4 : [5405, 5429, 5430, 5484]
419.9 :    3 : [5435, 5443, 5457]
420.0 :    3 : [5441, 5467, 5486]
420.2 :    1 : [5434]
420.8 :    1 : [5440]
