Name: Cerebral cortex [5HT], Title: Raster plot from device '20328', Hist: False
212.1 :    1 : [4069]
212.6 :    2 : [4106, 4111]
212.8 :    2 : [4124, 4126]
213.0 :    1 : [4120]
213.1 :    1 : [4038]
213.4 :    2 : [4081, 4110]
213.5 :    1 : [4051]
213.7 :    3 : [4053, 4115, 4116]
213.8 :    2 : [4044, 4075]
213.9 :    3 : [4035, 4066, 4084]
214.0 :    1 : [4039]
214.1 :    1 : [4102]
214.2 :    1 : [4129]
214.3 :    2 : [4095, 4122]
214.6 :    1 : [4114]
214.7 :    1 : [4080]
214.8 :    1 : [4100]
215.0 :    3 : [4091, 4104, 4134]
215.2 :    1 : [4098]
215.5 :    1 : [4069]
215.6 :    1 : [4099]
215.7 :    1 : [4037]
215.8 :    2 : [4077, 4117]
216.0 :    2 : [4038, 4124]
216.3 :    3 : [4051, 4063, 4087]
216.6 :    1 : [4044]
216.7 :    2 : [4048, 4106]
216.8 :    1 : [4103]
217.1 :    1 : [4118]
217.4 :    1 : [4090]
217.5 :    2 : [4052, 4068]
217.6 :    1 : [4126]
217.7 :    2 : [4054, 4066]
217.8 :    1 : [4035]
217.9 :    2 : [4075, 4095]
218.2 :    1 : [4069]
218.3 :    3 : [4098, 4100, 4134]
218.6 :    2 : [4050, 4084]
218.7 :    3 : [4041, 4104, 4131]
218.8 :    3 : [4039, 4043, 4116]
218.9 :    2 : [4099, 4120]
219.0 :    3 : [4101, 4114, 4127]
219.1 :   11 : [4037, 4038, 4053, 4056, 4080, 4081, 4082, 4086, 4106, 4122, 4124]
219.2 :    6 : [4045, 4048, 4051, 4077, 4103, 4111]
219.3 :    9 : [4044, 4063, 4087, 4091, 4102, 4110, 4115, 4117, 4129]
219.4 :   48 : [4036, 4040, 4042, 4046, 4047, 4049, 4055, 4057, 4058, 4059, 4060, 4061, 4062, 4064, 4065, 4067, 4070, 4071, 4072, 4073, 4074, 4076, 4078, 4079, 4083, 4085, 4088, 4089, 4092, 4093, 4094, 4096, 4097, 4105, 4107, 4108, 4109, 4112, 4113, 4118, 4119, 4121, 4123, 4125, 4128, 4130, 4132, 4133]
219.7 :    2 : [4068, 4090]
219.8 :    1 : [4052]
219.9 :    1 : [4126]
220.0 :    3 : [4035, 4054, 4066]
220.1 :    1 : [4095]
220.2 :    1 : [4075]
220.5 :    1 : [4069]
220.6 :    3 : [4098, 4100, 4134]
220.9 :    1 : [4084]
221.0 :    2 : [4050, 4131]
221.1 :    2 : [4041, 4104]
221.2 :    3 : [4039, 4043, 4116]
221.3 :    1 : [4099]
221.4 :    3 : [4101, 4114, 4120]
221.5 :    6 : [4038, 4053, 4081, 4082, 4106, 4127]
221.6 :    8 : [4037, 4045, 4056, 4080, 4086, 4103, 4122, 4124]
221.7 :    3 : [4048, 4051, 4111]
221.8 :    4 : [4077, 4087, 4091, 4117]
221.9 :    5 : [4044, 4063, 4102, 4110, 4115]
222.0 :   47 : [4036, 4040, 4042, 4046, 4047, 4049, 4055, 4057, 4058, 4059, 4060, 4061, 4062, 4064, 4065, 4067, 4070, 4071, 4072, 4073, 4074, 4076, 4078, 4079, 4083, 4085, 4088, 4089, 4092, 4094, 4096, 4097, 4105, 4107, 4108, 4109, 4112, 4113, 4118, 4119, 4121, 4123, 4125, 4128, 4129, 4132, 4133]
222.1 :    3 : [4068, 4093, 4130]
222.2 :    2 : [4052, 4090]
222.3 :    4 : [4035, 4054, 4066, 4126]
222.4 :    1 : [4095]
222.5 :    1 : [4075]
222.7 :    1 : [4069]
222.9 :    3 : [4098, 4100, 4134]
223.1 :    1 : [4084]
223.3 :    2 : [4050, 4131]
223.4 :    2 : [4041, 4104]
223.5 :    3 : [4039, 4043, 4116]
223.6 :    1 : [4099]
223.7 :    3 : [4101, 4114, 4120]
223.8 :    6 : [4038, 4053, 4081, 4082, 4106, 4127]
223.9 :    7 : [4037, 4045, 4056, 4080, 4086, 4103, 4124]
224.0 :    3 : [4051, 4111, 4122]
224.1 :    3 : [4048, 4087, 4117]
224.2 :    2 : [4077, 4091]
224.3 :    6 : [4044, 4063, 4096, 4102, 4110, 4115]
224.4 :   43 : [4036, 4040, 4042, 4046, 4047, 4049, 4055, 4057, 4058, 4059, 4060, 4061, 4062, 4064, 4065, 4067, 4070, 4071, 4072, 4076, 4078, 4079, 4083, 4085, 4088, 4089, 4092, 4094, 4097, 4105, 4107, 4108, 4109, 4112, 4113, 4118, 4119, 4121, 4123, 4125, 4128, 4132, 4133]
224.5 :    4 : [4068, 4073, 4074, 4129]
224.6 :    5 : [4035, 4052, 4090, 4093, 4130]
224.7 :    4 : [4054, 4066, 4095, 4126]
224.8 :    1 : [4075]
224.9 :    1 : [4069]
225.1 :    2 : [4098, 4134]
225.2 :    1 : [4100]
225.3 :    1 : [4084]
225.5 :    2 : [4050, 4131]
225.6 :    2 : [4041, 4104]
225.7 :    2 : [4043, 4116]
225.8 :    1 : [4039]
225.9 :    2 : [4099, 4120]
226.0 :    6 : [4038, 4081, 4082, 4101, 4106, 4114]
226.1 :    3 : [4053, 4086, 4127]
226.2 :    6 : [4037, 4045, 4056, 4080, 4103, 4124]
226.3 :    3 : [4051, 4111, 4122]
226.4 :    3 : [4048, 4087, 4117]
226.5 :    4 : [4044, 4077, 4091, 4096]
226.6 :    2 : [4063, 4115]
226.7 :    3 : [4102, 4110, 4118]
226.8 :   43 : [4036, 4040, 4042, 4046, 4047, 4049, 4055, 4057, 4058, 4059, 4060, 4061, 4062, 4064, 4065, 4067, 4068, 4070, 4071, 4072, 4076, 4078, 4079, 4083, 4085, 4088, 4089, 4092, 4094, 4097, 4105, 4107, 4108, 4109, 4112, 4113, 4119, 4121, 4123, 4125, 4128, 4132, 4133]
226.9 :    5 : [4035, 4073, 4074, 4090, 4129]
227.0 :    5 : [4052, 4066, 4093, 4095, 4130]
227.1 :    2 : [4054, 4126]
227.2 :    2 : [4069, 4075]
227.4 :    2 : [4098, 4134]
227.5 :    2 : [4084, 4100]
227.7 :    2 : [4050, 4131]
227.8 :    2 : [4041, 4104]
227.9 :    2 : [4043, 4116]
228.0 :    1 : [4039]
228.1 :    2 : [4099, 4120]
228.2 :    5 : [4038, 4081, 4082, 4101, 4106]
228.3 :    4 : [4053, 4086, 4114, 4127]
228.4 :    3 : [4056, 4080, 4103]
228.5 :    4 : [4037, 4045, 4051, 4124]
228.6 :    3 : [4048, 4111, 4122]
228.7 :    3 : [4044, 4087, 4117]
228.8 :    3 : [4077, 4091, 4096]
228.9 :    2 : [4063, 4115]
229.0 :    3 : [4102, 4110, 4118]
229.1 :   36 : [4036, 4040, 4042, 4046, 4047, 4057, 4058, 4060, 4061, 4064, 4065, 4067, 4068, 4070, 4071, 4072, 4076, 4078, 4079, 4083, 4085, 4089, 4092, 4094, 4097, 4107, 4108, 4109, 4112, 4113, 4119, 4121, 4123, 4128, 4132, 4133]
229.2 :    9 : [4035, 4049, 4055, 4059, 4062, 4088, 4090, 4105, 4125]
229.3 :    6 : [4052, 4066, 4073, 4074, 4095, 4129]
229.4 :    3 : [4054, 4093, 4130]
229.5 :    2 : [4069, 4126]
229.6 :    1 : [4075]
229.7 :    2 : [4098, 4134]
229.8 :    2 : [4084, 4100]
229.9 :    1 : [4131]
230.0 :    2 : [4050, 4104]
230.1 :    3 : [4041, 4043, 4116]
230.2 :    1 : [4039]
230.3 :    2 : [4099, 4120]
230.4 :    5 : [4038, 4081, 4082, 4101, 4106]
230.5 :    4 : [4053, 4086, 4114, 4127]
230.6 :    3 : [4056, 4080, 4103]
230.7 :    3 : [4045, 4051, 4124]
230.8 :    2 : [4037, 4048]
230.9 :    4 : [4044, 4087, 4111, 4122]
231.0 :    2 : [4091, 4117]
231.1 :    3 : [4077, 4096, 4115]
231.2 :    1 : [4063]
231.3 :    3 : [4102, 4110, 4118]
231.4 :   37 : [4035, 4036, 4040, 4042, 4046, 4047, 4057, 4058, 4060, 4061, 4064, 4065, 4067, 4068, 4070, 4071, 4072, 4076, 4078, 4079, 4083, 4085, 4089, 4092, 4094, 4097, 4107, 4108, 4109, 4112, 4113, 4119, 4121, 4123, 4128, 4132, 4133]
231.5 :    8 : [4049, 4055, 4059, 4062, 4088, 4090, 4105, 4125]
231.6 :    4 : [4052, 4066, 4095, 4129]
231.7 :    3 : [4054, 4073, 4074]
231.8 :    4 : [4069, 4093, 4126, 4130]
232.0 :    3 : [4075, 4098, 4134]
232.1 :    2 : [4084, 4100]
232.2 :    1 : [4131]
232.3 :    2 : [4050, 4104]
232.4 :    3 : [4041, 4043, 4116]
232.5 :    3 : [4039, 4099, 4120]
232.6 :    5 : [4038, 4081, 4082, 4101, 4106]
232.7 :    4 : [4053, 4086, 4114, 4127]
232.8 :    3 : [4056, 4080, 4103]
232.9 :    3 : [4045, 4051, 4124]
233.0 :    2 : [4037, 4048]
233.1 :    4 : [4044, 4087, 4111, 4122]
233.2 :    2 : [4091, 4117]
233.3 :    2 : [4096, 4115]
233.4 :    2 : [4063, 4077]
233.6 :    5 : [4035, 4068, 4102, 4110, 4118]
233.7 :   35 : [4036, 4040, 4042, 4046, 4047, 4057, 4058, 4060, 4061, 4064, 4065, 4067, 4070, 4071, 4072, 4076, 4078, 4079, 4083, 4085, 4089, 4092, 4094, 4097, 4107, 4108, 4109, 4112, 4113, 4119, 4121, 4123, 4128, 4132, 4133]
233.8 :    8 : [4049, 4055, 4059, 4062, 4088, 4090, 4105, 4125]
233.9 :    4 : [4052, 4066, 4095, 4129]
234.0 :    3 : [4054, 4073, 4074]
234.1 :    2 : [4069, 4126]
234.2 :    2 : [4093, 4130]
234.3 :    1 : [4098]
234.4 :    2 : [4075, 4134]
234.5 :    2 : [4084, 4100]
234.6 :    3 : [4050, 4104, 4131]
234.7 :    3 : [4041, 4043, 4116]
234.8 :    6 : [4038, 4039, 4081, 4099, 4106, 4120]
234.9 :    5 : [4053, 4082, 4101, 4114, 4127]
235.0 :    4 : [4056, 4080, 4086, 4103]
235.1 :    3 : [4045, 4051, 4124]
235.2 :    2 : [4037, 4048]
235.3 :    4 : [4044, 4087, 4111, 4122]
235.4 :    2 : [4091, 4117]
235.5 :    2 : [4096, 4115]
235.6 :    2 : [4063, 4077]
235.8 :    4 : [4035, 4068, 4110, 4118]
235.9 :    1 : [4102]
236.0 :   35 : [4036, 4040, 4042, 4046, 4047, 4057, 4058, 4060, 4061, 4064, 4065, 4067, 4070, 4071, 4072, 4076, 4078, 4079, 4083, 4085, 4089, 4092, 4094, 4097, 4107, 4108, 4109, 4112, 4113, 4119, 4121, 4123, 4128, 4132, 4133]
236.1 :    8 : [4049, 4055, 4059, 4062, 4088, 4090, 4105, 4125]
236.2 :    4 : [4052, 4066, 4095, 4129]
236.3 :    3 : [4054, 4073, 4074]
236.4 :    2 : [4069, 4126]
236.5 :    1 : [4098]
236.6 :    2 : [4093, 4130]
236.8 :    3 : [4075, 4084, 4134]
236.9 :    3 : [4100, 4104, 4131]
237.0 :    5 : [4038, 4041, 4043, 4050, 4116]
237.1 :    5 : [4039, 4081, 4099, 4106, 4120]
237.2 :    6 : [4053, 4082, 4101, 4103, 4114, 4127]
237.3 :    4 : [4051, 4056, 4080, 4086]
237.4 :    4 : [4037, 4045, 4048, 4124]
237.5 :    3 : [4044, 4087, 4111]
237.6 :    3 : [4091, 4117, 4122]
237.7 :    2 : [4096, 4115]
237.8 :    2 : [4063, 4077]
238.0 :    4 : [4035, 4068, 4110, 4118]
238.1 :    1 : [4102]
238.3 :   35 : [4036, 4040, 4042, 4046, 4047, 4057, 4058, 4060, 4061, 4064, 4065, 4067, 4070, 4071, 4072, 4076, 4078, 4079, 4083, 4085, 4089, 4092, 4094, 4097, 4107, 4108, 4109, 4112, 4113, 4119, 4121, 4123, 4128, 4132, 4133]
238.4 :   10 : [4049, 4055, 4059, 4062, 4066, 4088, 4090, 4095, 4105, 4125]
238.5 :    2 : [4052, 4129]
238.6 :    3 : [4054, 4073, 4074]
238.7 :    2 : [4069, 4126]
238.8 :    1 : [4098]
238.9 :    2 : [4093, 4130]
239.1 :    2 : [4084, 4134]
239.2 :    4 : [4038, 4075, 4100, 4104]
239.3 :    3 : [4043, 4116, 4131]
239.4 :    4 : [4039, 4041, 4050, 4106]
239.5 :    9 : [4053, 4081, 4082, 4099, 4101, 4103, 4114, 4120, 4127]
239.6 :    4 : [4051, 4056, 4080, 4086]
239.7 :    5 : [4037, 4044, 4045, 4048, 4124]
239.8 :    2 : [4087, 4111]
239.9 :    3 : [4091, 4117, 4122]
240.0 :    3 : [4063, 4096, 4115]
240.1 :    1 : [4077]
240.2 :    4 : [4035, 4068, 4110, 4118]
240.3 :    1 : [4102]
240.5 :   14 : [4036, 4042, 4060, 4064, 4065, 4067, 4071, 4083, 4089, 4094, 4107, 4108, 4123, 4132]
240.6 :   24 : [4040, 4046, 4047, 4057, 4058, 4061, 4066, 4070, 4072, 4076, 4078, 4079, 4085, 4090, 4092, 4095, 4097, 4109, 4112, 4113, 4119, 4121, 4128, 4133]
240.7 :    7 : [4049, 4055, 4059, 4062, 4088, 4105, 4125]
240.8 :    2 : [4052, 4129]
240.9 :    3 : [4054, 4073, 4074]
241.0 :    2 : [4069, 4126]
241.1 :    1 : [4098]
241.2 :    2 : [4093, 4130]
241.3 :    2 : [4084, 4134]
241.5 :    4 : [4038, 4075, 4100, 4104]
241.6 :    3 : [4043, 4116, 4131]
241.7 :    3 : [4039, 4050, 4106]
241.8 :    6 : [4041, 4082, 4099, 4114, 4120, 4127]
241.9 :    6 : [4051, 4053, 4080, 4081, 4101, 4103]
242.0 :    7 : [4037, 4044, 4045, 4048, 4056, 4086, 4124]
242.1 :    2 : [4087, 4111]
242.2 :    3 : [4091, 4117, 4122]
242.3 :    3 : [4063, 4096, 4115]
242.4 :    3 : [4035, 4077, 4110]
242.5 :    2 : [4068, 4118]
242.6 :    1 : [4102]
242.7 :   14 : [4036, 4042, 4060, 4064, 4065, 4067, 4071, 4083, 4089, 4094, 4107, 4108, 4123, 4132]
242.8 :   24 : [4040, 4046, 4047, 4057, 4058, 4061, 4066, 4070, 4072, 4076, 4078, 4079, 4085, 4090, 4092, 4095, 4097, 4109, 4112, 4113, 4119, 4121, 4128, 4133]
243.0 :    9 : [4049, 4052, 4055, 4059, 4062, 4088, 4105, 4125, 4129]
243.1 :    1 : [4054]
243.2 :    3 : [4073, 4074, 4126]
243.3 :    1 : [4069]
243.4 :    1 : [4098]
243.5 :    3 : [4093, 4130, 4134]
243.6 :    1 : [4084]
243.8 :    4 : [4038, 4075, 4100, 4104]
243.9 :    3 : [4043, 4116, 4131]
244.0 :    3 : [4039, 4050, 4106]
244.1 :    4 : [4041, 4082, 4099, 4127]
244.2 :    6 : [4051, 4080, 4081, 4103, 4114, 4120]
244.3 :    4 : [4045, 4048, 4053, 4101]
244.4 :    6 : [4037, 4044, 4056, 4086, 4087, 4124]
244.5 :    3 : [4111, 4117, 4122]
244.6 :    4 : [4063, 4091, 4096, 4115]
244.7 :    3 : [4035, 4077, 4110]
244.8 :    3 : [4068, 4102, 4118]
245.0 :   20 : [4036, 4042, 4047, 4060, 4064, 4065, 4066, 4067, 4071, 4076, 4083, 4089, 4090, 4094, 4095, 4107, 4108, 4113, 4123, 4132]
245.1 :   18 : [4040, 4046, 4057, 4058, 4061, 4070, 4072, 4078, 4079, 4085, 4092, 4097, 4109, 4112, 4119, 4121, 4128, 4133]
245.2 :    6 : [4049, 4052, 4055, 4105, 4125, 4129]
245.3 :    4 : [4054, 4059, 4062, 4088]
245.4 :    1 : [4126]
245.5 :    2 : [4073, 4074]
245.6 :    2 : [4069, 4098]
245.7 :    1 : [4134]
245.8 :    3 : [4084, 4093, 4130]
246.0 :    2 : [4038, 4100]
246.1 :    2 : [4075, 4104]
246.2 :    3 : [4043, 4116, 4131]
246.3 :    3 : [4039, 4050, 4106]
246.4 :    4 : [4041, 4082, 4099, 4127]
246.5 :    6 : [4051, 4080, 4081, 4103, 4114, 4120]
246.6 :    3 : [4045, 4048, 4053]
246.7 :    3 : [4037, 4056, 4101]
246.8 :    4 : [4044, 4086, 4087, 4124]
246.9 :    6 : [4035, 4091, 4111, 4115, 4117, 4122]
247.0 :    4 : [4063, 4077, 4096, 4110]
247.1 :    3 : [4068, 4102, 4118]
247.3 :   20 : [4036, 4042, 4047, 4060, 4064, 4065, 4066, 4067, 4071, 4076, 4083, 4089, 4090, 4094, 4095, 4107, 4108, 4113, 4123, 4132]
247.4 :   18 : [4040, 4046, 4057, 4058, 4061, 4070, 4072, 4078, 4079, 4085, 4092, 4097, 4109, 4112, 4119, 4121, 4128, 4133]
247.5 :    7 : [4049, 4052, 4054, 4055, 4105, 4125, 4129]
247.6 :    4 : [4059, 4062, 4088, 4126]
247.8 :    4 : [4069, 4073, 4074, 4098]
247.9 :    1 : [4134]
248.0 :    1 : [4084]
248.1 :    2 : [4093, 4130]
248.2 :    2 : [4038, 4100]
248.4 :    3 : [4043, 4075, 4104]
248.5 :    3 : [4106, 4116, 4131]
248.6 :    2 : [4039, 4050]
248.7 :    4 : [4041, 4082, 4099, 4127]
248.8 :    6 : [4051, 4080, 4081, 4103, 4114, 4120]
248.9 :    3 : [4045, 4048, 4053]
249.0 :    3 : [4037, 4056, 4101]
249.1 :    3 : [4044, 4086, 4124]
249.2 :    6 : [4035, 4087, 4091, 4111, 4117, 4122]
249.3 :    4 : [4077, 4096, 4110, 4115]
249.4 :    4 : [4063, 4068, 4102, 4118]
249.6 :   20 : [4036, 4042, 4047, 4060, 4064, 4065, 4066, 4067, 4071, 4076, 4083, 4089, 4090, 4094, 4095, 4107, 4108, 4113, 4123, 4132]
249.7 :   18 : [4040, 4046, 4057, 4058, 4061, 4070, 4072, 4078, 4079, 4085, 4092, 4097, 4109, 4112, 4119, 4121, 4128, 4133]
249.8 :    8 : [4049, 4052, 4054, 4055, 4105, 4125, 4126, 4129]
249.9 :    3 : [4059, 4062, 4088]
250.0 :    1 : [4098]
250.1 :    4 : [4069, 4073, 4074, 4134]
250.2 :    1 : [4084]
250.4 :    4 : [4038, 4093, 4100, 4130]
250.6 :    3 : [4043, 4075, 4104]
250.7 :    1 : [4106]
250.8 :    2 : [4116, 4131]
250.9 :    3 : [4039, 4050, 4099]
251.0 :    3 : [4041, 4082, 4127]
251.1 :    6 : [4051, 4080, 4081, 4103, 4114, 4120]
251.2 :    3 : [4045, 4048, 4053]
251.3 :    3 : [4037, 4056, 4101]
251.4 :    3 : [4044, 4086, 4124]
251.5 :    6 : [4035, 4087, 4091, 4111, 4117, 4122]
251.6 :    2 : [4077, 4096]
251.7 :    3 : [4068, 4110, 4115]
251.8 :    3 : [4063, 4102, 4118]
251.9 :    3 : [4066, 4090, 4095]
252.0 :   27 : [4036, 4040, 4042, 4047, 4060, 4064, 4065, 4067, 4070, 4071, 4076, 4079, 4083, 4085, 4089, 4092, 4094, 4107, 4108, 4109, 4113, 4119, 4121, 4123, 4128, 4132, 4133]
252.1 :   16 : [4046, 4049, 4052, 4054, 4055, 4057, 4058, 4061, 4072, 4078, 4097, 4105, 4112, 4125, 4126, 4129]
252.2 :    3 : [4059, 4062, 4088]
252.3 :    3 : [4069, 4098, 4134]
252.4 :    3 : [4073, 4074, 4084]
252.6 :    2 : [4038, 4100]
252.7 :    2 : [4093, 4130]
252.8 :    3 : [4043, 4075, 4104]
252.9 :    1 : [4106]
253.0 :    1 : [4116]
253.1 :    1 : [4131]
253.2 :    5 : [4039, 4041, 4050, 4082, 4099]
253.3 :    4 : [4051, 4081, 4120, 4127]
253.4 :    3 : [4080, 4103, 4114]
253.5 :    4 : [4045, 4048, 4053, 4056]
253.6 :    2 : [4037, 4101]
253.7 :    4 : [4035, 4044, 4086, 4124]
253.8 :    5 : [4087, 4091, 4111, 4117, 4122]
253.9 :    2 : [4077, 4096]
254.0 :    3 : [4068, 4110, 4115]
254.1 :    1 : [4102]
254.2 :    3 : [4063, 4066, 4118]
254.3 :    2 : [4090, 4095]
254.4 :   30 : [4036, 4040, 4042, 4047, 4052, 4054, 4060, 4064, 4065, 4067, 4070, 4071, 4076, 4079, 4083, 4085, 4089, 4092, 4094, 4107, 4108, 4109, 4113, 4119, 4121, 4123, 4126, 4128, 4132, 4133]
254.5 :   14 : [4046, 4049, 4055, 4057, 4058, 4061, 4072, 4078, 4097, 4105, 4112, 4125, 4129, 4134]
254.6 :    5 : [4059, 4062, 4069, 4088, 4098]
254.7 :    3 : [4073, 4074, 4084]
254.8 :    1 : [4038]
254.9 :    1 : [4100]
255.0 :    5 : [4043, 4075, 4093, 4104, 4130]
255.1 :    1 : [4106]
255.2 :    1 : [4116]
255.3 :    1 : [4131]
255.4 :    5 : [4039, 4041, 4050, 4082, 4099]
255.5 :    3 : [4051, 4081, 4127]
255.6 :    4 : [4080, 4103, 4114, 4120]
255.7 :    3 : [4045, 4048, 4056]
255.8 :    1 : [4053]
255.9 :    3 : [4035, 4037, 4101]
256.0 :    4 : [4044, 4086, 4091, 4124]
256.1 :    4 : [4087, 4111, 4117, 4122]
256.2 :    2 : [4077, 4096]
256.3 :    3 : [4068, 4110, 4115]
256.4 :    1 : [4102]
256.5 :    3 : [4063, 4066, 4118]
256.7 :    4 : [4052, 4090, 4095, 4126]
256.8 :   31 : [4036, 4040, 4042, 4047, 4054, 4060, 4064, 4065, 4067, 4070, 4071, 4076, 4079, 4083, 4085, 4089, 4092, 4094, 4098, 4107, 4108, 4109, 4113, 4119, 4121, 4123, 4128, 4129, 4132, 4133, 4134]
256.9 :   13 : [4046, 4049, 4055, 4057, 4058, 4061, 4069, 4072, 4078, 4097, 4105, 4112, 4125]
257.0 :    4 : [4059, 4062, 4084, 4088]
257.1 :    3 : [4038, 4073, 4074]
257.2 :    1 : [4100]
257.3 :    5 : [4043, 4075, 4093, 4104, 4130]
257.4 :    2 : [4106, 4116]
257.6 :    6 : [4039, 4041, 4050, 4082, 4099, 4131]
257.7 :    3 : [4051, 4081, 4127]
257.8 :    3 : [4080, 4103, 4114]
257.9 :    4 : [4045, 4048, 4056, 4120]
258.0 :    1 : [4053]
258.1 :    1 : [4035]
258.2 :    3 : [4037, 4086, 4101]
258.3 :    4 : [4044, 4091, 4117, 4124]
258.4 :    3 : [4087, 4111, 4122]
258.5 :    2 : [4077, 4096]
258.6 :    4 : [4068, 4102, 4110, 4115]
258.7 :    1 : [4066]
258.8 :    2 : [4063, 4118]
259.0 :    4 : [4052, 4090, 4095, 4126]
259.1 :    3 : [4098, 4129, 4134]
259.2 :   29 : [4036, 4040, 4042, 4047, 4054, 4060, 4064, 4065, 4067, 4069, 4070, 4071, 4076, 4079, 4083, 4085, 4089, 4092, 4094, 4107, 4108, 4109, 4113, 4119, 4121, 4123, 4128, 4132, 4133]
259.3 :   14 : [4038, 4046, 4049, 4055, 4057, 4058, 4061, 4072, 4078, 4084, 4097, 4105, 4112, 4125]
259.4 :    3 : [4059, 4062, 4088]
259.5 :    3 : [4073, 4074, 4100]
259.6 :    5 : [4043, 4075, 4093, 4104, 4130]
259.7 :    2 : [4106, 4116]
259.8 :    2 : [4039, 4099]
259.9 :    6 : [4041, 4050, 4051, 4082, 4127, 4131]
260.0 :    2 : [4081, 4114]
260.1 :    6 : [4045, 4048, 4056, 4080, 4103, 4120]
260.2 :    1 : [4053]
260.3 :    1 : [4035]
260.4 :    3 : [4037, 4086, 4101]
260.5 :    2 : [4044, 4117]
260.6 :    2 : [4091, 4124]
260.7 :    4 : [4087, 4096, 4111, 4122]
260.8 :    4 : [4068, 4077, 4102, 4115]
260.9 :    1 : [4110]
261.0 :    2 : [4063, 4066]
261.1 :    1 : [4118]
261.3 :    4 : [4052, 4090, 4095, 4126]
261.4 :    3 : [4098, 4129, 4134]
261.5 :   25 : [4036, 4040, 4042, 4047, 4060, 4064, 4065, 4067, 4069, 4070, 4071, 4076, 4079, 4083, 4085, 4089, 4094, 4107, 4108, 4109, 4113, 4123, 4128, 4132, 4133]
261.6 :    6 : [4038, 4054, 4084, 4092, 4119, 4121]
261.7 :   12 : [4046, 4049, 4055, 4057, 4058, 4061, 4072, 4078, 4097, 4105, 4112, 4125]
261.8 :    4 : [4059, 4062, 4088, 4100]
261.9 :    4 : [4043, 4073, 4074, 4075]
262.0 :    5 : [4093, 4104, 4106, 4116, 4130]
262.1 :    2 : [4039, 4099]
262.2 :    6 : [4041, 4050, 4051, 4082, 4127, 4131]
262.3 :    4 : [4045, 4081, 4114, 4120]
262.4 :    5 : [4048, 4053, 4056, 4080, 4103]
262.5 :    1 : [4035]
262.6 :    3 : [4037, 4086, 4101]
262.7 :    2 : [4044, 4117]
262.8 :    1 : [4091]
262.9 :    4 : [4087, 4096, 4111, 4124]
263.0 :    5 : [4068, 4077, 4102, 4115, 4122]
263.2 :    1 : [4110]
263.3 :    3 : [4063, 4066, 4118]
263.6 :    4 : [4052, 4090, 4095, 4126]
263.7 :    4 : [4069, 4098, 4129, 4134]
263.8 :   25 : [4036, 4038, 4040, 4042, 4047, 4060, 4064, 4065, 4067, 4070, 4071, 4076, 4079, 4083, 4085, 4089, 4094, 4107, 4108, 4109, 4113, 4123, 4128, 4132, 4133]
263.9 :    5 : [4054, 4084, 4092, 4119, 4121]
264.0 :    1 : [4058]
264.1 :   12 : [4046, 4049, 4055, 4057, 4061, 4072, 4078, 4097, 4100, 4105, 4112, 4125]
264.2 :    4 : [4043, 4059, 4062, 4088]
264.3 :    5 : [4073, 4074, 4075, 4106, 4116]
264.4 :    3 : [4093, 4104, 4130]
264.5 :    7 : [4039, 4041, 4050, 4051, 4082, 4099, 4127]
264.6 :    5 : [4045, 4081, 4114, 4120, 4131]
264.7 :    6 : [4035, 4048, 4053, 4056, 4080, 4103]
264.9 :    4 : [4037, 4044, 4086, 4101]
265.0 :    2 : [4091, 4117]
265.1 :    3 : [4087, 4096, 4111]
265.2 :    6 : [4068, 4077, 4102, 4115, 4122, 4124]
265.4 :    1 : [4110]
265.5 :    3 : [4063, 4066, 4118]
265.8 :    2 : [4095, 4126]
265.9 :    4 : [4052, 4069, 4090, 4098]
266.0 :    3 : [4038, 4129, 4134]
266.1 :   24 : [4036, 4040, 4042, 4047, 4060, 4064, 4065, 4067, 4070, 4071, 4076, 4079, 4083, 4085, 4089, 4094, 4107, 4108, 4109, 4113, 4123, 4128, 4132, 4133]
266.2 :    5 : [4054, 4084, 4092, 4119, 4121]
266.3 :    1 : [4058]
266.4 :   12 : [4046, 4049, 4055, 4057, 4061, 4072, 4078, 4097, 4100, 4105, 4112, 4125]
266.5 :    1 : [4043]
266.6 :    4 : [4059, 4062, 4088, 4106]
266.7 :    5 : [4073, 4074, 4075, 4104, 4116]
266.8 :    5 : [4041, 4051, 4082, 4093, 4130]
266.9 :    8 : [4035, 4039, 4045, 4050, 4099, 4120, 4127, 4131]
267.0 :    7 : [4048, 4053, 4056, 4080, 4081, 4103, 4114]
267.1 :    1 : [4044]
267.2 :    3 : [4037, 4086, 4101]
267.3 :    3 : [4091, 4111, 4117]
267.4 :    5 : [4068, 4077, 4087, 4096, 4102]
267.5 :    3 : [4115, 4122, 4124]
267.6 :    1 : [4110]
267.7 :    3 : [4063, 4066, 4118]
268.0 :    2 : [4095, 4126]
268.1 :    1 : [4098]
268.2 :    5 : [4038, 4052, 4069, 4090, 4134]
268.3 :    1 : [4129]
268.4 :   24 : [4036, 4040, 4042, 4047, 4060, 4064, 4065, 4067, 4070, 4071, 4076, 4079, 4083, 4085, 4089, 4094, 4107, 4108, 4109, 4113, 4123, 4128, 4132, 4133]
268.5 :    5 : [4054, 4084, 4092, 4119, 4121]
268.6 :    1 : [4058]
268.7 :   12 : [4046, 4049, 4055, 4057, 4061, 4072, 4078, 4097, 4100, 4105, 4112, 4125]
268.8 :    2 : [4043, 4106]
268.9 :    3 : [4059, 4062, 4088]
269.0 :    3 : [4075, 4104, 4116]
269.1 :    5 : [4041, 4051, 4073, 4074, 4082]
269.2 :    8 : [4035, 4045, 4050, 4093, 4099, 4127, 4130, 4131]
269.3 :    8 : [4039, 4048, 4053, 4080, 4081, 4103, 4114, 4120]
269.4 :    2 : [4044, 4056]
269.5 :    3 : [4037, 4086, 4101]
269.6 :    3 : [4091, 4111, 4117]
269.7 :    5 : [4068, 4077, 4087, 4096, 4102]
269.8 :    4 : [4110, 4115, 4122, 4124]
269.9 :    1 : [4066]
270.0 :    2 : [4063, 4118]
270.2 :    2 : [4095, 4126]
270.3 :    1 : [4098]
270.4 :    5 : [4038, 4052, 4069, 4090, 4134]
270.6 :    1 : [4129]
270.7 :   25 : [4036, 4040, 4042, 4047, 4060, 4064, 4065, 4067, 4070, 4071, 4076, 4079, 4083, 4084, 4085, 4089, 4094, 4107, 4108, 4109, 4113, 4123, 4128, 4132, 4133]
270.8 :    4 : [4054, 4092, 4119, 4121]
270.9 :    1 : [4058]
271.0 :   13 : [4046, 4049, 4055, 4057, 4061, 4072, 4078, 4097, 4100, 4105, 4106, 4112, 4125]
271.1 :    1 : [4043]
271.2 :    3 : [4059, 4062, 4088]
271.3 :    3 : [4075, 4104, 4116]
271.4 :    5 : [4041, 4051, 4073, 4074, 4082]
271.5 :    6 : [4035, 4045, 4050, 4099, 4127, 4131]
271.6 :    9 : [4048, 4053, 4080, 4081, 4093, 4103, 4114, 4120, 4130]
271.7 :    2 : [4039, 4044]
271.8 :    3 : [4056, 4086, 4101]
271.9 :    3 : [4037, 4111, 4117]
272.0 :    6 : [4068, 4077, 4087, 4091, 4096, 4102]
272.1 :    4 : [4110, 4115, 4122, 4124]
272.2 :    1 : [4066]
272.3 :    2 : [4063, 4118]
272.4 :    2 : [4095, 4126]
272.5 :    1 : [4098]
272.6 :    5 : [4038, 4052, 4069, 4090, 4134]
272.8 :    1 : [4129]
272.9 :   25 : [4036, 4040, 4042, 4047, 4060, 4064, 4065, 4067, 4070, 4071, 4076, 4079, 4083, 4084, 4085, 4089, 4094, 4107, 4108, 4109, 4113, 4123, 4128, 4132, 4133]
273.1 :    4 : [4054, 4092, 4119, 4121]
273.2 :    3 : [4058, 4100, 4106]
273.3 :   11 : [4046, 4049, 4055, 4057, 4061, 4072, 4078, 4097, 4105, 4112, 4125]
273.4 :    1 : [4043]
273.5 :    3 : [4059, 4062, 4088]
273.6 :    3 : [4075, 4104, 4116]
273.7 :    6 : [4035, 4041, 4051, 4073, 4074, 4082]
273.8 :    6 : [4045, 4048, 4050, 4099, 4127, 4131]
273.9 :    7 : [4053, 4080, 4081, 4103, 4114, 4120, 4130]
274.0 :    3 : [4039, 4044, 4093]
274.1 :    1 : [4101]
274.2 :    3 : [4056, 4086, 4117]
274.3 :    5 : [4037, 4068, 4077, 4087, 4111]
274.4 :    5 : [4091, 4096, 4102, 4110, 4115]
274.5 :    3 : [4066, 4122, 4124]
274.6 :    3 : [4063, 4095, 4118]
274.7 :    2 : [4098, 4126]
274.8 :    2 : [4069, 4134]
274.9 :    3 : [4038, 4052, 4090]
275.1 :   26 : [4036, 4040, 4042, 4047, 4060, 4064, 4065, 4067, 4070, 4071, 4076, 4079, 4083, 4084, 4085, 4089, 4094, 4107, 4108, 4109, 4113, 4123, 4128, 4129, 4132, 4133]
275.3 :    4 : [4054, 4092, 4119, 4121]
275.4 :    2 : [4100, 4106]
275.5 :    1 : [4058]
275.6 :   12 : [4043, 4046, 4049, 4055, 4057, 4061, 4072, 4078, 4097, 4105, 4112, 4125]
275.8 :    5 : [4059, 4062, 4088, 4104, 4116]
275.9 :    3 : [4035, 4051, 4075]
276.0 :    5 : [4041, 4073, 4074, 4082, 4099]
276.1 :    5 : [4045, 4048, 4050, 4127, 4131]
276.2 :    7 : [4053, 4080, 4081, 4103, 4114, 4120, 4130]
276.3 :    3 : [4039, 4044, 4093]
276.4 :    1 : [4101]
276.5 :    3 : [4056, 4086, 4117]
276.6 :    3 : [4068, 4077, 4087]
276.7 :    4 : [4037, 4091, 4110, 4111]
276.8 :    5 : [4096, 4102, 4115, 4122, 4124]
276.9 :    2 : [4066, 4095]
277.0 :    5 : [4063, 4098, 4118, 4126, 4134]
277.1 :    1 : [4069]
277.2 :    3 : [4038, 4052, 4090]
277.3 :    1 : [4084]
277.4 :   25 : [4036, 4040, 4042, 4047, 4060, 4064, 4065, 4067, 4070, 4071, 4076, 4079, 4083, 4085, 4089, 4094, 4107, 4108, 4109, 4113, 4123, 4128, 4129, 4132, 4133]
277.5 :    1 : [4054]
277.6 :    5 : [4092, 4100, 4106, 4119, 4121]
277.7 :    1 : [4058]
277.8 :    6 : [4043, 4046, 4061, 4072, 4078, 4112]
277.9 :    6 : [4049, 4055, 4057, 4097, 4105, 4125]
278.0 :    2 : [4104, 4116]
278.1 :    6 : [4035, 4051, 4059, 4062, 4075, 4088]
278.2 :    3 : [4041, 4082, 4099]
278.3 :    3 : [4050, 4073, 4074]
278.4 :    4 : [4045, 4048, 4127, 4131]
278.5 :    7 : [4053, 4080, 4081, 4103, 4114, 4120, 4130]
278.6 :    3 : [4039, 4044, 4093]
278.7 :    1 : [4101]
278.8 :    3 : [4056, 4086, 4117]
278.9 :    3 : [4068, 4077, 4087]
279.0 :    4 : [4037, 4091, 4110, 4111]
279.1 :    1 : [4096]
279.2 :    6 : [4066, 4095, 4102, 4115, 4122, 4124]
279.3 :    5 : [4063, 4098, 4118, 4126, 4134]
279.4 :    1 : [4069]
279.5 :    3 : [4038, 4052, 4090]
279.6 :    1 : [4084]
279.7 :   25 : [4036, 4040, 4042, 4047, 4060, 4064, 4065, 4067, 4070, 4071, 4076, 4079, 4083, 4085, 4089, 4094, 4107, 4108, 4109, 4113, 4123, 4128, 4129, 4132, 4133]
279.8 :    2 : [4054, 4106]
279.9 :    4 : [4092, 4100, 4119, 4121]
280.0 :    2 : [4043, 4058]
280.1 :    5 : [4046, 4061, 4072, 4078, 4112]
280.2 :    8 : [4049, 4055, 4057, 4097, 4104, 4105, 4116, 4125]
280.3 :    3 : [4035, 4051, 4075]
280.4 :    6 : [4041, 4059, 4062, 4082, 4088, 4099]
280.5 :    1 : [4050]
280.6 :    3 : [4048, 4073, 4074]
280.7 :    4 : [4045, 4114, 4127, 4131]
280.8 :    8 : [4039, 4044, 4053, 4080, 4081, 4103, 4120, 4130]
280.9 :    2 : [4093, 4101]
281.1 :    3 : [4056, 4086, 4117]
281.2 :    3 : [4068, 4077, 4087]
281.3 :    4 : [4037, 4091, 4110, 4111]
281.4 :    1 : [4096]
281.5 :    5 : [4066, 4095, 4115, 4122, 4134]
281.6 :    5 : [4098, 4102, 4118, 4124, 4126]
281.7 :    1 : [4063]
281.8 :    2 : [4038, 4069]
281.9 :    3 : [4052, 4084, 4090]
282.0 :   24 : [4036, 4040, 4042, 4047, 4060, 4064, 4065, 4067, 4070, 4071, 4076, 4079, 4083, 4085, 4089, 4094, 4107, 4108, 4109, 4113, 4123, 4128, 4132, 4133]
282.1 :    3 : [4054, 4106, 4129]
282.2 :    4 : [4092, 4100, 4119, 4121]
282.3 :    2 : [4043, 4058]
282.4 :    6 : [4046, 4061, 4072, 4078, 4112, 4116]
282.5 :   10 : [4035, 4049, 4051, 4055, 4057, 4075, 4097, 4104, 4105, 4125]
282.6 :    3 : [4041, 4082, 4099]
282.7 :    4 : [4050, 4059, 4062, 4088]
282.8 :    1 : [4048]
282.9 :    5 : [4045, 4073, 4074, 4114, 4127]
283.0 :    7 : [4039, 4044, 4053, 4080, 4081, 4120, 4131]
283.1 :    3 : [4101, 4103, 4130]
283.2 :    1 : [4093]
283.4 :    5 : [4056, 4068, 4086, 4087, 4117]
283.5 :    1 : [4077]
283.6 :    4 : [4037, 4091, 4110, 4111]
283.7 :    1 : [4096]
283.8 :    6 : [4066, 4095, 4098, 4115, 4122, 4134]
283.9 :    4 : [4102, 4118, 4124, 4126]
284.0 :    1 : [4063]
284.1 :    2 : [4038, 4069]
284.2 :    3 : [4052, 4084, 4090]
284.4 :   26 : [4036, 4040, 4042, 4047, 4054, 4060, 4064, 4065, 4067, 4070, 4071, 4076, 4079, 4083, 4085, 4089, 4094, 4106, 4107, 4108, 4109, 4113, 4123, 4128, 4132, 4133]
284.5 :    5 : [4092, 4100, 4119, 4121, 4129]
284.6 :    2 : [4043, 4058]
284.7 :    8 : [4035, 4046, 4051, 4061, 4072, 4078, 4112, 4116]
284.8 :    8 : [4049, 4055, 4057, 4075, 4097, 4104, 4105, 4125]
284.9 :    3 : [4041, 4082, 4099]
285.0 :    5 : [4048, 4050, 4059, 4062, 4088]
285.1 :    3 : [4045, 4114, 4127]
285.2 :    9 : [4039, 4044, 4053, 4073, 4074, 4080, 4081, 4120, 4131]
285.3 :    2 : [4101, 4103]
285.4 :    1 : [4130]
285.5 :    1 : [4093]
285.6 :    3 : [4068, 4087, 4117]
285.7 :    2 : [4056, 4086]
285.8 :    3 : [4077, 4110, 4111]
285.9 :    2 : [4037, 4091]
286.0 :    4 : [4066, 4096, 4098, 4134]
286.1 :    4 : [4095, 4115, 4122, 4126]
286.2 :    3 : [4102, 4118, 4124]
286.3 :    1 : [4063]
286.4 :    2 : [4038, 4069]
286.5 :    3 : [4052, 4084, 4090]
286.6 :    1 : [4106]
286.8 :   25 : [4036, 4040, 4042, 4047, 4054, 4060, 4064, 4065, 4067, 4070, 4071, 4076, 4079, 4083, 4085, 4089, 4094, 4107, 4108, 4109, 4113, 4123, 4128, 4132, 4133]
286.9 :    6 : [4043, 4092, 4100, 4119, 4121, 4129]
287.0 :    4 : [4035, 4051, 4058, 4116]
287.1 :   13 : [4046, 4049, 4055, 4057, 4061, 4072, 4075, 4078, 4097, 4104, 4105, 4112, 4125]
287.2 :    3 : [4041, 4082, 4099]
287.3 :    6 : [4048, 4050, 4059, 4062, 4088, 4127]
287.4 :    7 : [4039, 4044, 4045, 4080, 4081, 4114, 4120]
287.5 :    6 : [4053, 4073, 4074, 4101, 4103, 4131]
287.7 :    1 : [4130]
287.8 :    4 : [4068, 4087, 4093, 4117]
287.9 :    2 : [4056, 4086]
288.0 :    2 : [4110, 4111]
288.1 :    2 : [4077, 4091]
288.2 :    3 : [4037, 4098, 4134]
288.3 :    6 : [4066, 4095, 4096, 4115, 4122, 4126]
288.5 :    4 : [4063, 4102, 4118, 4124]
288.6 :    1 : [4038]
288.7 :    1 : [4069]
288.8 :    4 : [4052, 4084, 4090, 4106]
289.1 :    1 : [4132]
289.2 :   25 : [4036, 4040, 4042, 4047, 4054, 4060, 4064, 4065, 4067, 4070, 4071, 4076, 4079, 4083, 4085, 4089, 4094, 4100, 4107, 4108, 4109, 4113, 4123, 4128, 4133]
289.3 :    8 : [4035, 4043, 4051, 4092, 4116, 4119, 4121, 4129]
289.4 :    2 : [4058, 4075]
289.5 :   15 : [4041, 4046, 4049, 4055, 4057, 4061, 4072, 4078, 4082, 4097, 4099, 4104, 4105, 4112, 4125]
289.6 :    6 : [4048, 4050, 4059, 4062, 4088, 4127]
289.7 :    7 : [4039, 4044, 4045, 4080, 4081, 4114, 4120]
289.8 :    6 : [4053, 4073, 4074, 4101, 4103, 4131]
290.0 :    4 : [4068, 4087, 4117, 4130]
290.1 :    3 : [4056, 4086, 4093]
290.2 :    2 : [4110, 4111]
290.3 :    1 : [4091]
290.4 :    4 : [4037, 4077, 4098, 4134]
290.5 :    5 : [4066, 4095, 4115, 4122, 4126]
290.6 :    1 : [4096]
290.8 :    5 : [4038, 4063, 4102, 4118, 4124]
291.0 :    2 : [4069, 4106]
291.1 :    3 : [4052, 4084, 4090]
291.4 :    1 : [4132]
291.5 :   25 : [4036, 4040, 4042, 4047, 4054, 4060, 4064, 4065, 4067, 4070, 4071, 4076, 4079, 4083, 4085, 4089, 4094, 4100, 4107, 4108, 4109, 4113, 4123, 4128, 4133]
291.6 :    4 : [4035, 4043, 4051, 4116]
291.7 :    4 : [4092, 4119, 4121, 4129]
291.8 :    4 : [4058, 4075, 4099, 4104]
291.9 :   15 : [4041, 4046, 4049, 4050, 4055, 4057, 4061, 4072, 4078, 4082, 4097, 4105, 4112, 4125, 4127]
292.0 :   11 : [4039, 4044, 4045, 4048, 4059, 4062, 4080, 4081, 4088, 4114, 4120]
292.1 :    6 : [4053, 4073, 4074, 4101, 4103, 4131]
292.2 :    1 : [4068]
292.3 :    4 : [4086, 4087, 4117, 4130]
292.4 :    2 : [4056, 4093]
292.5 :    3 : [4091, 4110, 4111]
292.6 :    4 : [4037, 4077, 4098, 4134]
292.7 :    5 : [4066, 4095, 4115, 4122, 4126]
292.8 :    1 : [4096]
293.0 :    2 : [4038, 4124]
293.1 :    3 : [4063, 4102, 4118]
293.2 :    1 : [4106]
293.3 :    3 : [4052, 4069, 4084]
293.4 :    1 : [4090]
293.7 :    1 : [4132]
293.8 :   25 : [4036, 4040, 4042, 4047, 4054, 4060, 4064, 4065, 4067, 4070, 4071, 4076, 4079, 4083, 4085, 4089, 4094, 4100, 4107, 4108, 4109, 4113, 4123, 4128, 4133]
293.9 :    4 : [4035, 4043, 4051, 4116]
294.0 :    3 : [4092, 4119, 4121]
294.1 :    3 : [4099, 4104, 4129]
294.2 :    5 : [4050, 4058, 4075, 4082, 4127]
294.3 :   18 : [4039, 4041, 4044, 4045, 4046, 4049, 4055, 4057, 4061, 4072, 4078, 4080, 4097, 4105, 4112, 4114, 4120, 4125]
294.4 :    8 : [4048, 4053, 4059, 4062, 4081, 4088, 4101, 4103]
294.5 :    4 : [4068, 4073, 4074, 4131]
294.6 :    4 : [4086, 4087, 4117, 4130]
294.7 :    2 : [4056, 4093]
294.8 :    5 : [4037, 4077, 4091, 4110, 4111]
294.9 :    6 : [4066, 4095, 4098, 4115, 4126, 4134]
295.0 :    1 : [4122]
295.1 :    1 : [4096]
295.2 :    2 : [4038, 4124]
295.3 :    3 : [4063, 4102, 4118]
295.4 :    1 : [4106]
295.5 :    3 : [4052, 4069, 4084]
295.6 :    1 : [4090]
296.0 :    1 : [4132]
296.1 :   27 : [4036, 4040, 4042, 4043, 4047, 4054, 4060, 4064, 4065, 4067, 4070, 4071, 4076, 4079, 4083, 4085, 4089, 4094, 4100, 4107, 4108, 4109, 4113, 4116, 4123, 4128, 4133]
296.2 :    2 : [4035, 4051]
296.3 :    3 : [4092, 4119, 4121]
296.4 :    3 : [4099, 4104, 4129]
296.5 :    5 : [4050, 4058, 4075, 4082, 4127]
296.6 :    5 : [4039, 4044, 4045, 4080, 4120]
296.7 :   17 : [4041, 4046, 4048, 4049, 4055, 4057, 4061, 4072, 4078, 4081, 4097, 4101, 4103, 4105, 4112, 4114, 4125]
296.8 :    6 : [4053, 4059, 4062, 4068, 4088, 4131]
296.9 :    4 : [4073, 4074, 4087, 4117]
297.0 :    3 : [4056, 4086, 4130]
297.1 :    6 : [4037, 4077, 4091, 4093, 4110, 4111]
297.2 :    6 : [4066, 4095, 4098, 4115, 4126, 4134]
297.3 :    1 : [4122]
297.4 :    3 : [4038, 4096, 4124]
297.5 :    3 : [4063, 4102, 4118]
297.6 :    1 : [4106]
297.7 :    3 : [4052, 4069, 4084]
297.8 :    1 : [4090]
298.3 :    2 : [4116, 4132]
298.4 :   26 : [4036, 4040, 4042, 4043, 4047, 4054, 4060, 4064, 4065, 4067, 4070, 4071, 4076, 4079, 4083, 4085, 4089, 4094, 4100, 4107, 4108, 4109, 4113, 4123, 4128, 4133]
298.5 :    2 : [4035, 4051]
298.6 :    3 : [4092, 4119, 4121]
298.7 :    3 : [4099, 4104, 4129]
298.8 :    5 : [4050, 4058, 4075, 4082, 4127]
298.9 :    5 : [4039, 4044, 4045, 4080, 4120]
299.0 :    6 : [4041, 4048, 4078, 4081, 4101, 4103]
299.1 :   14 : [4046, 4049, 4053, 4055, 4057, 4061, 4068, 4072, 4097, 4105, 4112, 4114, 4125, 4131]
299.2 :    5 : [4059, 4062, 4087, 4088, 4117]
299.3 :    3 : [4073, 4074, 4086]
299.4 :    5 : [4056, 4077, 4091, 4110, 4130]
299.5 :    9 : [4037, 4066, 4093, 4095, 4098, 4111, 4115, 4126, 4134]
299.6 :    1 : [4122]
299.7 :    3 : [4038, 4096, 4124]
299.8 :    4 : [4063, 4102, 4106, 4118]
299.9 :    2 : [4052, 4069]
300.0 :    1 : [4084]
300.1 :    1 : [4090]
300.5 :    2 : [4116, 4132]
300.6 :    2 : [4043, 4100]
300.7 :   26 : [4035, 4036, 4040, 4042, 4047, 4051, 4054, 4060, 4064, 4065, 4067, 4070, 4071, 4076, 4079, 4083, 4085, 4089, 4094, 4107, 4108, 4109, 4113, 4123, 4128, 4133]
300.9 :    4 : [4092, 4119, 4121, 4129]
301.0 :    2 : [4099, 4104]
301.1 :    6 : [4044, 4050, 4058, 4075, 4082, 4127]
301.2 :    4 : [4039, 4045, 4080, 4120]
301.3 :    6 : [4041, 4048, 4078, 4081, 4101, 4103]
301.4 :   14 : [4046, 4049, 4053, 4055, 4057, 4061, 4068, 4072, 4097, 4105, 4112, 4114, 4125, 4131]
301.5 :    2 : [4087, 4117]
301.6 :    4 : [4059, 4062, 4086, 4088]
301.7 :    3 : [4073, 4074, 4110]
301.8 :   11 : [4056, 4066, 4077, 4091, 4095, 4098, 4111, 4115, 4126, 4130, 4134]
301.9 :    2 : [4037, 4093]
302.0 :    3 : [4038, 4096, 4122]
302.1 :    5 : [4063, 4102, 4106, 4118, 4124]
302.2 :    2 : [4052, 4069]
302.3 :    1 : [4084]
302.4 :    1 : [4090]
302.7 :    2 : [4116, 4132]
302.8 :    2 : [4043, 4100]
302.9 :   25 : [4035, 4036, 4040, 4042, 4047, 4051, 4060, 4064, 4065, 4067, 4070, 4071, 4076, 4079, 4083, 4085, 4089, 4094, 4107, 4108, 4109, 4113, 4123, 4128, 4133]
303.0 :    1 : [4054]
303.1 :    1 : [4129]
303.2 :    4 : [4092, 4099, 4119, 4121]
303.3 :    4 : [4044, 4082, 4104, 4127]
303.4 :    4 : [4045, 4050, 4058, 4075]
303.5 :    4 : [4039, 4080, 4103, 4120]
303.6 :    7 : [4041, 4048, 4053, 4068, 4078, 4081, 4101]
303.7 :   12 : [4046, 4049, 4055, 4057, 4061, 4072, 4097, 4105, 4112, 4114, 4125, 4131]
303.8 :    2 : [4087, 4117]
303.9 :    4 : [4059, 4062, 4086, 4088]
304.0 :    1 : [4110]
304.1 :   11 : [4056, 4073, 4074, 4077, 4091, 4095, 4098, 4111, 4115, 4126, 4134]
304.2 :    3 : [4037, 4066, 4130]
304.3 :    4 : [4038, 4093, 4096, 4106]
304.4 :    5 : [4063, 4102, 4118, 4122, 4124]
304.5 :    2 : [4052, 4069]
304.6 :    1 : [4084]
304.7 :    1 : [4090]
304.9 :    1 : [4116]
305.0 :    2 : [4100, 4132]
305.1 :   26 : [4035, 4036, 4040, 4042, 4043, 4047, 4051, 4060, 4064, 4065, 4067, 4070, 4071, 4076, 4079, 4083, 4085, 4089, 4094, 4107, 4108, 4109, 4113, 4123, 4128, 4133]
305.2 :    1 : [4054]
305.3 :    1 : [4129]
305.4 :    2 : [4099, 4121]
305.5 :    5 : [4044, 4082, 4092, 4119, 4127]
305.6 :    4 : [4045, 4050, 4075, 4104]
305.7 :    2 : [4058, 4103]
305.8 :    8 : [4039, 4041, 4048, 4053, 4068, 4080, 4081, 4120]
305.9 :    2 : [4078, 4101]
306.0 :   12 : [4046, 4049, 4055, 4057, 4061, 4072, 4097, 4105, 4112, 4114, 4125, 4131]
306.1 :    2 : [4087, 4117]
306.2 :    4 : [4059, 4062, 4086, 4088]
306.3 :    2 : [4110, 4126]
306.4 :   10 : [4056, 4073, 4074, 4077, 4091, 4095, 4098, 4111, 4115, 4134]
306.5 :    2 : [4037, 4066]
306.6 :    4 : [4038, 4096, 4106, 4130]
306.7 :    2 : [4063, 4093]
306.8 :    5 : [4069, 4102, 4118, 4122, 4124]
306.9 :    2 : [4052, 4084]
307.0 :    1 : [4090]
307.2 :    1 : [4116]
307.3 :    3 : [4035, 4100, 4132]
307.4 :   26 : [4036, 4040, 4042, 4043, 4047, 4051, 4054, 4060, 4064, 4065, 4067, 4070, 4071, 4076, 4079, 4083, 4085, 4089, 4094, 4107, 4108, 4109, 4113, 4123, 4128, 4133]
307.5 :    1 : [4129]
307.6 :    2 : [4099, 4121]
307.7 :    5 : [4044, 4082, 4092, 4119, 4127]
307.8 :    4 : [4045, 4050, 4075, 4104]
307.9 :    1 : [4103]
308.0 :    8 : [4039, 4041, 4048, 4053, 4058, 4068, 4080, 4081]
308.1 :    2 : [4101, 4120]
308.2 :    1 : [4078]
308.3 :   13 : [4046, 4049, 4055, 4057, 4061, 4072, 4087, 4097, 4105, 4112, 4114, 4125, 4131]
308.4 :    2 : [4086, 4117]
308.5 :    4 : [4059, 4062, 4088, 4126]
308.6 :    2 : [4110, 4115]
308.7 :    9 : [4056, 4073, 4074, 4077, 4091, 4095, 4098, 4111, 4134]
308.8 :    3 : [4037, 4038, 4066]
308.9 :    3 : [4096, 4106, 4130]
309.0 :    1 : [4063]
309.1 :    6 : [4069, 4084, 4093, 4118, 4122, 4124]
309.2 :    2 : [4052, 4102]
309.4 :    1 : [4090]
309.5 :    2 : [4035, 4116]
309.6 :    2 : [4100, 4132]
309.7 :   26 : [4036, 4040, 4042, 4043, 4047, 4051, 4054, 4060, 4064, 4065, 4067, 4070, 4071, 4076, 4079, 4083, 4085, 4089, 4094, 4107, 4108, 4109, 4113, 4123, 4128, 4133]
309.8 :    1 : [4129]
309.9 :    4 : [4044, 4082, 4099, 4121]
310.0 :    6 : [4045, 4050, 4075, 4092, 4119, 4127]
310.1 :    2 : [4103, 4104]
310.2 :    8 : [4039, 4041, 4048, 4053, 4058, 4068, 4080, 4081]
310.3 :    1 : [4101]
310.4 :    1 : [4120]
310.5 :    4 : [4078, 4087, 4114, 4131]
310.6 :   12 : [4046, 4049, 4055, 4057, 4061, 4072, 4086, 4097, 4105, 4112, 4117, 4125]
310.7 :    1 : [4126]
310.8 :    3 : [4059, 4062, 4088]
310.9 :    4 : [4098, 4110, 4111, 4115]
311.0 :    7 : [4056, 4073, 4074, 4077, 4091, 4095, 4134]
311.1 :    4 : [4037, 4038, 4066, 4106]
311.2 :    2 : [4096, 4130]
311.3 :    1 : [4063]
311.4 :    6 : [4069, 4084, 4093, 4118, 4122, 4124]
311.5 :    1 : [4052]
311.6 :    1 : [4102]
311.7 :    1 : [4090]
311.8 :    2 : [4035, 4116]
312.0 :   22 : [4036, 4043, 4047, 4051, 4060, 4064, 4065, 4067, 4070, 4071, 4076, 4079, 4083, 4089, 4094, 4100, 4107, 4108, 4113, 4123, 4128, 4132]
312.1 :    7 : [4040, 4042, 4054, 4085, 4109, 4129, 4133]
312.2 :    4 : [4044, 4082, 4099, 4121]
312.3 :    6 : [4045, 4050, 4075, 4092, 4119, 4127]
312.4 :    3 : [4068, 4103, 4104]
312.5 :    8 : [4039, 4041, 4048, 4053, 4058, 4080, 4081, 4101]
312.7 :    5 : [4078, 4087, 4114, 4120, 4131]
312.8 :    8 : [4046, 4057, 4061, 4072, 4086, 4097, 4112, 4117]
312.9 :    5 : [4049, 4055, 4105, 4125, 4126]
313.1 :    5 : [4059, 4062, 4088, 4111, 4115]
313.2 :    2 : [4098, 4110]
313.3 :    7 : [4056, 4073, 4074, 4077, 4091, 4095, 4134]
313.4 :    4 : [4037, 4038, 4066, 4106]
313.5 :    2 : [4096, 4130]
313.6 :    1 : [4063]
313.7 :    6 : [4069, 4084, 4093, 4118, 4122, 4124]
313.8 :    1 : [4052]
313.9 :    1 : [4102]
314.0 :    1 : [4090]
314.2 :    2 : [4035, 4116]
314.4 :   22 : [4036, 4043, 4047, 4051, 4060, 4064, 4065, 4067, 4070, 4071, 4076, 4079, 4083, 4089, 4094, 4100, 4107, 4108, 4113, 4123, 4128, 4132]
314.5 :    9 : [4040, 4042, 4044, 4054, 4082, 4085, 4109, 4129, 4133]
314.6 :    8 : [4045, 4050, 4075, 4092, 4099, 4119, 4121, 4127]
314.7 :    3 : [4068, 4103, 4104]
314.8 :    8 : [4039, 4041, 4048, 4053, 4058, 4080, 4081, 4101]
315.0 :    6 : [4078, 4086, 4087, 4114, 4120, 4131]
315.1 :    8 : [4046, 4057, 4061, 4072, 4097, 4112, 4117, 4126]
315.2 :    4 : [4049, 4055, 4105, 4125]
315.3 :    2 : [4111, 4115]
315.4 :    4 : [4059, 4062, 4088, 4110]
315.5 :    3 : [4056, 4095, 4098]
315.6 :    5 : [4073, 4074, 4077, 4091, 4134]
315.7 :    4 : [4037, 4038, 4066, 4106]
315.8 :    2 : [4096, 4130]
315.9 :    1 : [4063]
316.0 :    6 : [4069, 4084, 4093, 4118, 4122, 4124]
316.1 :    1 : [4052]
316.2 :    1 : [4102]
316.3 :    1 : [4090]
316.6 :    2 : [4035, 4116]
316.8 :   22 : [4036, 4043, 4047, 4051, 4060, 4064, 4065, 4067, 4070, 4071, 4076, 4079, 4083, 4089, 4094, 4100, 4107, 4108, 4113, 4123, 4128, 4132]
316.9 :    9 : [4040, 4042, 4044, 4054, 4082, 4085, 4109, 4129, 4133]
317.0 :   10 : [4045, 4050, 4068, 4075, 4092, 4099, 4104, 4119, 4121, 4127]
317.1 :    9 : [4039, 4041, 4048, 4053, 4058, 4080, 4081, 4101, 4103]
317.3 :    6 : [4078, 4086, 4087, 4114, 4120, 4131]
317.4 :    8 : [4046, 4057, 4061, 4072, 4097, 4112, 4117, 4126]
317.5 :    5 : [4049, 4055, 4105, 4115, 4125]
317.6 :    2 : [4110, 4111]
317.7 :    5 : [4056, 4059, 4062, 4088, 4095]
317.8 :    3 : [4091, 4098, 4134]
317.9 :    4 : [4037, 4073, 4074, 4077]
318.0 :    3 : [4038, 4066, 4106]
318.1 :    2 : [4096, 4130]
318.2 :    1 : [4063]
318.3 :    6 : [4069, 4084, 4093, 4118, 4122, 4124]
318.4 :    1 : [4052]
318.5 :    1 : [4102]
318.6 :    1 : [4090]
318.9 :    2 : [4035, 4116]
319.2 :   22 : [4036, 4043, 4047, 4051, 4060, 4064, 4065, 4067, 4070, 4071, 4076, 4079, 4083, 4089, 4094, 4100, 4107, 4108, 4113, 4123, 4128, 4132]
319.3 :    9 : [4040, 4042, 4044, 4054, 4082, 4085, 4109, 4129, 4133]
319.4 :   11 : [4045, 4050, 4053, 4068, 4075, 4092, 4099, 4104, 4119, 4121, 4127]
319.5 :    8 : [4039, 4041, 4048, 4058, 4080, 4081, 4101, 4103]
319.6 :    6 : [4078, 4086, 4087, 4114, 4120, 4131]
319.7 :    8 : [4046, 4057, 4061, 4072, 4097, 4112, 4117, 4126]
319.8 :    5 : [4049, 4055, 4105, 4115, 4125]
319.9 :    2 : [4110, 4111]
320.0 :    5 : [4056, 4059, 4062, 4088, 4095]
320.1 :    4 : [4037, 4091, 4098, 4134]
320.2 :    5 : [4038, 4073, 4074, 4077, 4106]
320.3 :    2 : [4066, 4096]
320.4 :    2 : [4063, 4130]
320.6 :    6 : [4069, 4084, 4093, 4118, 4122, 4124]
320.7 :    1 : [4052]
320.8 :    1 : [4102]
320.9 :    1 : [4090]
321.2 :    2 : [4035, 4116]
321.5 :   21 : [4036, 4043, 4047, 4051, 4060, 4064, 4065, 4067, 4070, 4071, 4076, 4079, 4083, 4089, 4094, 4107, 4108, 4113, 4123, 4128, 4132]
321.6 :    1 : [4100]
321.7 :    9 : [4040, 4042, 4044, 4054, 4082, 4085, 4109, 4129, 4133]
321.8 :   11 : [4045, 4050, 4053, 4068, 4075, 4092, 4099, 4104, 4119, 4121, 4127]
321.9 :    8 : [4039, 4041, 4048, 4058, 4080, 4081, 4101, 4103]
322.0 :    7 : [4078, 4086, 4087, 4114, 4120, 4126, 4131]
322.1 :   12 : [4046, 4049, 4055, 4057, 4061, 4072, 4097, 4105, 4112, 4115, 4117, 4125]
322.2 :    2 : [4110, 4111]
322.3 :    5 : [4056, 4059, 4062, 4088, 4095]
322.4 :    4 : [4037, 4091, 4098, 4134]
322.5 :    5 : [4038, 4073, 4074, 4077, 4106]
322.6 :    3 : [4063, 4066, 4096]
322.7 :    1 : [4130]
322.8 :    4 : [4069, 4084, 4118, 4122]
322.9 :    3 : [4052, 4093, 4124]
323.1 :    1 : [4102]
323.2 :    1 : [4090]
323.5 :    2 : [4035, 4116]
323.8 :   21 : [4036, 4043, 4047, 4051, 4060, 4064, 4065, 4067, 4070, 4071, 4076, 4079, 4083, 4089, 4094, 4107, 4108, 4113, 4123, 4128, 4132]
323.9 :    1 : [4100]
324.0 :    6 : [4040, 4042, 4044, 4085, 4109, 4133]
324.1 :    4 : [4053, 4054, 4082, 4129]
324.2 :   10 : [4045, 4050, 4068, 4075, 4092, 4099, 4104, 4119, 4121, 4127]
324.3 :    8 : [4039, 4041, 4048, 4058, 4080, 4081, 4101, 4103]
324.4 :    7 : [4078, 4086, 4087, 4114, 4120, 4126, 4131]
324.5 :   12 : [4046, 4049, 4055, 4057, 4061, 4072, 4097, 4105, 4112, 4115, 4117, 4125]
324.6 :    7 : [4056, 4059, 4062, 4088, 4095, 4110, 4111]
324.7 :    4 : [4037, 4091, 4098, 4134]
324.8 :    5 : [4038, 4073, 4074, 4077, 4106]
324.9 :    3 : [4063, 4066, 4096]
325.0 :    2 : [4084, 4130]
325.1 :    4 : [4052, 4069, 4118, 4122]
325.2 :    2 : [4093, 4124]
325.3 :    1 : [4102]
325.4 :    1 : [4090]
325.8 :    2 : [4035, 4116]
326.1 :   21 : [4036, 4043, 4047, 4051, 4060, 4064, 4065, 4067, 4070, 4071, 4076, 4079, 4083, 4089, 4094, 4107, 4108, 4113, 4123, 4128, 4132]
326.2 :    1 : [4100]
326.3 :    6 : [4040, 4042, 4044, 4085, 4109, 4133]
326.4 :    4 : [4053, 4054, 4082, 4129]
326.5 :    7 : [4045, 4050, 4068, 4075, 4104, 4121, 4127]
326.6 :    3 : [4092, 4099, 4119]
326.7 :    8 : [4039, 4041, 4048, 4058, 4080, 4081, 4101, 4103]
326.8 :    7 : [4078, 4086, 4087, 4114, 4120, 4126, 4131]
326.9 :   12 : [4046, 4049, 4055, 4057, 4061, 4072, 4097, 4105, 4112, 4115, 4117, 4125]
327.0 :    7 : [4056, 4059, 4062, 4088, 4095, 4110, 4111]
327.1 :    9 : [4037, 4038, 4073, 4074, 4077, 4091, 4098, 4106, 4134]
327.2 :    3 : [4063, 4066, 4096]
327.3 :    2 : [4084, 4130]
327.4 :    4 : [4052, 4069, 4118, 4122]
327.5 :    2 : [4093, 4124]
327.6 :    2 : [4090, 4102]
328.1 :    2 : [4035, 4116]
328.4 :   21 : [4036, 4043, 4047, 4051, 4060, 4064, 4065, 4067, 4070, 4071, 4076, 4079, 4083, 4089, 4094, 4107, 4108, 4113, 4123, 4128, 4132]
328.5 :    1 : [4100]
328.6 :    6 : [4040, 4042, 4044, 4085, 4109, 4133]
328.7 :    4 : [4053, 4054, 4082, 4129]
328.8 :    7 : [4045, 4050, 4068, 4075, 4104, 4121, 4127]
328.9 :    3 : [4092, 4099, 4119]
329.0 :    7 : [4039, 4041, 4048, 4058, 4080, 4081, 4101]
329.1 :    2 : [4103, 4126]
329.2 :    6 : [4078, 4086, 4087, 4114, 4120, 4131]
329.3 :   12 : [4046, 4049, 4055, 4057, 4061, 4072, 4097, 4105, 4112, 4115, 4117, 4125]
329.4 :    7 : [4056, 4059, 4062, 4088, 4095, 4110, 4111]
329.5 :   10 : [4037, 4038, 4073, 4074, 4077, 4091, 4096, 4098, 4106, 4134]
329.6 :    4 : [4063, 4066, 4084, 4130]
329.7 :    4 : [4052, 4069, 4118, 4122]
329.8 :    2 : [4093, 4124]
329.9 :    2 : [4090, 4102]
330.4 :    2 : [4035, 4116]
330.7 :   21 : [4036, 4043, 4047, 4051, 4060, 4064, 4065, 4067, 4070, 4071, 4076, 4079, 4083, 4089, 4094, 4107, 4108, 4113, 4123, 4128, 4132]
330.8 :    1 : [4100]
330.9 :    6 : [4040, 4042, 4044, 4085, 4109, 4133]
331.0 :    4 : [4053, 4054, 4082, 4129]
331.1 :    7 : [4045, 4050, 4068, 4075, 4104, 4121, 4127]
331.2 :    3 : [4092, 4099, 4119]
331.3 :    7 : [4039, 4041, 4048, 4058, 4080, 4081, 4101]
331.4 :    2 : [4103, 4126]
331.5 :    2 : [4086, 4087]
331.6 :    4 : [4078, 4114, 4120, 4131]
331.7 :   12 : [4046, 4049, 4055, 4057, 4061, 4072, 4097, 4105, 4112, 4115, 4117, 4125]
331.8 :    7 : [4056, 4059, 4062, 4088, 4095, 4110, 4111]
331.9 :   10 : [4037, 4038, 4073, 4074, 4077, 4091, 4096, 4098, 4106, 4134]
332.0 :    5 : [4052, 4063, 4066, 4084, 4130]
332.1 :    5 : [4069, 4093, 4118, 4122, 4124]
332.2 :    2 : [4090, 4102]
332.7 :    2 : [4035, 4116]
332.9 :   21 : [4036, 4043, 4047, 4051, 4060, 4064, 4065, 4067, 4070, 4071, 4076, 4079, 4083, 4089, 4094, 4107, 4108, 4113, 4123, 4128, 4132]
333.1 :    1 : [4100]
333.2 :    6 : [4040, 4042, 4044, 4085, 4109, 4133]
333.3 :    4 : [4053, 4054, 4082, 4129]
333.4 :    7 : [4045, 4050, 4068, 4075, 4104, 4121, 4127]
333.5 :    3 : [4092, 4099, 4119]
333.6 :    7 : [4039, 4041, 4048, 4058, 4080, 4081, 4101]
333.7 :    2 : [4103, 4126]
333.8 :    2 : [4086, 4087]
333.9 :    4 : [4078, 4114, 4120, 4131]
334.0 :    2 : [4115, 4117]
334.1 :   10 : [4046, 4049, 4055, 4057, 4061, 4072, 4097, 4105, 4112, 4125]
334.2 :    7 : [4056, 4059, 4062, 4088, 4095, 4110, 4111]
334.3 :   10 : [4037, 4038, 4073, 4074, 4077, 4091, 4096, 4098, 4106, 4134]
334.4 :    5 : [4052, 4063, 4066, 4084, 4130]
334.5 :    6 : [4069, 4090, 4093, 4118, 4122, 4124]
334.6 :    1 : [4102]
335.0 :    2 : [4035, 4116]
335.1 :   21 : [4036, 4043, 4047, 4051, 4060, 4064, 4065, 4067, 4070, 4071, 4076, 4079, 4083, 4089, 4094, 4107, 4108, 4113, 4123, 4128, 4132]
335.3 :    1 : [4100]
335.4 :    6 : [4040, 4042, 4044, 4085, 4109, 4133]
335.5 :    1 : [4053]
335.6 :    3 : [4054, 4082, 4129]
335.7 :    7 : [4045, 4050, 4068, 4075, 4104, 4121, 4127]
335.8 :    3 : [4092, 4099, 4119]
335.9 :    7 : [4039, 4041, 4048, 4058, 4080, 4081, 4101]
336.0 :    2 : [4103, 4126]
336.1 :    2 : [4086, 4087]
336.2 :    4 : [4078, 4114, 4120, 4131]
336.3 :    2 : [4115, 4117]
336.4 :   10 : [4046, 4049, 4055, 4057, 4061, 4072, 4097, 4105, 4112, 4125]
336.5 :    4 : [4056, 4095, 4110, 4111]
336.6 :    3 : [4059, 4062, 4088]
336.7 :   10 : [4037, 4038, 4073, 4074, 4077, 4091, 4096, 4098, 4106, 4134]
336.8 :    5 : [4052, 4063, 4066, 4084, 4130]
336.9 :    6 : [4069, 4090, 4093, 4118, 4122, 4124]
337.0 :    1 : [4102]
337.3 :    2 : [4035, 4116]
337.4 :   21 : [4036, 4043, 4047, 4051, 4060, 4064, 4065, 4067, 4070, 4071, 4076, 4079, 4083, 4089, 4094, 4107, 4108, 4113, 4123, 4128, 4132]
337.6 :    7 : [4040, 4042, 4044, 4085, 4100, 4109, 4133]
337.7 :    1 : [4053]
337.8 :    1 : [4082]
337.9 :    9 : [4045, 4050, 4054, 4068, 4075, 4104, 4121, 4127, 4129]
338.1 :    3 : [4092, 4099, 4119]
338.2 :    7 : [4039, 4041, 4048, 4058, 4080, 4081, 4101]
338.3 :    2 : [4103, 4126]
338.4 :    2 : [4086, 4087]
338.5 :    4 : [4078, 4114, 4120, 4131]
338.6 :    2 : [4115, 4117]
338.7 :   10 : [4046, 4049, 4055, 4057, 4061, 4072, 4097, 4105, 4112, 4125]
338.8 :    4 : [4056, 4095, 4110, 4111]
338.9 :    3 : [4059, 4062, 4088]
339.0 :    1 : [4096]
339.1 :    9 : [4037, 4038, 4073, 4074, 4077, 4091, 4098, 4106, 4134]
339.2 :    5 : [4052, 4063, 4066, 4084, 4130]
339.3 :    6 : [4069, 4090, 4093, 4118, 4122, 4124]
339.4 :    1 : [4102]
339.6 :    2 : [4035, 4116]
339.7 :   21 : [4036, 4043, 4047, 4051, 4060, 4064, 4065, 4067, 4070, 4071, 4076, 4079, 4083, 4089, 4094, 4107, 4108, 4113, 4123, 4128, 4132]
339.9 :    8 : [4040, 4042, 4044, 4053, 4085, 4100, 4109, 4133]
340.1 :    8 : [4045, 4050, 4068, 4075, 4082, 4104, 4121, 4127]
340.2 :    2 : [4054, 4129]
340.3 :    2 : [4092, 4119]
340.4 :    8 : [4039, 4041, 4048, 4058, 4080, 4081, 4099, 4101]
340.5 :    1 : [4126]
340.6 :    1 : [4103]
340.7 :    2 : [4086, 4087]
340.8 :    4 : [4078, 4114, 4120, 4131]
340.9 :    2 : [4115, 4117]
341.0 :   10 : [4046, 4049, 4055, 4057, 4061, 4072, 4097, 4105, 4112, 4125]
341.1 :    4 : [4056, 4095, 4110, 4111]
341.2 :    3 : [4059, 4062, 4088]
341.3 :    1 : [4096]
341.4 :    9 : [4037, 4038, 4073, 4074, 4077, 4091, 4098, 4106, 4134]
341.5 :    3 : [4052, 4063, 4084]
341.6 :    2 : [4066, 4130]
341.7 :    6 : [4069, 4090, 4093, 4118, 4122, 4124]
341.8 :    1 : [4102]
342.0 :   20 : [4035, 4036, 4047, 4060, 4064, 4065, 4067, 4070, 4071, 4076, 4079, 4083, 4089, 4094, 4107, 4108, 4113, 4116, 4123, 4132]
342.1 :    3 : [4043, 4051, 4128]
342.2 :    8 : [4040, 4042, 4044, 4053, 4085, 4100, 4109, 4133]
342.4 :    8 : [4045, 4050, 4068, 4075, 4082, 4104, 4121, 4127]
342.5 :    2 : [4054, 4129]
342.6 :    9 : [4039, 4041, 4048, 4058, 4080, 4081, 4092, 4101, 4119]
342.7 :    2 : [4099, 4126]
342.8 :    1 : [4103]
342.9 :    2 : [4086, 4087]
343.1 :    4 : [4078, 4114, 4120, 4131]
343.2 :    2 : [4115, 4117]
343.3 :   10 : [4046, 4049, 4055, 4057, 4061, 4072, 4097, 4105, 4112, 4125]
343.4 :    4 : [4056, 4095, 4110, 4111]
343.5 :    3 : [4059, 4062, 4088]
343.6 :    1 : [4096]
343.7 :    9 : [4037, 4038, 4073, 4074, 4077, 4091, 4098, 4106, 4134]
343.8 :    3 : [4052, 4063, 4084]
343.9 :    2 : [4066, 4130]
344.0 :    2 : [4090, 4118]
344.1 :    4 : [4069, 4093, 4122, 4124]
344.2 :    1 : [4102]
344.4 :   20 : [4035, 4036, 4047, 4060, 4064, 4065, 4067, 4070, 4071, 4076, 4079, 4083, 4089, 4094, 4107, 4108, 4113, 4116, 4123, 4132]
344.5 :    5 : [4043, 4044, 4051, 4053, 4128]
344.6 :    6 : [4040, 4042, 4085, 4100, 4109, 4133]
344.7 :    8 : [4045, 4050, 4068, 4075, 4082, 4104, 4121, 4127]
344.8 :    2 : [4054, 4129]
344.9 :    9 : [4039, 4041, 4048, 4058, 4080, 4081, 4092, 4101, 4119]
345.0 :    2 : [4099, 4126]
345.1 :    3 : [4086, 4087, 4103]
345.3 :    2 : [4078, 4131]
345.4 :    4 : [4114, 4115, 4117, 4120]
345.6 :   10 : [4046, 4049, 4055, 4057, 4061, 4072, 4097, 4105, 4112, 4125]
345.7 :    4 : [4056, 4095, 4110, 4111]
345.8 :    3 : [4059, 4062, 4088]
345.9 :    1 : [4096]
346.0 :    9 : [4037, 4038, 4073, 4074, 4077, 4091, 4098, 4106, 4134]
346.1 :    3 : [4052, 4063, 4084]
346.2 :    2 : [4066, 4130]
346.3 :    2 : [4090, 4118]
346.4 :    3 : [4069, 4122, 4124]
346.5 :    1 : [4093]
346.6 :    1 : [4102]
346.8 :   20 : [4035, 4036, 4047, 4060, 4064, 4065, 4067, 4070, 4071, 4076, 4079, 4083, 4089, 4094, 4107, 4108, 4113, 4116, 4123, 4132]
346.9 :    5 : [4043, 4044, 4051, 4053, 4128]
347.0 :   10 : [4040, 4042, 4050, 4068, 4075, 4085, 4100, 4109, 4127, 4133]
347.1 :    6 : [4045, 4054, 4082, 4104, 4121, 4129]
347.2 :    9 : [4039, 4041, 4048, 4058, 4080, 4081, 4092, 4101, 4119]
347.3 :    2 : [4099, 4126]
347.4 :    3 : [4086, 4087, 4103]
347.6 :    4 : [4078, 4115, 4117, 4131]
347.7 :    2 : [4114, 4120]
347.8 :    6 : [4046, 4057, 4061, 4072, 4097, 4112]
347.9 :    8 : [4049, 4055, 4056, 4095, 4105, 4110, 4111, 4125]
348.1 :    3 : [4059, 4062, 4088]
348.2 :    1 : [4096]
348.3 :    9 : [4037, 4038, 4073, 4074, 4077, 4091, 4098, 4106, 4134]
348.4 :    3 : [4052, 4063, 4084]
348.5 :    2 : [4066, 4130]
348.6 :    2 : [4090, 4118]
348.7 :    3 : [4069, 4122, 4124]
348.8 :    1 : [4093]
348.9 :    1 : [4102]
349.2 :   20 : [4035, 4036, 4047, 4060, 4064, 4065, 4067, 4070, 4071, 4076, 4079, 4083, 4089, 4094, 4107, 4108, 4113, 4116, 4123, 4132]
349.3 :    5 : [4043, 4044, 4051, 4053, 4128]
349.4 :   10 : [4040, 4042, 4050, 4068, 4075, 4085, 4100, 4109, 4127, 4133]
349.5 :    9 : [4041, 4045, 4048, 4054, 4082, 4101, 4104, 4121, 4129]
349.6 :    8 : [4039, 4058, 4080, 4081, 4092, 4099, 4119, 4126]
349.7 :    3 : [4086, 4087, 4103]
349.9 :    4 : [4078, 4115, 4117, 4131]
350.0 :    2 : [4114, 4120]
350.1 :   10 : [4046, 4056, 4057, 4061, 4072, 4095, 4097, 4110, 4111, 4112]
350.2 :    4 : [4049, 4055, 4105, 4125]
350.4 :    4 : [4059, 4062, 4088, 4096]
350.6 :    9 : [4037, 4038, 4073, 4074, 4077, 4091, 4098, 4106, 4134]
350.7 :    3 : [4052, 4063, 4084]
350.8 :    2 : [4066, 4130]
350.9 :    2 : [4090, 4118]
351.0 :    3 : [4069, 4122, 4124]
351.1 :    1 : [4093]
351.2 :    1 : [4102]
351.5 :   18 : [4036, 4047, 4060, 4064, 4065, 4067, 4070, 4071, 4076, 4079, 4083, 4089, 4094, 4107, 4108, 4113, 4123, 4132]
351.6 :    3 : [4035, 4053, 4116]
351.7 :    4 : [4043, 4044, 4051, 4128]
351.8 :   10 : [4040, 4042, 4050, 4068, 4075, 4085, 4100, 4109, 4127, 4133]
351.9 :    9 : [4041, 4045, 4048, 4054, 4082, 4101, 4104, 4121, 4129]
352.0 :   10 : [4039, 4058, 4080, 4081, 4086, 4087, 4092, 4099, 4119, 4126]
352.1 :    1 : [4103]
352.2 :    4 : [4078, 4115, 4117, 4131]
352.3 :    2 : [4114, 4120]
352.4 :   10 : [4046, 4056, 4057, 4061, 4072, 4095, 4097, 4110, 4111, 4112]
352.5 :    4 : [4049, 4055, 4105, 4125]
352.6 :    1 : [4096]
352.7 :    3 : [4059, 4062, 4088]
352.8 :    5 : [4037, 4038, 4091, 4106, 4134]
352.9 :    7 : [4052, 4063, 4073, 4074, 4077, 4084, 4098]
353.1 :    2 : [4066, 4130]
353.2 :    2 : [4090, 4118]
353.3 :    3 : [4069, 4122, 4124]
353.4 :    1 : [4093]
353.5 :    1 : [4102]
353.8 :   18 : [4036, 4047, 4060, 4064, 4065, 4067, 4070, 4071, 4076, 4079, 4083, 4089, 4094, 4107, 4108, 4113, 4123, 4132]
353.9 :    3 : [4035, 4053, 4116]
354.0 :    3 : [4043, 4044, 4128]
354.1 :    1 : [4051]
354.2 :   10 : [4040, 4042, 4050, 4068, 4075, 4085, 4100, 4109, 4127, 4133]
354.3 :    9 : [4041, 4045, 4048, 4054, 4082, 4101, 4104, 4121, 4129]
354.4 :   10 : [4039, 4058, 4080, 4081, 4086, 4087, 4092, 4099, 4119, 4126]
354.5 :    2 : [4103, 4115]
354.6 :    5 : [4078, 4114, 4117, 4120, 4131]
354.7 :   10 : [4046, 4056, 4057, 4061, 4072, 4095, 4097, 4110, 4111, 4112]
354.8 :    4 : [4049, 4055, 4105, 4125]
354.9 :    1 : [4096]
355.0 :    3 : [4059, 4062, 4088]
355.1 :    8 : [4037, 4038, 4052, 4063, 4084, 4091, 4106, 4134]
355.2 :    4 : [4073, 4074, 4077, 4098]
355.4 :    4 : [4066, 4090, 4118, 4130]
355.6 :    3 : [4069, 4122, 4124]
355.7 :    1 : [4093]
355.8 :    1 : [4102]
356.1 :   18 : [4036, 4047, 4060, 4064, 4065, 4067, 4070, 4071, 4076, 4079, 4083, 4089, 4094, 4107, 4108, 4113, 4123, 4132]
356.2 :    3 : [4035, 4053, 4116]
356.3 :    3 : [4043, 4044, 4128]
356.4 :    1 : [4051]
356.5 :    8 : [4040, 4042, 4050, 4068, 4075, 4085, 4109, 4127]
356.6 :    2 : [4100, 4133]
356.7 :    9 : [4041, 4045, 4048, 4054, 4082, 4101, 4104, 4121, 4129]
356.8 :   10 : [4039, 4058, 4080, 4081, 4086, 4087, 4092, 4099, 4119, 4126]
356.9 :    2 : [4103, 4115]
357.0 :    7 : [4056, 4078, 4095, 4114, 4117, 4120, 4131]
357.1 :   12 : [4046, 4049, 4055, 4057, 4061, 4072, 4097, 4105, 4110, 4111, 4112, 4125]
357.2 :    1 : [4096]
357.3 :    3 : [4059, 4062, 4088]
357.4 :    8 : [4037, 4038, 4052, 4063, 4084, 4091, 4106, 4134]
357.5 :    4 : [4073, 4074, 4077, 4098]
357.6 :    2 : [4090, 4118]
357.7 :    2 : [4066, 4130]
357.8 :    2 : [4069, 4122]
357.9 :    1 : [4124]
358.0 :    1 : [4093]
358.1 :    1 : [4102]
358.4 :   18 : [4036, 4047, 4060, 4064, 4065, 4067, 4070, 4071, 4076, 4079, 4083, 4089, 4094, 4107, 4108, 4113, 4123, 4132]
358.5 :    3 : [4035, 4053, 4116]
358.6 :    3 : [4043, 4044, 4128]
358.7 :    1 : [4051]
358.8 :    8 : [4040, 4042, 4050, 4068, 4075, 4085, 4109, 4127]
358.9 :    2 : [4100, 4133]
359.0 :    5 : [4041, 4045, 4048, 4101, 4104]
359.1 :    5 : [4054, 4082, 4121, 4126, 4129]
359.2 :    9 : [4039, 4058, 4080, 4081, 4086, 4087, 4092, 4099, 4119]
359.3 :    2 : [4103, 4115]
359.4 :    7 : [4056, 4078, 4095, 4114, 4117, 4120, 4131]
359.5 :   13 : [4046, 4049, 4055, 4057, 4061, 4072, 4096, 4097, 4105, 4110, 4111, 4112, 4125]
359.6 :    3 : [4059, 4062, 4088]
359.7 :    8 : [4037, 4038, 4052, 4063, 4084, 4091, 4106, 4134]
359.8 :    4 : [4073, 4074, 4077, 4098]
359.9 :    2 : [4090, 4118]
360.0 :    2 : [4066, 4130]
360.1 :    2 : [4069, 4122]
360.2 :    1 : [4124]
360.3 :    2 : [4093, 4102]
360.7 :   18 : [4036, 4047, 4060, 4064, 4065, 4067, 4070, 4071, 4076, 4079, 4083, 4089, 4094, 4107, 4108, 4113, 4123, 4132]
360.8 :    3 : [4035, 4053, 4116]
360.9 :    3 : [4043, 4044, 4128]
361.0 :    1 : [4051]
361.1 :    8 : [4040, 4042, 4050, 4068, 4075, 4085, 4109, 4127]
361.2 :    2 : [4100, 4133]
361.3 :    5 : [4041, 4045, 4048, 4101, 4104]
361.4 :    5 : [4054, 4082, 4121, 4126, 4129]
361.5 :    4 : [4039, 4058, 4086, 4087]
361.6 :    5 : [4080, 4081, 4092, 4099, 4119]
361.7 :    2 : [4103, 4115]
361.8 :    7 : [4056, 4078, 4095, 4114, 4117, 4120, 4131]
361.9 :   13 : [4046, 4049, 4055, 4057, 4061, 4072, 4096, 4097, 4105, 4110, 4111, 4112, 4125]
362.0 :    5 : [4052, 4059, 4062, 4084, 4088]
362.1 :   10 : [4037, 4038, 4063, 4073, 4074, 4077, 4091, 4098, 4106, 4134]
362.2 :    2 : [4090, 4118]
362.3 :    2 : [4066, 4130]
362.4 :    2 : [4069, 4122]
362.5 :    1 : [4124]
362.6 :    2 : [4093, 4102]
362.9 :   18 : [4036, 4047, 4060, 4064, 4065, 4067, 4070, 4071, 4076, 4079, 4083, 4089, 4094, 4107, 4108, 4113, 4123, 4132]
363.0 :    1 : [4053]
363.1 :    2 : [4035, 4116]
363.2 :    3 : [4043, 4044, 4128]
363.3 :    1 : [4051]
363.4 :    8 : [4040, 4042, 4050, 4068, 4075, 4085, 4109, 4127]
363.5 :    2 : [4100, 4133]
363.6 :    5 : [4041, 4045, 4048, 4101, 4104]
363.7 :    5 : [4054, 4082, 4121, 4126, 4129]
363.8 :    4 : [4039, 4058, 4086, 4087]
363.9 :    5 : [4080, 4081, 4092, 4099, 4119]
364.0 :    1 : [4115]
364.1 :    1 : [4103]
364.2 :    7 : [4056, 4078, 4095, 4114, 4117, 4120, 4131]
364.3 :   13 : [4046, 4049, 4055, 4057, 4061, 4072, 4096, 4097, 4105, 4110, 4111, 4112, 4125]
364.4 :    5 : [4052, 4059, 4062, 4084, 4088]
364.5 :   11 : [4037, 4038, 4063, 4073, 4074, 4077, 4090, 4091, 4098, 4106, 4134]
364.6 :    3 : [4066, 4118, 4130]
364.7 :    2 : [4069, 4122]
364.8 :    1 : [4124]
364.9 :    2 : [4093, 4102]
365.1 :   18 : [4036, 4047, 4060, 4064, 4065, 4067, 4070, 4071, 4076, 4079, 4083, 4089, 4094, 4107, 4108, 4113, 4123, 4132]
365.2 :    1 : [4053]
365.4 :    5 : [4035, 4043, 4044, 4116, 4128]
365.6 :    1 : [4051]
365.7 :    8 : [4040, 4042, 4050, 4068, 4075, 4085, 4109, 4127]
365.8 :    2 : [4100, 4133]
365.9 :    5 : [4041, 4045, 4048, 4101, 4104]
366.0 :    5 : [4054, 4082, 4121, 4126, 4129]
366.1 :    4 : [4039, 4058, 4086, 4087]
366.2 :    5 : [4080, 4081, 4092, 4099, 4119]
366.3 :    1 : [4115]
366.4 :    1 : [4103]
366.5 :    3 : [4056, 4095, 4117]
366.6 :    4 : [4078, 4114, 4120, 4131]
366.7 :   13 : [4046, 4049, 4055, 4057, 4061, 4072, 4096, 4097, 4105, 4110, 4111, 4112, 4125]
366.8 :    5 : [4052, 4059, 4062, 4084, 4088]
366.9 :   11 : [4037, 4038, 4063, 4073, 4074, 4077, 4090, 4091, 4098, 4106, 4134]
367.0 :    3 : [4066, 4118, 4130]
367.1 :    3 : [4069, 4122, 4124]
367.2 :    2 : [4093, 4102]
367.4 :   19 : [4036, 4047, 4053, 4060, 4064, 4065, 4067, 4070, 4071, 4076, 4079, 4083, 4089, 4094, 4107, 4108, 4113, 4123, 4132]
367.6 :    3 : [4043, 4044, 4128]
367.7 :    2 : [4035, 4116]
367.8 :    1 : [4051]
367.9 :    8 : [4040, 4042, 4050, 4068, 4075, 4085, 4109, 4127]
368.1 :    2 : [4100, 4133]
368.2 :    5 : [4041, 4045, 4048, 4101, 4104]
368.3 :    5 : [4054, 4082, 4121, 4126, 4129]
368.4 :    4 : [4039, 4058, 4086, 4087]
368.5 :    5 : [4080, 4081, 4092, 4099, 4119]
368.6 :    1 : [4115]
368.7 :    1 : [4103]
368.8 :    3 : [4056, 4095, 4117]
368.9 :    3 : [4078, 4114, 4131]
369.0 :    4 : [4096, 4110, 4111, 4120]
369.1 :   10 : [4046, 4049, 4055, 4057, 4061, 4072, 4097, 4105, 4112, 4125]
369.2 :    5 : [4052, 4059, 4062, 4084, 4088]
369.3 :   11 : [4037, 4038, 4063, 4073, 4074, 4077, 4090, 4091, 4098, 4106, 4134]
369.4 :    3 : [4066, 4118, 4130]
369.5 :    3 : [4069, 4122, 4124]
369.6 :    2 : [4093, 4102]
369.7 :   19 : [4036, 4047, 4053, 4060, 4064, 4065, 4067, 4070, 4071, 4076, 4079, 4083, 4089, 4094, 4107, 4108, 4113, 4123, 4132]
369.9 :    3 : [4043, 4044, 4128]
370.0 :    2 : [4035, 4116]
370.1 :    9 : [4040, 4042, 4050, 4051, 4068, 4075, 4085, 4109, 4127]
370.3 :    2 : [4100, 4133]
370.4 :    5 : [4041, 4045, 4048, 4101, 4104]
370.5 :    1 : [4126]
370.6 :    4 : [4054, 4082, 4121, 4129]
370.7 :    4 : [4039, 4058, 4086, 4087]
370.8 :    5 : [4080, 4081, 4092, 4099, 4119]
370.9 :    1 : [4115]
371.0 :    1 : [4103]
371.1 :    3 : [4056, 4095, 4117]
371.2 :    3 : [4078, 4114, 4131]
371.3 :    4 : [4096, 4110, 4111, 4120]
371.4 :   10 : [4046, 4049, 4055, 4057, 4061, 4072, 4097, 4105, 4112, 4125]
371.5 :    2 : [4052, 4084]
371.6 :    3 : [4059, 4062, 4088]
371.7 :   11 : [4037, 4038, 4063, 4073, 4074, 4077, 4090, 4091, 4098, 4106, 4134]
371.8 :    3 : [4066, 4118, 4130]
371.9 :    3 : [4069, 4122, 4124]
372.0 :   21 : [4036, 4047, 4053, 4060, 4064, 4065, 4067, 4070, 4071, 4076, 4079, 4083, 4089, 4093, 4094, 4102, 4107, 4108, 4113, 4123, 4132]
372.2 :    3 : [4043, 4044, 4128]
372.3 :    2 : [4035, 4116]
372.4 :    9 : [4040, 4042, 4050, 4051, 4068, 4075, 4085, 4109, 4127]
372.6 :    7 : [4041, 4045, 4048, 4100, 4101, 4104, 4133]
372.7 :    1 : [4126]
372.8 :    2 : [4082, 4121]
372.9 :    6 : [4039, 4054, 4058, 4086, 4087, 4129]
373.1 :    5 : [4080, 4081, 4092, 4099, 4119]
373.2 :    1 : [4115]
373.3 :    1 : [4103]
373.4 :    3 : [4056, 4095, 4117]
373.5 :    3 : [4078, 4114, 4131]
373.6 :    4 : [4096, 4110, 4111, 4120]
373.7 :   10 : [4046, 4049, 4055, 4057, 4061, 4072, 4097, 4105, 4112, 4125]
373.8 :    2 : [4052, 4084]
373.9 :    3 : [4059, 4062, 4088]
374.0 :    2 : [4063, 4090]
374.1 :    9 : [4037, 4038, 4073, 4074, 4077, 4091, 4098, 4106, 4134]
374.2 :    3 : [4066, 4118, 4130]
374.3 :    3 : [4069, 4122, 4124]
374.4 :   21 : [4036, 4047, 4053, 4060, 4064, 4065, 4067, 4070, 4071, 4076, 4079, 4083, 4089, 4093, 4094, 4102, 4107, 4108, 4113, 4123, 4132]
374.5 :    1 : [4044]
374.6 :    4 : [4035, 4043, 4116, 4128]
374.7 :    9 : [4040, 4042, 4050, 4051, 4068, 4075, 4085, 4109, 4127]
374.9 :    7 : [4041, 4045, 4048, 4100, 4101, 4104, 4133]
375.0 :    1 : [4126]
375.1 :    6 : [4039, 4058, 4082, 4086, 4087, 4121]
375.2 :    2 : [4054, 4129]
375.3 :    4 : [4080, 4081, 4092, 4119]
375.4 :    2 : [4099, 4115]
375.6 :    1 : [4103]
375.7 :    3 : [4056, 4095, 4117]
375.8 :    3 : [4078, 4114, 4131]
375.9 :    4 : [4096, 4110, 4111, 4120]
376.0 :   10 : [4046, 4049, 4055, 4057, 4061, 4072, 4097, 4105, 4112, 4125]
376.1 :    2 : [4052, 4084]
376.2 :    3 : [4059, 4062, 4088]
376.3 :    2 : [4063, 4090]
376.4 :    9 : [4037, 4038, 4073, 4074, 4077, 4091, 4098, 4106, 4134]
376.5 :    1 : [4118]
376.6 :    2 : [4066, 4130]
376.7 :    3 : [4069, 4122, 4124]
376.8 :   21 : [4036, 4047, 4053, 4060, 4064, 4065, 4067, 4070, 4071, 4076, 4079, 4083, 4089, 4093, 4094, 4102, 4107, 4108, 4113, 4123, 4132]
376.9 :    1 : [4044]
377.0 :    8 : [4035, 4043, 4050, 4068, 4075, 4116, 4127, 4128]
377.1 :    5 : [4040, 4042, 4051, 4085, 4109]
377.2 :    7 : [4041, 4045, 4048, 4100, 4101, 4104, 4133]
377.3 :    1 : [4126]
377.4 :    6 : [4039, 4058, 4082, 4086, 4087, 4121]
377.5 :    2 : [4054, 4129]
377.6 :    5 : [4080, 4081, 4092, 4115, 4119]
377.7 :    1 : [4099]
377.8 :    1 : [4103]
377.9 :    3 : [4056, 4095, 4117]
378.1 :    3 : [4078, 4114, 4131]
378.2 :    4 : [4096, 4110, 4111, 4120]
378.3 :   10 : [4046, 4049, 4055, 4057, 4061, 4072, 4097, 4105, 4112, 4125]
378.4 :    2 : [4052, 4084]
378.5 :    3 : [4059, 4062, 4088]
378.6 :    2 : [4063, 4090]
378.7 :    9 : [4037, 4038, 4073, 4074, 4077, 4091, 4098, 4106, 4134]
378.8 :    1 : [4118]
378.9 :    2 : [4066, 4130]
379.1 :    4 : [4053, 4069, 4122, 4124]
379.2 :   20 : [4036, 4047, 4060, 4064, 4065, 4067, 4070, 4071, 4076, 4079, 4083, 4089, 4093, 4094, 4102, 4107, 4108, 4113, 4123, 4132]
379.3 :    1 : [4044]
379.4 :    8 : [4035, 4043, 4050, 4068, 4075, 4116, 4127, 4128]
379.5 :    8 : [4040, 4041, 4042, 4048, 4051, 4085, 4101, 4109]
379.6 :    5 : [4045, 4100, 4104, 4126, 4133]
379.7 :    6 : [4039, 4058, 4082, 4086, 4087, 4121]
379.8 :    2 : [4054, 4129]
379.9 :    5 : [4080, 4081, 4092, 4115, 4119]
380.0 :    1 : [4099]
380.1 :    4 : [4056, 4095, 4103, 4117]
380.3 :    2 : [4078, 4131]
380.4 :    4 : [4096, 4110, 4111, 4114]
380.5 :    1 : [4120]
380.6 :   10 : [4046, 4049, 4055, 4057, 4061, 4072, 4097, 4105, 4112, 4125]
380.7 :    2 : [4052, 4084]
380.8 :    3 : [4059, 4062, 4088]
380.9 :    2 : [4063, 4090]
381.0 :    9 : [4037, 4038, 4073, 4074, 4077, 4091, 4098, 4106, 4134]
381.1 :    1 : [4118]
381.2 :    2 : [4066, 4130]
381.4 :    4 : [4053, 4069, 4122, 4124]
381.5 :   18 : [4036, 4047, 4060, 4064, 4065, 4067, 4070, 4071, 4076, 4079, 4083, 4089, 4094, 4107, 4108, 4113, 4123, 4132]
381.6 :    2 : [4093, 4102]
381.7 :    1 : [4044]
381.8 :    8 : [4035, 4043, 4050, 4068, 4075, 4116, 4127, 4128]
381.9 :    8 : [4040, 4041, 4042, 4048, 4051, 4085, 4101, 4109]
382.0 :    7 : [4045, 4086, 4087, 4100, 4104, 4126, 4133]
382.1 :    6 : [4039, 4054, 4058, 4082, 4121, 4129]
382.2 :    5 : [4080, 4081, 4092, 4115, 4119]
382.3 :    1 : [4099]
382.4 :    4 : [4056, 4095, 4103, 4117]
382.6 :    5 : [4078, 4096, 4110, 4111, 4131]
382.7 :    1 : [4114]
382.8 :    7 : [4046, 4057, 4061, 4072, 4097, 4112, 4120]
382.9 :    6 : [4049, 4052, 4055, 4084, 4105, 4125]
383.1 :    3 : [4059, 4062, 4088]
383.2 :    2 : [4063, 4090]
383.3 :    9 : [4037, 4038, 4073, 4074, 4077, 4091, 4098, 4106, 4134]
383.4 :    1 : [4118]
383.5 :    2 : [4066, 4130]
383.7 :    4 : [4053, 4069, 4122, 4124]
383.8 :   18 : [4036, 4047, 4060, 4064, 4065, 4067, 4070, 4071, 4076, 4079, 4083, 4089, 4094, 4107, 4108, 4113, 4123, 4132]
383.9 :    1 : [4102]
384.0 :    2 : [4044, 4093]
384.2 :    8 : [4035, 4043, 4050, 4068, 4075, 4116, 4127, 4128]
384.3 :    8 : [4040, 4041, 4042, 4048, 4051, 4085, 4101, 4109]
384.4 :    7 : [4045, 4086, 4087, 4100, 4104, 4126, 4133]
384.5 :    7 : [4039, 4054, 4058, 4082, 4115, 4121, 4129]
384.6 :    5 : [4080, 4081, 4092, 4099, 4119]
384.7 :    4 : [4056, 4095, 4103, 4117]
384.9 :    5 : [4078, 4096, 4110, 4111, 4131]
385.0 :    1 : [4114]
385.1 :    9 : [4046, 4052, 4057, 4061, 4072, 4084, 4097, 4112, 4120]
385.2 :    4 : [4049, 4055, 4105, 4125]
385.4 :    5 : [4059, 4062, 4063, 4088, 4090]
385.6 :    9 : [4037, 4038, 4073, 4074, 4077, 4091, 4098, 4106, 4134]
385.7 :    1 : [4118]
385.8 :    2 : [4066, 4130]
386.0 :    4 : [4053, 4069, 4122, 4124]
386.1 :   18 : [4036, 4047, 4060, 4064, 4065, 4067, 4070, 4071, 4076, 4079, 4083, 4089, 4094, 4107, 4108, 4113, 4123, 4132]
386.2 :    1 : [4102]
386.3 :    2 : [4044, 4093]
386.5 :    6 : [4043, 4050, 4068, 4075, 4127, 4128]
386.6 :    2 : [4035, 4116]
386.7 :    8 : [4040, 4041, 4042, 4048, 4051, 4085, 4101, 4109]
386.8 :    7 : [4045, 4086, 4087, 4100, 4104, 4126, 4133]
386.9 :    7 : [4039, 4054, 4058, 4082, 4115, 4121, 4129]
387.0 :    7 : [4056, 4080, 4081, 4092, 4095, 4099, 4119]
387.1 :    2 : [4103, 4117]
387.2 :    5 : [4078, 4096, 4110, 4111, 4131]
387.3 :    1 : [4114]
387.4 :    9 : [4046, 4052, 4057, 4061, 4072, 4084, 4097, 4112, 4120]
387.5 :    4 : [4049, 4055, 4105, 4125]
387.6 :    2 : [4063, 4090]
387.7 :    3 : [4059, 4062, 4088]
387.8 :    5 : [4037, 4038, 4091, 4106, 4134]
387.9 :    5 : [4073, 4074, 4077, 4098, 4118]
388.1 :    2 : [4066, 4130]
388.3 :    4 : [4053, 4069, 4122, 4124]
388.4 :   18 : [4036, 4047, 4060, 4064, 4065, 4067, 4070, 4071, 4076, 4079, 4083, 4089, 4094, 4107, 4108, 4113, 4123, 4132]
388.5 :    1 : [4102]
388.6 :    2 : [4044, 4093]
388.8 :    6 : [4043, 4050, 4068, 4075, 4127, 4128]
388.9 :    2 : [4035, 4116]
389.0 :    7 : [4040, 4041, 4042, 4048, 4085, 4101, 4109]
389.1 :    2 : [4051, 4126]
389.2 :    6 : [4045, 4086, 4087, 4100, 4104, 4133]
389.3 :    7 : [4039, 4054, 4058, 4082, 4115, 4121, 4129]
389.4 :    7 : [4056, 4080, 4081, 4092, 4095, 4099, 4119]
389.5 :    3 : [4096, 4103, 4117]
389.6 :    5 : [4078, 4110, 4111, 4114, 4131]
389.7 :    9 : [4046, 4052, 4057, 4061, 4072, 4084, 4097, 4112, 4120]
389.8 :    4 : [4049, 4055, 4105, 4125]
389.9 :    2 : [4063, 4090]
390.0 :    3 : [4059, 4062, 4088]
390.1 :    6 : [4037, 4038, 4091, 4106, 4118, 4134]
390.2 :    4 : [4073, 4074, 4077, 4098]
390.4 :    2 : [4066, 4130]
390.5 :    1 : [4053]
390.6 :    3 : [4069, 4122, 4124]
390.7 :   18 : [4036, 4047, 4060, 4064, 4065, 4067, 4070, 4071, 4076, 4079, 4083, 4089, 4094, 4107, 4108, 4113, 4123, 4132]
390.8 :    1 : [4102]
390.9 :    2 : [4044, 4093]
391.1 :    6 : [4043, 4050, 4068, 4075, 4127, 4128]
391.2 :    2 : [4035, 4116]
391.3 :    7 : [4040, 4041, 4042, 4048, 4085, 4101, 4109]
391.4 :    2 : [4051, 4126]
391.5 :    4 : [4045, 4086, 4087, 4104]
391.6 :    2 : [4100, 4133]
391.7 :    7 : [4039, 4054, 4058, 4082, 4115, 4121, 4129]
391.8 :    7 : [4056, 4080, 4081, 4092, 4095, 4099, 4119]
391.9 :    3 : [4096, 4103, 4117]
392.0 :    7 : [4052, 4078, 4084, 4110, 4111, 4114, 4131]
392.1 :   11 : [4046, 4049, 4055, 4057, 4061, 4072, 4097, 4105, 4112, 4120, 4125]
392.2 :    2 : [4063, 4090]
392.3 :    3 : [4059, 4062, 4088]
392.4 :    6 : [4037, 4038, 4091, 4106, 4118, 4134]
392.5 :    4 : [4073, 4074, 4077, 4098]
392.7 :    3 : [4053, 4066, 4130]
392.8 :    2 : [4069, 4122]
392.9 :   19 : [4036, 4047, 4060, 4064, 4065, 4067, 4070, 4071, 4076, 4079, 4083, 4089, 4094, 4107, 4108, 4113, 4123, 4124, 4132]
393.1 :    1 : [4102]
393.2 :    2 : [4044, 4093]
393.4 :    6 : [4043, 4050, 4068, 4075, 4127, 4128]
393.5 :    2 : [4035, 4116]
393.6 :    7 : [4040, 4041, 4042, 4048, 4085, 4101, 4109]
393.7 :    2 : [4051, 4126]
393.8 :    4 : [4045, 4086, 4087, 4104]
393.9 :    2 : [4100, 4133]
394.0 :    3 : [4039, 4058, 4115]
394.1 :    4 : [4054, 4082, 4121, 4129]
394.2 :    7 : [4056, 4080, 4081, 4092, 4095, 4099, 4119]
394.3 :    3 : [4096, 4103, 4117]
394.4 :    7 : [4052, 4078, 4084, 4110, 4111, 4114, 4131]
394.5 :   12 : [4046, 4049, 4055, 4057, 4061, 4072, 4090, 4097, 4105, 4112, 4120, 4125]
394.6 :    4 : [4059, 4062, 4063, 4088]
394.7 :    6 : [4037, 4038, 4091, 4106, 4118, 4134]
394.8 :    4 : [4073, 4074, 4077, 4098]
394.9 :    1 : [4053]
395.0 :    2 : [4066, 4130]
395.1 :   20 : [4036, 4047, 4060, 4064, 4065, 4067, 4069, 4070, 4071, 4076, 4079, 4083, 4089, 4094, 4107, 4108, 4113, 4122, 4123, 4132]
395.2 :    1 : [4124]
395.3 :    1 : [4102]
395.4 :    1 : [4044]
395.5 :    1 : [4093]
395.7 :    6 : [4043, 4050, 4068, 4075, 4127, 4128]
395.8 :    2 : [4035, 4116]
395.9 :    7 : [4040, 4041, 4042, 4048, 4085, 4101, 4109]
396.0 :    2 : [4051, 4126]
396.1 :    4 : [4045, 4086, 4087, 4104]
396.2 :    2 : [4100, 4133]
396.3 :    3 : [4039, 4058, 4115]
396.4 :    4 : [4054, 4082, 4121, 4129]
396.5 :    2 : [4056, 4095]
396.6 :    5 : [4080, 4081, 4092, 4099, 4119]
396.7 :    3 : [4096, 4103, 4117]
396.8 :    7 : [4052, 4078, 4084, 4110, 4111, 4114, 4131]
396.9 :   12 : [4046, 4049, 4055, 4057, 4061, 4072, 4090, 4097, 4105, 4112, 4120, 4125]
397.0 :    4 : [4059, 4062, 4063, 4088]
397.1 :   10 : [4037, 4038, 4073, 4074, 4077, 4091, 4098, 4106, 4118, 4134]
397.2 :    1 : [4053]
397.3 :    2 : [4066, 4130]
397.4 :   20 : [4036, 4047, 4060, 4064, 4065, 4067, 4069, 4070, 4071, 4076, 4079, 4083, 4089, 4094, 4107, 4108, 4113, 4122, 4123, 4132]
397.5 :    1 : [4124]
397.6 :    2 : [4044, 4102]
397.8 :    1 : [4093]
397.9 :    6 : [4043, 4050, 4068, 4075, 4127, 4128]
398.1 :    2 : [4035, 4116]
398.2 :    7 : [4040, 4041, 4042, 4048, 4085, 4101, 4109]
398.3 :    2 : [4051, 4126]
398.4 :    4 : [4045, 4086, 4087, 4104]
398.5 :    2 : [4100, 4133]
398.6 :    3 : [4039, 4058, 4115]
398.7 :    4 : [4054, 4082, 4121, 4129]
398.8 :    2 : [4056, 4095]
398.9 :    5 : [4080, 4081, 4092, 4099, 4119]
399.0 :    2 : [4096, 4117]
399.1 :    1 : [4103]
399.2 :    7 : [4052, 4078, 4084, 4110, 4111, 4114, 4131]
399.3 :   12 : [4046, 4049, 4055, 4057, 4061, 4072, 4090, 4097, 4105, 4112, 4120, 4125]
399.4 :    4 : [4059, 4062, 4063, 4088]
399.5 :   11 : [4037, 4038, 4053, 4073, 4074, 4077, 4091, 4098, 4106, 4118, 4134]
399.6 :    2 : [4066, 4130]
399.7 :   20 : [4036, 4047, 4060, 4064, 4065, 4067, 4069, 4070, 4071, 4076, 4079, 4083, 4089, 4094, 4107, 4108, 4113, 4122, 4123, 4132]
399.8 :    1 : [4124]
399.9 :    2 : [4044, 4102]
400.1 :    7 : [4043, 4050, 4068, 4075, 4093, 4127, 4128]
400.4 :    9 : [4035, 4040, 4041, 4042, 4048, 4085, 4101, 4109, 4116]
400.5 :    1 : [4126]
400.6 :    1 : [4051]
400.7 :    4 : [4045, 4086, 4087, 4104]
400.8 :    2 : [4100, 4133]
400.9 :    3 : [4039, 4058, 4115]
401.0 :    4 : [4054, 4082, 4121, 4129]
401.1 :    2 : [4056, 4095]
401.2 :    5 : [4080, 4081, 4092, 4099, 4119]
401.3 :    2 : [4096, 4117]
401.4 :    1 : [4103]
401.5 :    4 : [4052, 4084, 4110, 4111]
401.6 :    3 : [4078, 4114, 4131]
401.7 :   12 : [4046, 4049, 4055, 4057, 4061, 4072, 4090, 4097, 4105, 4112, 4120, 4125]
401.8 :    4 : [4059, 4062, 4063, 4088]
401.9 :   11 : [4037, 4038, 4053, 4073, 4074, 4077, 4091, 4098, 4106, 4118, 4134]
402.0 :   20 : [4036, 4047, 4060, 4064, 4065, 4066, 4067, 4070, 4071, 4076, 4079, 4083, 4089, 4094, 4107, 4108, 4113, 4123, 4130, 4132]
402.1 :    3 : [4069, 4122, 4124]
402.2 :    2 : [4044, 4102]
402.4 :    7 : [4043, 4050, 4068, 4075, 4093, 4127, 4128]
402.6 :    7 : [4040, 4041, 4042, 4048, 4085, 4101, 4109]
402.7 :    3 : [4035, 4116, 4126]
402.8 :    1 : [4051]
402.9 :    4 : [4045, 4086, 4087, 4104]
403.1 :    2 : [4100, 4133]
403.2 :    3 : [4039, 4058, 4115]
403.3 :    4 : [4054, 4082, 4121, 4129]
403.4 :    2 : [4056, 4095]
403.5 :    5 : [4080, 4081, 4092, 4099, 4119]
403.6 :    2 : [4096, 4117]
403.7 :    1 : [4103]
403.8 :    4 : [4052, 4084, 4110, 4111]
403.9 :    3 : [4078, 4114, 4131]
404.0 :    1 : [4090]
404.1 :   11 : [4046, 4049, 4055, 4057, 4061, 4072, 4097, 4105, 4112, 4120, 4125]
404.2 :    4 : [4059, 4062, 4063, 4088]
404.3 :   11 : [4037, 4038, 4053, 4073, 4074, 4077, 4091, 4098, 4106, 4118, 4134]
404.4 :   20 : [4036, 4047, 4060, 4064, 4065, 4066, 4067, 4070, 4071, 4076, 4079, 4083, 4089, 4094, 4107, 4108, 4113, 4123, 4130, 4132]
404.5 :    4 : [4044, 4069, 4122, 4124]
404.6 :    1 : [4102]
404.7 :    7 : [4043, 4050, 4068, 4075, 4093, 4127, 4128]
404.9 :    7 : [4040, 4041, 4042, 4048, 4085, 4101, 4109]
405.0 :    3 : [4035, 4116, 4126]
405.1 :    5 : [4045, 4051, 4086, 4087, 4104]
405.3 :    2 : [4100, 4133]
405.4 :    3 : [4039, 4058, 4115]
405.6 :    4 : [4054, 4082, 4121, 4129]
405.7 :    2 : [4056, 4095]
405.8 :    5 : [4080, 4081, 4092, 4099, 4119]
405.9 :    2 : [4096, 4117]
406.0 :    1 : [4103]
406.1 :    4 : [4052, 4084, 4110, 4111]
406.2 :    3 : [4078, 4114, 4131]
406.3 :    1 : [4090]
406.4 :   10 : [4046, 4049, 4055, 4057, 4061, 4072, 4097, 4105, 4112, 4125]
406.5 :    2 : [4063, 4120]
406.6 :    4 : [4053, 4059, 4062, 4088]
406.7 :   10 : [4037, 4038, 4073, 4074, 4077, 4091, 4098, 4106, 4118, 4134]
406.8 :   20 : [4036, 4047, 4060, 4064, 4065, 4066, 4067, 4070, 4071, 4076, 4079, 4083, 4089, 4094, 4107, 4108, 4113, 4123, 4130, 4132]
406.9 :    4 : [4044, 4069, 4122, 4124]
407.0 :    5 : [4050, 4068, 4075, 4102, 4127]
407.1 :    3 : [4043, 4093, 4128]
407.2 :    7 : [4040, 4041, 4042, 4048, 4085, 4101, 4109]
407.3 :    3 : [4035, 4116, 4126]
407.4 :    5 : [4045, 4051, 4086, 4087, 4104]
407.6 :    5 : [4039, 4058, 4100, 4115, 4133]
407.8 :    2 : [4082, 4121]
407.9 :    4 : [4054, 4056, 4095, 4129]
408.1 :    5 : [4080, 4081, 4092, 4099, 4119]
408.2 :    2 : [4096, 4117]
408.3 :    1 : [4103]
408.4 :    4 : [4052, 4084, 4110, 4111]
408.5 :    3 : [4078, 4114, 4131]
408.6 :    1 : [4090]
408.7 :   10 : [4046, 4049, 4055, 4057, 4061, 4072, 4097, 4105, 4112, 4125]
408.8 :    2 : [4063, 4120]
408.9 :    4 : [4053, 4059, 4062, 4088]
409.0 :    1 : [4118]
409.1 :    9 : [4037, 4038, 4073, 4074, 4077, 4091, 4098, 4106, 4134]
409.2 :   20 : [4036, 4047, 4060, 4064, 4065, 4066, 4067, 4070, 4071, 4076, 4079, 4083, 4089, 4094, 4107, 4108, 4113, 4123, 4130, 4132]
409.3 :    4 : [4044, 4069, 4122, 4124]
409.4 :    5 : [4050, 4068, 4075, 4102, 4127]
409.5 :    6 : [4041, 4043, 4048, 4093, 4101, 4128]
409.6 :    7 : [4035, 4040, 4042, 4085, 4109, 4116, 4126]
409.7 :    5 : [4045, 4051, 4086, 4087, 4104]
409.9 :    5 : [4039, 4058, 4100, 4115, 4133]
410.1 :    4 : [4056, 4082, 4095, 4121]
410.2 :    2 : [4054, 4129]
410.3 :    4 : [4080, 4081, 4092, 4119]
410.4 :    3 : [4096, 4099, 4117]
410.6 :    2 : [4103, 4110]
410.7 :    3 : [4052, 4084, 4111]
410.8 :    3 : [4078, 4114, 4131]
410.9 :    2 : [4072, 4090]
411.0 :    9 : [4046, 4049, 4055, 4057, 4061, 4097, 4105, 4112, 4125]
411.1 :    2 : [4063, 4120]
411.2 :    4 : [4053, 4059, 4062, 4088]
411.3 :    1 : [4118]
411.4 :    9 : [4037, 4038, 4073, 4074, 4077, 4091, 4098, 4106, 4134]
411.5 :   18 : [4036, 4047, 4060, 4064, 4065, 4067, 4070, 4071, 4076, 4079, 4083, 4089, 4094, 4107, 4108, 4113, 4123, 4132]
411.6 :    3 : [4066, 4069, 4130]
411.7 :    4 : [4044, 4122, 4124, 4127]
411.8 :    5 : [4043, 4050, 4068, 4075, 4102]
411.9 :    6 : [4040, 4041, 4048, 4093, 4101, 4128]
412.0 :    8 : [4035, 4042, 4085, 4086, 4087, 4109, 4116, 4126]
412.1 :    3 : [4045, 4051, 4104]
412.2 :    5 : [4039, 4058, 4100, 4115, 4133]
412.4 :    4 : [4056, 4082, 4095, 4121]
412.5 :    4 : [4054, 4080, 4119, 4129]
412.6 :    4 : [4081, 4092, 4096, 4117]
412.7 :    1 : [4099]
412.8 :    2 : [4103, 4110]
412.9 :    3 : [4052, 4084, 4111]
413.0 :    2 : [4114, 4131]
413.1 :    2 : [4072, 4078]
413.2 :    2 : [4090, 4125]
413.3 :    8 : [4046, 4049, 4055, 4057, 4061, 4097, 4105, 4112]
413.4 :    2 : [4063, 4120]
413.5 :    4 : [4053, 4059, 4062, 4088]
413.6 :    2 : [4077, 4118]
413.7 :    8 : [4037, 4038, 4073, 4074, 4091, 4098, 4106, 4134]
413.8 :   18 : [4036, 4047, 4060, 4064, 4065, 4067, 4070, 4071, 4076, 4079, 4083, 4089, 4094, 4107, 4108, 4113, 4123, 4132]
413.9 :    3 : [4066, 4069, 4130]
414.0 :    2 : [4044, 4127]
414.1 :    3 : [4043, 4122, 4124]
414.2 :    2 : [4068, 4102]
414.3 :    5 : [4040, 4041, 4085, 4086, 4128]
414.4 :    3 : [4042, 4101, 4126]
414.5 :    2 : [4100, 4115]
414.6 :    1 : [4133]
414.8 :    4 : [4080, 4082, 4092, 4119]
414.9 :    1 : [4096]
415.0 :    1 : [4117]
415.3 :    1 : [4111]
416.0 :    1 : [4077]
416.3 :    1 : [4059]
416.5 :    1 : [4036]
