Name: Thalamus [5HT], Title: Raster plot from device '20332', Hist: False
217.3 :    1 : [11076]
217.5 :    6 : [11057, 11069, 11117, 11131, 11137, 11140]
217.6 :   22 : [11048, 11052, 11068, 11073, 11074, 11085, 11088, 11092, 11093, 11095, 11098, 11103, 11106, 11109, 11121, 11124, 11125, 11130, 11133, 11139, 11141, 11143]
217.7 :   28 : [11050, 11054, 11056, 11060, 11062, 11063, 11065, 11067, 11070, 11072, 11078, 11079, 11080, 11083, 11084, 11087, 11090, 11091, 11097, 11102, 11104, 11105, 11110, 11120, 11123, 11126, 11128, 11129]
217.8 :   25 : [11046, 11047, 11049, 11053, 11058, 11059, 11061, 11075, 11081, 11089, 11096, 11099, 11100, 11101, 11107, 11112, 11113, 11114, 11115, 11116, 11118, 11119, 11122, 11136, 11142]
217.9 :    8 : [11066, 11071, 11094, 11111, 11127, 11132, 11138, 11144]
218.0 :    7 : [11051, 11055, 11064, 11082, 11108, 11134, 11135]
218.1 :    3 : [11077, 11086, 11145]
220.7 :    1 : [11076]
220.8 :   36 : [11048, 11050, 11052, 11054, 11056, 11057, 11060, 11068, 11069, 11073, 11074, 11079, 11080, 11083, 11085, 11088, 11092, 11093, 11095, 11097, 11098, 11103, 11106, 11109, 11117, 11121, 11124, 11125, 11130, 11131, 11133, 11137, 11139, 11140, 11141, 11143]
220.9 :   53 : [11046, 11047, 11049, 11053, 11058, 11059, 11061, 11062, 11063, 11065, 11066, 11067, 11070, 11071, 11072, 11075, 11078, 11081, 11084, 11087, 11089, 11090, 11091, 11094, 11096, 11099, 11100, 11101, 11102, 11104, 11105, 11107, 11110, 11111, 11112, 11113, 11114, 11115, 11116, 11118, 11119, 11120, 11122, 11123, 11126, 11127, 11128, 11129, 11132, 11136, 11138, 11142, 11144]
221.0 :   10 : [11051, 11055, 11064, 11077, 11082, 11086, 11108, 11134, 11135, 11145]
223.3 :    1 : [11076]
223.4 :   45 : [11048, 11049, 11050, 11052, 11054, 11056, 11057, 11060, 11067, 11068, 11069, 11073, 11074, 11079, 11080, 11081, 11083, 11085, 11088, 11089, 11090, 11092, 11093, 11095, 11097, 11098, 11101, 11103, 11106, 11109, 11111, 11115, 11117, 11118, 11121, 11124, 11125, 11130, 11131, 11133, 11137, 11139, 11140, 11141, 11143]
223.5 :   53 : [11046, 11047, 11051, 11053, 11055, 11058, 11059, 11061, 11062, 11063, 11064, 11065, 11066, 11070, 11071, 11072, 11075, 11077, 11078, 11082, 11084, 11087, 11091, 11094, 11096, 11099, 11100, 11102, 11104, 11105, 11107, 11108, 11110, 11112, 11113, 11114, 11116, 11119, 11120, 11122, 11123, 11126, 11127, 11128, 11129, 11132, 11134, 11135, 11136, 11138, 11142, 11144, 11145]
223.6 :    1 : [11086]
225.8 :    1 : [11076]
225.9 :   45 : [11048, 11049, 11050, 11052, 11054, 11056, 11057, 11060, 11067, 11068, 11069, 11073, 11074, 11079, 11080, 11081, 11083, 11085, 11088, 11089, 11090, 11092, 11093, 11095, 11097, 11098, 11101, 11103, 11106, 11109, 11111, 11115, 11117, 11118, 11121, 11124, 11125, 11130, 11131, 11133, 11137, 11139, 11140, 11141, 11143]
226.0 :   53 : [11046, 11047, 11051, 11053, 11055, 11058, 11059, 11061, 11062, 11063, 11064, 11065, 11066, 11070, 11071, 11072, 11075, 11077, 11078, 11082, 11084, 11087, 11091, 11094, 11096, 11099, 11100, 11102, 11104, 11105, 11107, 11108, 11110, 11112, 11113, 11114, 11116, 11119, 11120, 11122, 11123, 11126, 11127, 11128, 11129, 11132, 11134, 11135, 11136, 11138, 11142, 11144, 11145]
226.1 :    1 : [11086]
228.3 :    6 : [11060, 11074, 11076, 11083, 11101, 11111]
228.4 :   40 : [11048, 11049, 11050, 11052, 11054, 11056, 11057, 11067, 11068, 11069, 11073, 11079, 11080, 11081, 11085, 11088, 11089, 11090, 11092, 11093, 11095, 11097, 11098, 11103, 11106, 11109, 11115, 11117, 11118, 11121, 11124, 11125, 11130, 11131, 11133, 11137, 11139, 11140, 11141, 11143]
228.5 :   53 : [11046, 11047, 11051, 11053, 11055, 11058, 11059, 11061, 11062, 11063, 11064, 11065, 11066, 11070, 11071, 11072, 11075, 11077, 11078, 11082, 11084, 11087, 11091, 11094, 11096, 11099, 11100, 11102, 11104, 11105, 11107, 11108, 11110, 11112, 11113, 11114, 11116, 11119, 11120, 11122, 11123, 11126, 11127, 11128, 11129, 11132, 11134, 11135, 11136, 11138, 11142, 11144, 11145]
228.6 :    1 : [11086]
230.7 :    6 : [11060, 11074, 11076, 11083, 11101, 11111]
230.8 :   28 : [11049, 11050, 11054, 11056, 11067, 11073, 11079, 11081, 11089, 11090, 11092, 11095, 11097, 11098, 11103, 11106, 11109, 11115, 11117, 11118, 11121, 11130, 11131, 11133, 11137, 11139, 11140, 11141]
230.9 :   31 : [11048, 11052, 11057, 11059, 11062, 11065, 11068, 11069, 11071, 11072, 11075, 11080, 11084, 11085, 11088, 11091, 11093, 11094, 11096, 11107, 11110, 11116, 11123, 11124, 11125, 11127, 11128, 11135, 11136, 11138, 11143]
231.0 :   34 : [11046, 11047, 11051, 11053, 11055, 11058, 11061, 11063, 11064, 11066, 11070, 11077, 11078, 11082, 11087, 11099, 11100, 11102, 11104, 11105, 11108, 11112, 11113, 11114, 11119, 11120, 11122, 11126, 11129, 11132, 11134, 11142, 11144, 11145]
231.1 :    1 : [11086]
233.1 :    6 : [11060, 11074, 11076, 11083, 11101, 11111]
233.2 :   27 : [11049, 11050, 11054, 11056, 11067, 11073, 11079, 11081, 11089, 11090, 11092, 11095, 11097, 11098, 11103, 11106, 11109, 11115, 11117, 11118, 11121, 11130, 11131, 11137, 11139, 11140, 11141]
233.3 :   15 : [11059, 11065, 11071, 11075, 11091, 11094, 11096, 11107, 11123, 11127, 11133, 11135, 11136, 11138, 11143]
233.4 :   17 : [11048, 11052, 11057, 11062, 11068, 11069, 11072, 11080, 11084, 11085, 11088, 11093, 11110, 11116, 11124, 11125, 11128]
233.5 :   34 : [11046, 11047, 11051, 11053, 11055, 11058, 11061, 11063, 11064, 11066, 11070, 11077, 11078, 11082, 11087, 11099, 11100, 11102, 11104, 11105, 11108, 11112, 11113, 11114, 11119, 11120, 11122, 11126, 11129, 11132, 11134, 11142, 11144, 11145]
233.6 :    1 : [11086]
235.5 :    6 : [11060, 11074, 11076, 11083, 11101, 11111]
235.6 :   16 : [11049, 11050, 11054, 11056, 11073, 11079, 11081, 11089, 11090, 11097, 11106, 11109, 11117, 11118, 11121, 11131]
235.7 :   11 : [11067, 11092, 11095, 11098, 11103, 11115, 11130, 11137, 11139, 11140, 11141]
235.8 :   15 : [11059, 11065, 11071, 11075, 11091, 11094, 11096, 11107, 11123, 11127, 11133, 11135, 11136, 11138, 11143]
235.9 :   17 : [11048, 11052, 11057, 11062, 11068, 11069, 11072, 11080, 11084, 11085, 11088, 11093, 11110, 11116, 11124, 11125, 11128]
236.0 :   34 : [11046, 11047, 11051, 11053, 11055, 11058, 11061, 11063, 11064, 11066, 11070, 11077, 11078, 11082, 11087, 11099, 11100, 11102, 11104, 11105, 11108, 11112, 11113, 11114, 11119, 11120, 11122, 11126, 11129, 11132, 11134, 11142, 11144, 11145]
236.1 :    1 : [11086]
237.9 :    6 : [11060, 11074, 11076, 11083, 11101, 11111]
238.0 :    4 : [11049, 11073, 11079, 11121]
238.1 :   12 : [11050, 11054, 11056, 11081, 11089, 11090, 11097, 11106, 11109, 11117, 11118, 11131]
238.2 :   11 : [11067, 11092, 11095, 11098, 11103, 11115, 11130, 11137, 11139, 11140, 11141]
238.3 :   15 : [11059, 11065, 11071, 11075, 11091, 11094, 11096, 11107, 11123, 11127, 11133, 11135, 11136, 11138, 11143]
238.4 :   17 : [11048, 11052, 11057, 11062, 11068, 11069, 11072, 11080, 11084, 11085, 11088, 11093, 11110, 11116, 11124, 11125, 11128]
238.5 :   34 : [11046, 11047, 11051, 11053, 11055, 11058, 11061, 11063, 11064, 11066, 11070, 11077, 11078, 11082, 11087, 11099, 11100, 11102, 11104, 11105, 11108, 11112, 11113, 11114, 11119, 11120, 11122, 11126, 11129, 11132, 11134, 11142, 11144, 11145]
238.6 :    1 : [11086]
240.3 :    5 : [11060, 11074, 11083, 11101, 11111]
240.4 :    1 : [11076]
240.5 :    4 : [11049, 11073, 11079, 11121]
240.6 :   12 : [11050, 11054, 11056, 11081, 11089, 11090, 11097, 11106, 11109, 11117, 11118, 11131]
240.7 :   11 : [11067, 11092, 11095, 11098, 11103, 11115, 11130, 11137, 11139, 11140, 11141]
240.8 :   15 : [11059, 11065, 11071, 11075, 11091, 11094, 11096, 11107, 11123, 11127, 11133, 11135, 11136, 11138, 11143]
240.9 :   17 : [11048, 11052, 11057, 11062, 11068, 11069, 11072, 11080, 11084, 11085, 11088, 11093, 11110, 11116, 11124, 11125, 11128]
241.0 :   34 : [11046, 11047, 11051, 11053, 11055, 11058, 11061, 11063, 11064, 11066, 11070, 11077, 11078, 11082, 11087, 11099, 11100, 11102, 11104, 11105, 11108, 11112, 11113, 11114, 11119, 11120, 11122, 11126, 11129, 11132, 11134, 11142, 11144, 11145]
241.1 :    1 : [11086]
242.7 :    4 : [11060, 11074, 11101, 11111]
242.8 :    1 : [11083]
242.9 :    1 : [11076]
243.0 :    4 : [11049, 11073, 11079, 11121]
243.1 :   12 : [11050, 11054, 11056, 11081, 11089, 11090, 11097, 11106, 11109, 11117, 11118, 11131]
243.2 :   11 : [11067, 11092, 11095, 11098, 11103, 11115, 11130, 11137, 11139, 11140, 11141]
243.3 :   15 : [11059, 11065, 11071, 11075, 11091, 11094, 11096, 11107, 11123, 11127, 11133, 11135, 11136, 11138, 11143]
243.4 :   17 : [11048, 11052, 11057, 11062, 11068, 11069, 11072, 11080, 11084, 11085, 11088, 11093, 11110, 11116, 11124, 11125, 11128]
243.5 :   34 : [11046, 11047, 11051, 11053, 11055, 11058, 11061, 11063, 11064, 11066, 11070, 11077, 11078, 11082, 11087, 11099, 11100, 11102, 11104, 11105, 11108, 11112, 11113, 11114, 11119, 11120, 11122, 11126, 11129, 11132, 11134, 11142, 11144, 11145]
243.6 :    1 : [11086]
245.1 :    2 : [11101, 11111]
245.2 :    2 : [11060, 11074]
245.3 :    1 : [11083]
245.4 :    1 : [11076]
245.5 :    4 : [11049, 11073, 11079, 11121]
245.6 :   12 : [11050, 11054, 11056, 11081, 11089, 11090, 11097, 11106, 11109, 11117, 11118, 11131]
245.7 :   11 : [11067, 11092, 11095, 11098, 11103, 11115, 11130, 11137, 11139, 11140, 11141]
245.8 :   15 : [11059, 11065, 11071, 11075, 11091, 11094, 11096, 11107, 11123, 11127, 11133, 11135, 11136, 11138, 11143]
245.9 :   17 : [11048, 11052, 11057, 11062, 11068, 11069, 11072, 11080, 11084, 11085, 11088, 11093, 11110, 11116, 11124, 11125, 11128]
246.0 :   34 : [11046, 11047, 11051, 11053, 11055, 11058, 11061, 11063, 11064, 11066, 11070, 11077, 11078, 11082, 11087, 11099, 11100, 11102, 11104, 11105, 11108, 11112, 11113, 11114, 11119, 11120, 11122, 11126, 11129, 11132, 11134, 11142, 11144, 11145]
246.1 :    1 : [11086]
247.6 :    2 : [11101, 11111]
247.7 :    2 : [11060, 11074]
247.8 :    1 : [11083]
247.9 :    1 : [11076]
248.0 :    4 : [11049, 11073, 11079, 11121]
248.1 :   12 : [11050, 11054, 11056, 11081, 11089, 11090, 11097, 11106, 11109, 11117, 11118, 11131]
248.2 :   11 : [11067, 11092, 11095, 11098, 11103, 11115, 11130, 11137, 11139, 11140, 11141]
248.3 :   15 : [11059, 11065, 11071, 11075, 11091, 11094, 11096, 11107, 11123, 11127, 11133, 11135, 11136, 11138, 11143]
248.4 :   17 : [11048, 11052, 11057, 11062, 11068, 11069, 11072, 11080, 11084, 11085, 11088, 11093, 11110, 11116, 11124, 11125, 11128]
248.5 :   34 : [11046, 11047, 11051, 11053, 11055, 11058, 11061, 11063, 11064, 11066, 11070, 11077, 11078, 11082, 11087, 11099, 11100, 11102, 11104, 11105, 11108, 11112, 11113, 11114, 11119, 11120, 11122, 11126, 11129, 11132, 11134, 11142, 11144, 11145]
248.6 :    1 : [11086]
250.1 :    2 : [11101, 11111]
250.2 :    2 : [11060, 11074]
250.3 :    1 : [11083]
250.4 :    1 : [11076]
250.5 :    4 : [11049, 11073, 11079, 11121]
250.6 :   12 : [11050, 11054, 11056, 11081, 11089, 11090, 11097, 11106, 11109, 11117, 11118, 11131]
250.7 :   11 : [11067, 11092, 11095, 11098, 11103, 11115, 11130, 11137, 11139, 11140, 11141]
250.8 :   15 : [11059, 11065, 11071, 11075, 11091, 11094, 11096, 11107, 11123, 11127, 11133, 11135, 11136, 11138, 11143]
250.9 :   17 : [11048, 11052, 11057, 11062, 11068, 11069, 11072, 11080, 11084, 11085, 11088, 11093, 11110, 11116, 11124, 11125, 11128]
251.0 :   34 : [11046, 11047, 11051, 11053, 11055, 11058, 11061, 11063, 11064, 11066, 11070, 11077, 11078, 11082, 11087, 11099, 11100, 11102, 11104, 11105, 11108, 11112, 11113, 11114, 11119, 11120, 11122, 11126, 11129, 11132, 11134, 11142, 11144, 11145]
251.1 :    1 : [11086]
252.6 :    2 : [11101, 11111]
252.7 :    2 : [11060, 11074]
252.8 :    1 : [11083]
252.9 :    1 : [11076]
253.0 :    4 : [11049, 11073, 11079, 11121]
253.1 :   12 : [11050, 11054, 11056, 11081, 11089, 11090, 11097, 11106, 11109, 11117, 11118, 11131]
253.2 :   11 : [11067, 11092, 11095, 11098, 11103, 11115, 11130, 11137, 11139, 11140, 11141]
253.3 :   15 : [11059, 11065, 11071, 11075, 11091, 11094, 11096, 11107, 11123, 11127, 11133, 11135, 11136, 11138, 11143]
253.4 :   17 : [11048, 11052, 11057, 11062, 11068, 11069, 11072, 11080, 11084, 11085, 11088, 11093, 11110, 11116, 11124, 11125, 11128]
253.5 :   34 : [11046, 11047, 11051, 11053, 11055, 11058, 11061, 11063, 11064, 11066, 11070, 11077, 11078, 11082, 11087, 11099, 11100, 11102, 11104, 11105, 11108, 11112, 11113, 11114, 11119, 11120, 11122, 11126, 11129, 11132, 11134, 11142, 11144, 11145]
253.6 :    1 : [11086]
255.1 :    2 : [11101, 11111]
255.2 :    2 : [11060, 11074]
255.3 :    1 : [11083]
255.4 :    1 : [11076]
255.5 :    4 : [11049, 11073, 11079, 11121]
255.6 :   12 : [11050, 11054, 11056, 11081, 11089, 11090, 11097, 11106, 11109, 11117, 11118, 11131]
255.7 :   11 : [11067, 11092, 11095, 11098, 11103, 11115, 11130, 11137, 11139, 11140, 11141]
255.8 :   15 : [11059, 11065, 11071, 11075, 11091, 11094, 11096, 11107, 11123, 11127, 11133, 11135, 11136, 11138, 11143]
255.9 :   17 : [11048, 11052, 11057, 11062, 11068, 11069, 11072, 11080, 11084, 11085, 11088, 11093, 11110, 11116, 11124, 11125, 11128]
256.0 :   34 : [11046, 11047, 11051, 11053, 11055, 11058, 11061, 11063, 11064, 11066, 11070, 11077, 11078, 11082, 11087, 11099, 11100, 11102, 11104, 11105, 11108, 11112, 11113, 11114, 11119, 11120, 11122, 11126, 11129, 11132, 11134, 11142, 11144, 11145]
256.1 :    1 : [11086]
257.6 :    2 : [11101, 11111]
257.7 :    2 : [11060, 11074]
257.8 :    1 : [11083]
257.9 :    1 : [11076]
258.0 :    4 : [11049, 11073, 11079, 11121]
258.1 :   12 : [11050, 11054, 11056, 11081, 11089, 11090, 11097, 11106, 11109, 11117, 11118, 11131]
258.2 :   11 : [11067, 11092, 11095, 11098, 11103, 11115, 11130, 11137, 11139, 11140, 11141]
258.3 :   15 : [11059, 11065, 11071, 11075, 11091, 11094, 11096, 11107, 11123, 11127, 11133, 11135, 11136, 11138, 11143]
258.4 :   17 : [11048, 11052, 11057, 11062, 11068, 11069, 11072, 11080, 11084, 11085, 11088, 11093, 11110, 11116, 11124, 11125, 11128]
258.5 :   34 : [11046, 11047, 11051, 11053, 11055, 11058, 11061, 11063, 11064, 11066, 11070, 11077, 11078, 11082, 11087, 11099, 11100, 11102, 11104, 11105, 11108, 11112, 11113, 11114, 11119, 11120, 11122, 11126, 11129, 11132, 11134, 11142, 11144, 11145]
258.6 :    1 : [11086]
260.1 :    2 : [11101, 11111]
260.2 :    2 : [11060, 11074]
260.3 :    1 : [11083]
260.4 :    1 : [11076]
260.5 :    4 : [11049, 11073, 11079, 11121]
260.6 :   12 : [11050, 11054, 11056, 11081, 11089, 11090, 11097, 11106, 11109, 11117, 11118, 11131]
260.7 :   11 : [11067, 11092, 11095, 11098, 11103, 11115, 11130, 11137, 11139, 11140, 11141]
260.8 :   15 : [11059, 11065, 11071, 11075, 11091, 11094, 11096, 11107, 11123, 11127, 11133, 11135, 11136, 11138, 11143]
260.9 :   17 : [11048, 11052, 11057, 11062, 11068, 11069, 11072, 11080, 11084, 11085, 11088, 11093, 11110, 11116, 11124, 11125, 11128]
261.0 :   34 : [11046, 11047, 11051, 11053, 11055, 11058, 11061, 11063, 11064, 11066, 11070, 11077, 11078, 11082, 11087, 11099, 11100, 11102, 11104, 11105, 11108, 11112, 11113, 11114, 11119, 11120, 11122, 11126, 11129, 11132, 11134, 11142, 11144, 11145]
261.1 :    1 : [11086]
262.6 :    2 : [11101, 11111]
262.7 :    2 : [11060, 11074]
262.8 :    1 : [11083]
262.9 :    1 : [11076]
263.0 :    4 : [11049, 11073, 11079, 11121]
263.1 :   12 : [11050, 11054, 11056, 11081, 11089, 11090, 11097, 11106, 11109, 11117, 11118, 11131]
263.2 :   11 : [11067, 11092, 11095, 11098, 11103, 11115, 11130, 11137, 11139, 11140, 11141]
263.3 :   15 : [11059, 11065, 11071, 11075, 11091, 11094, 11096, 11107, 11123, 11127, 11133, 11135, 11136, 11138, 11143]
263.4 :   17 : [11048, 11052, 11057, 11062, 11068, 11069, 11072, 11080, 11084, 11085, 11088, 11093, 11110, 11116, 11124, 11125, 11128]
263.5 :   34 : [11046, 11047, 11051, 11053, 11055, 11058, 11061, 11063, 11064, 11066, 11070, 11077, 11078, 11082, 11087, 11099, 11100, 11102, 11104, 11105, 11108, 11112, 11113, 11114, 11119, 11120, 11122, 11126, 11129, 11132, 11134, 11142, 11144, 11145]
263.6 :    1 : [11086]
265.1 :    2 : [11101, 11111]
265.2 :    2 : [11060, 11074]
265.3 :    1 : [11083]
265.4 :    1 : [11076]
265.5 :    4 : [11049, 11073, 11079, 11121]
265.6 :   12 : [11050, 11054, 11056, 11081, 11089, 11090, 11097, 11106, 11109, 11117, 11118, 11131]
265.7 :   11 : [11067, 11092, 11095, 11098, 11103, 11115, 11130, 11137, 11139, 11140, 11141]
265.8 :   15 : [11059, 11065, 11071, 11075, 11091, 11094, 11096, 11107, 11123, 11127, 11133, 11135, 11136, 11138, 11143]
265.9 :   17 : [11048, 11052, 11057, 11062, 11068, 11069, 11072, 11080, 11084, 11085, 11088, 11093, 11110, 11116, 11124, 11125, 11128]
266.0 :   34 : [11046, 11047, 11051, 11053, 11055, 11058, 11061, 11063, 11064, 11066, 11070, 11077, 11078, 11082, 11087, 11099, 11100, 11102, 11104, 11105, 11108, 11112, 11113, 11114, 11119, 11120, 11122, 11126, 11129, 11132, 11134, 11142, 11144, 11145]
266.1 :    1 : [11086]
267.6 :    2 : [11101, 11111]
267.7 :    2 : [11060, 11074]
267.8 :    1 : [11083]
267.9 :    1 : [11076]
268.0 :    4 : [11049, 11073, 11079, 11121]
268.1 :   12 : [11050, 11054, 11056, 11081, 11089, 11090, 11097, 11106, 11109, 11117, 11118, 11131]
268.2 :   11 : [11067, 11092, 11095, 11098, 11103, 11115, 11130, 11137, 11139, 11140, 11141]
268.3 :   15 : [11059, 11065, 11071, 11075, 11091, 11094, 11096, 11107, 11123, 11127, 11133, 11135, 11136, 11138, 11143]
268.4 :   17 : [11048, 11052, 11057, 11062, 11068, 11069, 11072, 11080, 11084, 11085, 11088, 11093, 11110, 11116, 11124, 11125, 11128]
268.5 :   34 : [11046, 11047, 11051, 11053, 11055, 11058, 11061, 11063, 11064, 11066, 11070, 11077, 11078, 11082, 11087, 11099, 11100, 11102, 11104, 11105, 11108, 11112, 11113, 11114, 11119, 11120, 11122, 11126, 11129, 11132, 11134, 11142, 11144, 11145]
268.6 :    1 : [11086]
270.1 :    2 : [11101, 11111]
270.2 :    2 : [11060, 11074]
270.3 :    1 : [11083]
270.4 :    1 : [11076]
270.5 :    4 : [11049, 11073, 11079, 11121]
270.6 :   12 : [11050, 11054, 11056, 11081, 11089, 11090, 11097, 11106, 11109, 11117, 11118, 11131]
270.7 :   11 : [11067, 11092, 11095, 11098, 11103, 11115, 11130, 11137, 11139, 11140, 11141]
270.8 :   15 : [11059, 11065, 11071, 11075, 11091, 11094, 11096, 11107, 11123, 11127, 11133, 11135, 11136, 11138, 11143]
270.9 :   17 : [11048, 11052, 11057, 11062, 11068, 11069, 11072, 11080, 11084, 11085, 11088, 11093, 11110, 11116, 11124, 11125, 11128]
271.0 :   34 : [11046, 11047, 11051, 11053, 11055, 11058, 11061, 11063, 11064, 11066, 11070, 11077, 11078, 11082, 11087, 11099, 11100, 11102, 11104, 11105, 11108, 11112, 11113, 11114, 11119, 11120, 11122, 11126, 11129, 11132, 11134, 11142, 11144, 11145]
271.1 :    1 : [11086]
272.6 :    2 : [11101, 11111]
272.7 :    2 : [11060, 11074]
272.8 :    1 : [11083]
272.9 :    1 : [11076]
273.0 :    4 : [11049, 11073, 11079, 11121]
273.1 :   12 : [11050, 11054, 11056, 11081, 11089, 11090, 11097, 11106, 11109, 11117, 11118, 11131]
273.2 :   11 : [11067, 11092, 11095, 11098, 11103, 11115, 11130, 11137, 11139, 11140, 11141]
273.3 :   15 : [11059, 11065, 11071, 11075, 11091, 11094, 11096, 11107, 11123, 11127, 11133, 11135, 11136, 11138, 11143]
273.4 :   17 : [11048, 11052, 11057, 11062, 11068, 11069, 11072, 11080, 11084, 11085, 11088, 11093, 11110, 11116, 11124, 11125, 11128]
273.5 :   34 : [11046, 11047, 11051, 11053, 11055, 11058, 11061, 11063, 11064, 11066, 11070, 11077, 11078, 11082, 11087, 11099, 11100, 11102, 11104, 11105, 11108, 11112, 11113, 11114, 11119, 11120, 11122, 11126, 11129, 11132, 11134, 11142, 11144, 11145]
273.6 :    1 : [11086]
275.0 :    2 : [11101, 11111]
275.1 :    1 : [11074]
275.2 :    1 : [11060]
275.3 :    1 : [11083]
275.4 :    1 : [11076]
275.5 :    4 : [11049, 11073, 11079, 11121]
275.6 :   12 : [11050, 11054, 11056, 11081, 11089, 11090, 11097, 11106, 11109, 11117, 11118, 11131]
275.7 :   11 : [11067, 11092, 11095, 11098, 11103, 11115, 11130, 11137, 11139, 11140, 11141]
275.8 :   15 : [11059, 11065, 11071, 11075, 11091, 11094, 11096, 11107, 11123, 11127, 11133, 11135, 11136, 11138, 11143]
275.9 :   17 : [11048, 11052, 11057, 11062, 11068, 11069, 11072, 11080, 11084, 11085, 11088, 11093, 11110, 11116, 11124, 11125, 11128]
276.0 :   34 : [11046, 11047, 11051, 11053, 11055, 11058, 11061, 11063, 11064, 11066, 11070, 11077, 11078, 11082, 11087, 11099, 11100, 11102, 11104, 11105, 11108, 11112, 11113, 11114, 11119, 11120, 11122, 11126, 11129, 11132, 11134, 11142, 11144, 11145]
276.1 :    1 : [11086]
277.4 :    2 : [11101, 11111]
277.5 :    1 : [11074]
277.7 :    1 : [11060]
277.8 :    1 : [11083]
277.9 :    1 : [11076]
278.0 :    4 : [11049, 11073, 11079, 11121]
278.1 :   12 : [11050, 11054, 11056, 11081, 11089, 11090, 11097, 11106, 11109, 11117, 11118, 11131]
278.2 :   11 : [11067, 11092, 11095, 11098, 11103, 11115, 11130, 11137, 11139, 11140, 11141]
278.3 :   15 : [11059, 11065, 11071, 11075, 11091, 11094, 11096, 11107, 11123, 11127, 11133, 11135, 11136, 11138, 11143]
278.4 :   17 : [11048, 11052, 11057, 11062, 11068, 11069, 11072, 11080, 11084, 11085, 11088, 11093, 11110, 11116, 11124, 11125, 11128]
278.5 :   34 : [11046, 11047, 11051, 11053, 11055, 11058, 11061, 11063, 11064, 11066, 11070, 11077, 11078, 11082, 11087, 11099, 11100, 11102, 11104, 11105, 11108, 11112, 11113, 11114, 11119, 11120, 11122, 11126, 11129, 11132, 11134, 11142, 11144, 11145]
278.6 :    1 : [11086]
279.8 :    2 : [11101, 11111]
279.9 :    1 : [11074]
280.2 :    1 : [11060]
280.3 :    1 : [11083]
280.4 :    1 : [11076]
280.5 :    4 : [11049, 11073, 11079, 11121]
280.6 :   12 : [11050, 11054, 11056, 11081, 11089, 11090, 11097, 11106, 11109, 11117, 11118, 11131]
280.7 :   11 : [11067, 11092, 11095, 11098, 11103, 11115, 11130, 11137, 11139, 11140, 11141]
280.8 :   15 : [11059, 11065, 11071, 11075, 11091, 11094, 11096, 11107, 11123, 11127, 11133, 11135, 11136, 11138, 11143]
280.9 :   17 : [11048, 11052, 11057, 11062, 11068, 11069, 11072, 11080, 11084, 11085, 11088, 11093, 11110, 11116, 11124, 11125, 11128]
281.0 :   34 : [11046, 11047, 11051, 11053, 11055, 11058, 11061, 11063, 11064, 11066, 11070, 11077, 11078, 11082, 11087, 11099, 11100, 11102, 11104, 11105, 11108, 11112, 11113, 11114, 11119, 11120, 11122, 11126, 11129, 11132, 11134, 11142, 11144, 11145]
281.1 :    1 : [11086]
282.2 :    2 : [11101, 11111]
282.3 :    1 : [11074]
282.7 :    1 : [11060]
282.8 :    1 : [11083]
282.9 :    1 : [11076]
283.0 :    4 : [11049, 11073, 11079, 11121]
283.1 :   12 : [11050, 11054, 11056, 11081, 11089, 11090, 11097, 11106, 11109, 11117, 11118, 11131]
283.2 :   11 : [11067, 11092, 11095, 11098, 11103, 11115, 11130, 11137, 11139, 11140, 11141]
283.3 :   15 : [11059, 11065, 11071, 11075, 11091, 11094, 11096, 11107, 11123, 11127, 11133, 11135, 11136, 11138, 11143]
283.4 :   17 : [11048, 11052, 11057, 11062, 11068, 11069, 11072, 11080, 11084, 11085, 11088, 11093, 11110, 11116, 11124, 11125, 11128]
283.5 :   34 : [11046, 11047, 11051, 11053, 11055, 11058, 11061, 11063, 11064, 11066, 11070, 11077, 11078, 11082, 11087, 11099, 11100, 11102, 11104, 11105, 11108, 11112, 11113, 11114, 11119, 11120, 11122, 11126, 11129, 11132, 11134, 11142, 11144, 11145]
283.6 :    1 : [11086]
284.6 :    2 : [11101, 11111]
284.7 :    1 : [11074]
285.2 :    1 : [11060]
285.3 :    1 : [11083]
285.4 :    1 : [11076]
285.5 :    4 : [11049, 11073, 11079, 11121]
285.6 :   12 : [11050, 11054, 11056, 11081, 11089, 11090, 11097, 11106, 11109, 11117, 11118, 11131]
285.7 :   11 : [11067, 11092, 11095, 11098, 11103, 11115, 11130, 11137, 11139, 11140, 11141]
285.8 :   15 : [11059, 11065, 11071, 11075, 11091, 11094, 11096, 11107, 11123, 11127, 11133, 11135, 11136, 11138, 11143]
285.9 :   17 : [11048, 11052, 11057, 11062, 11068, 11069, 11072, 11080, 11084, 11085, 11088, 11093, 11110, 11116, 11124, 11125, 11128]
286.0 :   34 : [11046, 11047, 11051, 11053, 11055, 11058, 11061, 11063, 11064, 11066, 11070, 11077, 11078, 11082, 11087, 11099, 11100, 11102, 11104, 11105, 11108, 11112, 11113, 11114, 11119, 11120, 11122, 11126, 11129, 11132, 11134, 11142, 11144, 11145]
286.1 :    1 : [11086]
287.0 :    2 : [11101, 11111]
287.1 :    1 : [11074]
287.7 :    1 : [11060]
287.8 :    1 : [11083]
287.9 :    1 : [11076]
288.0 :    4 : [11049, 11073, 11079, 11121]
288.1 :   12 : [11050, 11054, 11056, 11081, 11089, 11090, 11097, 11106, 11109, 11117, 11118, 11131]
288.2 :   11 : [11067, 11092, 11095, 11098, 11103, 11115, 11130, 11137, 11139, 11140, 11141]
288.3 :   15 : [11059, 11065, 11071, 11075, 11091, 11094, 11096, 11107, 11123, 11127, 11133, 11135, 11136, 11138, 11143]
288.4 :   17 : [11048, 11052, 11057, 11062, 11068, 11069, 11072, 11080, 11084, 11085, 11088, 11093, 11110, 11116, 11124, 11125, 11128]
288.5 :   34 : [11046, 11047, 11051, 11053, 11055, 11058, 11061, 11063, 11064, 11066, 11070, 11077, 11078, 11082, 11087, 11099, 11100, 11102, 11104, 11105, 11108, 11112, 11113, 11114, 11119, 11120, 11122, 11126, 11129, 11132, 11134, 11142, 11144, 11145]
288.6 :    1 : [11086]
289.4 :    2 : [11101, 11111]
289.5 :    1 : [11074]
290.2 :    1 : [11060]
290.3 :    1 : [11083]
290.4 :    1 : [11076]
290.5 :    4 : [11049, 11073, 11079, 11121]
290.6 :   12 : [11050, 11054, 11056, 11081, 11089, 11090, 11097, 11106, 11109, 11117, 11118, 11131]
290.7 :   11 : [11067, 11092, 11095, 11098, 11103, 11115, 11130, 11137, 11139, 11140, 11141]
290.8 :   15 : [11059, 11065, 11071, 11075, 11091, 11094, 11096, 11107, 11123, 11127, 11133, 11135, 11136, 11138, 11143]
290.9 :   17 : [11048, 11052, 11057, 11062, 11068, 11069, 11072, 11080, 11084, 11085, 11088, 11093, 11110, 11116, 11124, 11125, 11128]
291.0 :   34 : [11046, 11047, 11051, 11053, 11055, 11058, 11061, 11063, 11064, 11066, 11070, 11077, 11078, 11082, 11087, 11099, 11100, 11102, 11104, 11105, 11108, 11112, 11113, 11114, 11119, 11120, 11122, 11126, 11129, 11132, 11134, 11142, 11144, 11145]
291.1 :    1 : [11086]
291.8 :    2 : [11101, 11111]
291.9 :    1 : [11074]
292.7 :    1 : [11060]
292.8 :    1 : [11083]
292.9 :    1 : [11076]
293.0 :    4 : [11049, 11073, 11079, 11121]
293.1 :   12 : [11050, 11054, 11056, 11081, 11089, 11090, 11097, 11106, 11109, 11117, 11118, 11131]
293.2 :   11 : [11067, 11092, 11095, 11098, 11103, 11115, 11130, 11137, 11139, 11140, 11141]
293.3 :   15 : [11059, 11065, 11071, 11075, 11091, 11094, 11096, 11107, 11123, 11127, 11133, 11135, 11136, 11138, 11143]
293.4 :   17 : [11048, 11052, 11057, 11062, 11068, 11069, 11072, 11080, 11084, 11085, 11088, 11093, 11110, 11116, 11124, 11125, 11128]
293.5 :   34 : [11046, 11047, 11051, 11053, 11055, 11058, 11061, 11063, 11064, 11066, 11070, 11077, 11078, 11082, 11087, 11099, 11100, 11102, 11104, 11105, 11108, 11112, 11113, 11114, 11119, 11120, 11122, 11126, 11129, 11132, 11134, 11142, 11144, 11145]
293.6 :    1 : [11086]
294.2 :    2 : [11101, 11111]
294.3 :    1 : [11074]
295.2 :    1 : [11060]
295.3 :    1 : [11083]
295.4 :    1 : [11076]
295.5 :    4 : [11049, 11073, 11079, 11121]
295.6 :   12 : [11050, 11054, 11056, 11081, 11089, 11090, 11097, 11106, 11109, 11117, 11118, 11131]
295.7 :   11 : [11067, 11092, 11095, 11098, 11103, 11115, 11130, 11137, 11139, 11140, 11141]
295.8 :   15 : [11059, 11065, 11071, 11075, 11091, 11094, 11096, 11107, 11123, 11127, 11133, 11135, 11136, 11138, 11143]
295.9 :   17 : [11048, 11052, 11057, 11062, 11068, 11069, 11072, 11080, 11084, 11085, 11088, 11093, 11110, 11116, 11124, 11125, 11128]
296.0 :   34 : [11046, 11047, 11051, 11053, 11055, 11058, 11061, 11063, 11064, 11066, 11070, 11077, 11078, 11082, 11087, 11099, 11100, 11102, 11104, 11105, 11108, 11112, 11113, 11114, 11119, 11120, 11122, 11126, 11129, 11132, 11134, 11142, 11144, 11145]
296.1 :    1 : [11086]
296.6 :    2 : [11101, 11111]
296.7 :    1 : [11074]
297.7 :    1 : [11060]
297.8 :    1 : [11083]
297.9 :    1 : [11076]
298.0 :    4 : [11049, 11073, 11079, 11121]
298.1 :   12 : [11050, 11054, 11056, 11081, 11089, 11090, 11097, 11106, 11109, 11117, 11118, 11131]
298.2 :   11 : [11067, 11092, 11095, 11098, 11103, 11115, 11130, 11137, 11139, 11140, 11141]
298.3 :   15 : [11059, 11065, 11071, 11075, 11091, 11094, 11096, 11107, 11123, 11127, 11133, 11135, 11136, 11138, 11143]
298.4 :   17 : [11048, 11052, 11057, 11062, 11068, 11069, 11072, 11080, 11084, 11085, 11088, 11093, 11110, 11116, 11124, 11125, 11128]
298.5 :   34 : [11046, 11047, 11051, 11053, 11055, 11058, 11061, 11063, 11064, 11066, 11070, 11077, 11078, 11082, 11087, 11099, 11100, 11102, 11104, 11105, 11108, 11112, 11113, 11114, 11119, 11120, 11122, 11126, 11129, 11132, 11134, 11142, 11144, 11145]
298.6 :    1 : [11086]
299.0 :    2 : [11101, 11111]
299.1 :    1 : [11074]
300.2 :    1 : [11060]
300.3 :    1 : [11083]
300.4 :    1 : [11076]
300.5 :    4 : [11049, 11073, 11079, 11121]
300.6 :   12 : [11050, 11054, 11056, 11081, 11089, 11090, 11097, 11106, 11109, 11117, 11118, 11131]
300.7 :   11 : [11067, 11092, 11095, 11098, 11103, 11115, 11130, 11137, 11139, 11140, 11141]
300.8 :   15 : [11059, 11065, 11071, 11075, 11091, 11094, 11096, 11107, 11123, 11127, 11133, 11135, 11136, 11138, 11143]
300.9 :   17 : [11048, 11052, 11057, 11062, 11068, 11069, 11072, 11080, 11084, 11085, 11088, 11093, 11110, 11116, 11124, 11125, 11128]
301.0 :   34 : [11046, 11047, 11051, 11053, 11055, 11058, 11061, 11063, 11064, 11066, 11070, 11077, 11078, 11082, 11087, 11099, 11100, 11102, 11104, 11105, 11108, 11112, 11113, 11114, 11119, 11120, 11122, 11126, 11129, 11132, 11134, 11142, 11144, 11145]
301.1 :    1 : [11086]
301.4 :    2 : [11101, 11111]
301.5 :    1 : [11074]
302.7 :    1 : [11060]
302.8 :    1 : [11083]
302.9 :    1 : [11076]
303.0 :    4 : [11049, 11073, 11079, 11121]
303.1 :   12 : [11050, 11054, 11056, 11081, 11089, 11090, 11097, 11106, 11109, 11117, 11118, 11131]
303.2 :   11 : [11067, 11092, 11095, 11098, 11103, 11115, 11130, 11137, 11139, 11140, 11141]
303.3 :   15 : [11059, 11065, 11071, 11075, 11091, 11094, 11096, 11107, 11123, 11127, 11133, 11135, 11136, 11138, 11143]
303.4 :   17 : [11048, 11052, 11057, 11062, 11068, 11069, 11072, 11080, 11084, 11085, 11088, 11093, 11110, 11116, 11124, 11125, 11128]
303.5 :   34 : [11046, 11047, 11051, 11053, 11055, 11058, 11061, 11063, 11064, 11066, 11070, 11077, 11078, 11082, 11087, 11099, 11100, 11102, 11104, 11105, 11108, 11112, 11113, 11114, 11119, 11120, 11122, 11126, 11129, 11132, 11134, 11142, 11144, 11145]
303.6 :    1 : [11086]
303.8 :    2 : [11101, 11111]
304.0 :    1 : [11074]
305.2 :    1 : [11060]
305.3 :    1 : [11083]
305.4 :    1 : [11076]
305.5 :    4 : [11049, 11073, 11079, 11121]
305.6 :   12 : [11050, 11054, 11056, 11081, 11089, 11090, 11097, 11106, 11109, 11117, 11118, 11131]
305.7 :   11 : [11067, 11092, 11095, 11098, 11103, 11115, 11130, 11137, 11139, 11140, 11141]
305.8 :   15 : [11059, 11065, 11071, 11075, 11091, 11094, 11096, 11107, 11123, 11127, 11133, 11135, 11136, 11138, 11143]
305.9 :   17 : [11048, 11052, 11057, 11062, 11068, 11069, 11072, 11080, 11084, 11085, 11088, 11093, 11110, 11116, 11124, 11125, 11128]
306.0 :   34 : [11046, 11047, 11051, 11053, 11055, 11058, 11061, 11063, 11064, 11066, 11070, 11077, 11078, 11082, 11087, 11099, 11100, 11102, 11104, 11105, 11108, 11112, 11113, 11114, 11119, 11120, 11122, 11126, 11129, 11132, 11134, 11142, 11144, 11145]
306.1 :    1 : [11086]
306.2 :    1 : [11101]
306.3 :    1 : [11111]
306.5 :    1 : [11074]
307.7 :    1 : [11060]
307.8 :    1 : [11083]
307.9 :    1 : [11076]
308.0 :    4 : [11049, 11073, 11079, 11121]
308.1 :   12 : [11050, 11054, 11056, 11081, 11089, 11090, 11097, 11106, 11109, 11117, 11118, 11131]
308.2 :   11 : [11067, 11092, 11095, 11098, 11103, 11115, 11130, 11137, 11139, 11140, 11141]
308.3 :   15 : [11059, 11065, 11071, 11075, 11091, 11094, 11096, 11107, 11123, 11127, 11133, 11135, 11136, 11138, 11143]
308.4 :   17 : [11048, 11052, 11057, 11062, 11068, 11069, 11072, 11080, 11084, 11085, 11088, 11093, 11110, 11116, 11124, 11125, 11128]
308.5 :   34 : [11046, 11047, 11051, 11053, 11055, 11058, 11061, 11063, 11064, 11066, 11070, 11077, 11078, 11082, 11087, 11099, 11100, 11102, 11104, 11105, 11108, 11112, 11113, 11114, 11119, 11120, 11122, 11126, 11129, 11132, 11134, 11142, 11144, 11145]
308.6 :    1 : [11086]
308.7 :    1 : [11101]
308.8 :    1 : [11111]
309.0 :    1 : [11074]
310.2 :    1 : [11060]
310.3 :    1 : [11083]
310.4 :    1 : [11076]
310.5 :    4 : [11049, 11073, 11079, 11121]
310.6 :   12 : [11050, 11054, 11056, 11081, 11089, 11090, 11097, 11106, 11109, 11117, 11118, 11131]
310.7 :   11 : [11067, 11092, 11095, 11098, 11103, 11115, 11130, 11137, 11139, 11140, 11141]
310.8 :   15 : [11059, 11065, 11071, 11075, 11091, 11094, 11096, 11107, 11123, 11127, 11133, 11135, 11136, 11138, 11143]
310.9 :   17 : [11048, 11052, 11057, 11062, 11068, 11069, 11072, 11080, 11084, 11085, 11088, 11093, 11110, 11116, 11124, 11125, 11128]
311.0 :   34 : [11046, 11047, 11051, 11053, 11055, 11058, 11061, 11063, 11064, 11066, 11070, 11077, 11078, 11082, 11087, 11099, 11100, 11102, 11104, 11105, 11108, 11112, 11113, 11114, 11119, 11120, 11122, 11126, 11129, 11132, 11134, 11142, 11144, 11145]
311.1 :    2 : [11086, 11101]
311.3 :    1 : [11111]
311.4 :    1 : [11074]
312.7 :    1 : [11060]
312.8 :    1 : [11083]
312.9 :    1 : [11076]
313.0 :    4 : [11049, 11073, 11079, 11121]
313.1 :   12 : [11050, 11054, 11056, 11081, 11089, 11090, 11097, 11106, 11109, 11117, 11118, 11131]
313.2 :   11 : [11067, 11092, 11095, 11098, 11103, 11115, 11130, 11137, 11139, 11140, 11141]
313.3 :   15 : [11059, 11065, 11071, 11075, 11091, 11094, 11096, 11107, 11123, 11127, 11133, 11135, 11136, 11138, 11143]
313.4 :   17 : [11048, 11052, 11057, 11062, 11068, 11069, 11072, 11080, 11084, 11085, 11088, 11093, 11110, 11116, 11124, 11125, 11128]
313.5 :   34 : [11046, 11047, 11051, 11053, 11055, 11058, 11061, 11063, 11064, 11066, 11070, 11077, 11078, 11082, 11087, 11099, 11100, 11102, 11104, 11105, 11108, 11112, 11113, 11114, 11119, 11120, 11122, 11126, 11129, 11132, 11134, 11142, 11144, 11145]
313.6 :    2 : [11086, 11101]
313.8 :    1 : [11111]
313.9 :    1 : [11074]
315.2 :    1 : [11060]
315.3 :    1 : [11083]
315.4 :    1 : [11076]
315.5 :    4 : [11049, 11073, 11079, 11121]
315.6 :   12 : [11050, 11054, 11056, 11081, 11089, 11090, 11097, 11106, 11109, 11117, 11118, 11131]
315.7 :   11 : [11067, 11092, 11095, 11098, 11103, 11115, 11130, 11137, 11139, 11140, 11141]
315.8 :   15 : [11059, 11065, 11071, 11075, 11091, 11094, 11096, 11107, 11123, 11127, 11133, 11135, 11136, 11138, 11143]
315.9 :   17 : [11048, 11052, 11057, 11062, 11068, 11069, 11072, 11080, 11084, 11085, 11088, 11093, 11110, 11116, 11124, 11125, 11128]
316.0 :   34 : [11046, 11047, 11051, 11053, 11055, 11058, 11061, 11063, 11064, 11066, 11070, 11077, 11078, 11082, 11087, 11099, 11100, 11102, 11104, 11105, 11108, 11112, 11113, 11114, 11119, 11120, 11122, 11126, 11129, 11132, 11134, 11142, 11144, 11145]
316.1 :    2 : [11086, 11101]
316.3 :    1 : [11111]
316.4 :    1 : [11074]
317.7 :    1 : [11060]
317.8 :    1 : [11083]
317.9 :    1 : [11076]
318.0 :    4 : [11049, 11073, 11079, 11121]
318.1 :   12 : [11050, 11054, 11056, 11081, 11089, 11090, 11097, 11106, 11109, 11117, 11118, 11131]
318.2 :   11 : [11067, 11092, 11095, 11098, 11103, 11115, 11130, 11137, 11139, 11140, 11141]
318.3 :   15 : [11059, 11065, 11071, 11075, 11091, 11094, 11096, 11107, 11123, 11127, 11133, 11135, 11136, 11138, 11143]
318.4 :   17 : [11048, 11052, 11057, 11062, 11068, 11069, 11072, 11080, 11084, 11085, 11088, 11093, 11110, 11116, 11124, 11125, 11128]
318.5 :   34 : [11046, 11047, 11051, 11053, 11055, 11058, 11061, 11063, 11064, 11066, 11070, 11077, 11078, 11082, 11087, 11099, 11100, 11102, 11104, 11105, 11108, 11112, 11113, 11114, 11119, 11120, 11122, 11126, 11129, 11132, 11134, 11142, 11144, 11145]
318.6 :    2 : [11086, 11101]
318.8 :    2 : [11074, 11111]
320.2 :    1 : [11060]
320.3 :    1 : [11083]
320.4 :    1 : [11076]
320.5 :    4 : [11049, 11073, 11079, 11121]
320.6 :   12 : [11050, 11054, 11056, 11081, 11089, 11090, 11097, 11106, 11109, 11117, 11118, 11131]
320.7 :   11 : [11067, 11092, 11095, 11098, 11103, 11115, 11130, 11137, 11139, 11140, 11141]
320.8 :   15 : [11059, 11065, 11071, 11075, 11091, 11094, 11096, 11107, 11123, 11127, 11133, 11135, 11136, 11138, 11143]
320.9 :   17 : [11048, 11052, 11057, 11062, 11068, 11069, 11072, 11080, 11084, 11085, 11088, 11093, 11110, 11116, 11124, 11125, 11128]
321.0 :   34 : [11046, 11047, 11051, 11053, 11055, 11058, 11061, 11063, 11064, 11066, 11070, 11077, 11078, 11082, 11087, 11099, 11100, 11102, 11104, 11105, 11108, 11112, 11113, 11114, 11119, 11120, 11122, 11126, 11129, 11132, 11134, 11142, 11144, 11145]
321.1 :    2 : [11086, 11101]
321.2 :    2 : [11074, 11111]
322.7 :    1 : [11060]
322.8 :    1 : [11083]
322.9 :    1 : [11076]
323.0 :    4 : [11049, 11073, 11079, 11121]
323.1 :   12 : [11050, 11054, 11056, 11081, 11089, 11090, 11097, 11106, 11109, 11117, 11118, 11131]
323.2 :   11 : [11067, 11092, 11095, 11098, 11103, 11115, 11130, 11137, 11139, 11140, 11141]
323.3 :   15 : [11059, 11065, 11071, 11075, 11091, 11094, 11096, 11107, 11123, 11127, 11133, 11135, 11136, 11138, 11143]
323.4 :   17 : [11048, 11052, 11057, 11062, 11068, 11069, 11072, 11080, 11084, 11085, 11088, 11093, 11110, 11116, 11124, 11125, 11128]
323.5 :   35 : [11046, 11047, 11051, 11053, 11055, 11058, 11061, 11063, 11064, 11066, 11070, 11077, 11078, 11082, 11087, 11099, 11100, 11101, 11102, 11104, 11105, 11108, 11112, 11113, 11114, 11119, 11120, 11122, 11126, 11129, 11132, 11134, 11142, 11144, 11145]
323.6 :    3 : [11074, 11086, 11111]
325.2 :    1 : [11060]
325.3 :    1 : [11083]
325.4 :    1 : [11076]
325.5 :    4 : [11049, 11073, 11079, 11121]
325.6 :   12 : [11050, 11054, 11056, 11081, 11089, 11090, 11097, 11106, 11109, 11117, 11118, 11131]
325.7 :   11 : [11067, 11092, 11095, 11098, 11103, 11115, 11130, 11137, 11139, 11140, 11141]
325.8 :   15 : [11059, 11065, 11071, 11075, 11091, 11094, 11096, 11107, 11123, 11127, 11133, 11135, 11136, 11138, 11143]
325.9 :   18 : [11048, 11052, 11057, 11062, 11068, 11069, 11072, 11080, 11084, 11085, 11088, 11093, 11101, 11110, 11116, 11124, 11125, 11128]
326.0 :   36 : [11046, 11047, 11051, 11053, 11055, 11058, 11061, 11063, 11064, 11066, 11070, 11074, 11077, 11078, 11082, 11087, 11099, 11100, 11102, 11104, 11105, 11108, 11111, 11112, 11113, 11114, 11119, 11120, 11122, 11126, 11129, 11132, 11134, 11142, 11144, 11145]
326.1 :    1 : [11086]
327.7 :    1 : [11060]
327.8 :    1 : [11083]
327.9 :    1 : [11076]
328.0 :    4 : [11049, 11073, 11079, 11121]
328.1 :   12 : [11050, 11054, 11056, 11081, 11089, 11090, 11097, 11106, 11109, 11117, 11118, 11131]
328.2 :   11 : [11067, 11092, 11095, 11098, 11103, 11115, 11130, 11137, 11139, 11140, 11141]
328.3 :   15 : [11059, 11065, 11071, 11075, 11091, 11094, 11096, 11107, 11123, 11127, 11133, 11135, 11136, 11138, 11143]
328.4 :   18 : [11048, 11052, 11057, 11062, 11068, 11069, 11072, 11080, 11084, 11085, 11088, 11093, 11101, 11110, 11116, 11124, 11125, 11128]
328.5 :   36 : [11046, 11047, 11051, 11053, 11055, 11058, 11061, 11063, 11064, 11066, 11070, 11074, 11077, 11078, 11082, 11087, 11099, 11100, 11102, 11104, 11105, 11108, 11111, 11112, 11113, 11114, 11119, 11120, 11122, 11126, 11129, 11132, 11134, 11142, 11144, 11145]
328.6 :    1 : [11086]
330.2 :    1 : [11060]
330.3 :    1 : [11083]
330.4 :    1 : [11076]
330.5 :    4 : [11049, 11073, 11079, 11121]
330.6 :   12 : [11050, 11054, 11056, 11081, 11089, 11090, 11097, 11106, 11109, 11117, 11118, 11131]
330.7 :   11 : [11067, 11092, 11095, 11098, 11103, 11115, 11130, 11137, 11139, 11140, 11141]
330.8 :   16 : [11059, 11065, 11071, 11075, 11091, 11094, 11096, 11101, 11107, 11123, 11127, 11133, 11135, 11136, 11138, 11143]
330.9 :   19 : [11048, 11052, 11057, 11062, 11068, 11069, 11072, 11074, 11080, 11084, 11085, 11088, 11093, 11110, 11111, 11116, 11124, 11125, 11128]
331.0 :   34 : [11046, 11047, 11051, 11053, 11055, 11058, 11061, 11063, 11064, 11066, 11070, 11077, 11078, 11082, 11087, 11099, 11100, 11102, 11104, 11105, 11108, 11112, 11113, 11114, 11119, 11120, 11122, 11126, 11129, 11132, 11134, 11142, 11144, 11145]
331.1 :    1 : [11086]
332.7 :    1 : [11060]
332.8 :    1 : [11083]
332.9 :    1 : [11076]
333.0 :    4 : [11049, 11073, 11079, 11121]
333.1 :   12 : [11050, 11054, 11056, 11081, 11089, 11090, 11097, 11106, 11109, 11117, 11118, 11131]
333.2 :   11 : [11067, 11092, 11095, 11098, 11103, 11115, 11130, 11137, 11139, 11140, 11141]
333.3 :   16 : [11059, 11065, 11071, 11075, 11091, 11094, 11096, 11101, 11107, 11123, 11127, 11133, 11135, 11136, 11138, 11143]
333.4 :   19 : [11048, 11052, 11057, 11062, 11068, 11069, 11072, 11074, 11080, 11084, 11085, 11088, 11093, 11110, 11111, 11116, 11124, 11125, 11128]
333.5 :   34 : [11046, 11047, 11051, 11053, 11055, 11058, 11061, 11063, 11064, 11066, 11070, 11077, 11078, 11082, 11087, 11099, 11100, 11102, 11104, 11105, 11108, 11112, 11113, 11114, 11119, 11120, 11122, 11126, 11129, 11132, 11134, 11142, 11144, 11145]
333.6 :    1 : [11086]
335.2 :    1 : [11060]
335.3 :    1 : [11083]
335.4 :    1 : [11076]
335.5 :    4 : [11049, 11073, 11079, 11121]
335.6 :   12 : [11050, 11054, 11056, 11081, 11089, 11090, 11097, 11106, 11109, 11117, 11118, 11131]
335.7 :   12 : [11067, 11092, 11095, 11098, 11101, 11103, 11115, 11130, 11137, 11139, 11140, 11141]
335.8 :   15 : [11059, 11065, 11071, 11075, 11091, 11094, 11096, 11107, 11123, 11127, 11133, 11135, 11136, 11138, 11143]
335.9 :   19 : [11048, 11052, 11057, 11062, 11068, 11069, 11072, 11074, 11080, 11084, 11085, 11088, 11093, 11110, 11111, 11116, 11124, 11125, 11128]
336.0 :   34 : [11046, 11047, 11051, 11053, 11055, 11058, 11061, 11063, 11064, 11066, 11070, 11077, 11078, 11082, 11087, 11099, 11100, 11102, 11104, 11105, 11108, 11112, 11113, 11114, 11119, 11120, 11122, 11126, 11129, 11132, 11134, 11142, 11144, 11145]
336.1 :    1 : [11086]
337.7 :    1 : [11060]
337.8 :    1 : [11083]
337.9 :    1 : [11076]
338.0 :    4 : [11049, 11073, 11079, 11121]
338.1 :   12 : [11050, 11054, 11056, 11081, 11089, 11090, 11097, 11106, 11109, 11117, 11118, 11131]
338.2 :   12 : [11067, 11092, 11095, 11098, 11101, 11103, 11115, 11130, 11137, 11139, 11140, 11141]
338.3 :   15 : [11059, 11065, 11071, 11075, 11091, 11094, 11096, 11107, 11123, 11127, 11133, 11135, 11136, 11138, 11143]
338.4 :   19 : [11048, 11052, 11057, 11062, 11068, 11069, 11072, 11074, 11080, 11084, 11085, 11088, 11093, 11110, 11111, 11116, 11124, 11125, 11128]
338.5 :   34 : [11046, 11047, 11051, 11053, 11055, 11058, 11061, 11063, 11064, 11066, 11070, 11077, 11078, 11082, 11087, 11099, 11100, 11102, 11104, 11105, 11108, 11112, 11113, 11114, 11119, 11120, 11122, 11126, 11129, 11132, 11134, 11142, 11144, 11145]
338.6 :    1 : [11086]
340.2 :    1 : [11060]
340.3 :    1 : [11083]
340.4 :    1 : [11076]
340.5 :    4 : [11049, 11073, 11079, 11121]
340.6 :   12 : [11050, 11054, 11056, 11081, 11089, 11090, 11097, 11106, 11109, 11117, 11118, 11131]
340.7 :   12 : [11067, 11092, 11095, 11098, 11101, 11103, 11115, 11130, 11137, 11139, 11140, 11141]
340.8 :   15 : [11059, 11065, 11071, 11075, 11091, 11094, 11096, 11107, 11123, 11127, 11133, 11135, 11136, 11138, 11143]
340.9 :   19 : [11048, 11052, 11057, 11062, 11068, 11069, 11072, 11074, 11080, 11084, 11085, 11088, 11093, 11110, 11111, 11116, 11124, 11125, 11128]
341.0 :   34 : [11046, 11047, 11051, 11053, 11055, 11058, 11061, 11063, 11064, 11066, 11070, 11077, 11078, 11082, 11087, 11099, 11100, 11102, 11104, 11105, 11108, 11112, 11113, 11114, 11119, 11120, 11122, 11126, 11129, 11132, 11134, 11142, 11144, 11145]
341.1 :    1 : [11086]
342.7 :    1 : [11060]
342.8 :    1 : [11083]
342.9 :    1 : [11076]
343.0 :    4 : [11049, 11073, 11079, 11121]
343.1 :   12 : [11050, 11054, 11056, 11081, 11089, 11090, 11097, 11106, 11109, 11117, 11118, 11131]
343.2 :   12 : [11067, 11092, 11095, 11098, 11101, 11103, 11115, 11130, 11137, 11139, 11140, 11141]
343.3 :   15 : [11059, 11065, 11071, 11075, 11091, 11094, 11096, 11107, 11123, 11127, 11133, 11135, 11136, 11138, 11143]
343.4 :   19 : [11048, 11052, 11057, 11062, 11068, 11069, 11072, 11074, 11080, 11084, 11085, 11088, 11093, 11110, 11111, 11116, 11124, 11125, 11128]
343.5 :   34 : [11046, 11047, 11051, 11053, 11055, 11058, 11061, 11063, 11064, 11066, 11070, 11077, 11078, 11082, 11087, 11099, 11100, 11102, 11104, 11105, 11108, 11112, 11113, 11114, 11119, 11120, 11122, 11126, 11129, 11132, 11134, 11142, 11144, 11145]
343.6 :    1 : [11086]
345.2 :    1 : [11060]
345.3 :    1 : [11083]
345.4 :    1 : [11076]
345.5 :    4 : [11049, 11073, 11079, 11121]
345.6 :   12 : [11050, 11054, 11056, 11081, 11089, 11090, 11097, 11106, 11109, 11117, 11118, 11131]
345.7 :   12 : [11067, 11092, 11095, 11098, 11101, 11103, 11115, 11130, 11137, 11139, 11140, 11141]
345.8 :   15 : [11059, 11065, 11071, 11075, 11091, 11094, 11096, 11107, 11123, 11127, 11133, 11135, 11136, 11138, 11143]
345.9 :   19 : [11048, 11052, 11057, 11062, 11068, 11069, 11072, 11074, 11080, 11084, 11085, 11088, 11093, 11110, 11111, 11116, 11124, 11125, 11128]
346.0 :   34 : [11046, 11047, 11051, 11053, 11055, 11058, 11061, 11063, 11064, 11066, 11070, 11077, 11078, 11082, 11087, 11099, 11100, 11102, 11104, 11105, 11108, 11112, 11113, 11114, 11119, 11120, 11122, 11126, 11129, 11132, 11134, 11142, 11144, 11145]
346.1 :    1 : [11086]
347.7 :    1 : [11060]
347.8 :    1 : [11083]
347.9 :    1 : [11076]
348.0 :    4 : [11049, 11073, 11079, 11121]
348.1 :   12 : [11050, 11054, 11056, 11081, 11089, 11090, 11097, 11106, 11109, 11117, 11118, 11131]
348.2 :   12 : [11067, 11092, 11095, 11098, 11101, 11103, 11115, 11130, 11137, 11139, 11140, 11141]
348.3 :   15 : [11059, 11065, 11071, 11075, 11091, 11094, 11096, 11107, 11123, 11127, 11133, 11135, 11136, 11138, 11143]
348.4 :   19 : [11048, 11052, 11057, 11062, 11068, 11069, 11072, 11074, 11080, 11084, 11085, 11088, 11093, 11110, 11111, 11116, 11124, 11125, 11128]
348.5 :   34 : [11046, 11047, 11051, 11053, 11055, 11058, 11061, 11063, 11064, 11066, 11070, 11077, 11078, 11082, 11087, 11099, 11100, 11102, 11104, 11105, 11108, 11112, 11113, 11114, 11119, 11120, 11122, 11126, 11129, 11132, 11134, 11142, 11144, 11145]
348.6 :    1 : [11086]
350.2 :    1 : [11060]
350.3 :    1 : [11083]
350.4 :    1 : [11076]
350.5 :    4 : [11049, 11073, 11079, 11121]
350.6 :   12 : [11050, 11054, 11056, 11081, 11089, 11090, 11097, 11106, 11109, 11117, 11118, 11131]
350.7 :   12 : [11067, 11092, 11095, 11098, 11101, 11103, 11115, 11130, 11137, 11139, 11140, 11141]
350.8 :   15 : [11059, 11065, 11071, 11075, 11091, 11094, 11096, 11107, 11123, 11127, 11133, 11135, 11136, 11138, 11143]
350.9 :   19 : [11048, 11052, 11057, 11062, 11068, 11069, 11072, 11074, 11080, 11084, 11085, 11088, 11093, 11110, 11111, 11116, 11124, 11125, 11128]
351.0 :   34 : [11046, 11047, 11051, 11053, 11055, 11058, 11061, 11063, 11064, 11066, 11070, 11077, 11078, 11082, 11087, 11099, 11100, 11102, 11104, 11105, 11108, 11112, 11113, 11114, 11119, 11120, 11122, 11126, 11129, 11132, 11134, 11142, 11144, 11145]
351.1 :    1 : [11086]
352.7 :    1 : [11060]
352.8 :    1 : [11083]
352.9 :    1 : [11076]
353.0 :    4 : [11049, 11073, 11079, 11121]
353.1 :   12 : [11050, 11054, 11056, 11081, 11089, 11090, 11097, 11106, 11109, 11117, 11118, 11131]
353.2 :   12 : [11067, 11092, 11095, 11098, 11101, 11103, 11115, 11130, 11137, 11139, 11140, 11141]
353.3 :   15 : [11059, 11065, 11071, 11075, 11091, 11094, 11096, 11107, 11123, 11127, 11133, 11135, 11136, 11138, 11143]
353.4 :   19 : [11048, 11052, 11057, 11062, 11068, 11069, 11072, 11074, 11080, 11084, 11085, 11088, 11093, 11110, 11111, 11116, 11124, 11125, 11128]
353.5 :   34 : [11046, 11047, 11051, 11053, 11055, 11058, 11061, 11063, 11064, 11066, 11070, 11077, 11078, 11082, 11087, 11099, 11100, 11102, 11104, 11105, 11108, 11112, 11113, 11114, 11119, 11120, 11122, 11126, 11129, 11132, 11134, 11142, 11144, 11145]
353.6 :    1 : [11086]
355.2 :    1 : [11060]
355.3 :    1 : [11083]
355.4 :    1 : [11076]
355.5 :    4 : [11049, 11073, 11079, 11121]
355.6 :   12 : [11050, 11054, 11056, 11081, 11089, 11090, 11097, 11106, 11109, 11117, 11118, 11131]
355.7 :   12 : [11067, 11092, 11095, 11098, 11101, 11103, 11115, 11130, 11137, 11139, 11140, 11141]
355.8 :   15 : [11059, 11065, 11071, 11075, 11091, 11094, 11096, 11107, 11123, 11127, 11133, 11135, 11136, 11138, 11143]
355.9 :   19 : [11048, 11052, 11057, 11062, 11068, 11069, 11072, 11074, 11080, 11084, 11085, 11088, 11093, 11110, 11111, 11116, 11124, 11125, 11128]
356.0 :   34 : [11046, 11047, 11051, 11053, 11055, 11058, 11061, 11063, 11064, 11066, 11070, 11077, 11078, 11082, 11087, 11099, 11100, 11102, 11104, 11105, 11108, 11112, 11113, 11114, 11119, 11120, 11122, 11126, 11129, 11132, 11134, 11142, 11144, 11145]
356.1 :    1 : [11086]
357.7 :    1 : [11060]
357.8 :    1 : [11083]
357.9 :    1 : [11076]
358.0 :    4 : [11049, 11073, 11079, 11121]
358.1 :   12 : [11050, 11054, 11056, 11081, 11089, 11090, 11097, 11106, 11109, 11117, 11118, 11131]
358.2 :   12 : [11067, 11092, 11095, 11098, 11101, 11103, 11115, 11130, 11137, 11139, 11140, 11141]
358.3 :   15 : [11059, 11065, 11071, 11075, 11091, 11094, 11096, 11107, 11123, 11127, 11133, 11135, 11136, 11138, 11143]
358.4 :   19 : [11048, 11052, 11057, 11062, 11068, 11069, 11072, 11074, 11080, 11084, 11085, 11088, 11093, 11110, 11111, 11116, 11124, 11125, 11128]
358.5 :   34 : [11046, 11047, 11051, 11053, 11055, 11058, 11061, 11063, 11064, 11066, 11070, 11077, 11078, 11082, 11087, 11099, 11100, 11102, 11104, 11105, 11108, 11112, 11113, 11114, 11119, 11120, 11122, 11126, 11129, 11132, 11134, 11142, 11144, 11145]
358.6 :    1 : [11086]
360.2 :    1 : [11060]
360.3 :    1 : [11083]
360.4 :    1 : [11076]
360.5 :    4 : [11049, 11073, 11079, 11121]
360.6 :   12 : [11050, 11054, 11056, 11081, 11089, 11090, 11097, 11106, 11109, 11117, 11118, 11131]
360.7 :   12 : [11067, 11092, 11095, 11098, 11101, 11103, 11115, 11130, 11137, 11139, 11140, 11141]
360.8 :   15 : [11059, 11065, 11071, 11075, 11091, 11094, 11096, 11107, 11123, 11127, 11133, 11135, 11136, 11138, 11143]
360.9 :   19 : [11048, 11052, 11057, 11062, 11068, 11069, 11072, 11074, 11080, 11084, 11085, 11088, 11093, 11110, 11111, 11116, 11124, 11125, 11128]
361.0 :   34 : [11046, 11047, 11051, 11053, 11055, 11058, 11061, 11063, 11064, 11066, 11070, 11077, 11078, 11082, 11087, 11099, 11100, 11102, 11104, 11105, 11108, 11112, 11113, 11114, 11119, 11120, 11122, 11126, 11129, 11132, 11134, 11142, 11144, 11145]
361.1 :    1 : [11086]
362.7 :    1 : [11060]
362.8 :    1 : [11083]
362.9 :    1 : [11076]
363.0 :    4 : [11049, 11073, 11079, 11121]
363.1 :   12 : [11050, 11054, 11056, 11081, 11089, 11090, 11097, 11106, 11109, 11117, 11118, 11131]
363.2 :   12 : [11067, 11092, 11095, 11098, 11101, 11103, 11115, 11130, 11137, 11139, 11140, 11141]
363.3 :   15 : [11059, 11065, 11071, 11075, 11091, 11094, 11096, 11107, 11123, 11127, 11133, 11135, 11136, 11138, 11143]
363.4 :   19 : [11048, 11052, 11057, 11062, 11068, 11069, 11072, 11074, 11080, 11084, 11085, 11088, 11093, 11110, 11111, 11116, 11124, 11125, 11128]
363.5 :   34 : [11046, 11047, 11051, 11053, 11055, 11058, 11061, 11063, 11064, 11066, 11070, 11077, 11078, 11082, 11087, 11099, 11100, 11102, 11104, 11105, 11108, 11112, 11113, 11114, 11119, 11120, 11122, 11126, 11129, 11132, 11134, 11142, 11144, 11145]
363.6 :    1 : [11086]
365.2 :    1 : [11060]
365.3 :    1 : [11083]
365.4 :    1 : [11076]
365.5 :    4 : [11049, 11073, 11079, 11121]
365.6 :   12 : [11050, 11054, 11056, 11081, 11089, 11090, 11097, 11106, 11109, 11117, 11118, 11131]
365.7 :   12 : [11067, 11092, 11095, 11098, 11101, 11103, 11115, 11130, 11137, 11139, 11140, 11141]
365.8 :   15 : [11059, 11065, 11071, 11075, 11091, 11094, 11096, 11107, 11123, 11127, 11133, 11135, 11136, 11138, 11143]
365.9 :   19 : [11048, 11052, 11057, 11062, 11068, 11069, 11072, 11074, 11080, 11084, 11085, 11088, 11093, 11110, 11111, 11116, 11124, 11125, 11128]
366.0 :   34 : [11046, 11047, 11051, 11053, 11055, 11058, 11061, 11063, 11064, 11066, 11070, 11077, 11078, 11082, 11087, 11099, 11100, 11102, 11104, 11105, 11108, 11112, 11113, 11114, 11119, 11120, 11122, 11126, 11129, 11132, 11134, 11142, 11144, 11145]
366.1 :    1 : [11086]
367.7 :    1 : [11060]
367.8 :    1 : [11083]
367.9 :    1 : [11076]
368.0 :    4 : [11049, 11073, 11079, 11121]
368.1 :   12 : [11050, 11054, 11056, 11081, 11089, 11090, 11097, 11106, 11109, 11117, 11118, 11131]
368.2 :   12 : [11067, 11092, 11095, 11098, 11101, 11103, 11115, 11130, 11137, 11139, 11140, 11141]
368.3 :   15 : [11059, 11065, 11071, 11075, 11091, 11094, 11096, 11107, 11123, 11127, 11133, 11135, 11136, 11138, 11143]
368.4 :   19 : [11048, 11052, 11057, 11062, 11068, 11069, 11072, 11074, 11080, 11084, 11085, 11088, 11093, 11110, 11111, 11116, 11124, 11125, 11128]
368.5 :   34 : [11046, 11047, 11051, 11053, 11055, 11058, 11061, 11063, 11064, 11066, 11070, 11077, 11078, 11082, 11087, 11099, 11100, 11102, 11104, 11105, 11108, 11112, 11113, 11114, 11119, 11120, 11122, 11126, 11129, 11132, 11134, 11142, 11144, 11145]
368.6 :    1 : [11086]
370.2 :    1 : [11060]
370.3 :    1 : [11083]
370.4 :    1 : [11076]
370.5 :    4 : [11049, 11073, 11079, 11121]
370.6 :   12 : [11050, 11054, 11056, 11081, 11089, 11090, 11097, 11106, 11109, 11117, 11118, 11131]
370.7 :   12 : [11067, 11092, 11095, 11098, 11101, 11103, 11115, 11130, 11137, 11139, 11140, 11141]
370.8 :   15 : [11059, 11065, 11071, 11075, 11091, 11094, 11096, 11107, 11123, 11127, 11133, 11135, 11136, 11138, 11143]
370.9 :   19 : [11048, 11052, 11057, 11062, 11068, 11069, 11072, 11074, 11080, 11084, 11085, 11088, 11093, 11110, 11111, 11116, 11124, 11125, 11128]
371.0 :   34 : [11046, 11047, 11051, 11053, 11055, 11058, 11061, 11063, 11064, 11066, 11070, 11077, 11078, 11082, 11087, 11099, 11100, 11102, 11104, 11105, 11108, 11112, 11113, 11114, 11119, 11120, 11122, 11126, 11129, 11132, 11134, 11142, 11144, 11145]
371.1 :    1 : [11086]
372.7 :    1 : [11060]
372.8 :    1 : [11083]
372.9 :    1 : [11076]
373.0 :    4 : [11049, 11073, 11079, 11121]
373.1 :   12 : [11050, 11054, 11056, 11081, 11089, 11090, 11097, 11106, 11109, 11117, 11118, 11131]
373.2 :   12 : [11067, 11092, 11095, 11098, 11101, 11103, 11115, 11130, 11137, 11139, 11140, 11141]
373.3 :   15 : [11059, 11065, 11071, 11075, 11091, 11094, 11096, 11107, 11123, 11127, 11133, 11135, 11136, 11138, 11143]
373.4 :   19 : [11048, 11052, 11057, 11062, 11068, 11069, 11072, 11074, 11080, 11084, 11085, 11088, 11093, 11110, 11111, 11116, 11124, 11125, 11128]
373.5 :   34 : [11046, 11047, 11051, 11053, 11055, 11058, 11061, 11063, 11064, 11066, 11070, 11077, 11078, 11082, 11087, 11099, 11100, 11102, 11104, 11105, 11108, 11112, 11113, 11114, 11119, 11120, 11122, 11126, 11129, 11132, 11134, 11142, 11144, 11145]
373.6 :    1 : [11086]
375.2 :    1 : [11060]
375.3 :    1 : [11083]
375.4 :    1 : [11076]
375.5 :    4 : [11049, 11073, 11079, 11121]
375.6 :   12 : [11050, 11054, 11056, 11081, 11089, 11090, 11097, 11106, 11109, 11117, 11118, 11131]
375.7 :   12 : [11067, 11092, 11095, 11098, 11101, 11103, 11115, 11130, 11137, 11139, 11140, 11141]
375.8 :   15 : [11059, 11065, 11071, 11075, 11091, 11094, 11096, 11107, 11123, 11127, 11133, 11135, 11136, 11138, 11143]
375.9 :   19 : [11048, 11052, 11057, 11062, 11068, 11069, 11072, 11074, 11080, 11084, 11085, 11088, 11093, 11110, 11111, 11116, 11124, 11125, 11128]
376.0 :   34 : [11046, 11047, 11051, 11053, 11055, 11058, 11061, 11063, 11064, 11066, 11070, 11077, 11078, 11082, 11087, 11099, 11100, 11102, 11104, 11105, 11108, 11112, 11113, 11114, 11119, 11120, 11122, 11126, 11129, 11132, 11134, 11142, 11144, 11145]
376.1 :    1 : [11086]
377.7 :    1 : [11060]
377.8 :    1 : [11083]
377.9 :    1 : [11076]
378.0 :    4 : [11049, 11073, 11079, 11121]
378.1 :   12 : [11050, 11054, 11056, 11081, 11089, 11090, 11097, 11106, 11109, 11117, 11118, 11131]
378.2 :   12 : [11067, 11092, 11095, 11098, 11101, 11103, 11115, 11130, 11137, 11139, 11140, 11141]
378.3 :   15 : [11059, 11065, 11071, 11075, 11091, 11094, 11096, 11107, 11123, 11127, 11133, 11135, 11136, 11138, 11143]
378.4 :   19 : [11048, 11052, 11057, 11062, 11068, 11069, 11072, 11074, 11080, 11084, 11085, 11088, 11093, 11110, 11111, 11116, 11124, 11125, 11128]
378.5 :   34 : [11046, 11047, 11051, 11053, 11055, 11058, 11061, 11063, 11064, 11066, 11070, 11077, 11078, 11082, 11087, 11099, 11100, 11102, 11104, 11105, 11108, 11112, 11113, 11114, 11119, 11120, 11122, 11126, 11129, 11132, 11134, 11142, 11144, 11145]
378.6 :    1 : [11086]
380.2 :    1 : [11060]
380.3 :    1 : [11083]
380.4 :    1 : [11076]
380.5 :    4 : [11049, 11073, 11079, 11121]
380.6 :   12 : [11050, 11054, 11056, 11081, 11089, 11090, 11097, 11106, 11109, 11117, 11118, 11131]
380.7 :   12 : [11067, 11092, 11095, 11098, 11101, 11103, 11115, 11130, 11137, 11139, 11140, 11141]
380.8 :   15 : [11059, 11065, 11071, 11075, 11091, 11094, 11096, 11107, 11123, 11127, 11133, 11135, 11136, 11138, 11143]
380.9 :   19 : [11048, 11052, 11057, 11062, 11068, 11069, 11072, 11074, 11080, 11084, 11085, 11088, 11093, 11110, 11111, 11116, 11124, 11125, 11128]
381.0 :   34 : [11046, 11047, 11051, 11053, 11055, 11058, 11061, 11063, 11064, 11066, 11070, 11077, 11078, 11082, 11087, 11099, 11100, 11102, 11104, 11105, 11108, 11112, 11113, 11114, 11119, 11120, 11122, 11126, 11129, 11132, 11134, 11142, 11144, 11145]
381.1 :    1 : [11086]
382.7 :    1 : [11060]
382.8 :    1 : [11083]
382.9 :    1 : [11076]
383.0 :    4 : [11049, 11073, 11079, 11121]
383.1 :   12 : [11050, 11054, 11056, 11081, 11089, 11090, 11097, 11106, 11109, 11117, 11118, 11131]
383.2 :   12 : [11067, 11092, 11095, 11098, 11101, 11103, 11115, 11130, 11137, 11139, 11140, 11141]
383.3 :   15 : [11059, 11065, 11071, 11075, 11091, 11094, 11096, 11107, 11123, 11127, 11133, 11135, 11136, 11138, 11143]
383.4 :   19 : [11048, 11052, 11057, 11062, 11068, 11069, 11072, 11074, 11080, 11084, 11085, 11088, 11093, 11110, 11111, 11116, 11124, 11125, 11128]
383.5 :   34 : [11046, 11047, 11051, 11053, 11055, 11058, 11061, 11063, 11064, 11066, 11070, 11077, 11078, 11082, 11087, 11099, 11100, 11102, 11104, 11105, 11108, 11112, 11113, 11114, 11119, 11120, 11122, 11126, 11129, 11132, 11134, 11142, 11144, 11145]
383.6 :    1 : [11086]
385.2 :    1 : [11060]
385.3 :    1 : [11083]
385.4 :    1 : [11076]
385.5 :    4 : [11049, 11073, 11079, 11121]
385.6 :   12 : [11050, 11054, 11056, 11081, 11089, 11090, 11097, 11106, 11109, 11117, 11118, 11131]
385.7 :   12 : [11067, 11092, 11095, 11098, 11101, 11103, 11115, 11130, 11137, 11139, 11140, 11141]
385.8 :   15 : [11059, 11065, 11071, 11075, 11091, 11094, 11096, 11107, 11123, 11127, 11133, 11135, 11136, 11138, 11143]
385.9 :   19 : [11048, 11052, 11057, 11062, 11068, 11069, 11072, 11074, 11080, 11084, 11085, 11088, 11093, 11110, 11111, 11116, 11124, 11125, 11128]
386.0 :   34 : [11046, 11047, 11051, 11053, 11055, 11058, 11061, 11063, 11064, 11066, 11070, 11077, 11078, 11082, 11087, 11099, 11100, 11102, 11104, 11105, 11108, 11112, 11113, 11114, 11119, 11120, 11122, 11126, 11129, 11132, 11134, 11142, 11144, 11145]
386.1 :    1 : [11086]
387.7 :    1 : [11060]
387.8 :    1 : [11083]
387.9 :    1 : [11076]
388.0 :    4 : [11049, 11073, 11079, 11121]
388.1 :   12 : [11050, 11054, 11056, 11081, 11089, 11090, 11097, 11106, 11109, 11117, 11118, 11131]
388.2 :   12 : [11067, 11092, 11095, 11098, 11101, 11103, 11115, 11130, 11137, 11139, 11140, 11141]
388.3 :   15 : [11059, 11065, 11071, 11075, 11091, 11094, 11096, 11107, 11123, 11127, 11133, 11135, 11136, 11138, 11143]
388.4 :   19 : [11048, 11052, 11057, 11062, 11068, 11069, 11072, 11074, 11080, 11084, 11085, 11088, 11093, 11110, 11111, 11116, 11124, 11125, 11128]
388.5 :   34 : [11046, 11047, 11051, 11053, 11055, 11058, 11061, 11063, 11064, 11066, 11070, 11077, 11078, 11082, 11087, 11099, 11100, 11102, 11104, 11105, 11108, 11112, 11113, 11114, 11119, 11120, 11122, 11126, 11129, 11132, 11134, 11142, 11144, 11145]
388.6 :    1 : [11086]
390.2 :    1 : [11060]
390.3 :    1 : [11083]
390.4 :    1 : [11076]
390.5 :    4 : [11049, 11073, 11079, 11121]
390.6 :   12 : [11050, 11054, 11056, 11081, 11089, 11090, 11097, 11106, 11109, 11117, 11118, 11131]
390.7 :   12 : [11067, 11092, 11095, 11098, 11101, 11103, 11115, 11130, 11137, 11139, 11140, 11141]
390.8 :   15 : [11059, 11065, 11071, 11075, 11091, 11094, 11096, 11107, 11123, 11127, 11133, 11135, 11136, 11138, 11143]
390.9 :   19 : [11048, 11052, 11057, 11062, 11068, 11069, 11072, 11074, 11080, 11084, 11085, 11088, 11093, 11110, 11111, 11116, 11124, 11125, 11128]
391.0 :   34 : [11046, 11047, 11051, 11053, 11055, 11058, 11061, 11063, 11064, 11066, 11070, 11077, 11078, 11082, 11087, 11099, 11100, 11102, 11104, 11105, 11108, 11112, 11113, 11114, 11119, 11120, 11122, 11126, 11129, 11132, 11134, 11142, 11144, 11145]
391.1 :    1 : [11086]
392.7 :    1 : [11060]
392.8 :    1 : [11083]
392.9 :    1 : [11076]
393.0 :    4 : [11049, 11073, 11079, 11121]
393.1 :   12 : [11050, 11054, 11056, 11081, 11089, 11090, 11097, 11106, 11109, 11117, 11118, 11131]
393.2 :   12 : [11067, 11092, 11095, 11098, 11101, 11103, 11115, 11130, 11137, 11139, 11140, 11141]
393.3 :   15 : [11059, 11065, 11071, 11075, 11091, 11094, 11096, 11107, 11123, 11127, 11133, 11135, 11136, 11138, 11143]
393.4 :   19 : [11048, 11052, 11057, 11062, 11068, 11069, 11072, 11074, 11080, 11084, 11085, 11088, 11093, 11110, 11111, 11116, 11124, 11125, 11128]
393.5 :   34 : [11046, 11047, 11051, 11053, 11055, 11058, 11061, 11063, 11064, 11066, 11070, 11077, 11078, 11082, 11087, 11099, 11100, 11102, 11104, 11105, 11108, 11112, 11113, 11114, 11119, 11120, 11122, 11126, 11129, 11132, 11134, 11142, 11144, 11145]
393.6 :    1 : [11086]
395.2 :    1 : [11060]
395.3 :    1 : [11083]
395.4 :    1 : [11076]
395.5 :    4 : [11049, 11073, 11079, 11121]
395.6 :   12 : [11050, 11054, 11056, 11081, 11089, 11090, 11097, 11106, 11109, 11117, 11118, 11131]
395.7 :   12 : [11067, 11092, 11095, 11098, 11101, 11103, 11115, 11130, 11137, 11139, 11140, 11141]
395.8 :   15 : [11059, 11065, 11071, 11075, 11091, 11094, 11096, 11107, 11123, 11127, 11133, 11135, 11136, 11138, 11143]
395.9 :   19 : [11048, 11052, 11057, 11062, 11068, 11069, 11072, 11074, 11080, 11084, 11085, 11088, 11093, 11110, 11111, 11116, 11124, 11125, 11128]
396.0 :   34 : [11046, 11047, 11051, 11053, 11055, 11058, 11061, 11063, 11064, 11066, 11070, 11077, 11078, 11082, 11087, 11099, 11100, 11102, 11104, 11105, 11108, 11112, 11113, 11114, 11119, 11120, 11122, 11126, 11129, 11132, 11134, 11142, 11144, 11145]
396.1 :    1 : [11086]
397.7 :    1 : [11060]
397.8 :    1 : [11083]
397.9 :    1 : [11076]
398.0 :    4 : [11049, 11073, 11079, 11121]
398.1 :   12 : [11050, 11054, 11056, 11081, 11089, 11090, 11097, 11106, 11109, 11117, 11118, 11131]
398.2 :   12 : [11067, 11092, 11095, 11098, 11101, 11103, 11115, 11130, 11137, 11139, 11140, 11141]
398.3 :   15 : [11059, 11065, 11071, 11075, 11091, 11094, 11096, 11107, 11123, 11127, 11133, 11135, 11136, 11138, 11143]
398.4 :   19 : [11048, 11052, 11057, 11062, 11068, 11069, 11072, 11074, 11080, 11084, 11085, 11088, 11093, 11110, 11111, 11116, 11124, 11125, 11128]
398.5 :   34 : [11046, 11047, 11051, 11053, 11055, 11058, 11061, 11063, 11064, 11066, 11070, 11077, 11078, 11082, 11087, 11099, 11100, 11102, 11104, 11105, 11108, 11112, 11113, 11114, 11119, 11120, 11122, 11126, 11129, 11132, 11134, 11142, 11144, 11145]
398.6 :    1 : [11086]
400.2 :    1 : [11060]
400.3 :    1 : [11083]
400.4 :    1 : [11076]
400.5 :    4 : [11049, 11073, 11079, 11121]
400.6 :   12 : [11050, 11054, 11056, 11081, 11089, 11090, 11097, 11106, 11109, 11117, 11118, 11131]
400.7 :   12 : [11067, 11092, 11095, 11098, 11101, 11103, 11115, 11130, 11137, 11139, 11140, 11141]
400.8 :   15 : [11059, 11065, 11071, 11075, 11091, 11094, 11096, 11107, 11123, 11127, 11133, 11135, 11136, 11138, 11143]
400.9 :   19 : [11048, 11052, 11057, 11062, 11068, 11069, 11072, 11074, 11080, 11084, 11085, 11088, 11093, 11110, 11111, 11116, 11124, 11125, 11128]
401.0 :   34 : [11046, 11047, 11051, 11053, 11055, 11058, 11061, 11063, 11064, 11066, 11070, 11077, 11078, 11082, 11087, 11099, 11100, 11102, 11104, 11105, 11108, 11112, 11113, 11114, 11119, 11120, 11122, 11126, 11129, 11132, 11134, 11142, 11144, 11145]
401.1 :    1 : [11086]
402.7 :    1 : [11060]
402.8 :    1 : [11083]
402.9 :    1 : [11076]
403.0 :    4 : [11049, 11073, 11079, 11121]
403.1 :   12 : [11050, 11054, 11056, 11081, 11089, 11090, 11097, 11106, 11109, 11117, 11118, 11131]
403.2 :   12 : [11067, 11092, 11095, 11098, 11101, 11103, 11115, 11130, 11137, 11139, 11140, 11141]
403.3 :   15 : [11059, 11065, 11071, 11075, 11091, 11094, 11096, 11107, 11123, 11127, 11133, 11135, 11136, 11138, 11143]
403.4 :   19 : [11048, 11052, 11057, 11062, 11068, 11069, 11072, 11074, 11080, 11084, 11085, 11088, 11093, 11110, 11111, 11116, 11124, 11125, 11128]
403.5 :   34 : [11046, 11047, 11051, 11053, 11055, 11058, 11061, 11063, 11064, 11066, 11070, 11077, 11078, 11082, 11087, 11099, 11100, 11102, 11104, 11105, 11108, 11112, 11113, 11114, 11119, 11120, 11122, 11126, 11129, 11132, 11134, 11142, 11144, 11145]
403.6 :    1 : [11086]
405.2 :    1 : [11060]
405.3 :    1 : [11083]
405.4 :    1 : [11076]
405.5 :    4 : [11049, 11073, 11079, 11121]
405.6 :   12 : [11050, 11054, 11056, 11081, 11089, 11090, 11097, 11106, 11109, 11117, 11118, 11131]
405.7 :   12 : [11067, 11092, 11095, 11098, 11101, 11103, 11115, 11130, 11137, 11139, 11140, 11141]
405.8 :   15 : [11059, 11065, 11071, 11075, 11091, 11094, 11096, 11107, 11123, 11127, 11133, 11135, 11136, 11138, 11143]
405.9 :   19 : [11048, 11052, 11057, 11062, 11068, 11069, 11072, 11074, 11080, 11084, 11085, 11088, 11093, 11110, 11111, 11116, 11124, 11125, 11128]
406.0 :   34 : [11046, 11047, 11051, 11053, 11055, 11058, 11061, 11063, 11064, 11066, 11070, 11077, 11078, 11082, 11087, 11099, 11100, 11102, 11104, 11105, 11108, 11112, 11113, 11114, 11119, 11120, 11122, 11126, 11129, 11132, 11134, 11142, 11144, 11145]
406.1 :    1 : [11086]
407.7 :    1 : [11060]
407.8 :    1 : [11083]
407.9 :    1 : [11076]
408.0 :    4 : [11049, 11073, 11079, 11121]
408.1 :   12 : [11050, 11054, 11056, 11081, 11089, 11090, 11097, 11106, 11109, 11117, 11118, 11131]
408.2 :   12 : [11067, 11092, 11095, 11098, 11101, 11103, 11115, 11130, 11137, 11139, 11140, 11141]
408.3 :   15 : [11059, 11065, 11071, 11075, 11091, 11094, 11096, 11107, 11123, 11127, 11133, 11135, 11136, 11138, 11143]
408.4 :   19 : [11048, 11052, 11057, 11062, 11068, 11069, 11072, 11074, 11080, 11084, 11085, 11088, 11093, 11110, 11111, 11116, 11124, 11125, 11128]
408.5 :   34 : [11046, 11047, 11051, 11053, 11055, 11058, 11061, 11063, 11064, 11066, 11070, 11077, 11078, 11082, 11087, 11099, 11100, 11102, 11104, 11105, 11108, 11112, 11113, 11114, 11119, 11120, 11122, 11126, 11129, 11132, 11134, 11142, 11144, 11145]
408.6 :    1 : [11086]
410.2 :    1 : [11060]
410.3 :    1 : [11083]
410.4 :    1 : [11076]
410.5 :    4 : [11049, 11073, 11079, 11121]
410.6 :   12 : [11050, 11054, 11056, 11081, 11089, 11090, 11097, 11106, 11109, 11117, 11118, 11131]
410.7 :   12 : [11067, 11092, 11095, 11098, 11101, 11103, 11115, 11130, 11137, 11139, 11140, 11141]
410.8 :   15 : [11059, 11065, 11071, 11075, 11091, 11094, 11096, 11107, 11123, 11127, 11133, 11135, 11136, 11138, 11143]
410.9 :   19 : [11048, 11052, 11057, 11062, 11068, 11069, 11072, 11074, 11080, 11084, 11085, 11088, 11093, 11110, 11111, 11116, 11124, 11125, 11128]
411.0 :   34 : [11046, 11047, 11051, 11053, 11055, 11058, 11061, 11063, 11064, 11066, 11070, 11077, 11078, 11082, 11087, 11099, 11100, 11102, 11104, 11105, 11108, 11112, 11113, 11114, 11119, 11120, 11122, 11126, 11129, 11132, 11134, 11142, 11144, 11145]
411.1 :    1 : [11086]
412.7 :    1 : [11060]
412.8 :    1 : [11083]
412.9 :    1 : [11076]
413.0 :    4 : [11049, 11073, 11079, 11121]
413.1 :   13 : [11050, 11054, 11056, 11081, 11089, 11090, 11097, 11101, 11106, 11109, 11117, 11118, 11131]
413.2 :   11 : [11067, 11092, 11095, 11098, 11103, 11115, 11130, 11137, 11139, 11140, 11141]
413.3 :   16 : [11059, 11065, 11071, 11074, 11075, 11091, 11094, 11096, 11107, 11123, 11127, 11133, 11135, 11136, 11138, 11143]
413.4 :   13 : [11052, 11057, 11062, 11068, 11072, 11084, 11085, 11110, 11111, 11116, 11124, 11125, 11128]
413.5 :    9 : [11058, 11063, 11082, 11099, 11100, 11102, 11108, 11112, 11132]
413.6 :    9 : [11053, 11064, 11070, 11086, 11087, 11119, 11126, 11142, 11144]
413.7 :    7 : [11046, 11055, 11061, 11066, 11120, 11122, 11145]
413.8 :    1 : [11104]
