       0.0    377.2      377.2  0.0 17:37:18.932859
     377.2    366.6      743.8 10.0 17:38:04.771574
     743.8    366.7     1110.6 20.0 17:38:50.623044
    1110.6    366.7     1477.3 30.0 17:39:36.471784
    1477.3    366.5     1843.7 40.0 17:40:22.294638
    1843.7    366.6     2210.3 50.0 17:41:08.126442
    2210.3    366.1     2576.4 60.0 17:41:53.947360
    2576.4    363.4     2939.8 70.0 17:42:39.764590
    2939.8    366.6     3306.4 80.0 17:43:25.606400
    3306.4    366.6     3673.1 90.0 17:44:11.453110
    3673.1    366.5     4039.6 100.0 17:44:57.285695
    4039.6    366.3     4406.0 110.0 17:45:43.096147
    4406.0    366.4     4772.3 120.0 17:46:28.903893
    4772.3    365.9     5138.2 130.0 17:47:14.698245
    5138.2    363.7     5501.9 140.0 17:48:00.701645
    5501.9    366.0     5867.9 150.0 17:48:46.461595
    5867.9    365.9     6233.8 160.0 17:49:32.217123
    6233.8    365.9     6599.7 170.0 17:50:17.970942
    6599.7    365.9     6965.6 180.0 17:51:03.718433
    6965.6    365.7     7331.3 190.0 17:51:49.445697
    7331.3    364.4     7695.6 200.0 17:52:35.155167
    7695.6    407.7     8103.4 210.0 17:53:26.453231
    8103.4    584.1     8687.4 220.0 17:54:39.486835
    8687.4    593.8     9281.3 230.0 17:55:53.727377
    9281.3    584.5     9865.8 240.0 17:57:06.810263
    9865.8    579.1    10444.8 250.0 17:58:19.208589
   10444.8    579.7    11024.6 260.0 17:59:32.101013
   11024.6    571.8    11596.3 270.0 18:00:43.593219
   11596.3    569.7    12166.1 280.0 18:01:54.823421
   12166.1    583.6    12749.7 290.0 18:03:07.791753
   12749.7    578.9    13328.6 300.0 18:04:20.173255
   13328.6    564.5    13893.1 310.0 18:05:31.061983
   13893.1    582.1    14475.1 320.0 18:06:43.836007
   14475.1    580.8    15056.0 330.0 18:07:56.458211
   15056.0    571.7    15627.7 340.0 18:09:07.937937
   15627.7    577.1    16204.8 350.0 18:10:20.130936
   16204.8    582.0    16786.8 360.0 18:11:32.898772
   16786.8    575.9    17362.7 370.0 18:12:44.909853
   17362.7    577.3    17939.9 380.0 18:13:57.082925
   17939.9    574.0    18513.9 390.0 18:15:08.842669
   18513.9    584.2    19098.1 400.0 18:16:21.878176
   19098.1    496.8    19594.8 410.0 18:17:23.992008
   19594.8    388.4    19983.3 420.0 18:18:12.765775
   19983.3    389.2    20372.5 430.0 18:19:01.445018
   20372.5    389.1    20761.6 440.0 18:19:50.121548
   20761.6    389.0    21150.6 450.0 18:20:38.786603
   21150.6    389.1    21539.7 460.0 18:21:27.456936
   21539.7    389.2    21928.9 470.0 18:22:16.143376
   21928.9    389.3    22318.2 480.0 18:23:04.849793
   22318.2    389.4    22707.5 490.0 18:23:53.559987
   22707.5    389.5    23097.0 500.0 18:24:42.283508
   23097.0    389.2    23486.2 510.0 18:25:30.964350
   23486.2    389.1    23875.3 520.0 18:26:19.634213
   23875.3    389.1    24264.4 530.0 18:27:08.306771
   24264.4    389.3    24653.7 540.0 18:27:56.997454
   24653.7    389.3    25042.9 550.0 18:28:45.689692
   25042.9    389.3    25432.2 560.0 18:29:34.379439
   25432.2    386.6    25818.8 570.0 18:30:22.967533
   25818.8    390.0    26208.8 580.0 18:31:11.738360
   26208.8    389.9    26598.7 590.0 18:32:00.485730
   26598.7    390.0    26988.7 600.0 18:32:49.244798
   26988.7    390.2    27378.9 610.0 18:33:38.034855
   27378.9    390.3    27769.2 620.0 18:34:26.829664
   27769.2    390.0    28159.2 630.0 18:35:15.594451
   28159.2    388.0    28547.2 640.0 18:36:04.253787
   28547.2    389.7    28936.9 650.0 18:36:53.002151
   28936.9    390.1    29327.0 660.0 18:37:41.796744
   29327.0    390.2    29717.2 670.0 18:38:30.598452
   29717.2    390.2    30107.4 680.0 18:39:19.405545
   30107.4    389.9    30497.3 690.0 18:40:08.174887
   30497.3    389.2    30886.5 700.0 18:40:56.861166
   30886.5    389.5    31276.1 710.0 18:41:45.587474
   31276.1    389.8    31665.8 720.0 18:42:34.346871
   31665.8    389.5    32055.3 730.0 18:43:23.068721
   32055.3    389.8    32445.1 740.0 18:44:11.827230
   32445.1    389.6    32834.7 750.0 18:45:00.582866
   32834.7    389.8    33224.5 760.0 18:45:49.333667
   33224.5    390.1    33614.6 770.0 18:46:38.136839
   33614.6    389.8    34004.4 780.0 18:47:26.895154
   34004.4    389.5    34393.9 790.0 18:48:15.617886
   34393.9    389.6    34783.5 800.0 18:49:04.354118
   34783.5    389.7    35173.2 810.0 18:49:53.106903
   35173.2    389.9    35563.1 820.0 18:50:41.886703
   35563.1    389.8    35952.9 830.0 18:51:30.639274
   35952.9    389.7    36342.6 840.0 18:52:19.390595
   36342.6    389.8    36732.4 850.0 18:53:08.150878
   36732.4    390.2    37122.7 860.0 18:53:56.958812
   37122.7    390.2    37512.9 870.0 18:54:45.768777
   37512.9    389.7    37902.6 880.0 18:55:34.517473
   37902.6    389.7    38292.2 890.0 18:56:23.267327
   38292.2    389.6    38681.9 900.0 18:57:12.000535
   38681.9    389.7    39071.6 910.0 18:58:00.743194
   39071.6    389.7    39461.2 920.0 18:58:49.483718
   39461.2    389.7    39850.9 930.0 18:59:38.224253
   39850.9    389.7    40240.6 940.0 19:00:26.963949
   40240.6    389.7    40630.3 950.0 19:01:15.703871
   40630.3    389.7    41020.0 960.0 19:02:04.453602
   41020.0    389.7    41409.7 970.0 19:02:53.206690
   41409.7    389.9    41799.6 980.0 19:03:41.973614
   41799.6    389.6    42189.3 990.0 19:04:30.707863
