Name: Prefrontal cortex [Glu1], Title: Raster plot from device '20335', Hist: False
213.5 :    1 : [953]
213.6 :    1 : [888]
213.7 :    1 : [911]
213.8 :    1 : [894]
213.9 :    1 : [886]
214.3 :    1 : [967]
214.4 :    5 : [928, 941, 943, 944, 961]
214.5 :    1 : [905]
214.6 :    2 : [952, 971]
214.7 :    2 : [957, 969]
214.8 :    4 : [887, 912, 936, 963]
214.9 :   12 : [889, 892, 893, 913, 915, 926, 929, 933, 948, 950, 955, 970]
215.0 :    2 : [910, 932]
215.1 :    2 : [898, 923]
215.2 :    2 : [890, 973]
215.3 :    7 : [884, 903, 904, 937, 940, 974, 977]
215.4 :    2 : [902, 920]
215.5 :    4 : [882, 899, 947, 954]
215.6 :    3 : [921, 939, 942]
215.7 :    2 : [934, 938]
215.8 :    2 : [895, 975]
215.9 :    1 : [922]
216.0 :    6 : [896, 900, 909, 930, 945, 964]
216.1 :    2 : [907, 927]
216.3 :    1 : [966]
216.6 :    1 : [888]
216.9 :    4 : [891, 894, 931, 951]
217.0 :    5 : [897, 917, 935, 958, 972]
217.1 :    1 : [953]
217.3 :    1 : [965]
217.4 :    5 : [911, 916, 943, 956, 961]
217.5 :    5 : [908, 924, 959, 963, 976]
217.6 :   17 : [883, 889, 901, 903, 910, 914, 918, 929, 933, 941, 946, 948, 949, 955, 957, 970, 971]
217.7 :   13 : [886, 887, 905, 906, 913, 919, 920, 926, 932, 936, 950, 962, 969]
217.8 :    3 : [912, 944, 967]
217.9 :    9 : [882, 884, 893, 899, 925, 940, 954, 968, 977]
218.0 :    5 : [885, 892, 902, 952, 973]
218.1 :    3 : [923, 928, 939]
218.2 :    5 : [898, 921, 937, 938, 974]
218.3 :    1 : [942]
218.4 :    2 : [895, 934]
218.5 :    4 : [890, 904, 945, 947]
218.6 :    1 : [960]
218.7 :    1 : [922]
218.9 :    1 : [964]
219.1 :    1 : [909]
219.2 :    3 : [915, 930, 975]
219.5 :    2 : [888, 900]
219.6 :    3 : [896, 927, 966]
219.7 :    2 : [894, 907]
219.8 :    3 : [931, 943, 953]
219.9 :    5 : [889, 903, 911, 935, 961]
220.0 :   14 : [891, 901, 910, 917, 924, 933, 941, 948, 951, 955, 963, 965, 970, 976]
220.1 :    8 : [887, 897, 908, 913, 920, 949, 956, 959]
220.2 :   11 : [912, 916, 929, 932, 936, 946, 950, 957, 962, 967, 969]
220.3 :    7 : [882, 884, 899, 905, 906, 914, 958]
220.4 :    5 : [886, 918, 919, 926, 944]
220.5 :    4 : [940, 954, 971, 972]
220.6 :    2 : [892, 893]
220.8 :    5 : [902, 925, 939, 952, 977]
220.9 :    1 : [883]
221.0 :    3 : [928, 938, 945]
221.2 :    2 : [895, 921]
221.3 :    2 : [885, 974]
221.4 :    1 : [937]
221.5 :    2 : [942, 973]
221.6 :    3 : [898, 923, 968]
221.8 :    2 : [922, 934]
221.9 :    1 : [947]
222.0 :    1 : [964]
222.3 :    1 : [890]
222.5 :    4 : [889, 894, 903, 943]
222.6 :    2 : [901, 909]
222.7 :    4 : [920, 924, 953, 955]
222.8 :    8 : [908, 910, 913, 941, 948, 963, 965, 970]
222.9 :   11 : [882, 887, 899, 904, 911, 917, 933, 935, 951, 962, 976]
223.0 :   11 : [891, 900, 914, 930, 932, 949, 950, 956, 959, 961, 969]
223.1 :    2 : [906, 966]
223.2 :    2 : [912, 954]
223.3 :    7 : [884, 897, 916, 919, 946, 960, 975]
223.4 :    3 : [905, 940, 967]
223.5 :    6 : [888, 892, 918, 931, 936, 945]
223.6 :    4 : [907, 925, 939, 957]
223.7 :    2 : [893, 896]
223.9 :    1 : [929]
224.1 :    1 : [886]
224.3 :    3 : [926, 938, 944]
224.5 :    1 : [895]
224.7 :    1 : [927]
226.2 :    1 : [902]
226.4 :    1 : [977]
226.9 :    1 : [910]
227.2 :    1 : [921]
227.3 :    3 : [922, 929, 974]
227.7 :    4 : [903, 933, 943, 971]
227.8 :    1 : [963]
227.9 :    2 : [894, 936]
228.0 :    2 : [948, 973]
228.1 :    1 : [942]
228.2 :    3 : [899, 939, 952]
228.3 :    1 : [957]
228.4 :    1 : [972]
228.7 :    1 : [970]
229.0 :    1 : [926]
229.1 :    5 : [882, 887, 911, 941, 945]
229.2 :    4 : [932, 937, 958, 967]
229.3 :    1 : [951]
229.4 :    1 : [889]
229.5 :    1 : [901]
229.6 :    3 : [883, 890, 955]
229.7 :    3 : [884, 912, 928]
229.8 :    1 : [961]
230.0 :    3 : [904, 910, 931]
230.1 :    1 : [913]
230.3 :    1 : [923]
230.4 :    5 : [898, 905, 930, 935, 964]
230.5 :    2 : [902, 940]
230.6 :    3 : [888, 950, 969]
230.7 :    2 : [891, 943]
230.8 :    1 : [929]
230.9 :    7 : [885, 896, 909, 916, 944, 956, 966]
231.0 :    2 : [915, 933]
231.1 :    4 : [894, 927, 959, 976]
231.2 :    1 : [963]
231.4 :    1 : [975]
231.6 :    2 : [903, 922]
231.7 :    3 : [899, 920, 965]
231.8 :   10 : [908, 934, 942, 948, 953, 957, 970, 971, 973, 977]
231.9 :    3 : [917, 939, 954]
232.0 :    3 : [897, 921, 936]
232.2 :    1 : [925]
232.3 :    1 : [974]
232.5 :    2 : [926, 945]
232.6 :    2 : [952, 972]
232.7 :    4 : [887, 911, 924, 941]
232.8 :    2 : [932, 967]
232.9 :    4 : [886, 889, 947, 949]
233.0 :    1 : [910]
233.1 :    2 : [884, 912]
233.2 :    1 : [928]
233.3 :    1 : [890]
233.4 :    5 : [882, 892, 900, 907, 955]
233.5 :    4 : [893, 895, 958, 961]
233.6 :    3 : [888, 937, 946]
233.8 :    1 : [943]
233.9 :    1 : [913]
234.0 :    2 : [894, 969]
234.1 :    2 : [904, 905]
234.5 :    3 : [898, 923, 944]
234.6 :    1 : [950]
235.4 :    1 : [915]
235.6 :    1 : [953]
235.9 :    1 : [940]
236.1 :    7 : [883, 911, 929, 933, 963, 967, 971]
236.2 :    2 : [941, 957]
236.3 :    7 : [931, 936, 948, 951, 952, 970, 975]
236.4 :    5 : [887, 889, 902, 912, 928]
236.5 :    4 : [894, 910, 926, 938]
236.6 :    4 : [891, 897, 903, 917]
236.7 :    3 : [899, 973, 974]
236.8 :    2 : [943, 977]
236.9 :    2 : [884, 932]
237.0 :    3 : [890, 930, 939]
237.1 :    4 : [921, 922, 960, 964]
237.2 :    1 : [935]
237.4 :    1 : [958]
238.3 :    3 : [920, 942, 965]
238.4 :    2 : [947, 949]
238.5 :    2 : [888, 955]
238.6 :    1 : [886]
238.9 :    4 : [892, 913, 918, 937]
239.0 :    2 : [893, 945]
239.1 :    3 : [911, 953, 961]
239.2 :    9 : [882, 896, 904, 909, 927, 944, 966, 967, 969]
239.3 :    1 : [941]
239.4 :    3 : [894, 905, 971]
239.5 :    2 : [898, 901]
239.6 :    6 : [928, 929, 936, 943, 950, 957]
239.7 :    5 : [900, 912, 915, 933, 952]
239.8 :    4 : [910, 923, 963, 972]
239.9 :    5 : [887, 889, 946, 948, 970]
240.0 :    2 : [902, 926]
240.1 :    7 : [884, 899, 940, 956, 959, 973, 976]
240.2 :    4 : [903, 924, 931, 975]
240.3 :    4 : [916, 932, 939, 974]
240.4 :    1 : [922]
240.5 :    2 : [906, 930]
240.6 :    4 : [890, 908, 964, 977]
240.8 :    1 : [921]
241.0 :    1 : [891]
241.2 :    1 : [954]
241.4 :    2 : [925, 935]
241.8 :    2 : [897, 917]
242.0 :    1 : [951]
242.1 :    1 : [883]
242.3 :    1 : [934]
242.4 :    1 : [895]
242.5 :    3 : [907, 955, 961]
242.6 :    4 : [888, 929, 933, 943]
242.7 :    3 : [919, 942, 971]
242.8 :    2 : [894, 957]
242.9 :    1 : [905]
243.0 :    3 : [910, 911, 963]
243.1 :    1 : [913]
243.3 :    1 : [923]
243.4 :    2 : [936, 969]
243.5 :    3 : [886, 904, 944]
243.6 :    6 : [937, 941, 950, 953, 958, 967]
243.7 :    1 : [898]
243.8 :    5 : [882, 912, 927, 928, 948]
244.1 :    3 : [887, 892, 893]
244.2 :    5 : [902, 915, 926, 952, 970]
244.4 :    1 : [889]
244.8 :    2 : [884, 945]
245.0 :    2 : [899, 975]
245.1 :    3 : [885, 966, 974]
245.3 :    3 : [931, 947, 949]
245.4 :    1 : [940]
245.5 :    1 : [946]
245.6 :    3 : [903, 932, 973]
245.8 :    1 : [939]
245.9 :    2 : [916, 922]
246.0 :    1 : [930]
246.1 :    4 : [929, 942, 943, 972]
246.2 :    4 : [894, 910, 920, 965]
246.3 :    3 : [933, 955, 977]
246.4 :    8 : [890, 891, 911, 957, 962, 963, 964, 971]
246.5 :    3 : [896, 909, 961]
246.6 :    5 : [921, 936, 938, 959, 976]
246.7 :    3 : [950, 954, 956]
246.8 :    1 : [913]
247.1 :    1 : [924]
247.2 :    3 : [914, 969, 970]
247.3 :    5 : [900, 906, 934, 948, 951]
247.4 :    1 : [893]
247.5 :    1 : [887]
247.6 :    3 : [904, 926, 941]
248.2 :    1 : [882]
248.4 :    1 : [935]
248.5 :    1 : [925]
248.6 :    1 : [912]
248.8 :    1 : [889]
249.0 :    2 : [884, 899]
249.1 :    1 : [903]
249.3 :    1 : [902]
249.7 :    6 : [885, 916, 923, 942, 943, 944]
249.8 :    4 : [894, 898, 907, 945]
249.9 :    3 : [937, 939, 967]
250.0 :    1 : [950]
250.1 :    2 : [929, 932]
250.2 :    5 : [910, 930, 931, 973, 974]
250.3 :    9 : [888, 897, 911, 917, 920, 947, 954, 955, 961]
250.4 :    4 : [946, 952, 957, 977]
250.5 :    5 : [893, 915, 936, 940, 963]
250.6 :    4 : [913, 928, 933, 971]
250.7 :    1 : [958]
250.8 :    6 : [904, 905, 918, 919, 934, 953]
250.9 :    6 : [886, 887, 892, 926, 938, 969]
251.0 :    5 : [883, 891, 927, 941, 970]
251.1 :    1 : [922]
251.2 :    1 : [948]
251.3 :    2 : [895, 966]
251.4 :    1 : [964]
251.5 :    1 : [975]
251.7 :    1 : [908]
252.7 :    2 : [912, 921]
252.9 :    2 : [882, 890]
253.0 :    1 : [896]
253.1 :    1 : [972]
253.2 :    1 : [943]
253.3 :    3 : [884, 889, 902]
253.4 :    5 : [899, 906, 910, 929, 956]
253.7 :    1 : [894]
253.8 :    3 : [936, 949, 965]
253.9 :   13 : [903, 909, 911, 931, 933, 939, 942, 950, 957, 959, 961, 963, 976]
254.0 :   10 : [901, 916, 923, 935, 944, 945, 955, 970, 971, 973]
254.1 :    1 : [930]
254.2 :    6 : [888, 898, 900, 932, 951, 969]
254.3 :    1 : [913]
254.4 :    5 : [887, 905, 924, 927, 948]
254.5 :    3 : [940, 941, 967]
254.6 :    3 : [926, 966, 977]
254.7 :    3 : [922, 952, 964]
254.8 :    2 : [904, 937]
255.2 :    1 : [975]
255.5 :    5 : [886, 915, 928, 953, 974]
255.7 :    1 : [920]
255.9 :    1 : [893]
256.1 :    5 : [892, 897, 917, 947, 960]
256.2 :    3 : [891, 946, 958]
256.4 :    1 : [912]
256.6 :    4 : [889, 910, 929, 943]
256.8 :    2 : [884, 894]
256.9 :    2 : [911, 936]
257.0 :    1 : [971]
257.4 :    2 : [895, 933]
257.5 :    3 : [902, 957, 961]
257.6 :    1 : [907]
257.7 :    3 : [890, 899, 963]
257.8 :    4 : [888, 934, 944, 950]
257.9 :    4 : [882, 905, 923, 954]
258.0 :    2 : [955, 969]
258.1 :    3 : [913, 914, 973]
258.2 :    1 : [898]
258.3 :    3 : [921, 932, 938]
258.4 :    1 : [970]
258.6 :    1 : [918]
258.7 :    1 : [962]
258.8 :    1 : [942]
258.9 :    1 : [893]
259.0 :    1 : [887]
259.2 :    3 : [896, 926, 939]
259.3 :    7 : [886, 904, 931, 937, 948, 953, 967]
259.4 :    3 : [883, 940, 941]
259.5 :    2 : [930, 977]
259.6 :    4 : [915, 916, 920, 974]
259.7 :    2 : [911, 943]
259.8 :    3 : [912, 928, 952]
259.9 :    6 : [894, 906, 910, 929, 936, 971]
260.0 :    1 : [922]
260.1 :    3 : [884, 889, 903]
260.2 :    2 : [900, 945]
260.3 :    3 : [927, 972, 975]
260.4 :    5 : [892, 919, 935, 947, 951]
260.5 :    5 : [908, 909, 949, 957, 965]
260.6 :    8 : [897, 917, 933, 956, 958, 963, 964, 966]
260.7 :    2 : [888, 961]
261.0 :    1 : [969]
261.1 :    3 : [890, 891, 905]
261.3 :    1 : [955]
261.4 :    1 : [944]
261.5 :    1 : [913]
261.6 :    1 : [970]
261.7 :    2 : [923, 950]
261.8 :    1 : [973]
262.6 :    1 : [932]
262.8 :    1 : [924]
262.9 :    1 : [946]
263.0 :    1 : [898]
263.1 :    2 : [911, 967]
263.2 :    2 : [899, 953]
263.3 :    3 : [894, 902, 941]
263.4 :    1 : [887]
263.5 :    3 : [882, 912, 928]
263.6 :    2 : [960, 971]
263.7 :    2 : [889, 936]
263.8 :    3 : [910, 929, 952]
263.9 :    2 : [926, 943]
264.0 :    5 : [886, 893, 895, 948, 974]
264.1 :    1 : [884]
264.2 :    3 : [904, 921, 937]
264.3 :    4 : [915, 933, 957, 961]
264.4 :    1 : [888]
264.6 :    2 : [905, 963]
264.8 :    1 : [892]
265.1 :    1 : [940]
265.2 :    2 : [944, 969]
265.3 :    1 : [955]
265.4 :    1 : [975]
265.5 :    5 : [897, 913, 917, 923, 958]
265.8 :    1 : [950]
266.1 :    1 : [911]
266.2 :    1 : [947]
266.3 :    1 : [967]
266.5 :    5 : [890, 942, 949, 970, 977]
266.6 :    1 : [894]
266.7 :    1 : [922]
266.9 :    3 : [883, 900, 941]
267.0 :    2 : [903, 939]
267.2 :    2 : [920, 945]
267.3 :    6 : [918, 927, 953, 959, 973, 976]
267.4 :    2 : [887, 932]
267.5 :    4 : [896, 943, 966, 971]
267.6 :    1 : [952]
267.7 :    4 : [888, 928, 930, 931]
267.8 :    2 : [907, 965]
267.9 :    3 : [934, 957, 963]
268.0 :    3 : [909, 964, 972]
268.1 :    1 : [935]
268.2 :    1 : [961]
268.3 :    2 : [886, 905]
268.4 :    2 : [898, 926]
268.6 :    1 : [948]
268.8 :    1 : [969]
269.0 :    3 : [889, 893, 938]
269.1 :    1 : [915]
269.3 :    3 : [891, 892, 912]
269.4 :    5 : [911, 929, 933, 936, 944]
269.5 :    1 : [967]
269.6 :    1 : [910]
269.7 :    3 : [894, 899, 955]
269.9 :    7 : [882, 884, 895, 904, 913, 937, 974]
270.0 :    2 : [902, 923]
270.1 :    3 : [940, 946, 975]
270.2 :    2 : [941, 950]
270.4 :    2 : [921, 943]
270.5 :    1 : [953]
270.6 :    2 : [888, 971]
270.9 :    1 : [970]
271.5 :    4 : [890, 897, 917, 958]
271.6 :    6 : [887, 901, 951, 957, 963, 973]
271.7 :    2 : [908, 922]
271.9 :    2 : [932, 961]
272.0 :    3 : [903, 952, 954]
272.1 :    1 : [928]
272.2 :    2 : [945, 977]
272.3 :    1 : [939]
272.6 :    1 : [894]
272.7 :    2 : [926, 947]
272.8 :    2 : [924, 949]
272.9 :    2 : [911, 948]
273.0 :    2 : [960, 967]
273.1 :    1 : [886]
273.2 :    3 : [889, 900, 942]
273.6 :    1 : [941]
274.1 :    1 : [929]
274.3 :    3 : [883, 912, 936]
274.5 :    1 : [910]
274.6 :    1 : [971]
274.9 :    1 : [933]
275.0 :    2 : [884, 974]
275.1 :    1 : [943]
275.4 :    2 : [899, 931]
276.2 :    2 : [905, 944]
276.3 :    1 : [898]
276.4 :    4 : [902, 953, 955, 969]
276.5 :    7 : [888, 896, 904, 913, 927, 937, 961]
276.6 :    1 : [957]
276.7 :    2 : [893, 930]
276.8 :    2 : [915, 963]
276.9 :    2 : [892, 966]
277.1 :    2 : [923, 950]
277.4 :    2 : [882, 972]
277.5 :    2 : [935, 973]
277.6 :    2 : [922, 940]
277.8 :    1 : [894]
277.9 :    1 : [921]
278.0 :    2 : [911, 926]
278.1 :    4 : [887, 929, 948, 956]
278.2 :    5 : [890, 910, 939, 970, 971]
278.3 :    6 : [891, 907, 928, 932, 933, 975]
278.4 :    5 : [903, 909, 943, 945, 964]
278.6 :    1 : [936]
278.7 :    3 : [920, 941, 967]
278.9 :    1 : [965]
279.0 :    1 : [977]
279.1 :    1 : [951]
280.5 :    1 : [899]
280.6 :    4 : [897, 917, 934, 958]
281.1 :    1 : [912]
281.2 :    2 : [929, 931]
281.3 :    5 : [884, 902, 910, 963, 974]
281.4 :    1 : [957]
281.5 :    2 : [889, 952]
281.6 :    1 : [971]
281.7 :    1 : [911]
281.9 :    2 : [894, 942]
282.0 :    2 : [886, 967]
282.1 :    1 : [954]
282.2 :    4 : [904, 936, 937, 943]
282.3 :    3 : [883, 926, 961]
282.4 :    5 : [913, 916, 938, 944, 950]
282.5 :    6 : [887, 893, 928, 947, 953, 955]
282.6 :    2 : [941, 969]
282.7 :    8 : [888, 895, 898, 905, 932, 933, 948, 973]
282.8 :    2 : [882, 918]
282.9 :    3 : [892, 900, 915]
283.0 :    2 : [923, 940]
283.1 :    1 : [920]
283.2 :    4 : [906, 914, 946, 970]
283.5 :    1 : [907]
283.7 :    1 : [896]
284.0 :    2 : [930, 977]
284.1 :    4 : [921, 922, 939, 962]
284.3 :    1 : [890]
284.7 :    1 : [891]
284.8 :    4 : [899, 910, 927, 929]
284.9 :    6 : [884, 903, 911, 912, 971, 975]
285.0 :    7 : [894, 902, 949, 957, 959, 974, 976]
285.1 :    3 : [889, 945, 967]
285.2 :    4 : [924, 936, 942, 943]
285.3 :    7 : [919, 931, 934, 935, 963, 966, 972]
285.4 :    4 : [941, 950, 952, 964]
285.5 :    6 : [888, 944, 953, 955, 961, 969]
285.6 :    6 : [886, 887, 904, 928, 956, 965]
285.7 :    3 : [901, 909, 913]
285.8 :    8 : [897, 908, 917, 926, 933, 948, 958, 970]
285.9 :    2 : [893, 932]
286.0 :    2 : [898, 905]
286.1 :    4 : [915, 916, 947, 973]
286.2 :    2 : [885, 937]
286.3 :    3 : [923, 925, 951]
286.7 :    2 : [892, 940]
288.1 :    1 : [895]
288.4 :    1 : [882]
288.7 :    3 : [894, 943, 961]
288.9 :    3 : [888, 905, 957]
289.0 :    3 : [933, 963, 971]
289.1 :    2 : [922, 929]
289.2 :    1 : [910]
289.3 :    1 : [902]
289.4 :    2 : [911, 927]
289.8 :    1 : [969]
290.0 :    1 : [939]
290.4 :    1 : [955]
291.0 :    4 : [923, 926, 936, 948]
291.1 :    8 : [904, 913, 921, 930, 931, 944, 950, 973]
291.2 :    3 : [890, 896, 937]
291.3 :    1 : [898]
291.4 :    1 : [899]
291.5 :    2 : [884, 967]
291.6 :    1 : [912]
291.7 :    1 : [974]
292.5 :    1 : [945]
292.6 :    2 : [903, 929]
292.7 :    1 : [941]
292.9 :    5 : [887, 910, 942, 970, 977]
293.0 :    3 : [916, 933, 943]
293.1 :    5 : [932, 935, 961, 966, 972]
293.2 :    1 : [889]
293.3 :    5 : [886, 907, 953, 957, 975]
293.4 :    2 : [894, 963]
293.6 :    6 : [902, 905, 915, 928, 940, 971]
293.7 :    7 : [883, 888, 911, 922, 927, 955, 969]
293.8 :    6 : [882, 891, 934, 959, 964, 976]
293.9 :    3 : [893, 946, 952]
294.0 :    1 : [939]
294.1 :    3 : [900, 923, 936]
294.2 :    7 : [892, 897, 917, 944, 950, 958, 967]
294.3 :    1 : [948]
294.4 :    4 : [884, 904, 912, 913]
294.5 :    1 : [931]
294.6 :    5 : [899, 920, 926, 954, 956]
294.7 :    1 : [973]
294.8 :    2 : [898, 937]
294.9 :    2 : [890, 909]
295.1 :    2 : [949, 951]
295.2 :    2 : [930, 974]
295.3 :    2 : [921, 947]
295.5 :    1 : [965]
295.7 :    1 : [903]
296.2 :    1 : [929]
296.4 :    2 : [941, 960]
296.5 :    3 : [894, 901, 918]
296.6 :    1 : [910]
296.7 :    3 : [887, 911, 943]
296.8 :    3 : [889, 967, 971]
297.0 :    4 : [928, 933, 936, 957]
297.1 :    3 : [924, 945, 970]
297.3 :    2 : [896, 977]
297.4 :    1 : [912]
297.5 :    4 : [932, 952, 953, 963]
297.6 :    2 : [888, 961]
297.7 :    3 : [895, 902, 944]
297.8 :    3 : [886, 908, 948]
297.9 :    1 : [955]
298.0 :    4 : [884, 905, 915, 938]
298.1 :    6 : [893, 897, 917, 942, 958, 969]
298.2 :    7 : [892, 913, 922, 926, 940, 950, 975]
298.3 :    2 : [882, 904]
298.4 :    2 : [923, 939]
298.5 :    1 : [973]
298.7 :    1 : [890]
298.9 :    3 : [903, 935, 972]
299.1 :    2 : [899, 966]
299.2 :    3 : [891, 927, 964]
299.3 :    2 : [898, 925]
299.4 :    2 : [894, 931]
299.5 :    5 : [883, 909, 920, 930, 946]
299.6 :    5 : [885, 900, 929, 937, 941]
299.7 :    6 : [906, 911, 943, 959, 974, 976]
299.8 :    7 : [889, 910, 916, 921, 949, 965, 967]
299.9 :    4 : [887, 936, 947, 971]
300.0 :    2 : [957, 970]
300.1 :    2 : [912, 933]
300.2 :    1 : [928]
300.5 :    1 : [956]
300.9 :    1 : [945]
301.1 :    1 : [952]
301.4 :    1 : [963]
301.5 :    3 : [888, 953, 961]
301.6 :    1 : [919]
301.7 :    1 : [944]
301.9 :    1 : [932]
302.0 :    3 : [902, 948, 955]
302.1 :    2 : [886, 905]
302.2 :    3 : [884, 907, 969]
302.3 :    2 : [934, 977]
302.4 :    3 : [923, 950, 951]
302.5 :    1 : [913]
302.6 :    4 : [894, 904, 915, 926]
302.7 :    2 : [893, 911]
302.8 :    5 : [892, 922, 929, 943, 971]
302.9 :    2 : [910, 967]
303.0 :    5 : [898, 936, 940, 941, 973]
303.1 :    4 : [897, 912, 917, 958]
303.2 :    3 : [882, 942, 975]
303.3 :    5 : [889, 928, 933, 957, 974]
303.4 :    1 : [937]
303.5 :    2 : [899, 960]
303.7 :    1 : [887]
303.8 :    1 : [890]
304.8 :    1 : [954]
304.9 :    1 : [939]
305.0 :    3 : [895, 896, 962]
305.1 :    3 : [914, 918, 927]
305.2 :    1 : [931]
305.3 :    5 : [947, 950, 953, 961, 970]
305.4 :    5 : [888, 893, 894, 938, 943]
305.5 :    9 : [886, 891, 905, 920, 924, 930, 944, 946, 969]
305.6 :    6 : [900, 911, 913, 921, 952, 963]
305.7 :    4 : [923, 932, 934, 955]
305.8 :    5 : [884, 902, 915, 967, 971]
305.9 :    5 : [892, 904, 912, 926, 966]
306.0 :    7 : [910, 916, 929, 935, 936, 941, 972]
306.1 :    6 : [898, 906, 907, 948, 949, 977]
306.2 :    2 : [883, 957]
306.3 :    3 : [928, 933, 974]
306.4 :    1 : [889]
306.8 :    2 : [940, 973]
306.9 :    1 : [937]
308.5 :    1 : [882]
308.9 :    2 : [922, 975]
309.1 :    3 : [887, 888, 961]
309.2 :    1 : [953]
309.3 :    5 : [897, 905, 917, 943, 958]
309.4 :    2 : [886, 894]
309.5 :    1 : [911]
309.6 :    2 : [893, 969]
309.7 :    2 : [942, 944]
309.8 :    4 : [899, 915, 941, 967]
309.9 :    5 : [892, 928, 950, 957, 971]
310.0 :    5 : [890, 912, 913, 923, 952]
310.1 :    3 : [933, 945, 955]
310.2 :    2 : [898, 936]
310.3 :    3 : [910, 929, 963]
310.4 :    4 : [884, 889, 904, 926]
310.5 :    3 : [902, 948, 974]
311.0 :    4 : [895, 927, 937, 970]
311.2 :    2 : [931, 932]
311.8 :    1 : [964]
312.0 :    1 : [966]
312.2 :    1 : [973]
312.4 :    2 : [940, 961]
312.7 :    1 : [888]
714.8 :    1 : [901]
715.4 :    1 : [955]
715.8 :    1 : [953]
716.0 :    1 : [920]
716.9 :    9 : [889, 891, 903, 906, 908, 913, 945, 959, 976]
717.0 :    3 : [887, 910, 924]
717.2 :    2 : [884, 899]
717.4 :    1 : [925]
717.6 :    1 : [970]
718.0 :    1 : [914]
718.1 :    6 : [894, 919, 922, 936, 941, 964]
718.2 :    1 : [939]
718.4 :    3 : [892, 895, 911]
718.5 :    6 : [901, 917, 929, 940, 955, 967]
718.6 :    6 : [912, 916, 943, 944, 950, 957]
718.7 :    5 : [905, 923, 931, 961, 975]
718.8 :    6 : [882, 893, 937, 938, 953, 966]
718.9 :   12 : [886, 888, 918, 920, 928, 932, 933, 942, 946, 954, 962, 974]
719.0 :    2 : [927, 948]
719.1 :    4 : [898, 947, 963, 969]
719.2 :    3 : [934, 960, 971]
719.3 :    2 : [907, 935]
719.4 :    4 : [902, 904, 915, 952]
719.5 :    1 : [926]
720.6 :    3 : [889, 897, 913]
720.7 :    5 : [883, 910, 930, 973, 977]
720.8 :    2 : [887, 972]
720.9 :    2 : [890, 958]
721.0 :    4 : [884, 894, 899, 911]
721.1 :    4 : [909, 941, 949, 967]
721.2 :    5 : [900, 929, 936, 943, 951]
721.3 :    8 : [891, 903, 944, 945, 955, 957, 961, 970]
721.4 :    7 : [892, 905, 908, 912, 921, 953, 965]
721.5 :    7 : [895, 922, 923, 940, 950, 959, 976]
721.6 :   12 : [882, 888, 893, 896, 901, 906, 917, 920, 928, 932, 939, 956]
721.7 :    6 : [914, 933, 937, 963, 964, 975]
721.8 :    2 : [886, 954]
721.9 :    4 : [924, 938, 948, 969]
722.0 :    4 : [931, 947, 968, 971]
722.1 :    1 : [918]
722.2 :    3 : [919, 942, 966]
722.3 :    1 : [974]
722.5 :    1 : [934]
722.6 :    1 : [907]
722.7 :    1 : [898]
722.8 :    1 : [926]
722.9 :    1 : [952]
723.0 :    3 : [902, 904, 915]
723.1 :    1 : [935]
723.2 :    2 : [916, 927]
723.4 :    3 : [910, 913, 946]
723.5 :    3 : [889, 894, 911]
723.6 :    2 : [887, 962]
723.7 :    1 : [960]
723.9 :    4 : [941, 943, 967, 973]
724.1 :    5 : [890, 897, 929, 957, 977]
724.2 :    4 : [884, 899, 936, 961]
724.3 :    3 : [903, 955, 970]
724.4 :    5 : [930, 950, 953, 958, 963]
724.5 :    4 : [893, 920, 932, 944]
724.6 :    1 : [954]
724.7 :    1 : [905]
724.8 :    3 : [909, 912, 921]
724.9 :    9 : [883, 888, 891, 892, 938, 939, 940, 951, 969]
725.0 :    4 : [882, 928, 945, 964]
725.1 :    2 : [895, 901]
725.2 :    5 : [900, 914, 923, 947, 965]
725.3 :    7 : [886, 906, 908, 933, 937, 971, 972]
725.4 :    4 : [922, 925, 948, 975]
725.6 :    3 : [896, 959, 976]
725.7 :    1 : [918]
725.9 :    1 : [919]
726.0 :    2 : [917, 966]
726.1 :    1 : [924]
726.2 :    1 : [894]
726.3 :    2 : [911, 949]
726.4 :    3 : [915, 942, 952]
726.5 :    3 : [898, 913, 926]
726.6 :    1 : [889]
726.7 :    6 : [887, 907, 934, 941, 943, 967]
726.8 :    2 : [968, 974]
726.9 :    1 : [956]
727.0 :    6 : [903, 904, 910, 929, 931, 957]
727.1 :    6 : [902, 920, 950, 963, 970, 977]
727.2 :    8 : [893, 899, 932, 936, 954, 955, 961, 973]
727.3 :    1 : [935]
727.4 :    1 : [890]
727.5 :    1 : [884]
727.6 :    1 : [953]
727.8 :    2 : [885, 897]
727.9 :    1 : [944]
728.0 :    1 : [921]
728.1 :    1 : [912]
728.3 :    2 : [916, 939]
728.5 :    1 : [930]
728.6 :    3 : [905, 927, 969]
728.7 :    2 : [888, 946]
728.8 :    2 : [882, 940]
728.9 :    3 : [933, 938, 971]
729.0 :    4 : [909, 923, 945, 964]
729.1 :    1 : [894]
729.2 :    1 : [892]
729.3 :    3 : [886, 891, 895]
729.4 :    1 : [948]
729.5 :    3 : [928, 943, 966]
729.6 :    3 : [951, 958, 975]
729.7 :    1 : [922]
729.8 :    6 : [913, 942, 947, 959, 965, 976]
729.9 :    2 : [903, 970]
730.0 :    2 : [911, 952]
730.1 :    2 : [963, 972]
730.2 :    1 : [887]
730.3 :    2 : [941, 957]
730.5 :    3 : [889, 908, 926]
730.6 :    1 : [929]
730.7 :    3 : [898, 937, 973]
730.8 :    4 : [899, 910, 932, 955]
730.9 :    2 : [896, 961]
731.0 :    3 : [915, 936, 977]
731.1 :    4 : [883, 900, 950, 967]
731.2 :    2 : [890, 902]
731.3 :    3 : [884, 931, 974]
731.4 :    2 : [904, 920]
731.5 :    2 : [912, 917]
731.6 :    1 : [949]
732.0 :    2 : [953, 971]
732.2 :    3 : [894, 944, 960]
732.3 :    2 : [897, 901]
732.4 :    1 : [924]
732.5 :    2 : [906, 939]
732.6 :    3 : [893, 914, 925]
732.8 :    2 : [918, 935]
733.0 :    2 : [940, 962]
733.1 :    2 : [919, 921]
733.2 :    3 : [882, 903, 911]
733.3 :    1 : [954]
733.4 :    1 : [943]
733.5 :    4 : [891, 928, 941, 964]
733.6 :    1 : [970]
733.7 :    1 : [945]
733.8 :    1 : [888]
733.9 :    2 : [892, 913]
734.1 :    1 : [887]
734.3 :    1 : [948]
734.5 :    1 : [957]
734.6 :    3 : [889, 955, 963]
734.7 :    2 : [929, 952]
734.8 :    1 : [947]
734.9 :    1 : [938]
735.0 :    2 : [899, 967]
735.2 :    2 : [932, 958]
735.3 :    1 : [894]
735.6 :    1 : [946]
735.7 :    1 : [936]
735.8 :    7 : [895, 908, 909, 920, 953, 969, 975]
735.9 :    5 : [886, 926, 951, 959, 976]
736.0 :    2 : [905, 933]
736.2 :    3 : [923, 944, 966]
736.3 :    5 : [893, 901, 910, 911, 922]
736.4 :    3 : [907, 917, 961]
736.5 :    6 : [890, 915, 943, 950, 965, 971]
736.6 :    1 : [941]
736.7 :    7 : [888, 903, 914, 940, 970, 973, 977]
736.8 :    5 : [883, 930, 942, 956, 964]
736.9 :    4 : [912, 913, 937, 945]
737.0 :    3 : [918, 927, 949]
737.1 :    4 : [882, 884, 928, 939]
737.2 :    4 : [891, 898, 906, 924]
737.3 :    2 : [887, 919]
737.4 :    5 : [892, 900, 931, 935, 955]
737.5 :    1 : [972]
737.6 :    2 : [925, 957]
737.7 :    1 : [963]
737.9 :    2 : [889, 916]
738.0 :    1 : [948]
738.2 :    3 : [897, 960, 974]
738.3 :    2 : [894, 952]
738.4 :    3 : [899, 929, 934]
738.5 :    2 : [953, 967]
738.7 :    1 : [904]
738.8 :    1 : [954]
738.9 :    1 : [936]
739.0 :    1 : [947]
739.1 :    1 : [886]
739.2 :    1 : [938]
739.5 :    1 : [946]
739.6 :    1 : [911]
739.8 :    3 : [932, 959, 976]
739.9 :    5 : [903, 910, 920, 941, 975]
740.0 :    4 : [901, 908, 917, 926]
740.1 :    1 : [970]
740.2 :    1 : [944]
740.3 :    1 : [955]
740.4 :    3 : [943, 945, 951]
740.5 :    2 : [887, 913]
740.6 :    3 : [921, 962, 964]
740.8 :    3 : [891, 909, 914]
740.9 :    2 : [922, 940]
741.0 :    1 : [971]
741.2 :    1 : [965]
741.4 :    2 : [895, 939]
741.6 :    1 : [894]
741.7 :    5 : [889, 924, 957, 969, 977]
741.8 :    1 : [885]
741.9 :    1 : [966]
742.1 :    5 : [884, 899, 906, 925, 942]
742.2 :    1 : [888]
742.4 :    1 : [963]
742.5 :    1 : [950]
743.6 :    1 : [973]
743.7 :    1 : [903]
743.8 :    1 : [930]
743.9 :    1 : [890]
744.0 :    4 : [929, 933, 948, 970]
744.2 :    4 : [928, 949, 952, 958]
744.3 :    4 : [882, 894, 912, 935]
744.4 :    4 : [911, 936, 941, 967]
744.5 :    5 : [883, 893, 931, 943, 971]
744.6 :    7 : [887, 896, 910, 916, 932, 956, 961]
744.7 :    9 : [889, 892, 920, 926, 945, 947, 953, 972, 974]
744.8 :   10 : [884, 897, 902, 905, 917, 923, 937, 939, 946, 955]
744.9 :    4 : [913, 957, 959, 976]
745.0 :    2 : [891, 922]
745.1 :    2 : [915, 977]
745.2 :    8 : [898, 900, 901, 921, 924, 944, 954, 965]
745.3 :    2 : [938, 951]
745.5 :    1 : [904]
745.6 :    2 : [886, 975]
745.7 :    2 : [899, 934]
745.9 :    1 : [963]
746.1 :    1 : [960]
747.2 :    4 : [888, 906, 919, 940]
747.3 :    1 : [908]
747.4 :    2 : [914, 918]
747.5 :    1 : [964]
747.6 :    1 : [911]
747.7 :    5 : [894, 941, 953, 962, 967]
747.8 :    3 : [889, 920, 955]
748.0 :    1 : [928]
748.2 :    1 : [892]
748.3 :    1 : [901]
748.4 :    2 : [912, 936]
748.7 :    1 : [887]
748.9 :    2 : [907, 913]
749.0 :    4 : [893, 895, 950, 952]
749.1 :    1 : [969]
749.2 :    3 : [927, 943, 944]
749.3 :    1 : [970]
749.4 :    2 : [905, 961]
749.5 :    1 : [957]
749.7 :    4 : [886, 891, 915, 917]
749.8 :    3 : [903, 923, 925]
749.9 :    4 : [884, 910, 959, 976]
750.0 :    2 : [937, 945]
750.1 :    2 : [929, 971]
750.2 :    7 : [882, 898, 922, 924, 933, 948, 975]
750.3 :    5 : [909, 926, 932, 968, 974]
750.4 :    6 : [897, 899, 934, 947, 953, 966]
750.5 :    5 : [888, 938, 942, 963, 967]
750.6 :    7 : [889, 911, 931, 939, 941, 946, 955]
750.7 :    4 : [883, 894, 954, 958]
750.8 :    3 : [904, 906, 960]
750.9 :    6 : [890, 901, 908, 914, 928, 940]
751.0 :    2 : [892, 920]
751.1 :    4 : [900, 902, 935, 936]
751.2 :    2 : [912, 977]
751.3 :    1 : [949]
751.4 :    2 : [919, 962]
751.6 :    1 : [951]
751.7 :    1 : [918]
752.4 :    1 : [887]
754.0 :    2 : [913, 973]
754.2 :    1 : [910]
754.3 :    2 : [901, 929]
754.4 :    2 : [899, 955]
754.5 :    5 : [895, 911, 943, 957, 964]
754.6 :    5 : [882, 894, 903, 920, 921]
754.7 :    5 : [891, 936, 941, 971, 972]
754.8 :    3 : [939, 961, 967]
754.9 :    2 : [889, 922]
755.0 :    3 : [933, 963, 970]
755.1 :    2 : [940, 945]
755.2 :    7 : [908, 917, 926, 932, 944, 948, 965]
755.4 :    2 : [937, 951]
757.0 :    3 : [887, 959, 976]
757.1 :    5 : [952, 953, 954, 956, 977]
757.2 :    5 : [884, 890, 909, 924, 928]
757.3 :    3 : [905, 914, 930]
757.4 :    4 : [883, 896, 925, 938]
757.5 :    1 : [903]
757.6 :    2 : [894, 935]
757.7 :    1 : [975]
757.8 :    2 : [897, 910]
757.9 :    6 : [888, 906, 907, 912, 923, 934]
758.0 :    6 : [893, 913, 945, 957, 963, 970]
758.1 :    4 : [892, 950, 962, 966]
758.2 :    6 : [886, 901, 941, 943, 955, 969]
758.3 :    5 : [919, 922, 929, 931, 961]
758.4 :    4 : [889, 891, 920, 964]
758.5 :    3 : [895, 936, 939]
758.6 :    3 : [900, 908, 967]
758.7 :    2 : [898, 918]
758.8 :    2 : [927, 933]
758.9 :    4 : [882, 899, 911, 947]
759.2 :    1 : [940]
759.3 :    7 : [902, 926, 932, 944, 948, 971, 973]
759.5 :    1 : [917]
759.6 :    2 : [972, 974]
759.7 :    2 : [904, 937]
759.8 :    2 : [916, 942]
759.9 :    2 : [921, 951]
760.2 :    1 : [884]
760.5 :    3 : [894, 903, 958]
760.6 :    2 : [887, 965]
760.7 :    1 : [915]
760.8 :    4 : [910, 949, 959, 976]
760.9 :    6 : [928, 946, 952, 960, 970, 977]
761.0 :    3 : [930, 941, 953]
761.1 :    4 : [889, 943, 957, 963]
761.2 :    2 : [912, 929]
761.3 :    4 : [888, 890, 945, 955]
761.4 :    2 : [909, 913]
761.5 :    4 : [905, 967, 969, 975]
761.7 :    3 : [886, 936, 950]
761.8 :    5 : [920, 924, 935, 961, 966]
761.9 :    7 : [892, 893, 897, 911, 923, 925, 964]
762.1 :    2 : [891, 922]
762.2 :    5 : [901, 933, 939, 954, 956]
762.3 :    4 : [895, 906, 927, 938]
762.4 :    2 : [898, 908]
762.5 :    5 : [883, 899, 914, 934, 944]
762.6 :    1 : [931]
762.7 :    6 : [882, 919, 926, 940, 948, 971]
762.8 :    2 : [907, 917]
762.9 :    2 : [932, 968]
763.0 :    4 : [896, 900, 937, 962]
763.2 :    3 : [902, 918, 973]
763.3 :    1 : [884]
763.6 :    1 : [974]
763.8 :    3 : [894, 903, 910]
764.2 :    1 : [887]
764.3 :    1 : [947]
764.4 :    2 : [951, 953]
764.5 :    2 : [904, 941]
764.6 :    4 : [889, 929, 967, 972]
764.7 :    2 : [928, 957]
764.8 :    5 : [911, 921, 943, 952, 970]
764.9 :    1 : [912]
765.0 :    2 : [955, 963]
765.1 :    2 : [936, 958]
765.2 :    2 : [888, 977]
765.3 :    1 : [913]
765.4 :    2 : [890, 945]
765.5 :    6 : [886, 892, 920, 942, 959, 976]
765.6 :    4 : [893, 905, 969, 975]
765.7 :    4 : [915, 961, 964, 965]
765.8 :    2 : [895, 901]
765.9 :    3 : [891, 909, 950]
766.0 :    3 : [899, 908, 944]
766.1 :    2 : [923, 966]
766.2 :    2 : [940, 960]
766.3 :    1 : [971]
766.5 :    3 : [882, 922, 933]
766.6 :    1 : [914]
766.7 :    2 : [924, 932]
766.8 :    1 : [939]
767.0 :    1 : [894]
767.7 :    1 : [935]
767.8 :    2 : [926, 948]
767.9 :    2 : [897, 903]
768.2 :    1 : [938]
768.3 :    1 : [949]
768.7 :    4 : [917, 918, 970, 973]
768.8 :   10 : [883, 887, 919, 927, 930, 941, 943, 955, 957, 963]
768.9 :    7 : [898, 906, 920, 929, 937, 953, 954]
769.0 :    5 : [901, 910, 911, 913, 931]
769.1 :    9 : [888, 889, 925, 928, 936, 945, 952, 961, 967]
769.2 :    9 : [890, 895, 899, 900, 905, 907, 951, 964, 971]
769.3 :    6 : [892, 896, 940, 944, 969, 975]
769.4 :    5 : [882, 902, 908, 923, 933]
769.5 :    8 : [886, 891, 893, 894, 947, 950, 959, 976]
769.6 :    2 : [912, 921]
769.7 :    4 : [884, 922, 932, 977]
769.8 :    2 : [904, 974]
769.9 :    2 : [914, 958]
770.0 :    1 : [915]
770.1 :    2 : [909, 966]
770.2 :    1 : [946]
771.1 :    1 : [939]
771.2 :    1 : [942]
771.3 :    1 : [972]
771.4 :    1 : [965]
771.5 :    2 : [903, 916]
771.6 :    2 : [956, 970]
771.8 :    2 : [924, 948]
771.9 :    1 : [943]
772.0 :    4 : [887, 934, 945, 963]
772.1 :    3 : [889, 941, 955]
772.2 :    6 : [894, 910, 926, 929, 957, 962]
772.3 :    1 : [925]
772.4 :    2 : [913, 960]
772.5 :    4 : [885, 899, 936, 953]
772.6 :    4 : [884, 901, 920, 964]
772.7 :    2 : [959, 976]
772.8 :    5 : [891, 906, 911, 917, 967]
772.9 :    2 : [908, 938]
773.0 :    2 : [935, 951]
773.1 :    2 : [922, 954]
773.3 :    2 : [919, 975]
773.5 :    1 : [940]
773.6 :    5 : [888, 905, 927, 961, 973]
773.7 :    4 : [892, 895, 923, 952]
773.8 :    5 : [914, 930, 931, 944, 969]
773.9 :    2 : [886, 933]
774.1 :    3 : [882, 898, 950]
774.2 :    2 : [893, 932]
774.4 :    1 : [966]
775.0 :    2 : [928, 971]
775.1 :    2 : [918, 937]
775.2 :    1 : [912]
775.3 :    3 : [890, 897, 900]
775.4 :    5 : [894, 909, 947, 970, 977]
775.5 :    3 : [915, 943, 949]
775.6 :    1 : [941]
775.7 :    3 : [887, 903, 911]
775.8 :    2 : [953, 967]
775.9 :    3 : [883, 889, 955]
776.0 :    2 : [957, 963]
776.1 :    1 : [948]
776.2 :    1 : [945]
776.3 :    4 : [913, 917, 926, 936]
776.4 :    3 : [910, 924, 974]
776.5 :    4 : [884, 929, 939, 965]
776.6 :    1 : [946]
776.8 :    1 : [891]
776.9 :    2 : [907, 938]
777.0 :    1 : [920]
777.4 :    2 : [901, 934]
777.5 :    2 : [959, 976]
777.9 :    1 : [958]
778.0 :    2 : [888, 960]
778.1 :    3 : [886, 906, 952]
778.4 :    1 : [975]
778.6 :    1 : [892]
778.7 :    1 : [944]
778.8 :    1 : [967]
778.9 :    1 : [911]
779.1 :    1 : [912]
779.2 :    2 : [894, 953]
779.6 :    3 : [893, 928, 941]
779.8 :    4 : [889, 899, 905, 922]
779.9 :    2 : [887, 908]
780.0 :    6 : [914, 940, 955, 961, 964, 969]
780.1 :    2 : [895, 943]
780.2 :    2 : [923, 970]
780.3 :    4 : [898, 913, 915, 925]
780.4 :    1 : [901]
780.5 :    1 : [950]
780.6 :    6 : [904, 919, 920, 927, 932, 957]
780.7 :    3 : [918, 954, 972]
780.8 :    9 : [903, 933, 942, 945, 951, 959, 966, 968, 976]
780.9 :    1 : [884]
781.0 :    7 : [891, 910, 924, 936, 937, 947, 962]
781.2 :    2 : [888, 917]
781.3 :    2 : [916, 963]
781.4 :    1 : [935]
781.6 :    3 : [906, 931, 948]
781.7 :    2 : [934, 939]
781.8 :    2 : [886, 946]
782.4 :    1 : [929]
783.6 :    1 : [953]
783.8 :    3 : [882, 938, 975]
784.0 :    2 : [894, 909]
784.1 :    4 : [892, 901, 955, 977]
784.2 :    2 : [903, 920]
784.3 :    3 : [899, 941, 971]
784.4 :    5 : [908, 911, 930, 956, 973]
784.5 :    4 : [889, 926, 965, 970]
784.6 :    1 : [964]
784.7 :    2 : [887, 967]
785.1 :    1 : [913]
785.4 :    1 : [943]
785.5 :    5 : [897, 900, 914, 944, 952]
785.6 :    5 : [890, 940, 945, 949, 957]
785.7 :    2 : [883, 891]
785.8 :    1 : [932]
785.9 :    1 : [928]
786.0 :    1 : [960]
786.1 :    2 : [936, 974]
786.2 :    2 : [912, 917]
786.3 :    1 : [947]
786.6 :    4 : [910, 924, 959, 976]
786.7 :    1 : [893]
786.8 :    1 : [953]
786.9 :    9 : [884, 888, 906, 922, 925, 939, 948, 951, 963]
787.1 :    4 : [894, 921, 929, 954]
787.3 :    2 : [903, 907]
787.5 :    2 : [886, 958]
787.6 :    2 : [887, 941]
787.7 :    1 : [970]
787.8 :    1 : [889]
787.9 :    1 : [938]
788.2 :    1 : [967]
788.4 :    1 : [977]
788.8 :    2 : [901, 905]
788.9 :    2 : [920, 955]
789.0 :    4 : [895, 911, 926, 965]
789.1 :    3 : [918, 919, 975]
789.2 :    5 : [892, 908, 937, 946, 971]
789.3 :    2 : [899, 913]
789.4 :    1 : [969]
789.5 :    1 : [964]
789.6 :    3 : [942, 953, 962]
789.7 :    4 : [891, 914, 928, 936]
789.8 :    7 : [882, 933, 935, 950, 952, 957, 961]
789.9 :    7 : [894, 910, 912, 917, 940, 943, 966]
790.0 :    6 : [909, 929, 932, 944, 945, 973]
790.1 :    3 : [896, 897, 972]
790.2 :    1 : [903]
790.3 :    6 : [883, 890, 915, 923, 947, 948]
790.4 :    6 : [884, 898, 939, 941, 963, 974]
790.5 :    1 : [934]
790.7 :    3 : [887, 902, 922]
790.8 :    2 : [921, 951]
790.9 :    1 : [956]
791.0 :    1 : [904]
791.1 :    1 : [970]
791.3 :    2 : [889, 949]
791.5 :    1 : [924]
792.2 :    2 : [959, 976]
792.3 :    3 : [888, 893, 931]
792.5 :    3 : [906, 960, 967]
792.6 :    2 : [901, 955]
792.7 :    1 : [920]
792.8 :    1 : [895]
792.9 :    2 : [905, 953]
793.0 :    3 : [894, 911, 961]
793.1 :    3 : [908, 913, 954]
793.2 :    2 : [892, 943]
793.3 :    1 : [886]
793.5 :    1 : [899]
793.7 :    1 : [957]
793.8 :    5 : [882, 923, 930, 940, 944]
793.9 :    6 : [900, 907, 950, 958, 971, 975]
794.0 :    9 : [910, 918, 927, 928, 929, 933, 936, 937, 941]
794.1 :    3 : [914, 926, 969]
794.3 :    2 : [891, 932]
794.4 :    2 : [912, 964]
794.5 :    9 : [884, 887, 889, 903, 945, 948, 952, 963, 966]
794.6 :    4 : [898, 915, 917, 974]
794.7 :    3 : [902, 919, 977]
794.8 :    7 : [904, 916, 925, 935, 939, 970, 973]
794.9 :    2 : [922, 942]
795.2 :    1 : [947]
795.3 :    1 : [946]
795.5 :    3 : [890, 909, 938]
795.6 :    1 : [897]
795.7 :    1 : [894]
795.8 :    4 : [883, 949, 965, 972]
795.9 :    1 : [955]
796.0 :    4 : [920, 959, 967, 976]
796.1 :    3 : [901, 921, 931]
796.2 :    3 : [911, 924, 951]
796.3 :    1 : [943]
796.4 :    1 : [899]
796.5 :    1 : [908]
796.7 :    2 : [888, 913]
797.1 :    2 : [929, 957]
797.2 :    1 : [910]
797.3 :    1 : [882]
797.4 :    2 : [936, 956]
797.5 :    2 : [961, 971]
797.6 :    3 : [896, 940, 941]
797.7 :    1 : [885]
797.8 :    4 : [903, 906, 933, 962]
798.0 :    1 : [884]
798.2 :    7 : [889, 902, 939, 945, 950, 953, 963]
798.3 :    4 : [887, 891, 948, 954]
798.4 :    4 : [912, 916, 944, 970]
798.5 :    3 : [922, 930, 934]
798.6 :    4 : [923, 926, 942, 974]
798.7 :    2 : [905, 937]
798.8 :    2 : [925, 964]
799.2 :    4 : [892, 895, 917, 932]
799.3 :    7 : [901, 914, 955, 959, 968, 975, 976]
799.4 :    1 : [894]
799.5 :    4 : [893, 919, 924, 977]
799.6 :    3 : [928, 960, 967]
799.7 :    4 : [899, 911, 920, 946]
799.8 :    2 : [898, 966]
800.0 :    6 : [904, 908, 913, 938, 952, 973]
800.1 :    6 : [886, 907, 918, 935, 947, 969]
800.2 :    1 : [943]
800.3 :    2 : [941, 965]
800.4 :    3 : [897, 929, 958]
800.5 :    4 : [903, 910, 936, 957]
800.6 :    3 : [909, 951, 971]
800.8 :    2 : [883, 931]
800.9 :    4 : [882, 888, 890, 949]
801.0 :    1 : [972]
801.1 :    2 : [921, 940]
801.3 :    2 : [933, 963]
801.4 :    1 : [889]
801.5 :    1 : [939]
801.7 :    3 : [884, 887, 948]
802.5 :    1 : [912]
802.7 :    2 : [915, 953]
802.8 :    1 : [900]
802.9 :    3 : [891, 894, 926]
803.0 :    5 : [911, 945, 967, 970, 974]
803.1 :    1 : [944]
803.3 :    4 : [902, 942, 950, 961]
803.4 :    6 : [899, 906, 922, 927, 941, 955]
803.5 :    1 : [928]
803.6 :    2 : [920, 952]
803.7 :    4 : [901, 903, 917, 964]
803.8 :    4 : [892, 932, 943, 946]
803.9 :    5 : [913, 916, 936, 937, 947]
804.0 :    2 : [959, 976]
804.1 :    1 : [914]
804.2 :    1 : [908]
804.3 :    1 : [929]
804.6 :    2 : [889, 925]
804.8 :    1 : [910]
806.0 :    1 : [940]
806.1 :    5 : [893, 924, 957, 960, 975]
806.2 :    1 : [969]
806.3 :    3 : [894, 971, 977]
806.4 :    5 : [887, 888, 897, 949, 958]
806.5 :    5 : [911, 918, 930, 965, 966]
806.6 :    1 : [967]
806.7 :    2 : [941, 952]
806.9 :    2 : [938, 970]
807.0 :    1 : [884]
807.1 :    3 : [903, 909, 928]
807.2 :    2 : [886, 939]
807.4 :    1 : [953]
807.5 :    1 : [948]
807.6 :    1 : [963]
807.9 :    2 : [890, 912]
808.0 :    1 : [920]
808.1 :    1 : [943]
808.2 :    5 : [885, 899, 936, 956, 973]
808.3 :    3 : [932, 942, 947]
808.4 :    2 : [931, 955]
808.5 :    4 : [883, 889, 945, 964]
808.6 :    3 : [891, 919, 935]
808.7 :    3 : [895, 913, 946]
808.8 :    2 : [882, 917]
808.9 :    5 : [901, 929, 944, 959, 976]
809.1 :    4 : [908, 923, 950, 954]
809.2 :    1 : [904]
809.3 :    3 : [892, 906, 951]
809.6 :    1 : [894]
809.7 :    1 : [914]
810.1 :    1 : [898]
810.2 :    2 : [915, 925]
810.3 :    2 : [911, 940]
810.4 :    6 : [905, 926, 941, 957, 961, 974]
810.5 :    8 : [887, 888, 922, 927, 933, 969, 970, 975]
810.6 :    3 : [910, 953, 966]
810.7 :    4 : [893, 903, 952, 967]
810.8 :    3 : [928, 943, 972]
810.9 :    3 : [886, 900, 971]
811.0 :    1 : [963]
811.1 :    2 : [924, 937]
811.2 :    2 : [918, 948]
811.3 :    2 : [884, 977]
811.4 :    2 : [912, 965]
811.5 :    6 : [889, 890, 920, 936, 945, 955]
811.6 :    4 : [909, 938, 949, 960]
811.7 :    1 : [897]
811.8 :    3 : [932, 939, 962]
811.9 :    2 : [913, 916]
812.0 :    1 : [934]
812.6 :    2 : [891, 917]
