Name: Prefrontal cortex [Glu0], Title: Raster plot from device '20334', Hist: False
213.5 :    1 : [793]
213.7 :    1 : [877]
213.8 :    1 : [823]
213.9 :    1 : [828]
214.3 :    2 : [788, 854]
214.4 :    3 : [796, 816, 881]
214.5 :    3 : [801, 821, 876]
214.6 :    3 : [792, 798, 832]
214.7 :    2 : [806, 848]
214.8 :    6 : [794, 814, 820, 840, 842, 879]
214.9 :    5 : [817, 826, 833, 861, 873]
215.0 :    7 : [791, 797, 803, 807, 818, 824, 856]
215.1 :    2 : [790, 864]
215.2 :    2 : [815, 860]
215.3 :    8 : [799, 800, 802, 836, 853, 858, 867, 874]
215.4 :    5 : [810, 819, 837, 852, 878]
215.5 :    2 : [825, 850]
215.8 :    2 : [846, 855]
215.9 :    3 : [829, 835, 847]
216.0 :    5 : [822, 838, 843, 866, 872]
216.1 :    1 : [834]
216.3 :    1 : [831]
216.8 :    1 : [869]
216.9 :    5 : [793, 828, 859, 863, 871]
217.1 :    2 : [849, 870]
217.2 :    1 : [854]
217.3 :    1 : [805]
217.4 :    6 : [787, 801, 811, 823, 827, 880]
217.5 :    6 : [786, 798, 848, 877, 879, 881]
217.6 :    7 : [806, 814, 820, 840, 845, 865, 873]
217.7 :   17 : [788, 789, 791, 795, 797, 802, 807, 808, 809, 821, 826, 830, 833, 842, 862, 874, 876]
217.8 :   16 : [790, 792, 803, 813, 815, 816, 819, 824, 832, 839, 841, 844, 856, 860, 861, 864]
217.9 :    9 : [794, 796, 799, 800, 810, 812, 852, 858, 868]
218.0 :    4 : [836, 837, 853, 867]
218.1 :    5 : [825, 851, 857, 875, 878]
218.2 :    3 : [818, 846, 850]
218.3 :    1 : [817]
218.6 :    1 : [872]
219.0 :    1 : [822]
219.1 :    1 : [847]
219.2 :    3 : [835, 838, 866]
219.4 :    1 : [831]
219.5 :    2 : [829, 855]
219.7 :    4 : [793, 828, 843, 854]
219.8 :    3 : [801, 823, 871]
219.9 :    7 : [811, 848, 859, 863, 877, 879, 881]
220.0 :    8 : [798, 806, 814, 840, 869, 870, 873, 880]
220.1 :   10 : [788, 789, 797, 802, 805, 820, 827, 833, 834, 865]
220.2 :   10 : [786, 791, 792, 795, 807, 816, 821, 842, 874, 876]
220.3 :    5 : [787, 799, 819, 826, 860]
220.4 :    5 : [796, 815, 832, 849, 858]
220.5 :    7 : [790, 794, 803, 839, 841, 856, 861]
220.6 :    5 : [824, 846, 852, 853, 862]
220.7 :    3 : [830, 845, 864]
220.8 :    4 : [800, 836, 844, 867]
220.9 :    2 : [810, 837]
221.0 :    1 : [868]
221.1 :    3 : [808, 809, 813]
221.2 :    1 : [825]
221.3 :    2 : [851, 872]
221.4 :    2 : [850, 878]
221.8 :    1 : [817]
221.9 :    1 : [818]
222.1 :    2 : [812, 857]
222.3 :    1 : [822]
222.4 :    1 : [823]
222.5 :    2 : [801, 811]
222.6 :    3 : [854, 871, 877]
222.7 :    3 : [806, 847, 848]
222.8 :   10 : [789, 793, 797, 820, 831, 833, 840, 866, 873, 880]
222.9 :    4 : [835, 863, 865, 879]
223.0 :   13 : [792, 798, 802, 814, 816, 819, 838, 842, 846, 860, 869, 874, 876]
223.1 :    7 : [786, 795, 799, 807, 827, 843, 881]
223.2 :    4 : [805, 815, 859, 870]
223.3 :    6 : [791, 803, 826, 828, 832, 858]
223.4 :    5 : [788, 796, 839, 841, 852]
223.5 :    4 : [790, 821, 829, 853]
223.6 :    2 : [787, 855]
223.7 :    1 : [875]
223.8 :    1 : [861]
223.9 :    1 : [862]
224.0 :    1 : [867]
224.1 :    3 : [844, 856, 872]
224.2 :    1 : [830]
224.5 :    2 : [794, 800]
226.2 :    1 : [836]
226.4 :    1 : [864]
226.5 :    1 : [801]
226.6 :    1 : [810]
226.7 :    1 : [854]
227.2 :    1 : [791]
227.6 :    2 : [824, 879]
227.7 :    3 : [840, 848, 874]
227.8 :    2 : [798, 820]
228.0 :    2 : [806, 873]
228.1 :    2 : [837, 850]
228.5 :    1 : [826]
228.6 :    2 : [797, 880]
228.8 :    1 : [823]
228.9 :    2 : [802, 814]
229.1 :    3 : [807, 819, 869]
229.2 :    1 : [842]
229.3 :    1 : [866]
229.4 :    1 : [790]
229.5 :    1 : [878]
229.6 :    1 : [856]
229.7 :    3 : [799, 835, 871]
229.8 :    3 : [805, 822, 838]
229.9 :    1 : [801]
230.0 :    2 : [833, 854]
230.1 :    4 : [788, 828, 829, 846]
230.2 :    3 : [793, 800, 881]
230.3 :    2 : [803, 860]
230.4 :    2 : [845, 864]
230.5 :    3 : [849, 859, 876]
230.6 :    5 : [817, 821, 825, 861, 867]
230.7 :    4 : [815, 848, 863, 877]
230.8 :    2 : [794, 836]
230.9 :    3 : [809, 852, 858]
231.0 :    5 : [791, 798, 816, 872, 879]
231.1 :    3 : [786, 808, 831]
231.2 :    1 : [870]
231.3 :    1 : [811]
231.6 :    3 : [806, 830, 840]
231.7 :    3 : [810, 874, 875]
231.8 :    2 : [820, 873]
231.9 :    1 : [802]
232.0 :    5 : [812, 814, 824, 826, 850]
232.1 :    2 : [797, 847]
232.2 :    1 : [832]
232.3 :    2 : [818, 823]
232.4 :    1 : [865]
232.7 :    7 : [796, 801, 807, 819, 843, 855, 880]
232.8 :    2 : [792, 842]
232.9 :    2 : [790, 854]
233.0 :    2 : [856, 866]
233.2 :    1 : [793]
233.3 :    2 : [799, 837]
233.4 :    3 : [788, 813, 835]
233.5 :    2 : [828, 881]
233.6 :    2 : [827, 877]
233.8 :    1 : [795]
233.9 :    1 : [833]
234.0 :    1 : [821]
234.1 :    2 : [848, 876]
234.2 :    1 : [861]
234.3 :    2 : [817, 853]
234.4 :    2 : [787, 798]
234.8 :    1 : [846]
235.4 :    3 : [794, 816, 829]
235.5 :    1 : [789]
235.6 :    1 : [860]
235.8 :    1 : [868]
236.0 :    2 : [871, 879]
236.1 :   10 : [793, 800, 806, 815, 822, 823, 858, 864, 867, 878]
236.2 :    6 : [791, 792, 803, 820, 840, 869]
236.3 :    6 : [801, 824, 825, 838, 849, 859]
236.4 :    5 : [796, 814, 826, 836, 854]
236.5 :    3 : [788, 839, 873]
236.6 :    5 : [832, 852, 856, 863, 877]
236.7 :    1 : [872]
236.8 :    2 : [802, 842]
236.9 :    3 : [790, 799, 807]
237.0 :    3 : [810, 828, 874]
237.1 :    2 : [797, 881]
237.2 :    1 : [870]
237.6 :    2 : [848, 850]
238.3 :    1 : [855]
238.5 :    1 : [837]
238.6 :    1 : [835]
238.7 :    1 : [861]
238.9 :    3 : [795, 817, 818]
239.0 :    2 : [793, 798]
239.2 :    9 : [805, 816, 821, 823, 831, 833, 843, 866, 876]
239.3 :    2 : [792, 794]
239.4 :    5 : [801, 811, 819, 854, 862]
239.6 :    4 : [788, 806, 875, 879]
239.7 :    2 : [791, 796]
239.8 :    6 : [814, 820, 829, 840, 865, 880]
239.9 :    2 : [786, 877]
240.0 :    8 : [812, 824, 828, 846, 853, 860, 873, 881]
240.1 :   11 : [802, 807, 826, 842, 845, 847, 858, 859, 864, 867, 874]
240.2 :    6 : [815, 822, 830, 832, 836, 856]
240.3 :    8 : [790, 797, 800, 808, 809, 825, 848, 872]
240.4 :    1 : [838]
240.5 :    2 : [799, 803]
240.6 :    3 : [810, 841, 871]
240.7 :    1 : [813]
240.8 :    1 : [852]
241.0 :    2 : [850, 863]
241.9 :    1 : [869]
242.1 :    1 : [878]
242.3 :    2 : [849, 870]
242.4 :    3 : [798, 801, 854]
242.5 :    1 : [827]
242.7 :    3 : [791, 835, 879]
242.8 :    2 : [787, 844]
242.9 :    2 : [793, 833]
243.0 :    1 : [821]
243.1 :    2 : [828, 876]
243.4 :    1 : [848]
243.5 :    4 : [788, 814, 820, 873]
243.6 :    4 : [823, 840, 861, 881]
243.7 :    3 : [789, 794, 806]
243.8 :    2 : [816, 817]
243.9 :    2 : [796, 855]
244.0 :    3 : [829, 842, 877]
244.2 :    1 : [832]
244.3 :    1 : [792]
244.5 :    1 : [807]
245.0 :    1 : [802]
245.1 :    3 : [824, 826, 859]
245.2 :    3 : [819, 846, 872]
245.3 :    4 : [799, 822, 860, 874]
245.4 :    4 : [815, 856, 867, 875]
245.5 :    1 : [858]
245.6 :    4 : [790, 801, 825, 866]
245.7 :    2 : [797, 836]
245.8 :    1 : [805]
245.9 :    1 : [838]
246.0 :    3 : [854, 864, 879]
246.1 :    2 : [811, 843]
246.2 :    2 : [800, 835]
246.3 :    3 : [793, 818, 865]
246.4 :    8 : [791, 803, 810, 831, 837, 848, 863, 871]
246.5 :    5 : [812, 820, 850, 853, 880]
246.6 :    1 : [786]
246.7 :    7 : [798, 806, 834, 840, 841, 842, 868]
246.8 :    4 : [814, 828, 861, 878]
247.1 :    4 : [833, 869, 873, 876]
247.2 :    2 : [823, 881]
247.3 :    1 : [852]
247.7 :    1 : [847]
248.0 :    1 : [877]
248.3 :    1 : [830]
248.4 :    1 : [794]
248.5 :    1 : [802]
248.7 :    1 : [792]
248.8 :    1 : [859]
249.1 :    1 : [801]
249.3 :    1 : [819]
249.4 :    1 : [822]
249.5 :    1 : [872]
249.7 :    3 : [788, 807, 874]
249.8 :    2 : [815, 851]
249.9 :    3 : [832, 848, 854]
250.0 :    6 : [817, 825, 826, 856, 857, 879]
250.1 :    3 : [793, 860, 870]
250.2 :    1 : [797]
250.3 :    7 : [787, 799, 800, 803, 835, 842, 861]
250.4 :    5 : [796, 816, 821, 824, 858]
250.5 :    8 : [790, 791, 805, 806, 810, 838, 867, 878]
250.6 :    1 : [876]
250.7 :    1 : [875]
250.8 :    5 : [814, 818, 820, 823, 881]
250.9 :    6 : [798, 811, 813, 829, 840, 844]
251.0 :    7 : [795, 828, 836, 853, 863, 871, 877]
251.1 :    1 : [833]
251.2 :    4 : [808, 809, 834, 855]
251.3 :    2 : [846, 850]
251.4 :    1 : [843]
251.5 :    1 : [849]
251.6 :    1 : [873]
251.8 :    1 : [794]
252.6 :    1 : [864]
252.7 :    4 : [801, 845, 866, 869]
253.1 :    1 : [854]
253.2 :    2 : [802, 827]
253.3 :    1 : [865]
253.4 :    7 : [786, 792, 841, 848, 859, 874, 879]
253.6 :    2 : [791, 819]
253.8 :    2 : [822, 881]
253.9 :    6 : [793, 807, 812, 814, 831, 835]
254.0 :    5 : [806, 837, 852, 872, 880]
254.1 :    5 : [788, 797, 826, 828, 847]
254.2 :    6 : [798, 815, 820, 821, 823, 840]
254.3 :    7 : [790, 824, 833, 838, 842, 861, 862]
254.4 :    4 : [810, 825, 856, 860]
254.5 :    2 : [803, 867]
254.6 :    2 : [800, 876]
254.7 :    3 : [846, 873, 877]
254.8 :    1 : [850]
254.9 :    1 : [832]
255.2 :    1 : [817]
255.5 :    3 : [799, 816, 858]
255.6 :    2 : [818, 870]
255.7 :    1 : [796]
255.8 :    1 : [789]
256.1 :    3 : [801, 836, 875]
256.2 :    7 : [794, 829, 830, 839, 863, 868, 871]
256.3 :    1 : [805]
256.4 :    2 : [854, 855]
256.5 :    1 : [792]
256.6 :    1 : [878]
256.7 :    1 : [791]
256.8 :    1 : [879]
256.9 :    1 : [864]
257.3 :    1 : [793]
257.4 :    2 : [843, 848]
257.5 :    3 : [798, 849, 881]
257.6 :    2 : [788, 853]
257.7 :    1 : [787]
257.8 :    4 : [807, 811, 828, 874]
257.9 :    4 : [802, 814, 842, 876]
258.0 :    5 : [806, 813, 820, 821, 835]
258.1 :    6 : [797, 803, 819, 823, 833, 861]
258.4 :    2 : [832, 834]
258.6 :    2 : [826, 860]
258.7 :    1 : [818]
259.1 :    1 : [815]
259.2 :    5 : [838, 840, 856, 859, 869]
259.3 :    5 : [790, 822, 825, 873, 877]
259.4 :    3 : [801, 866, 867]
259.5 :    3 : [800, 817, 854]
259.6 :    2 : [796, 799]
259.7 :    2 : [794, 795]
259.8 :    2 : [816, 824]
259.9 :    3 : [791, 792, 810]
260.0 :    1 : [858]
260.1 :    7 : [793, 837, 846, 850, 852, 872, 879]
260.3 :    2 : [836, 847]
260.4 :    5 : [808, 809, 844, 864, 865]
260.5 :    4 : [828, 829, 848, 878]
260.6 :    4 : [798, 820, 831, 855]
260.7 :    2 : [845, 881]
260.8 :    4 : [786, 788, 806, 842]
260.9 :    3 : [814, 823, 827]
261.0 :    2 : [870, 880]
261.1 :    3 : [863, 871, 876]
261.2 :    2 : [797, 833]
261.3 :    1 : [862]
261.4 :    1 : [821]
261.5 :    1 : [807]
261.7 :    1 : [803]
262.4 :    1 : [861]
262.5 :    2 : [789, 832]
262.6 :    1 : [802]
262.7 :    1 : [853]
262.9 :    2 : [868, 877]
263.0 :    1 : [826]
263.2 :    1 : [793]
263.3 :    2 : [792, 843]
263.4 :    2 : [801, 835]
263.5 :    4 : [794, 849, 854, 874]
263.6 :    2 : [796, 816]
263.7 :    1 : [840]
263.8 :    1 : [791]
263.9 :    1 : [856]
264.0 :    5 : [799, 805, 817, 860, 879]
264.1 :    1 : [788]
264.2 :    3 : [798, 818, 873]
264.4 :    3 : [824, 848, 875]
264.5 :    4 : [790, 820, 828, 881]
264.7 :    3 : [829, 836, 876]
264.9 :    2 : [819, 821]
265.0 :    3 : [823, 833, 842]
265.1 :    5 : [806, 814, 855, 858, 867]
265.2 :    1 : [787]
265.5 :    2 : [813, 815]
265.8 :    2 : [795, 807]
265.9 :    1 : [877]
266.1 :    1 : [811]
266.4 :    1 : [793]
266.5 :    4 : [800, 812, 825, 864]
266.6 :    3 : [797, 837, 846]
266.7 :    2 : [832, 859]
266.8 :    1 : [861]
266.9 :    3 : [839, 866, 872]
267.0 :    1 : [792]
267.1 :    1 : [852]
267.2 :    2 : [826, 850]
267.3 :    1 : [803]
267.4 :    2 : [810, 870]
267.5 :    4 : [828, 831, 840, 847]
267.6 :    4 : [820, 822, 838, 854]
267.7 :    1 : [848]
267.8 :    1 : [801]
268.0 :    1 : [873]
268.1 :    1 : [798]
268.4 :    1 : [824]
268.5 :    1 : [827]
268.6 :    1 : [862]
268.8 :    5 : [818, 823, 833, 853, 881]
268.9 :    4 : [789, 796, 816, 878]
269.0 :    6 : [802, 817, 821, 842, 856, 876]
269.1 :    3 : [790, 806, 814]
269.2 :    1 : [788]
269.3 :    3 : [794, 863, 871]
269.4 :    2 : [877, 879]
269.5 :    1 : [793]
269.6 :    2 : [791, 860]
269.7 :    1 : [835]
269.8 :    1 : [869]
269.9 :    3 : [799, 836, 855]
270.0 :    3 : [829, 843, 865]
270.1 :    3 : [849, 867, 868]
270.2 :    1 : [807]
270.3 :    3 : [786, 845, 854]
270.4 :    2 : [832, 874]
270.5 :    1 : [861]
270.6 :    2 : [828, 858]
270.7 :    1 : [848]
271.0 :    1 : [801]
271.3 :    2 : [797, 864]
271.5 :    5 : [798, 815, 820, 840, 846]
271.6 :    2 : [826, 880]
271.7 :    3 : [803, 808, 809]
271.8 :    2 : [792, 873]
272.0 :    3 : [830, 837, 852]
272.1 :    1 : [866]
272.2 :    2 : [800, 850]
272.6 :    4 : [806, 810, 823, 824]
272.7 :    2 : [795, 877]
272.8 :    1 : [825]
272.9 :    1 : [793]
273.1 :    1 : [856]
273.2 :    4 : [842, 859, 872, 881]
273.3 :    1 : [814]
273.8 :    2 : [796, 816]
273.9 :    2 : [788, 817]
274.3 :    2 : [790, 794]
274.5 :    4 : [791, 802, 819, 879]
274.6 :    1 : [854]
274.7 :    1 : [870]
274.8 :    1 : [801]
275.0 :    1 : [799]
275.2 :    1 : [838]
276.2 :    2 : [798, 807]
276.3 :    3 : [821, 833, 876]
276.4 :    1 : [848]
276.5 :    2 : [829, 835]
276.6 :    3 : [822, 828, 861]
276.7 :    1 : [855]
276.8 :    3 : [818, 832, 836]
276.9 :    3 : [831, 847, 873]
277.0 :    1 : [820]
277.4 :    3 : [840, 860, 874]
277.5 :    1 : [864]
277.6 :    2 : [805, 867]
277.7 :    2 : [797, 854]
277.9 :    3 : [803, 846, 869]
278.1 :    2 : [793, 801]
278.2 :    4 : [791, 814, 826, 842]
278.3 :    7 : [806, 858, 863, 871, 878, 879, 881]
278.4 :    4 : [843, 849, 850, 866]
278.7 :    2 : [823, 824]
278.8 :    1 : [810]
279.0 :    2 : [800, 852]
279.1 :    2 : [790, 880]
280.4 :    3 : [788, 819, 856]
280.6 :    1 : [798]
280.7 :    2 : [802, 875]
280.8 :    1 : [817]
280.9 :    3 : [811, 838, 848]
281.1 :    2 : [794, 854]
281.3 :    4 : [791, 799, 801, 820]
281.4 :    1 : [807]
281.5 :    1 : [877]
281.6 :    2 : [796, 816]
281.9 :    2 : [792, 859]
282.0 :    3 : [793, 840, 874]
282.1 :    5 : [789, 815, 861, 865, 879]
282.2 :    2 : [837, 853]
282.4 :    2 : [842, 876]
282.5 :    5 : [787, 806, 828, 829, 835]
282.6 :   10 : [803, 818, 823, 825, 832, 833, 836, 860, 873, 878]
282.7 :    2 : [834, 881]
282.8 :    4 : [797, 821, 858, 870]
282.9 :    3 : [826, 855, 872]
283.0 :    1 : [867]
283.1 :    2 : [786, 845]
283.2 :    2 : [814, 868]
283.3 :    1 : [864]
283.4 :    1 : [813]
283.5 :    1 : [843]
284.0 :    3 : [790, 800, 822]
284.1 :    1 : [869]
284.2 :    2 : [798, 805]
284.3 :    3 : [788, 848, 854]
284.4 :    1 : [846]
284.5 :    1 : [801]
284.6 :    1 : [850]
284.7 :    4 : [819, 824, 863, 871]
284.8 :    4 : [810, 830, 849, 856]
284.9 :    4 : [791, 794, 802, 827]
285.0 :    3 : [793, 799, 812]
285.1 :    3 : [859, 874, 879]
285.2 :    5 : [795, 807, 816, 817, 877]
285.3 :    6 : [792, 796, 823, 838, 844, 881]
285.4 :    7 : [806, 820, 840, 847, 861, 862, 866]
285.5 :    3 : [831, 835, 852]
285.6 :    2 : [828, 875]
285.7 :    2 : [815, 876]
285.8 :    7 : [808, 809, 821, 825, 832, 833, 842]
285.9 :    4 : [814, 826, 860, 872]
286.0 :    2 : [797, 873]
286.1 :    1 : [839]
286.2 :    2 : [818, 880]
286.3 :    1 : [811]
286.4 :    2 : [837, 858]
286.5 :    2 : [803, 864]
286.7 :    1 : [867]
286.8 :    1 : [841]
288.2 :    2 : [836, 853]
288.3 :    1 : [848]
288.4 :    4 : [798, 829, 854, 870]
288.5 :    2 : [787, 855]
288.6 :    1 : [801]
288.9 :    2 : [790, 828]
289.1 :    3 : [833, 846, 879]
289.2 :    3 : [793, 821, 876]
289.3 :    3 : [791, 822, 873]
289.4 :    1 : [788]
289.5 :    1 : [881]
289.6 :    1 : [820]
289.7 :    1 : [786]
289.8 :    1 : [840]
291.0 :    3 : [807, 814, 874]
291.1 :    4 : [797, 835, 838, 842]
291.4 :    1 : [869]
291.5 :    3 : [819, 843, 864]
291.6 :    1 : [794]
291.7 :    2 : [799, 805]
291.8 :    2 : [854, 878]
291.9 :    4 : [801, 845, 850, 865]
292.5 :    1 : [806]
292.6 :    2 : [798, 802]
292.7 :    1 : [859]
292.9 :    6 : [800, 826, 848, 861, 866, 879]
293.0 :    1 : [816]
293.1 :    2 : [823, 860]
293.2 :    1 : [881]
293.4 :    2 : [803, 872]
293.5 :    3 : [822, 827, 831]
293.6 :    8 : [793, 817, 821, 824, 833, 836, 867, 875]
293.7 :    7 : [791, 796, 815, 828, 829, 849, 856]
293.8 :    9 : [810, 825, 832, 846, 863, 871, 873, 876, 877]
293.9 :    6 : [788, 813, 814, 840, 858, 870]
294.0 :    2 : [790, 811]
294.1 :    1 : [820]
294.2 :    3 : [818, 835, 855]
294.3 :    3 : [792, 807, 830]
294.4 :    2 : [794, 874]
294.5 :    2 : [789, 854]
294.6 :    5 : [801, 842, 847, 852, 880]
294.7 :    1 : [797]
294.9 :    1 : [864]
295.0 :    1 : [812]
295.2 :    3 : [799, 837, 838]
295.5 :    2 : [806, 819]
296.5 :    5 : [795, 802, 850, 853, 869]
296.6 :    2 : [786, 798]
296.7 :    4 : [823, 826, 843, 879]
296.8 :    2 : [793, 878]
296.9 :    4 : [791, 816, 848, 861]
297.0 :    4 : [788, 868, 877, 881]
297.2 :    2 : [796, 824]
297.3 :    1 : [800]
297.4 :    4 : [794, 805, 840, 859]
297.5 :    6 : [787, 801, 817, 820, 854, 856]
297.6 :    1 : [792]
297.7 :    1 : [828]
297.8 :    8 : [808, 809, 814, 821, 829, 862, 873, 876]
297.9 :    5 : [807, 832, 835, 855, 860]
298.0 :    2 : [858, 866]
298.1 :    3 : [790, 833, 836]
298.2 :    2 : [842, 867]
298.3 :    1 : [803]
298.4 :    5 : [797, 815, 846, 864, 874]
298.5 :    2 : [810, 818]
298.6 :    1 : [806]
298.8 :    1 : [852]
299.1 :    2 : [822, 872]
299.2 :    5 : [825, 831, 863, 865, 871]
299.3 :    1 : [870]
299.5 :    5 : [802, 837, 839, 849, 875]
299.6 :    4 : [793, 841, 880, 881]
299.7 :    5 : [789, 799, 819, 823, 879]
299.8 :    2 : [811, 877]
299.9 :    3 : [812, 838, 848]
300.0 :    4 : [791, 801, 816, 826]
300.1 :    6 : [788, 794, 798, 813, 830, 861]
300.2 :    2 : [824, 854]
300.3 :    1 : [859]
300.4 :    2 : [796, 840]
301.1 :    2 : [792, 850]
301.2 :    2 : [820, 856]
301.5 :    2 : [814, 845]
301.6 :    2 : [827, 844]
301.7 :    2 : [828, 847]
301.8 :    1 : [821]
301.9 :    1 : [817]
302.1 :    1 : [876]
302.2 :    2 : [835, 873]
302.3 :    3 : [800, 807, 833]
302.4 :    1 : [829]
302.5 :    4 : [786, 805, 836, 843]
302.6 :    5 : [832, 842, 853, 855, 869]
302.7 :    4 : [793, 801, 806, 860]
302.8 :    3 : [790, 858, 874]
302.9 :    6 : [791, 795, 854, 878, 879, 881]
303.0 :    3 : [788, 797, 867]
303.1 :    4 : [794, 798, 823, 864]
303.2 :    3 : [816, 846, 877]
303.3 :    2 : [799, 848]
303.5 :    1 : [796]
303.6 :    1 : [868]
303.8 :    1 : [803]
303.9 :    1 : [861]
304.7 :    1 : [818]
305.0 :    4 : [787, 815, 819, 834]
305.1 :    3 : [802, 825, 870]
305.2 :    2 : [826, 838]
305.3 :    6 : [789, 792, 840, 842, 872, 876]
305.4 :    6 : [793, 822, 824, 828, 849, 852]
305.5 :    7 : [801, 832, 854, 856, 863, 866, 871]
305.6 :    4 : [811, 820, 837, 859]
305.7 :    6 : [788, 810, 817, 821, 833, 853]
305.8 :    2 : [807, 836]
305.9 :    8 : [794, 798, 806, 814, 823, 860, 877, 881]
306.0 :    3 : [791, 848, 879]
306.1 :    5 : [800, 816, 865, 874, 875]
306.2 :    8 : [797, 829, 831, 835, 843, 855, 873, 878]
306.3 :    1 : [799]
306.4 :    3 : [790, 858, 862]
306.7 :    1 : [796]
306.8 :    1 : [867]
308.6 :    2 : [847, 850]
308.8 :    1 : [803]
308.9 :    1 : [846]
309.1 :    2 : [813, 861]
309.2 :    1 : [828]
309.3 :    2 : [793, 854]
309.4 :    1 : [876]
309.5 :    1 : [823]
309.6 :    3 : [821, 827, 877]
309.7 :    3 : [788, 832, 864]
309.8 :    4 : [798, 801, 848, 881]
309.9 :    3 : [792, 816, 842]
310.0 :    4 : [794, 796, 818, 833]
310.1 :    3 : [805, 869, 879]
310.2 :    3 : [806, 814, 817]
310.3 :    5 : [791, 820, 836, 840, 855]
310.4 :    2 : [807, 873]
310.5 :    4 : [795, 799, 829, 835]
310.7 :    1 : [845]
311.0 :    1 : [786]
311.1 :    2 : [797, 826]
311.2 :    3 : [838, 853, 870]
311.3 :    2 : [849, 860]
311.4 :    1 : [843]
311.5 :    1 : [790]
311.8 :    1 : [852]
312.0 :    1 : [831]
312.4 :    2 : [862, 867]
715.3 :    1 : [873]
715.6 :    1 : [871]
715.8 :    1 : [811]
716.9 :    5 : [801, 816, 833, 846, 848]
717.0 :    1 : [797]
717.1 :    1 : [881]
717.2 :    2 : [841, 872]
717.4 :    2 : [815, 859]
717.5 :    1 : [802]
717.6 :    1 : [814]
718.0 :    3 : [832, 839, 842]
718.1 :    9 : [799, 819, 831, 835, 851, 858, 860, 863, 877]
718.4 :    3 : [807, 823, 845]
718.5 :    7 : [791, 794, 798, 820, 821, 869, 880]
718.6 :    8 : [788, 790, 793, 795, 796, 806, 853, 874]
718.7 :    9 : [792, 805, 827, 836, 840, 854, 873, 876, 879]
718.8 :    3 : [786, 811, 871]
718.9 :    2 : [838, 856]
719.0 :    2 : [849, 861]
719.1 :    4 : [787, 817, 822, 829]
719.2 :    3 : [789, 828, 865]
719.3 :    4 : [837, 866, 867, 870]
719.4 :    1 : [847]
719.5 :    1 : [803]
719.7 :    1 : [801]
719.9 :    1 : [848]
720.3 :    1 : [816]
720.5 :    1 : [833]
720.6 :    6 : [824, 825, 826, 855, 875, 881]
720.7 :    3 : [800, 868, 878]
720.8 :    1 : [850]
720.9 :    4 : [843, 846, 852, 862]
721.0 :    3 : [810, 818, 864]
721.1 :    3 : [793, 854, 877]
721.2 :    8 : [788, 791, 794, 797, 798, 813, 814, 823]
721.3 :   11 : [796, 799, 806, 820, 821, 832, 835, 842, 844, 872, 873]
721.4 :    6 : [807, 815, 840, 858, 860, 879]
721.5 :    7 : [790, 792, 802, 819, 836, 874, 876]
721.6 :    1 : [812]
721.7 :    8 : [845, 853, 856, 857, 859, 863, 869, 871]
721.8 :    7 : [808, 809, 811, 828, 830, 839, 861]
721.9 :    3 : [817, 831, 834]
722.1 :    1 : [827]
722.2 :    2 : [795, 803]
722.3 :    2 : [805, 837]
722.5 :    1 : [801]
722.7 :    2 : [829, 848]
722.8 :    1 : [841]
722.9 :    6 : [822, 838, 847, 849, 866, 867]
723.1 :    1 : [786]
723.2 :    1 : [880]
723.3 :    1 : [816]
723.4 :    2 : [833, 881]
723.5 :    3 : [787, 789, 870]
723.6 :    2 : [854, 865]
723.7 :    1 : [793]
723.8 :    2 : [826, 855]
723.9 :    2 : [824, 877]
724.0 :    1 : [798]
724.1 :    8 : [788, 800, 818, 820, 823, 842, 864, 878]
724.2 :    8 : [791, 797, 806, 814, 825, 846, 850, 852]
724.3 :    5 : [794, 810, 832, 840, 873]
724.4 :    4 : [796, 815, 828, 876]
724.5 :    6 : [792, 802, 819, 843, 856, 860]
724.6 :    4 : [790, 807, 861, 874]
724.7 :    1 : [879]
724.8 :    2 : [799, 858]
724.9 :    3 : [821, 868, 872]
725.0 :    3 : [803, 836, 871]
725.1 :    2 : [835, 869]
725.2 :    2 : [817, 853]
725.3 :    1 : [848]
725.4 :    3 : [811, 834, 863]
725.5 :    3 : [801, 839, 862]
725.6 :    2 : [837, 845]
725.7 :    1 : [831]
725.8 :    2 : [827, 851]
726.3 :    1 : [847]
726.4 :    3 : [816, 859, 881]
726.5 :    4 : [793, 795, 833, 877]
726.6 :    1 : [854]
726.8 :    5 : [820, 829, 842, 866, 867]
726.9 :    4 : [806, 823, 824, 826]
727.0 :    1 : [788]
727.1 :   12 : [797, 798, 800, 805, 810, 818, 822, 828, 832, 840, 849, 878]
727.2 :    9 : [791, 802, 815, 819, 856, 861, 864, 873, 876]
727.3 :    6 : [792, 794, 814, 838, 860, 874]
727.4 :    1 : [850]
727.5 :    5 : [790, 796, 825, 852, 875]
727.6 :    1 : [807]
727.7 :    1 : [879]
727.9 :    1 : [855]
728.0 :    1 : [803]
728.2 :    1 : [799]
728.5 :    5 : [844, 846, 848, 858, 880]
728.7 :    5 : [801, 808, 809, 813, 841]
728.8 :    3 : [787, 812, 836]
728.9 :    4 : [786, 821, 870, 872]
729.0 :    2 : [830, 843]
729.1 :    2 : [835, 881]
729.5 :    4 : [793, 854, 859, 871]
729.6 :    2 : [817, 833]
729.8 :    1 : [831]
729.9 :    3 : [806, 823, 828]
730.0 :    2 : [820, 877]
730.1 :    3 : [802, 826, 837]
730.3 :    3 : [814, 840, 842]
730.5 :    6 : [797, 810, 824, 863, 866, 869]
730.6 :    1 : [864]
730.7 :    5 : [798, 815, 822, 865, 873]
730.9 :    1 : [874]
731.0 :    6 : [791, 800, 819, 856, 867, 879]
731.1 :    3 : [790, 816, 850]
731.2 :    2 : [789, 861]
731.3 :    4 : [788, 794, 807, 853]
731.4 :    2 : [792, 811]
731.5 :    3 : [801, 832, 860]
731.8 :    2 : [796, 799]
731.9 :    1 : [829]
732.1 :    1 : [876]
732.4 :    2 : [848, 858]
732.5 :    2 : [827, 847]
732.6 :    4 : [795, 839, 845, 868]
732.7 :    1 : [881]
733.0 :    1 : [877]
733.1 :    3 : [835, 852, 878]
733.2 :    7 : [805, 818, 820, 821, 846, 871, 872]
733.4 :    3 : [806, 825, 854]
733.7 :    3 : [793, 842, 873]
734.1 :    1 : [810]
734.2 :    1 : [802]
734.4 :    3 : [826, 828, 840]
734.5 :    1 : [833]
734.6 :    5 : [814, 815, 817, 823, 824]
734.7 :    2 : [837, 849]
734.8 :    1 : [855]
735.0 :    1 : [856]
735.2 :    1 : [792]
735.5 :    1 : [816]
735.7 :    1 : [788]
735.8 :    2 : [796, 836]
735.9 :    6 : [790, 791, 794, 798, 832, 864]
736.0 :    3 : [801, 866, 877]
736.1 :    1 : [881]
736.2 :    4 : [803, 860, 862, 869]
736.3 :    8 : [799, 811, 831, 848, 853, 858, 863, 873]
736.4 :    2 : [821, 861]
736.5 :    2 : [797, 839]
736.6 :    5 : [819, 820, 842, 854, 880]
736.7 :   10 : [800, 806, 812, 841, 846, 857, 859, 871, 872, 879]
736.8 :    6 : [793, 827, 835, 845, 850, 852]
736.9 :    4 : [867, 874, 875, 876]
737.0 :    6 : [786, 795, 802, 807, 822, 870]
737.1 :    2 : [828, 847]
737.3 :    3 : [810, 814, 838]
737.4 :    6 : [808, 809, 815, 825, 826, 840]
737.5 :    1 : [823]
737.7 :    1 : [833]
737.8 :    2 : [787, 813]
738.0 :    1 : [818]
738.1 :    3 : [789, 824, 851]
738.2 :    1 : [865]
738.3 :    1 : [830]
738.5 :    2 : [829, 868]
738.6 :    1 : [816]
738.7 :    4 : [792, 801, 837, 878]
738.9 :    3 : [832, 856, 877]
739.0 :    1 : [844]
739.1 :    1 : [794]
739.2 :    2 : [817, 881]
739.8 :    3 : [788, 790, 796]
739.9 :    4 : [820, 848, 858, 873]
740.0 :    4 : [791, 797, 842, 871]
740.1 :    4 : [806, 811, 860, 863]
740.2 :    3 : [799, 839, 853]
740.3 :    1 : [798]
740.4 :    1 : [872]
740.5 :    2 : [793, 815]
740.6 :    1 : [846]
740.7 :    4 : [810, 831, 849, 880]
740.8 :    3 : [802, 840, 869]
740.9 :    2 : [805, 814]
741.0 :    3 : [828, 864, 866]
741.3 :    1 : [795]
741.6 :    4 : [819, 823, 826, 861]
741.7 :    4 : [800, 833, 841, 859]
741.9 :    2 : [821, 835]
742.0 :    1 : [854]
742.2 :    2 : [874, 879]
742.4 :    2 : [822, 881]
742.7 :    1 : [801]
742.9 :    1 : [812]
743.5 :    1 : [850]
743.6 :    1 : [824]
743.7 :    3 : [807, 825, 852]
743.9 :    1 : [877]
744.2 :    1 : [806]
744.3 :    5 : [792, 820, 848, 856, 867]
744.4 :    2 : [802, 840]
744.5 :    2 : [793, 816]
744.6 :    4 : [790, 794, 803, 814]
744.7 :   12 : [791, 797, 810, 815, 823, 828, 837, 842, 858, 864, 871, 873]
744.8 :    3 : [832, 875, 880]
744.9 :    7 : [788, 799, 826, 854, 855, 863, 876]
745.0 :    9 : [789, 798, 838, 859, 860, 861, 872, 878, 879]
745.1 :    5 : [795, 800, 817, 830, 870]
745.2 :    2 : [811, 843]
745.3 :    5 : [796, 801, 808, 809, 846]
745.4 :    4 : [786, 787, 847, 869]
745.6 :    1 : [853]
745.7 :    2 : [833, 836]
745.8 :    1 : [881]
746.1 :    1 : [874]
747.1 :    1 : [839]
747.2 :    5 : [829, 835, 845, 851, 865]
747.3 :    2 : [819, 831]
747.4 :    2 : [805, 849]
747.5 :    3 : [866, 868, 877]
747.6 :    1 : [821]
747.7 :    1 : [816]
747.8 :    2 : [788, 792]
748.0 :    3 : [793, 871, 873]
748.1 :    5 : [794, 799, 827, 832, 858]
748.5 :    1 : [796]
748.6 :    1 : [820]
748.9 :    3 : [806, 823, 842]
749.1 :    6 : [791, 811, 815, 818, 848, 860]
749.2 :    3 : [798, 854, 872]
749.3 :    1 : [817]
749.5 :    2 : [814, 828]
749.6 :    1 : [801]
749.7 :    5 : [789, 807, 833, 876, 881]
749.8 :    2 : [795, 846]
749.9 :    1 : [844]
750.0 :    3 : [790, 797, 853]
750.1 :    3 : [837, 840, 861]
750.2 :    2 : [856, 863]
750.3 :    5 : [803, 836, 841, 857, 879]
750.4 :    1 : [855]
750.5 :    7 : [816, 824, 838, 847, 867, 869, 870]
750.6 :    7 : [787, 788, 859, 862, 873, 877, 878]
750.7 :    5 : [786, 802, 813, 835, 871]
750.8 :    8 : [793, 794, 799, 821, 831, 839, 852, 880]
750.9 :    5 : [829, 832, 845, 849, 858]
751.0 :    1 : [792]
751.1 :    2 : [826, 874]
751.2 :    2 : [800, 805]
751.3 :    1 : [819]
751.4 :    2 : [796, 843]
752.1 :    1 : [820]
753.9 :    1 : [791]
754.0 :    6 : [798, 801, 811, 842, 854, 865]
754.1 :    2 : [848, 864]
754.3 :    2 : [810, 873]
754.4 :    2 : [850, 860]
754.5 :    4 : [806, 827, 866, 868]
754.6 :    2 : [871, 881]
754.7 :    8 : [788, 815, 819, 833, 836, 869, 874, 877]
754.8 :    4 : [799, 820, 835, 846]
754.9 :    4 : [814, 840, 845, 879]
755.0 :    3 : [817, 858, 872]
755.1 :    4 : [790, 822, 839, 856]
755.2 :    1 : [823]
755.3 :    3 : [802, 807, 816]
755.4 :    1 : [824]
755.5 :    1 : [826]
757.0 :    6 : [797, 828, 832, 837, 863, 880]
757.1 :    3 : [794, 800, 830]
757.2 :    3 : [795, 851, 852]
757.4 :    4 : [803, 831, 859, 878]
757.6 :    3 : [805, 820, 861]
757.7 :    3 : [793, 840, 876]
757.8 :    9 : [801, 808, 809, 838, 842, 847, 848, 867, 873]
757.9 :    2 : [821, 825]
758.0 :    2 : [833, 871]
758.1 :    4 : [798, 814, 846, 864]
758.2 :    4 : [796, 806, 815, 853]
758.3 :    8 : [786, 810, 823, 829, 849, 850, 854, 881]
758.4 :    1 : [877]
758.5 :    5 : [790, 791, 811, 841, 860]
758.6 :    3 : [818, 866, 872]
758.8 :    2 : [839, 869]
758.9 :    2 : [792, 816]
759.0 :    1 : [807]
759.1 :    2 : [836, 858]
759.2 :    2 : [827, 845]
759.3 :    1 : [879]
759.4 :    1 : [862]
759.5 :    4 : [788, 799, 819, 835]
759.7 :    2 : [802, 874]
759.8 :    4 : [817, 826, 856, 870]
759.9 :    1 : [822]
760.1 :    2 : [812, 875]
760.3 :    2 : [787, 844]
760.4 :    1 : [859]
760.5 :    2 : [801, 824]
760.6 :    1 : [794]
760.7 :    4 : [793, 797, 820, 828]
760.8 :    2 : [840, 848]
760.9 :    5 : [789, 800, 806, 855, 863]
761.0 :    5 : [814, 823, 877, 880, 881]
761.1 :    3 : [832, 861, 865]
761.3 :    4 : [815, 842, 854, 873]
761.4 :    1 : [837]
761.5 :    5 : [821, 825, 833, 843, 864]
761.6 :    5 : [796, 798, 831, 852, 867]
761.7 :    3 : [790, 810, 876]
761.8 :    2 : [846, 871]
761.9 :    3 : [795, 803, 850]
762.0 :    4 : [834, 857, 860, 872]
762.1 :    4 : [816, 838, 853, 878]
762.2 :    4 : [791, 807, 830, 847]
762.3 :    1 : [811]
762.4 :    3 : [805, 813, 866]
762.5 :    4 : [792, 808, 809, 849]
762.6 :    6 : [818, 829, 836, 839, 858, 879]
762.7 :    3 : [786, 788, 869]
762.8 :    4 : [799, 835, 845, 851]
762.9 :    2 : [827, 841]
763.1 :    3 : [801, 819, 868]
763.2 :    1 : [874]
764.1 :    1 : [848]
764.2 :    3 : [802, 817, 820]
764.3 :    2 : [794, 856]
764.4 :    1 : [793]
764.5 :    3 : [826, 840, 877]
764.6 :    4 : [797, 806, 824, 881]
764.7 :    3 : [823, 859, 870]
764.8 :    2 : [814, 873]
764.9 :    4 : [828, 832, 842, 854]
765.2 :    3 : [800, 815, 861]
765.3 :    2 : [796, 863]
765.4 :    6 : [789, 790, 798, 816, 837, 864]
765.5 :    2 : [821, 833]
765.6 :    2 : [862, 871]
765.7 :    7 : [795, 810, 846, 852, 860, 872, 876]
765.8 :    2 : [791, 792]
765.9 :    4 : [822, 831, 853, 855]
766.0 :    2 : [788, 880]
766.2 :    5 : [811, 839, 847, 858, 866]
766.3 :    1 : [836]
766.4 :    2 : [845, 867]
766.5 :    2 : [807, 827]
766.7 :    1 : [835]
766.8 :    1 : [803]
766.9 :    1 : [801]
767.7 :    2 : [818, 850]
768.0 :    1 : [820]
768.1 :    2 : [848, 869]
768.2 :    1 : [825]
768.7 :    6 : [806, 819, 828, 873, 877, 879]
768.8 :    4 : [799, 826, 840, 842]
768.9 :    7 : [798, 814, 829, 849, 854, 864, 881]
769.0 :   11 : [793, 797, 802, 815, 817, 823, 824, 832, 833, 856, 874]
769.1 :    8 : [787, 790, 791, 810, 821, 846, 865, 878]
769.2 :    8 : [786, 788, 796, 816, 837, 852, 860, 871]
769.3 :    3 : [794, 836, 843]
769.4 :    7 : [792, 801, 835, 845, 858, 861, 872]
769.5 :    2 : [811, 876]
769.6 :    3 : [838, 839, 868]
769.7 :    5 : [800, 805, 841, 863, 866]
769.8 :    3 : [807, 812, 827]
769.9 :    2 : [795, 831]
770.0 :    1 : [853]
770.1 :    1 : [855]
770.2 :    1 : [847]
771.1 :    3 : [859, 867, 875]
771.3 :    5 : [808, 809, 813, 822, 870]
771.6 :    5 : [802, 820, 830, 848, 880]
771.7 :    1 : [881]
771.8 :    3 : [803, 806, 814]
771.9 :    3 : [823, 840, 844]
772.0 :    4 : [789, 797, 815, 828]
772.1 :    1 : [850]
772.2 :    7 : [793, 801, 824, 826, 873, 877, 879]
772.3 :    3 : [842, 851, 871]
772.4 :    3 : [790, 810, 833]
772.6 :    3 : [819, 846, 872]
772.7 :    3 : [832, 856, 857]
772.8 :    3 : [816, 860, 874]
772.9 :    3 : [798, 811, 869]
773.0 :    3 : [799, 837, 858]
773.1 :    3 : [791, 854, 863]
773.2 :    3 : [807, 839, 841]
773.6 :    6 : [821, 825, 831, 862, 864, 876]
773.7 :    2 : [835, 852]
774.0 :    2 : [787, 845]
774.1 :    2 : [786, 827]
774.2 :    1 : [836]
774.3 :    1 : [866]
774.5 :    3 : [818, 847, 861]
774.8 :    1 : [838]
774.9 :    1 : [848]
775.0 :    4 : [788, 796, 817, 853]
775.1 :    3 : [792, 794, 795]
775.2 :    1 : [849]
775.3 :    2 : [878, 881]
775.4 :    5 : [800, 820, 823, 828, 877]
775.5 :    1 : [793]
775.6 :    2 : [806, 814]
775.8 :    1 : [840]
775.9 :    1 : [824]
776.0 :    3 : [815, 826, 842]
776.1 :    4 : [797, 801, 832, 873]
776.2 :    2 : [816, 856]
776.3 :    4 : [789, 790, 867, 871]
776.4 :    2 : [859, 880]
776.5 :    3 : [802, 803, 833]
776.6 :    2 : [807, 837]
776.7 :    1 : [858]
777.0 :    1 : [846]
777.1 :    3 : [850, 863, 872]
777.2 :    1 : [879]
777.3 :    1 : [876]
777.9 :    1 : [860]
778.0 :    1 : [811]
778.1 :    1 : [799]
778.2 :    2 : [855, 868]
778.3 :    1 : [870]
778.4 :    1 : [791]
778.5 :    2 : [812, 839]
778.7 :    2 : [792, 793]
778.8 :    1 : [877]
779.0 :    1 : [823]
779.5 :    1 : [794]
779.6 :    2 : [829, 854]
779.7 :    3 : [788, 796, 798]
779.8 :    5 : [787, 831, 853, 861, 881]
779.9 :    1 : [821]
780.0 :    3 : [816, 832, 848]
780.1 :    3 : [795, 828, 873]
780.2 :    5 : [806, 817, 820, 842, 865]
780.3 :    1 : [833]
780.4 :    2 : [814, 835]
780.6 :    3 : [801, 815, 852]
780.7 :   10 : [808, 809, 810, 827, 834, 844, 846, 869, 871, 872]
780.8 :    7 : [797, 805, 813, 825, 841, 847, 876]
780.9 :    6 : [802, 822, 836, 840, 845, 851]
781.0 :    6 : [786, 790, 819, 849, 858, 859]
781.1 :    1 : [807]
781.2 :    1 : [811]
781.3 :    1 : [838]
781.4 :    1 : [860]
781.5 :    4 : [789, 803, 863, 879]
781.7 :    1 : [880]
782.0 :    2 : [857, 867]
782.1 :    1 : [874]
783.6 :    1 : [799]
783.8 :    1 : [837]
783.9 :    4 : [839, 856, 866, 877]
784.0 :    2 : [793, 823]
784.1 :    3 : [800, 826, 873]
784.2 :    4 : [791, 824, 850, 881]
784.3 :    3 : [820, 848, 878]
784.4 :    2 : [830, 864]
784.5 :    1 : [871]
784.6 :    2 : [815, 842]
784.7 :    1 : [806]
785.0 :    4 : [798, 810, 832, 833]
785.2 :    1 : [814]
785.5 :    2 : [792, 872]
785.6 :    5 : [802, 816, 818, 828, 858]
785.7 :    2 : [811, 840]
785.8 :    5 : [788, 790, 796, 801, 860]
786.0 :    2 : [794, 795]
786.3 :    1 : [817]
786.6 :    2 : [846, 853]
786.8 :    4 : [797, 831, 861, 863]
786.9 :    5 : [789, 807, 854, 869, 880]
787.0 :    2 : [812, 859]
787.1 :    1 : [852]
787.2 :    1 : [823]
787.3 :    1 : [877]
787.4 :    2 : [819, 820]
787.5 :    2 : [793, 876]
787.6 :    2 : [871, 879]
787.7 :    2 : [847, 873]
787.8 :    2 : [842, 848]
787.9 :    3 : [803, 824, 837]
788.0 :    1 : [867]
788.3 :    2 : [787, 826]
788.4 :    2 : [800, 806]
788.8 :    2 : [815, 856]
788.9 :    2 : [839, 881]
789.0 :    6 : [799, 821, 835, 841, 868, 878]
789.1 :    4 : [791, 832, 845, 870]
789.2 :    1 : [849]
789.4 :    2 : [792, 816]
789.5 :    2 : [851, 858]
789.6 :    6 : [788, 796, 801, 811, 814, 833]
789.7 :    6 : [794, 798, 810, 829, 855, 864]
789.8 :    4 : [836, 865, 874, 875]
789.9 :    6 : [825, 840, 850, 860, 866, 872]
790.0 :    6 : [790, 795, 802, 805, 817, 854]
790.1 :    2 : [820, 877]
790.2 :    2 : [828, 843]
790.3 :    1 : [869]
790.4 :    1 : [846]
790.5 :    5 : [807, 823, 861, 863, 873]
790.7 :    1 : [793]
790.8 :    3 : [819, 838, 879]
790.9 :    2 : [830, 848]
791.0 :    1 : [824]
791.1 :    2 : [842, 871]
791.4 :    1 : [797]
792.3 :    3 : [786, 827, 853]
792.4 :    2 : [822, 852]
792.5 :    1 : [806]
792.6 :    2 : [837, 862]
792.7 :    3 : [808, 809, 831]
792.9 :    5 : [798, 818, 821, 833, 881]
793.0 :    2 : [832, 876]
793.1 :    2 : [845, 847]
793.2 :    3 : [815, 854, 877]
793.3 :    2 : [828, 836]
793.5 :    2 : [839, 873]
793.7 :    5 : [788, 791, 820, 826, 835]
793.8 :    7 : [796, 801, 803, 811, 814, 816, 860]
793.9 :    1 : [799]
794.0 :    4 : [789, 846, 858, 872]
794.1 :    7 : [794, 817, 829, 856, 859, 867, 880]
794.2 :    2 : [792, 793]
794.3 :    3 : [790, 848, 849]
794.4 :    4 : [823, 840, 874, 879]
794.5 :    1 : [802]
794.6 :    1 : [807]
794.7 :    6 : [800, 819, 855, 861, 866, 869]
794.8 :    1 : [841]
794.9 :    3 : [812, 813, 870]
795.0 :    3 : [805, 865, 871]
795.1 :    1 : [824]
795.2 :    1 : [842]
795.3 :    5 : [810, 825, 863, 864, 875]
795.4 :    1 : [850]
795.5 :    1 : [806]
795.6 :    1 : [795]
795.7 :    1 : [797]
795.8 :    1 : [822]
795.9 :    2 : [838, 881]
796.1 :    3 : [857, 868, 877]
796.2 :    1 : [815]
796.3 :    1 : [873]
796.6 :    1 : [820]
796.7 :    2 : [798, 833]
796.8 :    1 : [854]
796.9 :    2 : [791, 878]
797.0 :    3 : [801, 821, 839]
797.1 :    3 : [832, 835, 845]
797.2 :    1 : [788]
797.3 :    2 : [811, 836]
797.4 :    2 : [830, 837]
797.5 :    2 : [799, 814]
797.6 :    1 : [860]
797.7 :    4 : [786, 828, 848, 874]
797.8 :    3 : [816, 827, 879]
797.9 :    4 : [802, 826, 858, 872]
798.0 :    3 : [819, 846, 859]
798.1 :    1 : [794]
798.2 :    2 : [831, 840]
798.3 :    4 : [787, 793, 807, 851]
798.4 :    3 : [844, 856, 880]
798.5 :    3 : [790, 841, 871]
798.6 :    2 : [823, 869]
798.8 :    1 : [797]
798.9 :    2 : [876, 881]
799.0 :    1 : [853]
799.1 :    1 : [805]
799.2 :    2 : [796, 863]
799.3 :    2 : [842, 867]
799.5 :    4 : [800, 806, 861, 873]
799.6 :    2 : [792, 829]
799.7 :    2 : [815, 877]
799.8 :    4 : [795, 817, 849, 866]
799.9 :    4 : [789, 801, 843, 852]
800.0 :    4 : [803, 820, 824, 847]
800.1 :    7 : [808, 809, 810, 832, 839, 865, 870]
800.2 :    3 : [788, 791, 833]
800.3 :    1 : [850]
800.4 :    2 : [811, 812]
800.5 :    7 : [798, 822, 825, 835, 838, 854, 875]
800.6 :    2 : [799, 864]
800.7 :    3 : [814, 821, 848]
800.9 :    1 : [845]
801.0 :    6 : [802, 816, 826, 837, 860, 879]
801.1 :    3 : [840, 858, 874]
801.2 :    2 : [855, 878]
801.3 :    1 : [828]
801.5 :    2 : [794, 819]
801.6 :    1 : [836]
802.3 :    1 : [793]
802.5 :    2 : [807, 856]
802.7 :    1 : [868]
802.8 :    1 : [859]
802.9 :    1 : [823]
803.0 :    3 : [871, 872, 881]
803.1 :    2 : [790, 877]
803.2 :    2 : [792, 801]
803.3 :    3 : [796, 806, 846]
803.5 :    1 : [788]
803.6 :    2 : [815, 869]
803.7 :    3 : [802, 841, 873]
803.8 :    4 : [799, 811, 814, 835]
803.9 :    2 : [842, 857]
804.0 :    4 : [816, 832, 861, 863]
804.1 :    2 : [820, 848]
804.2 :    2 : [824, 839]
804.3 :    1 : [791]
804.4 :    2 : [821, 827]
804.5 :    1 : [858]
804.6 :    1 : [817]
804.8 :    2 : [786, 853]
804.9 :    1 : [860]
805.0 :    1 : [854]
806.1 :    2 : [789, 795]
806.2 :    2 : [812, 833]
806.3 :    6 : [794, 800, 818, 825, 865, 880]
806.4 :    4 : [793, 810, 813, 877]
806.5 :    5 : [822, 826, 840, 867, 879]
806.6 :    3 : [792, 823, 866]
806.7 :    4 : [806, 828, 837, 875]
806.8 :    2 : [797, 856]
807.0 :    1 : [831]
807.1 :    1 : [820]
807.2 :    1 : [881]
807.5 :    1 : [824]
807.8 :    1 : [801]
808.0 :    5 : [802, 814, 815, 819, 874]
808.1 :    2 : [790, 859]
808.2 :    2 : [830, 872]
808.5 :    5 : [788, 796, 816, 850, 871]
808.6 :    3 : [842, 848, 861]
808.7 :    4 : [798, 799, 832, 873]
808.8 :    2 : [835, 845]
808.9 :    3 : [811, 841, 858]
809.0 :    2 : [787, 805]
809.1 :    1 : [839]
809.2 :    2 : [829, 863]
809.3 :    2 : [846, 852]
809.6 :    1 : [877]
809.7 :    1 : [860]
810.0 :    1 : [821]
810.2 :    2 : [849, 870]
810.3 :    5 : [791, 807, 827, 833, 854]
810.4 :    5 : [793, 817, 836, 864, 868]
810.5 :    8 : [792, 806, 823, 828, 847, 855, 876, 881]
810.6 :    1 : [820]
810.7 :    1 : [794]
810.8 :    7 : [808, 809, 826, 840, 853, 856, 862]
810.9 :    3 : [810, 814, 825]
811.0 :    4 : [801, 824, 837, 869]
811.1 :    7 : [795, 797, 815, 851, 866, 878, 879]
811.2 :    3 : [790, 803, 831]
811.3 :    2 : [800, 818]
811.4 :    3 : [789, 867, 880]
811.5 :    2 : [842, 848]
811.6 :    4 : [802, 816, 838, 872]
811.7 :    5 : [822, 832, 844, 859, 871]
811.8 :    1 : [873]
811.9 :    1 : [786]
812.7 :    1 : [861]
