       0.0    524.4      524.4  0.0 11:28:44.059873
     524.4    506.3     1030.6 10.0 11:29:47.375746
    1030.6    506.8     1537.4 20.0 11:30:50.741190
    1537.4    506.7     2044.2 30.0 11:31:54.098933
    2044.2    504.9     2549.1 40.0 11:32:57.436784
    2549.1    507.4     3056.4 50.0 11:34:00.904374
    3056.4    507.1     3563.5 60.0 11:35:04.330960
    3563.5    506.3     4069.8 70.0 11:36:07.673405
    4069.8    504.4     4574.1 80.0 11:37:10.955836
    4574.1    507.1     5081.3 90.0 11:38:14.365795
    5081.3    507.4     5588.6 100.0 11:39:17.808178
    5588.6    508.1     6096.8 110.0 11:40:21.338403
    6096.8    509.2     6606.0 120.0 11:41:25.007270
    6606.0    506.8     7112.8 130.0 11:42:28.532760
    7112.8    506.4     7619.2 140.0 11:43:32.127346
    7619.2    508.6     8127.8 150.0 11:44:35.723777
    8127.8    508.6     8636.4 160.0 11:45:39.314771
    8636.4    508.3     9144.7 170.0 11:46:42.877018
    9144.7    507.9     9652.7 180.0 11:47:46.412959
    9652.7    505.4    10158.1 190.0 11:48:49.747250
   10158.1    507.3    10665.4 200.0 11:49:53.213870
   10665.4    507.2    11172.6 210.0 11:50:56.663253
   11172.6    504.5    11677.2 220.0 11:52:00.015655
   11677.2    507.1    12184.2 230.0 11:53:03.426296
   12184.2    506.6    12690.9 240.0 11:54:06.775153
   12690.9    506.7    13197.6 250.0 11:55:10.134743
   13197.6    507.4    13704.9 260.0 11:56:13.586076
   13704.9    506.5    14211.5 270.0 11:57:17.127611
   14211.5    506.3    14717.8 280.0 11:58:20.464773
   14717.8    506.5    15224.3 290.0 11:59:23.818272
   15224.3    506.4    15730.7 300.0 12:00:27.178993
   15730.7    505.9    16236.6 310.0 12:01:30.455613
   16236.6    505.9    16742.4 320.0 12:02:33.728193
   16742.4    506.0    17248.4 330.0 12:03:37.013190
   17248.4    505.7    17754.1 340.0 12:04:40.268468
   17754.1    505.8    18260.0 350.0 12:05:43.536963
   18260.0    505.6    18765.6 360.0 12:06:46.786710
   18765.6    505.9    19271.5 370.0 12:07:50.057416
   19271.5    505.8    19777.2 380.0 12:08:53.318719
   19777.2    505.8    20283.1 390.0 12:09:56.588613
   20283.1    506.3    20789.4 400.0 12:10:59.920965
   20789.4    506.3    21295.7 410.0 12:12:03.255102
   21295.7    506.1    21801.8 420.0 12:13:06.559627
   21801.8    506.2    22308.0 430.0 12:14:09.879698
   22308.0    504.2    22812.3 440.0 12:15:13.113370
   22812.3    506.7    23319.0 450.0 12:16:16.470267
   23319.0    506.6    23825.5 460.0 12:17:19.806276
   23825.5    507.0    24332.5 470.0 12:18:23.216719
   24332.5    504.3    24836.8 480.0 12:19:26.398558
   24836.8    505.1    25341.8 490.0 12:20:29.807108
   25341.8    506.5    25848.4 500.0 12:21:33.137894
   25848.4    506.3    26354.7 510.0 12:22:36.442210
   26354.7    506.6    26861.3 520.0 12:23:39.784027
   26861.3    505.3    27366.6 530.0 12:24:43.032476
   27366.6    503.7    27870.3 540.0 12:25:46.269352
   27870.3    506.6    28376.9 550.0 12:26:49.612165
   28376.9    506.8    28883.6 560.0 12:27:52.974702
   28883.6    506.9    29390.5 570.0 12:28:56.352390
   29390.5    505.8    29896.3 580.0 12:29:59.656220
   29896.3    502.7    30399.0 590.0 12:31:02.807785
   30399.0    506.9    30905.9 600.0 12:32:06.185411
   30905.9    507.3    31413.3 610.0 12:33:09.617670
   31413.3    508.4    31921.7 620.0 12:34:13.186043
   31921.7    508.2    32429.9 630.0 12:35:16.728636
   32429.9    504.5    32934.4 640.0 12:36:19.971809
   32934.4    506.5    33440.9 650.0 12:37:23.322474
   33440.9    506.4    33947.3 660.0 12:38:26.671518
   33947.3    506.4    34453.7 670.0 12:39:30.016445
   34453.7    506.3    34960.1 680.0 12:40:33.351561
   34960.1    506.6    35466.7 690.0 12:41:36.721935
   35466.7    506.5    35973.2 700.0 12:42:40.081206
   35973.2    506.8    36480.1 710.0 12:43:43.479569
   36480.1    507.2    36987.2 720.0 12:44:46.925569
   36987.2    507.1    37494.4 730.0 12:45:50.357136
   37494.4    507.0    38001.4 740.0 12:46:53.776602
   38001.4    507.0    38508.4 750.0 12:47:57.202182
   38508.4    506.6    39015.0 760.0 12:49:00.582177
   39015.0    507.2    39522.2 770.0 12:50:04.029259
   39522.2    507.3    40029.5 780.0 12:51:07.488666
   40029.5    507.3    40536.8 790.0 12:52:10.934276
   40536.8    506.9    41043.7 800.0 12:53:14.351694
   41043.7    506.9    41550.6 810.0 12:54:17.756634
   41550.6    506.8    42057.5 820.0 12:55:21.160237
   42057.5    506.5    42564.0 830.0 12:56:24.532705
   42564.0    506.6    43070.6 840.0 12:57:27.905823
   43070.6    506.9    43577.5 850.0 12:58:31.305626
   43577.5    504.2    44081.7 860.0 12:59:34.571862
   44081.7    506.8    44588.6 870.0 13:00:37.941585
   44588.6    506.9    45095.4 880.0 13:01:41.312696
   45095.4    506.8    45602.3 890.0 13:02:44.680481
   45602.3    507.1    46109.4 900.0 13:03:48.083339
   46109.4    506.6    46616.0 910.0 13:04:51.461180
   46616.0    507.0    47123.0 920.0 13:05:54.844795
   47123.0    507.0    47630.0 930.0 13:06:58.236597
   47630.0    507.2    48137.2 940.0 13:08:01.651988
   48137.2    507.1    48644.3 950.0 13:09:05.051990
   48644.3    507.3    49151.6 960.0 13:10:08.539387
   49151.6    508.6    49660.2 970.0 13:11:12.130327
   49660.2    508.7    50168.9 980.0 13:12:15.735221
   50168.9    508.0    50676.9 990.0 13:13:19.250184
