Name: Striatum [D1], Title: Raster plot from device '4817', Hist: False
112.8 :   16 : [1911, 1921, 1925, 1926, 1927, 1935, 1939, 1940, 1941, 1952, 1953, 1959, 1963, 1964, 1967, 1982]
112.9 :   48 : [1896, 1898, 1901, 1903, 1905, 1906, 1909, 1910, 1912, 1915, 1916, 1918, 1919, 1923, 1928, 1929, 1931, 1933, 1934, 1937, 1942, 1943, 1945, 1946, 1947, 1949, 1950, 1954, 1955, 1956, 1957, 1960, 1962, 1965, 1969, 1973, 1974, 1977, 1978, 1979, 1980, 1981, 1983, 1984, 1985, 1988, 1989, 1991]
113.0 :   14 : [1897, 1900, 1902, 1914, 1920, 1922, 1930, 1932, 1948, 1951, 1966, 1986, 1987, 1994]
113.6 :    1 : [1972]
113.7 :    7 : [1895, 1899, 1908, 1924, 1944, 1971, 1975]
113.9 :    1 : [1961]
114.0 :    1 : [1993]
114.9 :   16 : [1911, 1921, 1925, 1926, 1927, 1935, 1939, 1940, 1941, 1952, 1953, 1959, 1963, 1964, 1967, 1982]
115.0 :   47 : [1896, 1898, 1901, 1903, 1905, 1906, 1909, 1910, 1912, 1915, 1916, 1918, 1919, 1923, 1928, 1929, 1933, 1934, 1937, 1942, 1943, 1945, 1946, 1947, 1949, 1950, 1954, 1955, 1956, 1957, 1960, 1962, 1965, 1969, 1973, 1974, 1977, 1978, 1979, 1980, 1981, 1983, 1984, 1985, 1988, 1989, 1991]
115.1 :   14 : [1897, 1900, 1902, 1914, 1920, 1922, 1930, 1932, 1948, 1951, 1966, 1986, 1987, 1994]
115.6 :    1 : [1968]
115.7 :    1 : [1972]
115.8 :    7 : [1895, 1899, 1908, 1924, 1944, 1971, 1975]
116.0 :    1 : [1961]
116.1 :    2 : [1931, 1993]
117.1 :    7 : [1903, 1912, 1956, 1962, 1969, 1984, 1988]
117.2 :    5 : [1900, 1922, 1930, 1951, 1987]
117.4 :    2 : [1911, 1927]
117.6 :    4 : [1926, 1934, 1957, 1960]
117.7 :    9 : [1897, 1918, 1940, 1963, 1965, 1967, 1968, 1980, 1982]
117.8 :    8 : [1916, 1925, 1942, 1945, 1955, 1974, 1977, 1986]
117.9 :    8 : [1898, 1899, 1910, 1929, 1941, 1944, 1971, 1973]
118.0 :    7 : [1906, 1946, 1948, 1952, 1953, 1964, 1989]
118.1 :    8 : [1902, 1909, 1933, 1935, 1939, 1943, 1985, 1991]
118.2 :   11 : [1914, 1915, 1919, 1923, 1928, 1932, 1937, 1950, 1978, 1981, 1994]
118.3 :    5 : [1905, 1921, 1949, 1959, 1983]
118.4 :    5 : [1896, 1901, 1947, 1954, 1979]
118.5 :    2 : [1920, 1966]
119.0 :    3 : [1908, 1931, 1972]
119.1 :    2 : [1895, 1975]
119.2 :    4 : [1924, 1961, 1962, 1984]
119.3 :    1 : [1930]
119.4 :    1 : [1993]
119.8 :    1 : [1968]
120.0 :    1 : [1944]
120.2 :    2 : [1927, 1988]
120.3 :    2 : [1911, 1969]
120.4 :    2 : [1900, 1922]
120.5 :    9 : [1897, 1926, 1934, 1951, 1957, 1960, 1963, 1967, 1987]
120.6 :    8 : [1903, 1912, 1916, 1918, 1956, 1965, 1980, 1982]
120.7 :    2 : [1925, 1977]
120.8 :    5 : [1940, 1942, 1945, 1955, 1986]
120.9 :    5 : [1910, 1929, 1941, 1973, 1974]
121.0 :   10 : [1898, 1906, 1939, 1946, 1948, 1952, 1953, 1964, 1989, 1991]
121.1 :    4 : [1899, 1909, 1943, 1985]
121.2 :    6 : [1895, 1902, 1935, 1950, 1971, 1975]
121.3 :    5 : [1932, 1933, 1962, 1984, 1994]
121.4 :    9 : [1914, 1915, 1919, 1923, 1930, 1937, 1949, 1978, 1981]
121.5 :    5 : [1905, 1921, 1928, 1959, 1983]
121.6 :    2 : [1954, 1979]
121.7 :    1 : [1966]
121.8 :    4 : [1896, 1901, 1931, 1947]
121.9 :    2 : [1920, 1968]
122.1 :    1 : [1944]
122.2 :    1 : [1972]
122.3 :    1 : [1908]
122.5 :    2 : [1924, 1961]
122.6 :    2 : [1951, 1987]
122.7 :    1 : [1993]
122.8 :    1 : [1927]
122.9 :    1 : [1911]
123.2 :    1 : [1899]
123.3 :    7 : [1897, 1926, 1934, 1957, 1960, 1963, 1971]
123.4 :    3 : [1965, 1967, 1982]
123.5 :    5 : [1916, 1918, 1925, 1980, 1988]
123.6 :    3 : [1940, 1977, 1986]
123.7 :    4 : [1942, 1945, 1955, 1969]
123.8 :    3 : [1900, 1910, 1922]
123.9 :    7 : [1898, 1929, 1941, 1946, 1948, 1973, 1974]
124.0 :    5 : [1952, 1953, 1964, 1968, 1991]
124.1 :   11 : [1895, 1903, 1906, 1909, 1912, 1939, 1943, 1956, 1975, 1985, 1989]
124.2 :    2 : [1902, 1944]
124.3 :    3 : [1935, 1950, 1994]
124.4 :    3 : [1932, 1933, 1949]
124.5 :    1 : [1914]
124.6 :    8 : [1905, 1915, 1919, 1923, 1931, 1937, 1978, 1981]
124.7 :    6 : [1928, 1930, 1954, 1966, 1979, 1983]
124.8 :    4 : [1921, 1959, 1962, 1984]
125.0 :    2 : [1896, 1901]
125.2 :    2 : [1920, 1947]
125.4 :    2 : [1908, 1972]
125.5 :    1 : [1927]
125.6 :    1 : [1961]
125.7 :    3 : [1911, 1924, 1987]
125.8 :    1 : [1951]
126.0 :    5 : [1897, 1926, 1934, 1957, 1993]
126.1 :    3 : [1960, 1963, 1967]
126.2 :    6 : [1903, 1912, 1925, 1956, 1965, 1982]
126.3 :    2 : [1918, 1980]
126.4 :    2 : [1916, 1986]
126.5 :    5 : [1899, 1940, 1945, 1971, 1977]
126.6 :    2 : [1942, 1955]
126.7 :    1 : [1910]
126.8 :    3 : [1930, 1946, 1988]
126.9 :    8 : [1929, 1941, 1948, 1962, 1969, 1974, 1984, 1991]
127.0 :    5 : [1898, 1952, 1953, 1964, 1973]
127.1 :    5 : [1900, 1906, 1922, 1939, 1989]
127.2 :    5 : [1902, 1909, 1931, 1943, 1985]
127.3 :    2 : [1932, 1994]
127.4 :    4 : [1895, 1935, 1950, 1975]
127.5 :    2 : [1933, 1949]
127.6 :    2 : [1914, 1968]
127.7 :    2 : [1937, 1978]
127.8 :    7 : [1905, 1915, 1919, 1923, 1928, 1944, 1981]
127.9 :    5 : [1951, 1954, 1966, 1979, 1983]
128.1 :    3 : [1921, 1927, 1959]
128.3 :    1 : [1911]
128.4 :    4 : [1896, 1901, 1908, 1920]
128.5 :    2 : [1947, 1972]
128.7 :    3 : [1897, 1957, 1961]
128.8 :    2 : [1926, 1934]
128.9 :    3 : [1930, 1960, 1963]
129.0 :    6 : [1924, 1925, 1962, 1965, 1967, 1984]
129.1 :    3 : [1980, 1982, 1987]
129.2 :    3 : [1918, 1986, 1993]
129.3 :    3 : [1916, 1945, 1977]
129.4 :    2 : [1903, 1912]
129.5 :    3 : [1940, 1942, 1956]
129.6 :    2 : [1910, 1955]
129.7 :    2 : [1948, 1968]
129.8 :    1 : [1946]
129.9 :    7 : [1899, 1929, 1931, 1944, 1971, 1974, 1991]
130.0 :    4 : [1898, 1941, 1952, 1973]
130.1 :    6 : [1902, 1906, 1953, 1964, 1988, 1989]
130.2 :    6 : [1909, 1939, 1943, 1969, 1985, 1994]
130.3 :    3 : [1900, 1922, 1932]
130.4 :    1 : [1950]
130.6 :    3 : [1895, 1949, 1975]
130.7 :    4 : [1914, 1927, 1933, 1935]
130.9 :    5 : [1905, 1915, 1919, 1923, 1937]
131.0 :    7 : [1911, 1928, 1951, 1954, 1966, 1978, 1981]
131.1 :    2 : [1979, 1983]
131.2 :    3 : [1962, 1984, 1987]
131.3 :    1 : [1897]
131.4 :    1 : [1908]
131.5 :    5 : [1903, 1912, 1934, 1957, 1972]
131.6 :    6 : [1920, 1921, 1926, 1956, 1959, 1960]
131.7 :    5 : [1896, 1901, 1947, 1963, 1965]
131.8 :    1 : [1925]
131.9 :    1 : [1961]
132.0 :    4 : [1944, 1967, 1980, 1986]
132.1 :    3 : [1916, 1918, 1982]
132.2 :    3 : [1924, 1945, 1977]
132.4 :    3 : [1910, 1940, 1942]
132.5 :    3 : [1930, 1955, 1993]
132.6 :    2 : [1931, 1948]
132.8 :    1 : [1946]
132.9 :    2 : [1974, 1991]
133.0 :    2 : [1929, 1973]
133.1 :    3 : [1898, 1902, 1906]
133.2 :    5 : [1941, 1952, 1964, 1989, 1994]
133.3 :    7 : [1899, 1909, 1932, 1943, 1953, 1968, 1985]
133.4 :    3 : [1927, 1939, 1971]
133.5 :    3 : [1950, 1969, 1988]
133.6 :    2 : [1900, 1922]
133.7 :    5 : [1911, 1921, 1949, 1959, 1984]
133.8 :    4 : [1896, 1901, 1914, 1962]
133.9 :    4 : [1895, 1928, 1933, 1975]
134.0 :    5 : [1897, 1905, 1935, 1937, 1954]
134.1 :    7 : [1915, 1919, 1923, 1944, 1966, 1978, 1981]
134.2 :    2 : [1979, 1983]
134.3 :    3 : [1934, 1957, 1960]
134.4 :    2 : [1951, 1987]
134.5 :    4 : [1908, 1926, 1963, 1965]
134.6 :    2 : [1930, 1972]
134.7 :    1 : [1925]
134.8 :    1 : [1986]
134.9 :    1 : [1920]
135.0 :    6 : [1916, 1918, 1945, 1961, 1980, 1982]
135.1 :    6 : [1903, 1912, 1947, 1956, 1967, 1977]
135.3 :    2 : [1910, 1931]
135.4 :    3 : [1942, 1955, 1968]
135.5 :    3 : [1924, 1940, 1948]
135.7 :    3 : [1946, 1991, 1993]
136.0 :    1 : [1974]
136.1 :    4 : [1898, 1902, 1929, 1973]
136.2 :    3 : [1906, 1927, 1994]
136.3 :    1 : [1989]
136.4 :    6 : [1909, 1932, 1943, 1952, 1964, 1985]
136.5 :    4 : [1911, 1941, 1953, 1987]
136.6 :    1 : [1950]
136.7 :    3 : [1897, 1930, 1939]
136.8 :    2 : [1899, 1971]
136.9 :    8 : [1896, 1900, 1901, 1922, 1949, 1969, 1984, 1988]
137.0 :    2 : [1914, 1928]
137.1 :    7 : [1895, 1921, 1934, 1959, 1960, 1962, 1975]
137.2 :    8 : [1903, 1905, 1912, 1933, 1937, 1954, 1956, 1957]
137.3 :    2 : [1966, 1978]
137.4 :   10 : [1915, 1919, 1923, 1926, 1935, 1963, 1965, 1979, 1981, 1983]
137.5 :    2 : [1944, 1968]
137.6 :    2 : [1925, 1986]
137.7 :    1 : [1908]
137.8 :    3 : [1951, 1972, 1993]
137.9 :    4 : [1916, 1918, 1945, 1980]
138.0 :    2 : [1977, 1982]
138.1 :    2 : [1931, 1967]
138.2 :    1 : [1961]
138.3 :    2 : [1910, 1920]
138.5 :    3 : [1942, 1948, 1955]
138.6 :    2 : [1940, 1947]
138.7 :    1 : [1946]
138.8 :    2 : [1924, 1991]
138.9 :    3 : [1899, 1927, 1971]
139.2 :    5 : [1898, 1902, 1921, 1959, 1994]
139.3 :    6 : [1903, 1911, 1912, 1929, 1956, 1974]
139.4 :    4 : [1897, 1906, 1973, 1989]
139.5 :    5 : [1909, 1932, 1935, 1943, 1985]
139.6 :    2 : [1944, 1968]
139.7 :    1 : [1952]
139.8 :    3 : [1950, 1964, 1987]
139.9 :    3 : [1941, 1951, 1953]
140.0 :    3 : [1934, 1939, 1960]
140.1 :    1 : [1949]
140.2 :    3 : [1900, 1922, 1928]
140.3 :    8 : [1896, 1901, 1954, 1957, 1963, 1965, 1969, 1988]
140.4 :    6 : [1895, 1914, 1926, 1930, 1937, 1975]
140.5 :    4 : [1905, 1925, 1978, 1986]
140.6 :    1 : [1966]
140.7 :    2 : [1933, 1983]
140.8 :    3 : [1915, 1916, 1981]
140.9 :    4 : [1919, 1923, 1945, 1979]
141.0 :    5 : [1908, 1918, 1977, 1980, 1993]
141.1 :    2 : [1931, 1972]
141.2 :    1 : [1982]
141.3 :    3 : [1921, 1959, 1967]
141.4 :    3 : [1903, 1912, 1956]
141.5 :    1 : [1910]
141.6 :    2 : [1948, 1961]
141.7 :    2 : [1944, 1968]
141.8 :    3 : [1920, 1952, 1955]
141.9 :    6 : [1927, 1942, 1946, 1947, 1987, 1991]
142.0 :    3 : [1940, 1941, 1953]
142.1 :    2 : [1899, 1939]
142.2 :    2 : [1897, 1971]
142.3 :    3 : [1900, 1911, 1924]
142.4 :    6 : [1896, 1901, 1902, 1969, 1988, 1994]
142.5 :    4 : [1895, 1898, 1914, 1975]
142.6 :    2 : [1905, 1930]
142.7 :    3 : [1906, 1929, 1966]
142.8 :    5 : [1933, 1943, 1973, 1974, 1989]
142.9 :    6 : [1909, 1915, 1932, 1935, 1981, 1985]
143.0 :    3 : [1919, 1923, 1979]
143.1 :    5 : [1908, 1934, 1950, 1960, 1993]
143.3 :    1 : [1951]
143.4 :    1 : [1964]
143.5 :    4 : [1903, 1912, 1928, 1956]
143.6 :    3 : [1949, 1963, 1965]
143.7 :    5 : [1921, 1926, 1957, 1959, 1961]
143.8 :    6 : [1922, 1925, 1944, 1954, 1968, 1986]
143.9 :    4 : [1916, 1920, 1937, 1955]
144.0 :    4 : [1942, 1947, 1978, 1987]
144.1 :    1 : [1940]
144.2 :    5 : [1899, 1918, 1931, 1945, 1983]
144.3 :    2 : [1971, 1977]
144.4 :    2 : [1924, 1980]
144.5 :    2 : [1902, 1982]
144.6 :    3 : [1898, 1914, 1972]
144.8 :    2 : [1906, 1929]
144.9 :    7 : [1910, 1933, 1943, 1967, 1973, 1974, 1989]
145.0 :    5 : [1909, 1930, 1932, 1935, 1985]
145.1 :    3 : [1919, 1923, 1948]
145.2 :    4 : [1927, 1950, 1952, 1993]
145.3 :    1 : [1897]
145.4 :    3 : [1946, 1951, 1991]
145.5 :    2 : [1911, 1964]
145.6 :    3 : [1903, 1912, 1928]
145.7 :    5 : [1900, 1939, 1949, 1953, 1956]
145.8 :    4 : [1926, 1941, 1957, 1961]
145.9 :    6 : [1922, 1925, 1944, 1954, 1986, 1994]
146.0 :    2 : [1920, 1937]
146.1 :    9 : [1895, 1896, 1901, 1947, 1968, 1969, 1975, 1978, 1988]
146.2 :    3 : [1905, 1940, 1987]
146.3 :    6 : [1899, 1918, 1931, 1945, 1966, 1983]
146.4 :    3 : [1921, 1971, 1977]
146.5 :    5 : [1915, 1924, 1959, 1980, 1981]
146.6 :    4 : [1908, 1934, 1960, 1982]
146.7 :    3 : [1914, 1972, 1979]
146.9 :    2 : [1906, 1929]
147.0 :    5 : [1910, 1933, 1967, 1973, 1974]
147.1 :    3 : [1932, 1935, 1963]
147.2 :    4 : [1919, 1923, 1948, 1965]
147.3 :    3 : [1927, 1952, 1993]
147.4 :    1 : [1916]
147.5 :    3 : [1946, 1951, 1991]
147.6 :    3 : [1911, 1955, 1964]
147.8 :    5 : [1900, 1930, 1939, 1942, 1949]
147.9 :    2 : [1953, 1961]
148.0 :    5 : [1922, 1941, 1944, 1954, 1994]
148.1 :    4 : [1898, 1902, 1920, 1937]
148.2 :    4 : [1895, 1947, 1975, 1978]
148.3 :    4 : [1905, 1940, 1969, 1988]
148.4 :    7 : [1896, 1899, 1901, 1903, 1912, 1966, 1983]
148.5 :    1 : [1956]
148.6 :    3 : [1915, 1924, 1943]
148.7 :    9 : [1897, 1909, 1934, 1960, 1971, 1981, 1982, 1985, 1989]
148.8 :    5 : [1908, 1914, 1950, 1972, 1987]
149.0 :    3 : [1929, 1968, 1979]
149.1 :    5 : [1910, 1933, 1967, 1973, 1974]
149.2 :    2 : [1932, 1963]
149.3 :    6 : [1919, 1923, 1926, 1928, 1948, 1965]
149.4 :    3 : [1925, 1935, 1993]
149.5 :    4 : [1916, 1952, 1957, 1986]
149.6 :    2 : [1946, 1991]
149.7 :    2 : [1931, 1964]
149.8 :    1 : [1955]
149.9 :    4 : [1918, 1945, 1949, 1951]
150.0 :    4 : [1921, 1942, 1961, 1977]
150.1 :    6 : [1900, 1922, 1939, 1954, 1959, 1994]
150.2 :    2 : [1920, 1937]
150.3 :    6 : [1898, 1902, 1947, 1953, 1978, 1980]
150.4 :    2 : [1940, 1941]
150.5 :    3 : [1895, 1975, 1983]
150.6 :    1 : [1905]
150.7 :    3 : [1899, 1944, 1969]
150.8 :    8 : [1896, 1897, 1901, 1906, 1943, 1966, 1982, 1988]
150.9 :    7 : [1909, 1924, 1927, 1950, 1972, 1985, 1989]
151.0 :    1 : [1915]
151.1 :    4 : [1908, 1914, 1929, 1981]
151.2 :    5 : [1910, 1911, 1967, 1973, 1974]
151.3 :    4 : [1930, 1932, 1963, 1971]
151.4 :    3 : [1948, 1965, 1979]
151.5 :    3 : [1925, 1926, 1928]
151.6 :    2 : [1916, 1986]
151.7 :    4 : [1933, 1946, 1957, 1991]
151.8 :    3 : [1919, 1931, 1987]
151.9 :    4 : [1903, 1912, 1923, 1952]
152.0 :    2 : [1935, 1945]
152.1 :    6 : [1918, 1949, 1955, 1964, 1977, 1993]
152.2 :    3 : [1954, 1956, 1994]
152.3 :    1 : [1937]
152.4 :    1 : [1978]
152.5 :    8 : [1922, 1934, 1942, 1947, 1951, 1960, 1961, 1980]
152.6 :    5 : [1898, 1900, 1902, 1920, 1983]
152.7 :    1 : [1940]
152.8 :    1 : [1939]
152.9 :    2 : [1897, 1982]
153.0 :    1 : [1953]
153.1 :    3 : [1895, 1927, 1975]
153.2 :    3 : [1905, 1950, 1972]
153.3 :    6 : [1906, 1909, 1910, 1941, 1943, 1985]
153.4 :    5 : [1899, 1911, 1963, 1966, 1989]
153.5 :    5 : [1929, 1948, 1965, 1967, 1969]
153.6 :    6 : [1896, 1901, 1908, 1915, 1924, 1988]
153.7 :    4 : [1916, 1932, 1973, 1981]
153.8 :    3 : [1925, 1926, 1974]
153.9 :    4 : [1928, 1931, 1986, 1991]
154.0 :    2 : [1914, 1944]
154.1 :    1 : [1946]
154.2 :    2 : [1957, 1979]
154.4 :    4 : [1918, 1945, 1971, 1977]
154.5 :    1 : [1994]
154.6 :    1 : [1954]
154.7 :    1 : [1952]
154.8 :    5 : [1933, 1934, 1949, 1955, 1960]
154.9 :    2 : [1937, 1964]
155.0 :    4 : [1897, 1919, 1978, 1980]
155.1 :    3 : [1898, 1923, 1982]
155.2 :    2 : [1902, 1935]
155.3 :    2 : [1942, 1983]
155.4 :    4 : [1900, 1922, 1947, 1993]
155.5 :    2 : [1927, 1961]
155.6 :    1 : [1940]
155.7 :    2 : [1911, 1920]
155.8 :    3 : [1910, 1916, 1951]
155.9 :    3 : [1939, 1950, 1963]
156.0 :    3 : [1943, 1965, 1972]
156.1 :    4 : [1906, 1909, 1948, 1985]
156.2 :    3 : [1895, 1975, 1989]
156.3 :    3 : [1905, 1931, 1967]
156.4 :    3 : [1925, 1926, 1929]
156.5 :    2 : [1966, 1986]
156.6 :    3 : [1908, 1953, 1991]
156.7 :    2 : [1928, 1932]
156.8 :    2 : [1946, 1973]
156.9 :    1 : [1915]
157.0 :    4 : [1918, 1945, 1957, 1981]
157.1 :    5 : [1897, 1899, 1969, 1974, 1977]
157.2 :    1 : [1924]
157.3 :    3 : [1941, 1960, 1994]
157.4 :    2 : [1934, 1988]
157.5 :    2 : [1896, 1901]
157.7 :    1 : [1954]
157.9 :    2 : [1980, 1982]
158.0 :    1 : [1937]
158.1 :    1 : [1978]
158.2 :    4 : [1898, 1927, 1949, 1955]
158.3 :    1 : [1916]
158.4 :    3 : [1902, 1911, 1979]
158.5 :    2 : [1952, 1983]
158.7 :    1 : [1963]
158.9 :    2 : [1910, 1965]
159.0 :    2 : [1931, 1950]
159.1 :    1 : [1964]
159.3 :    1 : [1948]
159.4 :    2 : [1897, 1925]
159.6 :    3 : [1926, 1943, 1972]
159.7 :    3 : [1942, 1947, 1986]
159.8 :    2 : [1909, 1985]
159.9 :    1 : [1991]
160.1 :    2 : [1906, 1922]
160.2 :    5 : [1918, 1928, 1945, 1967, 1977]
160.3 :    1 : [1960]
160.4 :    1 : [1934]
160.6 :    1 : [1946]
160.7 :    1 : [1989]
160.9 :    1 : [1994]
161.2 :    1 : [1957]
161.5 :    3 : [1911, 1916, 1927]
162.1 :    1 : [1982]
162.4 :    1 : [1897]
162.5 :    1 : [1931]
163.0 :    1 : [1963]
311.8 :   16 : [1902, 1908, 1910, 1924, 1929, 1932, 1934, 1945, 1948, 1955, 1960, 1961, 1965, 1972, 1973, 1980]
311.9 :   32 : [1895, 1897, 1898, 1905, 1906, 1911, 1915, 1918, 1919, 1920, 1921, 1923, 1926, 1933, 1935, 1941, 1946, 1952, 1953, 1959, 1963, 1964, 1966, 1971, 1975, 1977, 1981, 1982, 1987, 1989, 1993, 1994]
314.0 :    2 : [1921, 1959]
314.1 :    1 : [1987]
316.1 :    2 : [1921, 1959]
316.6 :    1 : [1987]
316.9 :    2 : [1962, 1984]
317.5 :    1 : [1971]
318.2 :    2 : [1921, 1959]
318.7 :    1 : [1987]
319.1 :    2 : [1962, 1984]
319.4 :    2 : [1903, 1923]
320.6 :    1 : [1971]
320.8 :    2 : [1920, 1987]
321.2 :    4 : [1921, 1959, 1962, 1984]
321.3 :    2 : [1953, 1973]
321.4 :    1 : [1935]
321.6 :    2 : [1923, 1980]
321.7 :    1 : [1903]
322.1 :    2 : [1911, 1934]
322.4 :    1 : [1960]
322.5 :    1 : [1897]
322.9 :    1 : [1971]
323.3 :    2 : [1962, 1984]
323.6 :    2 : [1920, 1953]
323.7 :    3 : [1923, 1935, 1941]
323.9 :    1 : [1973]
324.0 :    5 : [1926, 1929, 1952, 1980, 1987]
324.1 :    1 : [1903]
324.2 :    4 : [1915, 1977, 1981, 1982]
324.3 :    2 : [1910, 1934]
324.4 :    3 : [1898, 1911, 1963]
324.6 :    2 : [1921, 1959]
324.8 :    3 : [1918, 1945, 1960]
324.9 :    1 : [1897]
325.0 :    1 : [1971]
325.1 :    1 : [1905]
325.3 :    1 : [1989]
325.4 :    2 : [1962, 1984]
325.5 :    1 : [1955]
325.7 :    1 : [1953]
325.8 :    3 : [1920, 1923, 1935]
325.9 :    1 : [1965]
326.0 :    1 : [1973]
326.1 :    2 : [1980, 1987]
326.3 :    2 : [1903, 1941]
326.5 :    2 : [1911, 1934]
326.7 :    2 : [1926, 1929]
326.8 :    3 : [1952, 1977, 1982]
326.9 :    2 : [1960, 1981]
327.0 :    3 : [1897, 1915, 1963]
327.1 :    2 : [1898, 1971]
327.3 :    4 : [1908, 1910, 1948, 1972]
327.4 :    4 : [1918, 1924, 1964, 1993]
327.5 :    5 : [1906, 1932, 1945, 1962, 1984]
327.7 :    1 : [1902]
327.8 :    1 : [1895]
327.9 :    3 : [1920, 1921, 1959]
328.1 :    2 : [1973, 1989]
328.2 :    1 : [1980]
328.3 :    1 : [1946]
328.4 :    4 : [1903, 1905, 1941, 1955]
328.5 :    1 : [1965]
328.6 :    2 : [1934, 1966]
328.8 :    2 : [1926, 1929]
328.9 :    2 : [1977, 1982]
329.0 :    2 : [1952, 1960]
329.1 :    1 : [1897]
329.2 :    1 : [1923]
329.3 :    4 : [1953, 1963, 1981, 1987]
329.4 :    4 : [1898, 1910, 1915, 1935]
329.5 :    1 : [1908]
329.6 :    7 : [1918, 1945, 1948, 1972, 1975, 1993, 1994]
329.7 :    1 : [1924]
329.8 :    2 : [1932, 1964]
329.9 :    1 : [1906]
330.0 :    1 : [1911]
330.1 :    1 : [1902]
330.3 :    1 : [1989]
330.5 :    2 : [1895, 1941]
330.7 :    3 : [1903, 1955, 1971]
330.8 :    1 : [1965]
330.9 :    3 : [1929, 1962, 1984]
331.0 :    5 : [1921, 1946, 1959, 1977, 1982]
331.1 :    2 : [1905, 1952]
331.3 :    1 : [1973]
331.4 :    4 : [1963, 1980, 1981, 1987]
331.5 :    3 : [1898, 1915, 1920]
331.6 :    1 : [1910]
331.7 :    1 : [1918]
331.8 :    2 : [1934, 1945]
331.9 :    1 : [1908]
332.1 :    1 : [1948]
332.2 :    1 : [1964]
332.3 :    1 : [1972]
332.4 :    1 : [1993]
332.5 :    1 : [1924]
332.6 :    5 : [1897, 1906, 1926, 1941, 1960]
332.7 :    1 : [1989]
332.8 :    2 : [1923, 1971]
332.9 :    3 : [1903, 1935, 1953]
333.0 :    4 : [1929, 1932, 1962, 1984]
333.1 :    7 : [1902, 1955, 1965, 1966, 1975, 1977, 1982]
333.2 :    2 : [1895, 1952]
333.4 :    3 : [1905, 1973, 1994]
333.5 :    3 : [1911, 1963, 1981]
333.6 :    4 : [1898, 1915, 1920, 1946]
333.7 :    1 : [1910]
333.9 :    2 : [1918, 1945]
334.0 :    1 : [1908]
334.4 :    3 : [1921, 1948, 1959]
334.7 :    5 : [1897, 1941, 1960, 1964, 1972]
334.8 :    2 : [1926, 1993]
334.9 :    2 : [1923, 1971]
335.0 :    4 : [1924, 1935, 1953, 1987]
335.1 :    4 : [1929, 1962, 1980, 1984]
335.2 :    3 : [1977, 1982, 1989]
335.3 :    7 : [1902, 1906, 1932, 1934, 1952, 1955, 1965]
335.4 :    1 : [1903]
335.5 :    3 : [1895, 1966, 1975]
335.6 :    4 : [1905, 1911, 1963, 1981]
335.7 :    2 : [1898, 1915]
336.0 :    1 : [1945]
336.1 :    2 : [1908, 1946]
336.2 :    1 : [1918]
336.6 :    1 : [1948]
336.9 :    4 : [1897, 1941, 1972, 1973]
337.0 :    4 : [1923, 1926, 1971, 1993]
337.1 :    3 : [1935, 1953, 1987]
337.2 :    4 : [1924, 1962, 1980, 1984]
337.4 :    4 : [1920, 1934, 1952, 1964]
337.5 :    5 : [1910, 1932, 1965, 1977, 1982]
337.6 :    1 : [1955]
337.7 :    5 : [1902, 1911, 1963, 1981, 1989]
337.8 :    9 : [1895, 1905, 1906, 1915, 1921, 1959, 1966, 1975, 1994]
337.9 :    1 : [1898]
338.1 :    1 : [1945]
338.3 :    2 : [1903, 1960]
338.4 :    1 : [1918]
338.5 :    1 : [1946]
338.7 :    2 : [1929, 1948]
339.0 :    2 : [1972, 1973]
339.1 :    2 : [1941, 1993]
339.2 :    1 : [1897]
339.3 :    1 : [1924]
339.4 :    1 : [1926]
339.5 :    1 : [1920]
339.6 :    3 : [1910, 1932, 1952]
339.7 :    3 : [1955, 1965, 1984]
339.8 :    5 : [1908, 1911, 1962, 1977, 1981]
339.9 :    3 : [1921, 1959, 1982]
340.0 :    3 : [1902, 1915, 1964]
340.2 :    3 : [1945, 1963, 1989]
340.3 :    1 : [1895]
340.4 :    5 : [1898, 1905, 1960, 1966, 1975]
340.5 :    2 : [1923, 1971]
340.6 :    5 : [1906, 1935, 1953, 1980, 1987]
340.7 :    3 : [1918, 1946, 1994]
340.8 :    3 : [1929, 1934, 1948]
341.1 :    1 : [1972]
341.2 :    2 : [1941, 1993]
341.3 :    1 : [1897]
341.6 :    2 : [1920, 1926]
341.7 :    2 : [1910, 1932]
341.8 :    3 : [1952, 1955, 1965]
341.9 :    2 : [1908, 1911]
342.0 :    2 : [1977, 1981]
342.1 :    2 : [1902, 1915]
342.2 :    1 : [1982]
342.4 :    1 : [1973]
342.5 :    1 : [1960]
342.6 :    4 : [1923, 1964, 1971, 1989]
342.7 :    9 : [1895, 1905, 1935, 1953, 1963, 1966, 1980, 1984, 1987]
342.8 :    2 : [1898, 1962]
342.9 :    3 : [1934, 1948, 1975]
343.0 :    1 : [1924]
343.2 :    2 : [1906, 1972]
343.3 :    2 : [1918, 1993]
343.4 :    3 : [1921, 1946, 1959]
343.6 :    1 : [1941]
343.7 :    1 : [1920]
343.8 :    2 : [1910, 1932]
343.9 :    3 : [1897, 1955, 1965]
344.0 :    2 : [1908, 1945]
344.1 :    1 : [1911]
344.2 :    1 : [1952]
344.3 :    3 : [1902, 1926, 1981]
344.4 :    5 : [1915, 1929, 1977, 1982, 1994]
344.5 :    1 : [1973]
344.6 :    1 : [1960]
344.7 :    4 : [1923, 1964, 1971, 1989]
344.8 :    6 : [1895, 1905, 1935, 1953, 1963, 1966]
344.9 :    1 : [1898]
345.0 :    1 : [1975]
345.1 :    1 : [1924]
345.4 :    1 : [1993]
345.5 :    2 : [1921, 1959]
345.6 :    1 : [1906]
345.7 :    1 : [1918]
345.8 :    2 : [1920, 1946]
345.9 :    1 : [1941]
346.0 :    2 : [1955, 1965]
346.1 :    1 : [1945]
346.3 :    1 : [1980]
346.4 :    5 : [1897, 1902, 1911, 1948, 1987]
346.5 :    4 : [1929, 1934, 1952, 1981]
346.6 :    2 : [1915, 1973]
346.7 :    2 : [1972, 1977]
346.8 :    3 : [1923, 1926, 1971]
346.9 :    3 : [1935, 1953, 1982]
347.0 :    2 : [1895, 1966]
347.1 :    2 : [1905, 1989]
347.2 :    1 : [1924]
347.3 :    3 : [1964, 1975, 1994]
347.4 :    4 : [1898, 1910, 1932, 1963]
347.5 :    1 : [1993]
347.6 :    2 : [1921, 1959]
347.7 :    1 : [1908]
347.9 :    1 : [1920]
348.1 :    2 : [1955, 1965]
348.2 :    1 : [1945]
348.3 :    1 : [1906]
348.4 :    3 : [1941, 1960, 1980]
348.5 :    2 : [1902, 1987]
348.6 :    4 : [1918, 1929, 1934, 1948]
348.7 :    1 : [1946]
348.9 :    3 : [1923, 1971, 1972]
349.0 :    4 : [1935, 1952, 1953, 1981]
349.1 :    2 : [1911, 1915]
349.3 :    3 : [1897, 1924, 1977]
349.6 :    3 : [1895, 1910, 1932]
349.7 :    4 : [1921, 1959, 1966, 1993]
349.8 :    2 : [1905, 1982]
349.9 :    2 : [1908, 1926]
350.0 :    1 : [1989]
350.1 :    1 : [1975]
350.2 :    1 : [1920]
350.3 :    2 : [1955, 1965]
350.4 :    2 : [1945, 1973]
350.5 :    1 : [1980]
350.6 :    1 : [1898]
350.7 :    1 : [1929]
350.8 :    2 : [1960, 1987]
350.9 :    2 : [1934, 1948]
351.0 :    2 : [1902, 1963]
351.1 :    2 : [1923, 1971]
351.3 :    1 : [1972]
351.4 :    1 : [1924]
351.6 :    2 : [1941, 1953]
351.7 :    1 : [1935]
351.8 :    2 : [1921, 1959]
351.9 :    1 : [1981]
352.0 :    2 : [1910, 1915]
352.1 :    1 : [1932]
352.2 :    1 : [1952]
352.3 :    1 : [1908]
352.4 :    1 : [1993]
352.8 :    1 : [1973]
353.0 :    2 : [1920, 1980]
353.1 :    3 : [1945, 1955, 1965]
353.2 :    1 : [1929]
353.3 :    1 : [1966]
353.4 :    2 : [1895, 1987]
353.5 :    1 : [1960]
353.6 :    1 : [1934]
353.7 :    1 : [1948]
353.9 :    1 : [1971]
354.0 :    1 : [1923]
354.1 :    2 : [1902, 1924]
354.3 :    2 : [1921, 1959]
354.4 :    1 : [1972]
354.9 :    1 : [1932]
355.0 :    2 : [1910, 1953]
355.2 :    2 : [1908, 1935]
355.5 :    1 : [1973]
355.9 :    2 : [1980, 1993]
356.4 :    1 : [1987]
356.5 :    1 : [1929]
357.4 :    2 : [1921, 1959]
357.8 :    1 : [1971]
511.7 :   15 : [1902, 1908, 1910, 1924, 1929, 1932, 1934, 1945, 1948, 1955, 1960, 1965, 1972, 1973, 1980]
511.8 :   30 : [1895, 1897, 1898, 1905, 1906, 1911, 1915, 1918, 1920, 1921, 1923, 1926, 1935, 1941, 1946, 1952, 1953, 1959, 1963, 1964, 1966, 1971, 1975, 1977, 1981, 1982, 1987, 1989, 1993, 1994]
513.9 :    2 : [1906, 1982]
514.0 :    5 : [1905, 1911, 1946, 1989, 1994]
514.4 :    2 : [1897, 1898]
514.6 :    1 : [1964]
516.0 :    1 : [1906]
516.5 :    2 : [1905, 1994]
516.8 :    4 : [1897, 1898, 1911, 1989]
516.9 :    3 : [1926, 1964, 1982]
517.3 :    1 : [1975]
517.4 :    2 : [1934, 1945]
518.1 :    1 : [1906]
518.7 :    2 : [1905, 1994]
519.5 :    5 : [1897, 1898, 1911, 1964, 1989]
519.6 :    3 : [1926, 1946, 1982]
519.7 :    3 : [1934, 1963, 1977]
519.8 :    8 : [1903, 1918, 1941, 1945, 1960, 1962, 1975, 1984]
519.9 :    2 : [1955, 1956]
520.0 :    2 : [1952, 1981]
520.2 :    1 : [1920]
520.8 :    2 : [1905, 1994]
521.0 :    2 : [1948, 1980]
521.2 :    2 : [1930, 1965]
521.5 :    1 : [1906]
521.6 :    4 : [1897, 1898, 1964, 1989]
521.7 :    2 : [1926, 1982]
521.8 :    2 : [1934, 1963]
521.9 :    9 : [1903, 1918, 1941, 1945, 1946, 1953, 1962, 1977, 1984]
522.0 :    1 : [1956]
522.1 :    3 : [1912, 1955, 1960]
522.2 :    1 : [1952]
522.3 :    1 : [1975]
522.4 :    3 : [1915, 1920, 1981]
522.5 :    1 : [1932]
522.6 :    1 : [1902]
522.8 :    2 : [1911, 1924]
522.9 :    2 : [1905, 1994]
523.0 :    2 : [1910, 1966]
523.1 :    2 : [1923, 1980]
523.2 :    1 : [1948]
523.4 :    2 : [1930, 1965]
523.7 :    2 : [1897, 1964]
523.9 :    2 : [1934, 1963]
524.0 :    7 : [1903, 1918, 1945, 1946, 1962, 1977, 1984]
524.1 :    2 : [1953, 1956]
524.2 :    2 : [1955, 1960]
524.3 :    1 : [1952]
524.4 :    1 : [1912]
524.5 :    1 : [1981]
524.6 :    1 : [1926]
524.7 :    1 : [1920]
524.8 :    1 : [1975]
524.9 :    5 : [1898, 1906, 1915, 1982, 1989]
525.0 :    3 : [1902, 1932, 1972]
525.1 :    2 : [1910, 1973]
525.2 :    4 : [1924, 1941, 1966, 1980]
525.3 :    3 : [1895, 1923, 1948]
525.5 :    2 : [1930, 1965]
525.7 :    1 : [1911]
526.0 :    1 : [1905]
526.1 :    4 : [1903, 1946, 1962, 1984]
526.2 :    3 : [1935, 1953, 1956]
526.3 :    1 : [1994]
526.4 :    2 : [1952, 1959]
526.5 :    2 : [1912, 1921]
526.6 :    1 : [1981]
526.7 :    2 : [1929, 1964]
526.8 :    2 : [1920, 1934]
526.9 :    1 : [1897]
527.0 :    1 : [1963]
527.1 :    1 : [1918]
527.2 :    2 : [1945, 1975]
527.3 :    5 : [1902, 1910, 1915, 1932, 1977]
527.4 :    4 : [1923, 1948, 1955, 1966]
527.6 :    3 : [1926, 1930, 1960]
527.7 :    3 : [1924, 1972, 1973]
527.9 :    1 : [1895]
528.1 :    2 : [1906, 1982]
528.2 :    5 : [1898, 1903, 1962, 1984, 1989]
528.3 :    1 : [1956]
528.4 :    1 : [1941]
528.5 :    1 : [1980]
528.6 :    3 : [1911, 1912, 1935]
528.7 :    1 : [1981]
528.8 :    1 : [1959]
528.9 :    2 : [1920, 1921]
529.0 :    2 : [1897, 1965]
529.3 :    1 : [1905]
529.4 :    4 : [1910, 1915, 1932, 1975]
529.5 :    3 : [1902, 1923, 1929]
529.6 :    3 : [1946, 1953, 1966]
529.7 :    3 : [1930, 1960, 1994]
529.8 :    1 : [1952]
529.9 :    2 : [1934, 1973]
530.1 :    1 : [1964]
530.2 :    1 : [1963]
530.3 :    2 : [1918, 1924]
530.4 :    1 : [1956]
530.5 :    1 : [1926]
530.6 :    1 : [1945]
530.7 :    3 : [1955, 1972, 1977]
530.8 :    4 : [1895, 1912, 1948, 1981]
530.9 :    2 : [1935, 1987]
531.0 :    1 : [1993]
531.1 :    1 : [1959]
531.3 :    4 : [1906, 1921, 1941, 1982]
531.4 :    3 : [1898, 1911, 1989]
531.5 :    3 : [1915, 1932, 1975]
531.6 :    3 : [1902, 1923, 1929]
531.7 :    5 : [1903, 1962, 1966, 1980, 1984]
531.8 :    2 : [1930, 1994]
532.0 :    1 : [1973]
532.3 :    1 : [1897]
532.4 :    2 : [1905, 1920]
532.5 :    3 : [1924, 1956, 1965]
532.6 :    1 : [1960]
532.8 :    1 : [1910]
533.0 :    3 : [1912, 1934, 1953]
533.1 :    2 : [1935, 1972]
533.2 :    2 : [1946, 1952]
533.3 :    1 : [1964]
533.4 :    1 : [1963]
533.5 :    2 : [1926, 1959]
533.6 :    3 : [1915, 1918, 1975]
533.7 :    2 : [1895, 1921]
533.8 :    5 : [1903, 1929, 1962, 1966, 1984]
533.9 :    1 : [1930]
534.0 :    2 : [1945, 1955]
534.1 :    1 : [1973]
534.2 :    2 : [1911, 1977]
534.3 :    4 : [1948, 1981, 1987, 1993]
534.4 :    3 : [1897, 1941, 1982]
534.5 :    2 : [1906, 1920]
534.6 :    2 : [1924, 1956]
534.7 :    2 : [1898, 1989]
534.9 :    2 : [1923, 1932]
535.0 :    1 : [1980]
535.1 :    3 : [1902, 1912, 1994]
535.2 :    2 : [1935, 1972]
535.6 :    1 : [1959]
535.7 :    1 : [1975]
535.8 :    2 : [1905, 1921]
535.9 :    7 : [1903, 1929, 1960, 1962, 1965, 1966, 1984]
536.0 :    1 : [1930]
536.1 :    3 : [1895, 1910, 1934]
536.2 :    1 : [1973]
536.4 :    4 : [1926, 1953, 1981, 1987]
536.5 :    5 : [1952, 1963, 1964, 1971, 1993]
536.6 :    1 : [1946]
536.7 :    2 : [1924, 1956]
536.9 :    1 : [1918]
537.1 :    1 : [1915]
537.2 :    3 : [1911, 1912, 1955]
537.3 :    2 : [1945, 1972]
537.5 :    1 : [1941]
537.6 :    2 : [1977, 1982]
537.7 :    2 : [1897, 1959]
537.8 :    2 : [1948, 1975]
537.9 :    3 : [1906, 1920, 1921]
538.0 :    4 : [1903, 1929, 1962, 1984]
538.1 :    4 : [1898, 1930, 1980, 1989]
538.3 :    2 : [1895, 1932]
538.5 :    4 : [1902, 1923, 1981, 1994]
538.6 :    4 : [1935, 1952, 1987, 1993]
538.7 :    1 : [1946]
538.8 :    2 : [1956, 1971]
539.2 :    2 : [1905, 1915]
539.3 :    3 : [1934, 1960, 1965]
539.4 :    2 : [1912, 1966]
539.5 :    1 : [1973]
539.6 :    2 : [1910, 1926]
539.8 :    1 : [1897]
539.9 :    3 : [1953, 1963, 1975]
540.0 :    3 : [1920, 1921, 1964]
540.1 :    3 : [1903, 1962, 1984]
540.2 :    4 : [1911, 1918, 1924, 1930]
540.4 :    3 : [1895, 1932, 1955]
540.5 :    2 : [1945, 1972]
540.6 :    3 : [1902, 1923, 1994]
540.7 :    3 : [1935, 1987, 1993]
540.8 :    1 : [1941]
540.9 :    1 : [1971]
541.0 :    2 : [1956, 1982]
541.1 :    1 : [1977]
541.2 :    1 : [1948]
541.3 :    1 : [1906]
541.4 :    3 : [1929, 1959, 1980]
541.5 :    1 : [1966]
541.6 :    3 : [1898, 1973, 1989]
542.0 :    4 : [1952, 1953, 1975, 1981]
542.1 :    3 : [1912, 1921, 1964]
542.3 :    6 : [1903, 1918, 1924, 1930, 1946, 1984]
542.4 :    1 : [1934]
542.5 :    2 : [1895, 1962]
542.6 :    5 : [1905, 1915, 1960, 1965, 1972]
542.8 :    5 : [1910, 1926, 1935, 1987, 1993]
543.0 :    2 : [1897, 1971]
543.3 :    1 : [1963]
543.4 :    1 : [1920]
543.5 :    3 : [1911, 1929, 1959]
543.7 :    5 : [1898, 1932, 1955, 1956, 1989]
543.8 :    1 : [1902]
543.9 :    1 : [1945]
544.0 :    1 : [1994]
544.1 :    2 : [1952, 1981]
544.2 :    2 : [1921, 1923]
544.3 :    1 : [1941]
544.4 :    1 : [1946]
544.5 :    2 : [1948, 1982]
544.6 :    2 : [1895, 1977]
544.7 :    4 : [1905, 1915, 1965, 1980]
544.8 :    2 : [1906, 1973]
544.9 :    4 : [1910, 1935, 1987, 1993]
545.0 :    2 : [1903, 1984]
545.1 :    3 : [1897, 1930, 1966]
545.2 :    1 : [1971]
545.3 :    4 : [1953, 1962, 1964, 1975]
545.4 :    2 : [1924, 1963]
545.5 :    2 : [1918, 1920]
545.6 :    1 : [1959]
545.7 :    1 : [1934]
546.0 :    2 : [1960, 1972]
546.1 :    1 : [1994]
546.3 :    4 : [1912, 1921, 1923, 1926]
546.4 :    1 : [1941]
546.6 :    1 : [1982]
546.7 :    2 : [1895, 1977]
546.8 :    1 : [1915]
546.9 :    3 : [1906, 1929, 1973]
547.0 :    4 : [1911, 1935, 1955, 1993]
547.1 :    4 : [1898, 1932, 1987, 1989]
547.2 :    4 : [1897, 1902, 1945, 1966]
547.4 :    5 : [1953, 1956, 1964, 1971, 1975]
547.5 :    1 : [1924]
547.6 :    1 : [1918]
547.7 :    3 : [1952, 1959, 1981]
547.8 :    1 : [1934]
547.9 :    1 : [1965]
548.0 :    2 : [1946, 1948]
548.1 :    1 : [1972]
548.2 :    3 : [1905, 1910, 1980]
548.4 :    3 : [1921, 1923, 1926]
548.6 :    1 : [1903]
548.7 :    1 : [1984]
548.8 :    3 : [1895, 1963, 1977]
549.1 :    1 : [1920]
549.2 :    4 : [1898, 1930, 1987, 1989]
549.5 :    3 : [1960, 1971, 1975]
549.7 :    1 : [1994]
549.8 :    3 : [1952, 1959, 1981]
549.9 :    1 : [1941]
550.1 :    3 : [1946, 1948, 1982]
550.3 :    4 : [1905, 1910, 1973, 1980]
550.4 :    2 : [1906, 1955]
550.5 :    6 : [1897, 1915, 1921, 1923, 1929, 1932]
550.6 :    2 : [1911, 1945]
550.7 :    3 : [1902, 1924, 1935]
550.8 :    1 : [1993]
550.9 :    3 : [1934, 1963, 1966]
551.0 :    1 : [1964]
551.1 :    1 : [1953]
551.2 :    2 : [1918, 1920]
551.3 :    1 : [1987]
551.4 :    1 : [1972]
551.5 :    1 : [1965]
551.6 :    2 : [1960, 1975]
551.8 :    2 : [1971, 1994]
551.9 :    3 : [1952, 1959, 1981]
552.0 :    2 : [1926, 1941]
552.2 :    2 : [1946, 1982]
552.4 :    3 : [1905, 1973, 1977]
552.5 :    2 : [1906, 1955]
552.6 :    7 : [1895, 1897, 1915, 1921, 1923, 1929, 1932]
552.7 :    2 : [1911, 1945]
552.8 :    2 : [1902, 1924]
552.9 :    1 : [1989]
553.0 :    5 : [1898, 1934, 1935, 1963, 1993]
553.1 :    2 : [1964, 1966]
553.3 :    3 : [1918, 1920, 1953]
553.5 :    1 : [1972]
553.6 :    2 : [1948, 1965]
553.7 :    2 : [1975, 1987]
553.8 :    2 : [1910, 1980]
553.9 :    1 : [1994]
554.0 :    2 : [1952, 1981]
554.1 :    3 : [1926, 1941, 1959]
554.3 :    3 : [1946, 1971, 1982]
554.5 :    2 : [1905, 1973]
554.6 :    2 : [1906, 1955]
554.7 :    4 : [1923, 1929, 1932, 1977]
554.8 :    3 : [1897, 1911, 1945]
554.9 :    2 : [1902, 1924]
555.0 :    3 : [1895, 1915, 1921]
555.1 :    3 : [1934, 1963, 1989]
555.2 :    1 : [1898]
555.3 :    1 : [1960]
555.4 :    1 : [1964]
555.5 :    3 : [1935, 1966, 1993]
555.6 :    3 : [1918, 1920, 1972]
555.7 :    3 : [1948, 1953, 1965]
555.8 :    1 : [1975]
555.9 :    1 : [1980]
556.0 :    1 : [1910]
556.1 :    1 : [1994]
556.3 :    1 : [1952]
556.4 :    3 : [1926, 1941, 1981]
556.5 :    1 : [1987]
556.6 :    3 : [1905, 1946, 1973]
556.7 :    2 : [1955, 1982]
556.8 :    1 : [1932]
556.9 :    3 : [1929, 1945, 1959]
557.0 :    4 : [1902, 1906, 1911, 1924]
557.1 :    1 : [1977]
557.2 :    1 : [1934]
557.3 :    3 : [1897, 1923, 1971]
557.5 :    2 : [1960, 1963]
557.6 :    2 : [1915, 1989]
557.7 :    2 : [1895, 1898]
557.8 :    1 : [1965]
557.9 :    2 : [1964, 1972]
558.0 :    1 : [1948]
558.1 :    1 : [1918]
558.2 :    4 : [1920, 1921, 1966, 1980]
558.4 :    3 : [1910, 1953, 1975]
558.5 :    1 : [1993]
558.7 :    1 : [1935]
558.8 :    2 : [1955, 1994]
558.9 :    1 : [1926]
559.0 :    2 : [1941, 1945]
559.1 :    2 : [1932, 1952]
559.2 :    2 : [1973, 1981]
559.3 :    4 : [1902, 1905, 1934, 1982]
559.4 :    2 : [1924, 1946]
559.5 :    1 : [1911]
559.7 :    2 : [1906, 1929]
559.9 :    2 : [1960, 1977]
560.1 :    1 : [1897]
560.3 :    1 : [1965]
560.4 :    2 : [1963, 1989]
560.5 :    3 : [1898, 1948, 1972]
560.6 :    1 : [1923]
560.8 :    2 : [1964, 1980]
560.9 :    1 : [1915]
561.0 :    1 : [1910]
561.1 :    2 : [1895, 1918]
561.2 :    1 : [1955]
561.4 :    1 : [1920]
561.5 :    1 : [1945]
561.7 :    1 : [1975]
561.8 :    2 : [1932, 1966]
561.9 :    2 : [1926, 1994]
562.0 :    2 : [1934, 1953]
562.1 :    1 : [1902]
562.2 :    1 : [1941]
562.3 :    2 : [1924, 1973]
562.5 :    2 : [1905, 1911]
562.6 :    1 : [1982]
562.7 :    1 : [1960]
563.0 :    1 : [1906]
563.1 :    1 : [1952]
563.3 :    1 : [1965]
563.4 :    1 : [1946]
563.5 :    1 : [1948]
563.6 :    1 : [1929]
563.8 :    2 : [1972, 1980]
564.1 :    1 : [1977]
564.2 :    1 : [1897]
564.3 :    1 : [1955]
564.5 :    1 : [1910]
564.6 :    1 : [1945]
564.7 :    1 : [1989]
565.1 :    1 : [1963]
565.2 :    1 : [1934]
565.6 :    1 : [1898]
565.9 :    1 : [1932]
567.3 :    1 : [1960]
