Name: SNr [GABA], Title: Raster plot from device '4802', Hist: False
114.1 :   45 : [962, 963, 964, 965, 966, 967, 968, 969, 970, 971, 972, 973, 974, 975, 976, 977, 978, 979, 980, 981, 983, 985, 986, 987, 988, 989, 990, 991, 992, 994, 995, 996, 998, 999, 1000, 1001, 1002, 1003, 1004, 1006, 1007, 1008, 1009, 1010, 1012]
114.2 :    6 : [982, 984, 993, 997, 1005, 1011]
116.2 :   43 : [962, 963, 964, 965, 966, 967, 968, 969, 970, 971, 972, 973, 974, 975, 976, 978, 979, 980, 981, 983, 985, 986, 987, 988, 989, 990, 991, 992, 994, 995, 996, 998, 999, 1000, 1001, 1002, 1004, 1006, 1007, 1008, 1009, 1010, 1012]
116.3 :    8 : [977, 982, 984, 993, 997, 1003, 1005, 1011]
118.3 :   42 : [962, 963, 964, 965, 966, 967, 968, 970, 971, 972, 973, 974, 975, 976, 978, 979, 980, 981, 983, 985, 986, 987, 988, 989, 990, 991, 992, 994, 995, 996, 998, 999, 1000, 1001, 1002, 1004, 1006, 1007, 1008, 1009, 1010, 1012]
118.4 :    9 : [969, 977, 982, 984, 993, 997, 1003, 1005, 1011]
120.4 :   42 : [962, 963, 964, 965, 966, 967, 968, 970, 971, 972, 973, 974, 975, 976, 978, 979, 980, 981, 983, 985, 986, 987, 988, 989, 990, 991, 992, 994, 995, 996, 998, 999, 1000, 1001, 1002, 1004, 1006, 1007, 1008, 1009, 1010, 1012]
120.5 :    9 : [969, 977, 982, 984, 993, 997, 1003, 1005, 1011]
122.5 :   39 : [962, 963, 964, 965, 966, 967, 968, 970, 971, 973, 974, 975, 976, 978, 980, 981, 983, 986, 987, 988, 989, 990, 991, 992, 994, 995, 996, 998, 999, 1000, 1001, 1002, 1004, 1006, 1007, 1008, 1009, 1010, 1012]
122.6 :    9 : [969, 977, 982, 984, 993, 997, 1003, 1005, 1011]
124.0 :    2 : [972, 979]
124.1 :    1 : [985]
124.6 :   36 : [962, 963, 964, 965, 966, 968, 970, 973, 974, 975, 976, 978, 980, 981, 983, 986, 987, 988, 989, 990, 991, 992, 994, 996, 998, 999, 1000, 1001, 1002, 1004, 1006, 1007, 1008, 1009, 1010, 1012]
124.7 :    9 : [969, 971, 977, 982, 984, 997, 1003, 1005, 1011]
124.8 :    1 : [993]
126.1 :    2 : [972, 979]
126.2 :    3 : [967, 985, 995]
126.7 :   30 : [965, 966, 968, 970, 973, 974, 975, 976, 978, 980, 981, 986, 987, 988, 989, 990, 994, 996, 998, 999, 1000, 1001, 1002, 1004, 1006, 1007, 1008, 1009, 1010, 1012]
126.8 :   10 : [964, 971, 977, 982, 983, 984, 992, 997, 1005, 1011]
126.9 :    2 : [969, 1003]
127.0 :    1 : [993]
128.2 :    2 : [972, 979]
128.3 :    5 : [962, 967, 985, 991, 995]
128.4 :    1 : [963]
128.8 :   26 : [965, 966, 968, 970, 973, 974, 975, 976, 978, 980, 981, 987, 988, 990, 994, 996, 999, 1001, 1002, 1004, 1006, 1007, 1008, 1009, 1010, 1012]
128.9 :    8 : [964, 977, 982, 984, 989, 992, 997, 1011]
129.0 :    4 : [971, 983, 1003, 1005]
129.1 :    2 : [969, 993]
130.3 :    2 : [972, 979]
130.4 :    5 : [962, 967, 985, 986, 991]
130.5 :    4 : [963, 995, 998, 1000]
130.9 :   22 : [965, 968, 970, 973, 974, 975, 976, 978, 980, 981, 987, 990, 994, 996, 1001, 1002, 1004, 1007, 1008, 1009, 1010, 1012]
131.0 :   11 : [964, 966, 977, 982, 984, 988, 989, 997, 999, 1006, 1011]
131.1 :    2 : [992, 1003]
131.2 :    4 : [969, 971, 983, 1005]
131.3 :    1 : [993]
132.4 :    2 : [972, 979]
132.5 :    5 : [962, 967, 985, 986, 991]
132.6 :    4 : [963, 995, 998, 1000]
133.0 :   19 : [968, 970, 973, 974, 975, 976, 980, 981, 987, 990, 994, 996, 1001, 1004, 1007, 1008, 1009, 1010, 1012]
133.1 :   10 : [965, 977, 982, 984, 988, 997, 999, 1002, 1006, 1011]
133.2 :    4 : [964, 966, 989, 992]
133.3 :    1 : [1003]
133.4 :    4 : [969, 971, 983, 1005]
133.5 :    1 : [993]
134.5 :    2 : [972, 979]
134.6 :    6 : [962, 967, 978, 985, 986, 991]
134.7 :    4 : [963, 995, 998, 1000]
135.1 :   16 : [968, 970, 973, 974, 976, 980, 987, 990, 994, 1001, 1004, 1007, 1008, 1009, 1010, 1012]
135.2 :    8 : [975, 977, 981, 982, 996, 997, 999, 1011]
135.3 :    7 : [964, 965, 966, 984, 988, 1002, 1006]
135.4 :    3 : [989, 992, 1003]
135.5 :    2 : [971, 1005]
135.6 :    3 : [969, 983, 993]
136.6 :    2 : [972, 979]
136.7 :    6 : [962, 967, 978, 985, 986, 991]
136.8 :    2 : [998, 1000]
136.9 :    2 : [963, 995]
137.2 :   13 : [968, 973, 974, 976, 987, 990, 1001, 1004, 1007, 1008, 1009, 1010, 1012]
137.3 :    7 : [970, 975, 980, 982, 994, 996, 1011]
137.4 :    5 : [977, 981, 984, 997, 999]
137.5 :    5 : [964, 966, 988, 1002, 1006]
137.6 :    4 : [965, 989, 992, 1003]
137.7 :    2 : [971, 1005]
137.8 :    3 : [969, 983, 993]
138.7 :    2 : [972, 979]
138.8 :    6 : [962, 967, 978, 985, 986, 991]
138.9 :    2 : [998, 1000]
139.0 :    2 : [963, 995]
139.3 :   11 : [968, 974, 976, 987, 990, 1001, 1004, 1007, 1008, 1009, 1012]
139.4 :    6 : [973, 980, 982, 994, 1010, 1011]
139.5 :    5 : [970, 975, 981, 996, 997]
139.6 :    5 : [977, 984, 988, 999, 1002]
139.7 :    3 : [964, 966, 1006]
139.8 :    4 : [965, 989, 992, 1003]
139.9 :    2 : [971, 1005]
140.0 :    3 : [969, 983, 993]
140.8 :    2 : [972, 979]
140.9 :    6 : [962, 967, 978, 985, 986, 991]
141.0 :    1 : [998]
141.1 :    1 : [1000]
141.2 :    2 : [963, 995]
141.4 :   10 : [968, 974, 987, 990, 1001, 1004, 1007, 1008, 1009, 1012]
141.5 :    4 : [976, 982, 1010, 1011]
141.6 :    5 : [973, 975, 980, 994, 996]
141.7 :    6 : [970, 977, 981, 984, 997, 999]
141.8 :    4 : [964, 966, 988, 1002]
141.9 :    3 : [989, 992, 1006]
142.0 :    2 : [965, 1003]
142.1 :    2 : [971, 1005]
142.2 :    3 : [969, 983, 993]
142.9 :    1 : [972]
143.0 :    7 : [962, 967, 978, 979, 985, 986, 991]
143.1 :    1 : [998]
143.2 :    1 : [1000]
143.3 :    2 : [963, 995]
143.5 :    7 : [968, 974, 987, 990, 1004, 1007, 1012]
143.6 :    7 : [976, 982, 1001, 1008, 1009, 1010, 1011]
143.7 :    2 : [980, 996]
143.8 :    8 : [970, 973, 975, 981, 984, 994, 997, 999]
143.9 :    2 : [977, 988]
144.0 :    3 : [964, 966, 1002]
144.1 :    3 : [989, 992, 1006]
144.2 :    2 : [965, 1003]
144.3 :    3 : [971, 993, 1005]
144.4 :    2 : [969, 983]
145.0 :    1 : [972]
145.1 :    7 : [962, 967, 978, 979, 985, 986, 991]
145.2 :    1 : [998]
145.3 :    1 : [1000]
145.4 :    1 : [995]
145.5 :    1 : [963]
145.6 :    7 : [968, 974, 987, 990, 1004, 1007, 1012]
145.7 :    6 : [982, 1001, 1008, 1009, 1010, 1011]
145.8 :    1 : [976]
145.9 :    5 : [973, 980, 984, 994, 996]
146.0 :    5 : [970, 975, 981, 997, 999]
146.1 :    4 : [966, 977, 988, 1002]
146.2 :    3 : [964, 992, 1006]
146.3 :    2 : [989, 1003]
146.4 :    1 : [965]
146.5 :    3 : [971, 993, 1005]
146.6 :    2 : [969, 983]
147.1 :    1 : [972]
147.2 :    7 : [962, 967, 978, 979, 985, 986, 991]
147.3 :    1 : [998]
147.4 :    1 : [1000]
147.5 :    1 : [995]
147.6 :    1 : [963]
147.7 :    7 : [968, 974, 987, 990, 1004, 1007, 1012]
147.8 :    6 : [982, 1001, 1008, 1009, 1010, 1011]
147.9 :    1 : [976]
148.0 :    3 : [980, 984, 996]
148.1 :    7 : [970, 973, 975, 981, 994, 997, 999]
148.2 :    3 : [966, 977, 988]
148.3 :    2 : [964, 1002]
148.4 :    2 : [992, 1006]
148.5 :    2 : [989, 1003]
148.6 :    4 : [965, 971, 993, 1005]
148.8 :    2 : [969, 983]
149.2 :    1 : [972]
149.3 :    7 : [962, 967, 978, 979, 985, 986, 991]
149.4 :    1 : [998]
149.5 :    1 : [1000]
149.7 :    2 : [963, 995]
149.8 :    7 : [968, 974, 987, 990, 1004, 1007, 1012]
149.9 :    6 : [982, 1001, 1008, 1009, 1010, 1011]
150.0 :    1 : [976]
150.1 :    3 : [980, 984, 996]
150.2 :    6 : [970, 973, 981, 994, 997, 999]
150.3 :    3 : [966, 975, 977]
150.4 :    3 : [964, 988, 1002]
150.5 :    2 : [992, 1006]
150.6 :    2 : [989, 1003]
150.8 :    4 : [965, 971, 993, 1005]
150.9 :    1 : [983]
151.0 :    1 : [969]
151.3 :    1 : [972]
151.4 :    7 : [962, 967, 978, 979, 985, 986, 991]
151.5 :    1 : [998]
151.6 :    1 : [1000]
151.8 :    2 : [963, 995]
151.9 :    5 : [968, 974, 990, 1007, 1012]
152.0 :    6 : [982, 1001, 1008, 1009, 1010, 1011]
152.1 :    1 : [976]
152.2 :    3 : [980, 984, 996]
152.3 :    6 : [970, 973, 981, 994, 997, 999]
152.4 :    3 : [966, 975, 977]
152.5 :    3 : [964, 988, 1002]
152.6 :    2 : [992, 1006]
152.7 :    1 : [1003]
152.8 :    1 : [989]
152.9 :    3 : [971, 993, 1005]
153.0 :    1 : [965]
153.1 :    2 : [969, 983]
153.4 :    1 : [972]
153.5 :    8 : [962, 967, 978, 979, 986, 987, 991, 1004]
153.6 :    1 : [998]
153.7 :    1 : [1000]
153.9 :    2 : [963, 995]
154.0 :    4 : [968, 974, 990, 1012]
154.1 :    6 : [982, 1001, 1008, 1009, 1010, 1011]
154.2 :    1 : [976]
154.3 :    3 : [980, 984, 996]
154.4 :    6 : [970, 973, 981, 994, 997, 999]
154.5 :    2 : [975, 977]
154.6 :    3 : [964, 966, 988]
154.7 :    2 : [992, 1002]
154.8 :    2 : [1003, 1006]
154.9 :    1 : [989]
155.0 :    3 : [971, 993, 1005]
155.1 :    2 : [965, 985]
155.3 :    2 : [969, 983]
155.5 :    1 : [972]
155.6 :    8 : [962, 967, 978, 979, 986, 987, 991, 1004]
155.7 :    2 : [998, 1007]
155.8 :    1 : [1000]
156.0 :    2 : [963, 995]
156.1 :    4 : [968, 974, 990, 1012]
156.2 :    6 : [982, 1001, 1008, 1009, 1010, 1011]
156.3 :    1 : [976]
156.4 :    3 : [980, 984, 996]
156.5 :    4 : [970, 981, 994, 997]
156.6 :    3 : [973, 977, 999]
156.7 :    3 : [966, 975, 988]
156.8 :    2 : [964, 1002]
156.9 :    3 : [992, 1003, 1006]
157.1 :    2 : [989, 993]
157.2 :    3 : [971, 985, 1005]
157.4 :    3 : [965, 969, 983]
157.6 :    1 : [972]
157.7 :    7 : [962, 967, 979, 986, 987, 991, 1004]
157.8 :    2 : [998, 1007]
157.9 :    1 : [1000]
158.1 :    1 : [963]
158.2 :    5 : [968, 974, 990, 995, 1012]
158.3 :    5 : [982, 1008, 1009, 1010, 1011]
158.4 :    1 : [1001]
158.5 :    3 : [976, 984, 996]
158.6 :    2 : [980, 997]
158.7 :    5 : [970, 977, 981, 994, 999]
158.8 :    3 : [966, 973, 975]
158.9 :    2 : [964, 988]
159.0 :    1 : [1002]
159.1 :    2 : [992, 1006]
159.2 :    1 : [1003]
159.3 :    3 : [985, 989, 993]
159.4 :    3 : [971, 978, 1005]
159.7 :    4 : [965, 969, 972, 983]
159.8 :    7 : [962, 967, 979, 986, 987, 991, 1004]
159.9 :    2 : [998, 1007]
160.0 :    1 : [1000]
160.3 :    4 : [963, 974, 990, 1012]
160.4 :    4 : [968, 982, 995, 1010]
160.5 :    3 : [1008, 1009, 1011]
160.6 :    2 : [984, 1001]
160.7 :    2 : [976, 996]
160.8 :    1 : [997]
160.9 :    4 : [970, 980, 981, 994]
161.0 :    3 : [973, 977, 999]
161.1 :    4 : [964, 966, 975, 988]
161.3 :    1 : [1002]
161.4 :    4 : [985, 992, 1003, 1006]
161.5 :    2 : [978, 989]
161.6 :    1 : [993]
161.7 :    2 : [971, 1005]
161.9 :    5 : [962, 967, 972, 986, 991]
162.0 :    7 : [965, 969, 979, 983, 987, 998, 1004]
162.1 :    1 : [1007]
162.3 :    1 : [1000]
162.4 :    2 : [974, 990]
162.5 :    2 : [982, 1010]
162.6 :    2 : [963, 1012]
162.7 :    1 : [995]
162.8 :    4 : [968, 1008, 1009, 1011]
162.9 :    2 : [984, 1001]
163.1 :    3 : [976, 996, 997]
163.3 :    6 : [970, 977, 980, 981, 994, 999]
163.4 :    1 : [973]
163.5 :    4 : [964, 966, 975, 988]
163.7 :    2 : [985, 1002]
163.8 :    3 : [978, 1003, 1006]
163.9 :    2 : [989, 992]
164.0 :    3 : [986, 991, 993]
164.1 :    1 : [971]
164.2 :    2 : [962, 1005]
164.3 :    2 : [967, 972]
164.4 :    5 : [979, 987, 998, 1004, 1007]
164.6 :    3 : [969, 974, 983]
164.7 :    1 : [965]
164.8 :    3 : [982, 990, 1000]
164.9 :    1 : [1010]
165.0 :    1 : [1012]
165.1 :    1 : [963]
165.3 :    4 : [995, 1008, 1009, 1011]
165.4 :    2 : [968, 1001]
165.5 :    1 : [984]
165.6 :    1 : [996]
165.7 :    2 : [976, 997]
165.8 :    1 : [970]
165.9 :    5 : [977, 980, 981, 994, 999]
166.0 :    2 : [964, 973]
166.1 :    2 : [975, 988]
166.2 :    1 : [966]
166.3 :    2 : [978, 985]
166.4 :    2 : [986, 1002]
166.5 :    2 : [1003, 1006]
166.6 :    2 : [991, 992]
166.7 :    2 : [989, 993]
166.9 :    2 : [962, 971]
167.0 :    4 : [967, 987, 998, 1005]
167.1 :    4 : [972, 979, 1004, 1007]
167.3 :    1 : [974]
167.5 :    3 : [969, 982, 990]
167.6 :    2 : [983, 1000]
167.7 :    1 : [1010]
167.8 :    1 : [1012]
167.9 :    1 : [965]
168.1 :    1 : [963]
168.2 :    4 : [1001, 1008, 1009, 1011]
168.3 :    1 : [995]
168.4 :    2 : [968, 984]
168.7 :    2 : [996, 997]
168.9 :    1 : [994]
169.0 :    4 : [970, 976, 977, 981]
169.1 :    3 : [964, 980, 999]
169.2 :    2 : [973, 985]
169.3 :    2 : [978, 988]
169.4 :    1 : [986]
169.5 :    2 : [966, 975]
169.7 :    1 : [991]
169.8 :    1 : [1003]
169.9 :    1 : [1002]
170.0 :    1 : [1006]
170.2 :    3 : [962, 989, 993]
170.3 :    4 : [967, 987, 998, 1007]
170.4 :    3 : [979, 992, 1004]
170.6 :    1 : [972]
170.7 :    1 : [974]
170.8 :    1 : [971]
171.0 :    2 : [982, 990]
171.2 :    1 : [1005]
171.4 :    1 : [1010]
171.7 :    1 : [1012]
172.0 :    1 : [1000]
