       0.0      7.8        7.8  0.0 18:26:40.477669
       7.8      3.0       10.8 10.0 18:26:40.861874
      10.8      3.0       13.8 20.0 18:26:41.249206
      13.8      3.0       16.9 30.0 18:26:41.627991
      16.9      3.0       19.9 40.0 18:26:42.006868
      19.9      3.0       22.9 50.0 18:26:42.390975
      22.9      3.0       25.9 60.0 18:26:42.772406
      25.9      3.0       28.9 70.0 18:26:43.152282
      28.9      3.0       31.9 80.0 18:26:43.532276
      31.9      3.0       34.9 90.0 18:26:43.909727
      34.9      3.1       38.0 100.0 18:26:44.303498
      38.0      9.0       47.0 110.0 18:26:45.523286
      47.0     10.5       57.5 120.0 18:26:46.904245
      57.5     10.1       67.6 130.0 18:26:48.241155
      67.6      9.4       76.9 140.0 18:26:49.517714
      76.9      7.3       84.2 150.0 18:26:50.527425
      84.2      4.1       88.3 160.0 18:26:51.085808
      88.3      3.1       91.4 170.0 18:26:51.484991
      91.4      3.0       94.4 180.0 18:26:51.872275
      94.4      3.0       97.4 190.0 18:26:52.251024
      97.4      3.1      100.5 200.0 18:26:52.645865
     100.5      3.2      103.8 210.0 18:26:53.077444
     103.8      3.2      107.0 220.0 18:26:53.494100
     107.0      3.0      110.0 230.0 18:26:53.874129
     110.0      3.0      113.0 240.0 18:26:54.253846
     113.0      3.0      116.0 250.0 18:26:54.631083
     116.0      3.0      119.0 260.0 18:26:55.011763
     119.0      3.0      122.0 270.0 18:26:55.391963
     122.0      3.0      125.0 280.0 18:26:55.769435
     125.0      3.0      128.0 290.0 18:26:56.149999
     128.0      3.0      131.0 300.0 18:26:56.527484
     131.0      6.8      137.8 310.0 18:26:57.451895
     137.8      7.7      145.5 320.0 18:26:58.505386
     145.5      7.9      153.4 330.0 18:26:59.548117
     153.4      7.5      160.9 340.0 18:27:00.544431
     160.9      6.1      167.0 350.0 18:27:01.393711
     167.0      3.7      170.7 360.0 18:27:01.884667
     170.7      3.1      173.8 370.0 18:27:02.280286
     173.8      3.1      177.0 380.0 18:27:02.692483
     177.0      3.0      180.0 390.0 18:27:03.086051
     180.0      3.0      183.0 400.0 18:27:03.464734
     183.0      3.4      186.5 410.0 18:27:03.925053
     186.5      3.2      189.7 420.0 18:27:04.345227
     189.7      3.0      192.7 430.0 18:27:04.724965
     192.7      3.0      195.7 440.0 18:27:05.103963
     195.7      3.0      198.6 450.0 18:27:05.479600
     198.6      3.0      201.6 460.0 18:27:05.857686
     201.6      3.0      204.6 470.0 18:27:06.235844
     204.6      3.0      207.6 480.0 18:27:06.611387
     207.6      3.0      210.6 490.0 18:27:06.992001
     210.6      3.0      213.6 500.0 18:27:07.368342
     213.6      6.3      219.8 510.0 18:27:08.216672
     219.8      7.1      226.9 520.0 18:27:09.176904
     226.9      7.1      234.0 530.0 18:27:10.134674
     234.0      6.6      240.6 540.0 18:27:11.020780
     240.6      5.9      246.5 550.0 18:27:11.838698
     246.5      4.0      250.5 560.0 18:27:12.393098
     250.5      3.0      253.5 570.0 18:27:12.778168
     253.5      3.0      256.5 580.0 18:27:13.165044
     256.5      3.0      259.5 590.0 18:27:13.545404
     259.5      3.0      262.5 600.0 18:27:13.929169
     262.5      3.0      265.4 610.0 18:27:14.313433
     265.4      3.0      268.4 620.0 18:27:14.693241
     268.4      3.0      271.4 630.0 18:27:15.076860
     271.4      3.0      274.4 640.0 18:27:15.461386
     274.4      3.0      277.4 650.0 18:27:15.837023
     277.4      3.0      280.4 660.0 18:27:16.219532
     280.4      3.0      283.3 670.0 18:27:16.599777
     283.3      3.0      286.3 680.0 18:27:16.981136
     286.3      3.0      289.3 690.0 18:27:17.365955
     289.3      3.0      292.3 700.0 18:27:17.746349
     292.3      3.0      295.3 710.0 18:27:18.131615
     295.3      3.0      298.3 720.0 18:27:18.516533
     298.3      3.0      301.2 730.0 18:27:18.896719
     301.2      3.0      304.2 740.0 18:27:19.280740
     304.2      3.0      307.2 750.0 18:27:19.664794
     307.2      3.0      310.3 760.0 18:27:20.065284
     310.3      3.0      313.3 770.0 18:27:20.456296
     313.3      3.0      316.2 780.0 18:27:20.840395
     316.2      3.0      319.2 790.0 18:27:21.219965
     319.2      3.0      322.2 800.0 18:27:21.603608
     322.2      3.0      325.2 810.0 18:27:21.984756
     325.2      3.3      328.4 820.0 18:27:22.418025
     328.4      3.0      331.4 830.0 18:27:22.798185
     331.4      3.0      334.4 840.0 18:27:23.175082
     334.4      3.0      337.4 850.0 18:27:23.553082
     337.4      3.0      340.4 860.0 18:27:23.926604
     340.4      3.0      343.4 870.0 18:27:24.303634
     343.4      3.0      346.3 880.0 18:27:24.678800
     346.3      3.0      349.3 890.0 18:27:25.056269
     349.3      3.0      352.3 900.0 18:27:25.434125
     352.3      3.0      355.3 910.0 18:27:25.809094
     355.3      3.0      358.3 920.0 18:27:26.186235
     358.3      3.0      361.2 930.0 18:27:26.561167
     361.2      3.0      364.2 940.0 18:27:26.934942
     364.2      3.0      367.2 950.0 18:27:27.313952
     367.2      3.0      370.2 960.0 18:27:27.688831
     370.2      3.0      373.1 970.0 18:27:28.067182
     373.1      3.0      376.1 980.0 18:27:28.444408
     376.1      3.0      379.1 990.0 18:27:28.819828
