       0.0    398.4      398.4  0.0 12:19:45.443691
     398.4    367.4      765.8 10.0 12:20:31.373742
     765.8    414.7     1180.5 20.0 12:21:23.222914
    1180.5    590.5     1771.1 30.0 12:22:37.503763
    1771.1    589.0     2360.1 40.0 12:23:51.144215
    2360.1    590.1     2950.2 50.0 12:25:05.064716
    2950.2    587.8     3538.0 60.0 12:26:18.591587
    3538.0    578.6     4116.6 70.0 12:27:30.968815
    4116.6    576.2     4692.8 80.0 12:28:43.039460
    4692.8    577.2     5270.0 90.0 12:29:55.233446
    5270.0    587.8     5857.8 100.0 12:31:08.751912
    5857.8    579.3     6437.1 110.0 12:32:21.221416
    6437.1    576.4     7013.5 120.0 12:33:33.515662
    7013.5    585.7     7599.2 130.0 12:34:46.755414
    7599.2    582.3     8181.5 140.0 12:35:59.563420
    8181.5    579.0     8760.5 150.0 12:37:11.967808
    8760.5    579.8     9340.4 160.0 12:38:24.574459
    9340.4    585.6     9925.9 170.0 12:39:38.011101
    9925.9    577.1    10503.1 180.0 12:40:50.240341
   10503.1    575.8    11078.8 190.0 12:42:02.709267
   11078.8    577.3    11656.1 200.0 12:43:15.243154
   11656.1    489.8    12145.9 210.0 12:44:16.699269
   12145.9    385.8    12531.7 220.0 12:45:04.928447
   12531.7    384.6    12916.3 230.0 12:45:53.047212
   12916.3    383.8    13300.1 240.0 12:46:41.180206
   13300.1    385.3    13685.4 250.0 12:47:29.367767
   13685.4    385.0    14070.4 260.0 12:48:17.498322
   14070.4    385.1    14455.4 270.0 12:49:05.651506
   14455.4    385.2    14840.6 280.0 12:49:53.876656
   14840.6    384.1    15224.7 290.0 12:50:42.030394
   15224.7    385.8    15610.5 300.0 12:51:30.266842
   15610.5    382.2    15992.7 310.0 12:52:18.454914
   15992.7    377.2    16369.9 320.0 12:53:06.441658
   16369.9    377.6    16747.5 330.0 12:53:54.457148
   16747.5    389.9    17137.4 340.0 12:54:43.327927
   17137.4    414.8    17552.2 350.0 12:55:35.273271
   17552.2    522.7    18074.9 360.0 12:56:40.659560
   18074.9    585.3    18660.2 370.0 12:57:53.832323
   18660.2    584.3    19244.5 380.0 12:59:07.060082
   19244.5    588.4    19832.8 390.0 13:00:20.622819
   19832.8    589.1    20422.0 400.0 13:01:34.277399
   20422.0    585.1    21007.1 410.0 13:02:47.435953
   21007.1    587.0    21594.1 420.0 13:04:01.009488
   21594.1    591.8    22185.9 430.0 13:05:15.034185
   22185.9    588.2    22774.2 440.0 13:06:28.606418
   22774.2    589.8    23364.0 450.0 13:07:42.391305
   23364.0    591.9    23955.9 460.0 13:08:56.424490
   23955.9    589.0    24544.9 470.0 13:10:10.093287
   24544.9    590.8    25135.7 480.0 13:11:23.990660
   25135.7    588.8    25724.5 490.0 13:12:37.633902
   25724.5    588.1    26312.6 500.0 13:13:51.187633
   26312.6    592.4    26904.9 510.0 13:15:05.278793
   26904.9    589.1    27494.0 520.0 13:16:18.957927
   27494.0    584.8    28078.8 530.0 13:17:32.251866
   28078.8    593.0    28671.8 540.0 13:18:46.385336
   28671.8    589.4    29261.2 550.0 13:20:00.069414
   29261.2    586.1    29847.2 560.0 13:21:13.342060
   29847.2    591.9    30439.2 570.0 13:22:27.349239
   30439.2    589.1    31028.2 580.0 13:23:40.998723
   31028.2    587.2    31615.5 590.0 13:24:54.416614
   31615.5    591.9    32207.4 600.0 13:26:08.432208
   32207.4    585.6    32793.0 610.0 13:27:21.789138
   32793.0    589.0    33382.1 620.0 13:28:35.465404
   33382.1    591.5    33973.5 630.0 13:29:49.446676
   33973.5    585.1    34558.6 640.0 13:31:02.811771
   34558.6    589.7    35148.3 650.0 13:32:16.545665
   35148.3    590.9    35739.2 660.0 13:33:30.420039
   35739.2    587.1    36326.3 670.0 13:34:43.823372
   36326.3    590.0    36916.3 680.0 13:35:57.596356
   36916.3    588.2    37504.5 690.0 13:37:11.263882
   37504.5    586.0    38090.5 700.0 13:38:24.553228
   38090.5    590.9    38681.4 710.0 13:39:38.466803
   38681.4    589.3    39270.6 720.0 13:40:52.173403
   39270.6    586.0    39856.6 730.0 13:42:05.464229
   39856.6    591.4    40448.0 740.0 13:43:19.432568
   40448.0    588.7    41036.7 750.0 13:44:33.062114
   41036.7    586.3    41622.9 760.0 13:45:46.388570
   41622.9    590.4    42213.4 770.0 13:47:00.236160
   42213.4    588.1    42801.5 780.0 13:48:13.795381
   42801.5    586.5    43388.0 790.0 13:49:27.167127
   43388.0    591.8    43979.8 800.0 13:50:41.186348
   43979.8    585.9    44565.7 810.0 13:51:54.462385
   44565.7    587.0    45152.7 820.0 13:53:07.892106
   45152.7    593.3    45746.0 830.0 13:54:22.102007
   45746.0    587.9    46333.9 840.0 13:55:35.626989
   46333.9    587.4    46921.3 850.0 13:56:49.100090
   46921.3    592.4    47513.7 860.0 13:58:03.193509
   47513.7    588.2    48101.9 870.0 13:59:16.758273
   48101.9    589.8    48691.7 880.0 14:00:30.526568
   48691.7    590.2    49281.9 890.0 14:01:44.347535
   49281.9    588.5    49870.4 900.0 14:02:57.957243
   49870.4    592.2    50462.6 910.0 14:04:12.032011
   50462.6    589.7    51052.4 920.0 14:05:25.792427
   51052.4    585.5    51637.8 930.0 14:06:39.022032
   51637.8    592.2    52230.1 940.0 14:07:53.102418
   52230.1    589.5    52819.5 950.0 14:09:06.828454
   52819.5    584.8    53404.3 960.0 14:10:19.971644
   53404.3    590.9    53995.2 970.0 14:11:33.874425
   53995.2    588.8    54584.0 980.0 14:12:47.523318
   54584.0    585.9    55169.9 990.0 14:14:00.805607
