Name: Prefrontal cortex [Glu1], Title: Raster plot from device '20335', Hist: False
213.5 :    1 : [953]
213.6 :    1 : [888]
213.7 :    1 : [911]
213.8 :    1 : [894]
213.9 :    1 : [886]
214.3 :    1 : [967]
214.4 :    5 : [928, 941, 943, 944, 961]
214.5 :    1 : [905]
214.6 :    2 : [952, 971]
214.7 :    2 : [957, 969]
214.8 :    4 : [887, 912, 936, 963]
214.9 :   12 : [889, 892, 893, 913, 915, 926, 929, 933, 948, 950, 955, 970]
215.0 :    2 : [910, 932]
215.1 :    2 : [898, 923]
215.2 :    2 : [890, 973]
215.3 :    7 : [884, 903, 904, 937, 940, 974, 977]
215.4 :    2 : [902, 920]
215.5 :    4 : [882, 899, 947, 954]
215.6 :    3 : [921, 939, 942]
215.7 :    2 : [934, 938]
215.8 :    2 : [895, 975]
215.9 :    1 : [922]
216.0 :    6 : [896, 900, 909, 930, 945, 964]
216.1 :    2 : [907, 927]
216.3 :    1 : [966]
216.6 :    1 : [888]
216.9 :    4 : [891, 894, 931, 951]
217.0 :    5 : [897, 917, 935, 958, 972]
217.1 :    1 : [953]
217.5 :    4 : [911, 943, 961, 965]
217.6 :    2 : [916, 956]
217.7 :   16 : [883, 901, 903, 908, 910, 918, 924, 929, 933, 948, 949, 957, 959, 963, 971, 976]
217.8 :   14 : [887, 889, 906, 913, 914, 926, 932, 936, 941, 946, 950, 955, 969, 970]
217.9 :    6 : [886, 899, 905, 919, 920, 962]
218.0 :   10 : [882, 884, 893, 912, 939, 940, 944, 954, 967, 977]
218.1 :    5 : [885, 902, 925, 968, 973]
218.2 :    6 : [892, 895, 923, 938, 942, 952]
218.3 :    5 : [898, 921, 928, 934, 937]
218.4 :    3 : [945, 947, 974]
218.5 :    2 : [904, 922]
218.6 :    1 : [890]
218.7 :    1 : [964]
218.8 :    1 : [960]
218.9 :    1 : [909]
219.0 :    1 : [930]
219.1 :    1 : [975]
219.2 :    2 : [900, 915]
219.4 :    3 : [888, 896, 966]
219.5 :    2 : [907, 927]
219.7 :    1 : [894]
219.9 :    1 : [953]
220.0 :    5 : [891, 911, 931, 935, 943]
220.1 :    6 : [889, 903, 910, 917, 951, 961]
220.2 :   13 : [887, 897, 901, 924, 929, 933, 941, 948, 955, 963, 965, 970, 976]
220.3 :   13 : [899, 908, 913, 920, 932, 936, 949, 950, 956, 957, 958, 959, 969]
220.4 :    8 : [906, 916, 926, 939, 946, 967, 971, 972]
220.5 :    6 : [882, 884, 912, 914, 940, 962]
220.6 :    4 : [905, 918, 954, 977]
220.7 :    6 : [886, 893, 895, 919, 938, 944]
220.8 :    6 : [883, 892, 902, 925, 945, 952]
220.9 :    2 : [921, 942]
221.0 :    3 : [885, 934, 973]
221.1 :    1 : [968]
221.2 :    5 : [898, 922, 923, 928, 937]
221.3 :    2 : [947, 974]
221.5 :    1 : [964]
222.3 :    2 : [904, 909]
222.5 :    3 : [889, 903, 953]
222.6 :    7 : [894, 901, 910, 924, 930, 943, 955]
222.7 :    6 : [887, 891, 965, 966, 970, 976]
222.8 :   12 : [899, 900, 908, 911, 913, 917, 920, 935, 941, 948, 959, 963]
222.9 :    3 : [933, 951, 975]
223.0 :    6 : [906, 949, 950, 960, 961, 969]
223.1 :    6 : [882, 888, 916, 932, 939, 962]
223.2 :    4 : [884, 931, 946, 956]
223.3 :    4 : [890, 897, 912, 936]
223.4 :    3 : [895, 945, 954]
223.5 :    2 : [940, 967]
223.7 :    1 : [914]
223.8 :    2 : [927, 929]
223.9 :    2 : [938, 957]
224.0 :    1 : [925]
224.2 :    1 : [919]
224.4 :    1 : [905]
224.5 :    1 : [918]
225.1 :    2 : [892, 907]
225.5 :    1 : [901]
225.6 :    2 : [896, 922]
225.7 :    6 : [889, 893, 903, 926, 955, 964]
225.8 :    2 : [902, 920]
225.9 :    3 : [908, 924, 953]
226.0 :    3 : [899, 976, 977]
226.1 :    6 : [887, 910, 913, 941, 944, 948]
226.2 :    7 : [882, 917, 933, 942, 945, 962, 970]
226.3 :    8 : [886, 891, 934, 937, 939, 951, 958, 965]
226.4 :    4 : [956, 959, 963, 968]
226.5 :    6 : [895, 906, 935, 936, 943, 961]
226.6 :    3 : [884, 911, 923]
226.7 :    3 : [921, 929, 932]
226.8 :    2 : [967, 974]
226.9 :    1 : [897]
227.0 :    5 : [894, 912, 931, 954, 972]
227.1 :    1 : [949]
227.2 :    3 : [952, 957, 971]
227.3 :    2 : [883, 940]
227.5 :    1 : [973]
227.7 :    2 : [928, 938]
227.9 :    1 : [890]
229.4 :    1 : [950]
229.5 :    1 : [898]
229.7 :    1 : [910]
229.8 :    1 : [903]
229.9 :    2 : [904, 929]
230.1 :    1 : [933]
230.2 :    3 : [905, 926, 969]
230.3 :    9 : [902, 909, 922, 930, 943, 961, 963, 966, 975]
230.4 :    4 : [888, 916, 936, 948]
230.5 :    2 : [899, 955]
230.6 :    3 : [894, 925, 939]
230.7 :    6 : [884, 927, 931, 945, 957, 970]
230.8 :    5 : [885, 889, 911, 913, 923]
230.9 :    1 : [887]
231.0 :    5 : [882, 900, 941, 942, 971]
231.1 :    2 : [944, 964]
231.2 :    3 : [915, 932, 973]
231.3 :    2 : [976, 977]
231.4 :    1 : [935]
231.5 :    4 : [921, 947, 959, 972]
231.6 :    1 : [953]
231.8 :    2 : [940, 952]
231.9 :    8 : [896, 901, 912, 920, 937, 951, 967, 974]
232.0 :    3 : [891, 946, 956]
232.1 :    2 : [890, 908]
232.6 :    2 : [910, 965]
232.7 :    2 : [917, 928]
232.8 :    3 : [886, 929, 958]
232.9 :    1 : [897]
233.2 :    1 : [892]
233.4 :    2 : [893, 894]
233.5 :    2 : [895, 949]
233.6 :    4 : [888, 907, 943, 950]
233.7 :    2 : [911, 933]
233.8 :    4 : [883, 898, 924, 961]
233.9 :    2 : [934, 936]
234.0 :    3 : [904, 905, 969]
234.1 :    2 : [926, 963]
234.2 :    2 : [957, 960]
234.3 :    1 : [955]
234.5 :    1 : [948]
234.6 :    1 : [970]
234.8 :    1 : [941]
235.1 :    1 : [944]
235.2 :    1 : [923]
235.4 :    4 : [913, 953, 971, 975]
235.5 :    3 : [887, 889, 915]
235.6 :    1 : [903]
235.7 :    1 : [884]
235.8 :    2 : [952, 967]
235.9 :    1 : [894]
236.0 :    1 : [932]
236.1 :    1 : [899]
236.2 :    3 : [912, 922, 928]
236.3 :    5 : [902, 918, 929, 945, 973]
236.4 :    5 : [890, 910, 939, 954, 977]
236.5 :    1 : [911]
236.6 :    2 : [882, 974]
236.7 :    5 : [897, 917, 942, 943, 958]
236.8 :    3 : [921, 940, 947]
236.9 :    3 : [900, 930, 936]
237.0 :    1 : [937]
237.2 :    1 : [933]
237.4 :    1 : [931]
237.9 :    1 : [963]
238.3 :    1 : [926]
238.4 :    2 : [891, 938]
238.5 :    3 : [888, 920, 957]
238.6 :    2 : [886, 949]
238.7 :    1 : [965]
238.9 :    4 : [892, 893, 941, 946]
239.1 :    7 : [894, 904, 927, 953, 961, 966, 967]
239.2 :    3 : [948, 950, 971]
239.3 :    7 : [898, 909, 928, 935, 944, 955, 969]
239.4 :    6 : [889, 905, 911, 912, 952, 972]
239.5 :    2 : [883, 887]
239.6 :    3 : [896, 943, 970]
239.7 :    6 : [884, 910, 913, 915, 929, 964]
239.8 :    1 : [923]
239.9 :    4 : [899, 902, 936, 951]
240.0 :    6 : [903, 932, 933, 973, 975, 976]
240.1 :    5 : [916, 922, 945, 959, 974]
240.2 :    4 : [890, 939, 942, 956]
240.3 :    3 : [930, 940, 977]
240.5 :    3 : [882, 906, 919]
240.6 :    1 : [924]
240.7 :    3 : [908, 921, 963]
240.8 :    1 : [931]
241.1 :    1 : [925]
241.8 :    2 : [901, 937]
241.9 :    3 : [897, 917, 958]
242.3 :    1 : [957]
242.4 :    2 : [895, 926]
242.5 :    3 : [907, 934, 961]
242.6 :    5 : [888, 894, 929, 943, 971]
242.7 :    1 : [910]
242.9 :    1 : [905]
243.0 :    1 : [948]
243.1 :    1 : [933]
243.3 :    1 : [923]
243.4 :    2 : [911, 955]
243.5 :    7 : [886, 902, 904, 941, 944, 950, 969]
243.6 :    3 : [898, 953, 967]
243.7 :    1 : [913]
243.8 :    6 : [887, 912, 927, 928, 936, 947]
243.9 :    2 : [884, 900]
244.0 :    1 : [970]
244.1 :    4 : [889, 892, 893, 952]
244.2 :    1 : [915]
244.6 :    1 : [960]
244.9 :    2 : [899, 974]
245.0 :    1 : [975]
245.1 :    2 : [885, 966]
245.2 :    2 : [891, 932]
245.3 :    2 : [942, 946]
245.6 :    4 : [903, 922, 945, 973]
245.7 :    3 : [939, 940, 949]
245.8 :    4 : [916, 930, 931, 963]
245.9 :    2 : [935, 972]
246.1 :    5 : [890, 894, 910, 929, 943]
246.2 :    5 : [920, 954, 957, 964, 977]
246.3 :    3 : [882, 965, 971]
246.4 :    2 : [909, 961]
246.5 :    8 : [896, 921, 926, 933, 948, 959, 962, 976]
246.6 :    3 : [911, 914, 950]
246.7 :    4 : [902, 938, 951, 956]
246.8 :    2 : [883, 918]
246.9 :    2 : [937, 970]
247.0 :    1 : [955]
247.1 :    3 : [887, 913, 924]
247.2 :    4 : [906, 934, 941, 969]
247.3 :    1 : [893]
247.4 :    1 : [936]
247.5 :    1 : [904]
248.3 :    2 : [884, 947]
248.4 :    1 : [889]
248.5 :    1 : [925]
248.6 :    1 : [912]
248.9 :    1 : [899]
249.2 :    2 : [903, 942]
249.5 :    1 : [944]
249.6 :    4 : [885, 916, 923, 943]
249.7 :    3 : [894, 898, 907]
249.8 :    3 : [919, 932, 939]
249.9 :    2 : [950, 967]
250.1 :    6 : [929, 930, 954, 963, 973, 974]
250.2 :    3 : [910, 920, 961]
250.3 :    7 : [888, 897, 917, 931, 957, 958, 977]
250.4 :    6 : [891, 893, 902, 911, 946, 952]
250.5 :    1 : [915]
250.6 :    4 : [928, 936, 940, 971]
250.7 :    4 : [905, 913, 934, 953]
250.8 :    8 : [887, 904, 926, 933, 938, 945, 955, 969]
250.9 :    6 : [886, 892, 937, 948, 964, 970]
251.0 :    4 : [900, 922, 927, 941]
251.1 :    1 : [882]
251.3 :    2 : [895, 966]
251.5 :    1 : [975]
252.1 :    1 : [884]
252.5 :    1 : [889]
252.7 :    2 : [912, 921]
252.9 :    1 : [890]
253.0 :    1 : [896]
253.1 :    2 : [935, 972]
253.2 :    1 : [943]
253.3 :    1 : [899]
253.4 :    5 : [906, 908, 910, 929, 956]
253.6 :    1 : [894]
253.7 :    2 : [902, 942]
253.8 :    1 : [961]
253.9 :   14 : [903, 909, 911, 931, 936, 939, 944, 949, 950, 957, 959, 963, 965, 976]
254.0 :    7 : [916, 923, 933, 947, 970, 971, 973]
254.1 :    4 : [898, 930, 932, 955]
254.2 :    5 : [888, 945, 948, 951, 969]
254.3 :    1 : [913]
254.4 :    5 : [887, 905, 924, 927, 964]
254.5 :    3 : [926, 941, 967]
254.6 :    5 : [901, 922, 940, 966, 977]
254.7 :    1 : [952]
254.8 :    1 : [904]
255.1 :    1 : [974]
255.2 :    1 : [975]
255.5 :    5 : [883, 886, 915, 928, 953]
255.6 :    1 : [918]
255.7 :    1 : [920]
255.8 :    2 : [891, 893]
256.1 :    4 : [892, 897, 917, 958]
256.2 :    3 : [882, 937, 946]
256.3 :    2 : [884, 889]
256.4 :    1 : [912]
256.6 :    4 : [894, 910, 929, 943]
256.9 :    1 : [911]
257.0 :    2 : [936, 971]
257.4 :    2 : [895, 933]
257.5 :    3 : [899, 957, 961]
257.6 :    2 : [902, 907]
257.7 :    2 : [890, 963]
257.8 :    5 : [888, 900, 934, 944, 950]
257.9 :    3 : [905, 923, 954]
258.0 :    2 : [955, 969]
258.1 :    4 : [898, 913, 914, 973]
258.2 :    1 : [932]
258.3 :    2 : [921, 938]
258.4 :    1 : [970]
258.6 :    1 : [942]
258.7 :    2 : [893, 919]
258.8 :    2 : [926, 962]
259.0 :    1 : [887]
259.2 :    3 : [896, 939, 948]
259.3 :    5 : [886, 904, 931, 953, 967]
259.4 :    3 : [940, 941, 947]
259.5 :    3 : [930, 974, 977]
259.6 :    4 : [915, 916, 920, 960]
259.7 :    2 : [911, 943]
259.8 :    4 : [894, 912, 928, 952]
259.9 :    6 : [906, 910, 922, 929, 936, 971]
260.0 :    2 : [884, 889]
260.1 :    2 : [903, 937]
260.3 :    5 : [927, 935, 945, 972, 975]
260.4 :    3 : [882, 892, 951]
260.5 :    3 : [909, 957, 965]
260.6 :    9 : [891, 897, 917, 933, 956, 958, 963, 964, 966]
260.7 :    3 : [888, 949, 961]
261.0 :    1 : [969]
261.1 :    2 : [890, 905]
261.3 :    1 : [955]
261.4 :    1 : [944]
261.5 :    2 : [913, 918]
261.6 :    1 : [970]
261.7 :    2 : [923, 950]
261.8 :    1 : [973]
262.1 :    1 : [932]
262.5 :    1 : [899]
262.7 :    1 : [883]
262.8 :    1 : [924]
262.9 :    2 : [898, 946]
263.1 :    2 : [911, 967]
263.2 :    2 : [894, 953]
263.3 :    1 : [941]
263.4 :    3 : [887, 893, 902]
263.5 :    3 : [912, 926, 928]
263.6 :    1 : [971]
263.7 :    2 : [889, 936]
263.8 :    3 : [910, 929, 952]
263.9 :    3 : [943, 948, 974]
264.0 :    4 : [884, 886, 895, 900]
264.2 :    2 : [904, 921]
264.3 :    4 : [915, 933, 957, 961]
264.4 :    1 : [888]
264.5 :    1 : [937]
264.6 :    2 : [905, 963]
264.8 :    1 : [892]
265.1 :    1 : [940]
265.2 :    2 : [944, 969]
265.3 :    1 : [955]
265.4 :    1 : [975]
265.5 :    5 : [897, 913, 917, 923, 958]
265.7 :    1 : [947]
265.8 :    1 : [950]
265.9 :    1 : [942]
266.0 :    1 : [960]
266.1 :    1 : [911]
266.3 :    1 : [967]
266.5 :    4 : [890, 894, 970, 977]
266.7 :    2 : [922, 949]
266.8 :    1 : [882]
266.9 :    1 : [941]
267.0 :    3 : [903, 932, 939]
267.1 :    1 : [908]
267.2 :    1 : [920]
267.3 :    6 : [927, 945, 953, 959, 973, 976]
267.4 :    1 : [887]
267.5 :    4 : [896, 943, 966, 971]
267.6 :    1 : [952]
267.7 :    4 : [888, 928, 930, 931]
267.8 :    2 : [907, 965]
267.9 :    4 : [926, 934, 957, 963]
268.0 :    4 : [909, 935, 964, 972]
268.2 :    1 : [961]
268.3 :    3 : [886, 898, 905]
268.4 :    2 : [893, 948]
268.8 :    1 : [969]
268.9 :    1 : [891]
269.0 :    2 : [889, 938]
269.1 :    1 : [915]
269.3 :    2 : [892, 912]
269.4 :    5 : [911, 929, 933, 936, 944]
269.5 :    3 : [899, 918, 967]
269.6 :    2 : [894, 910]
269.7 :    1 : [955]
269.9 :    5 : [884, 895, 904, 913, 974]
270.0 :    3 : [902, 923, 937]
270.1 :    5 : [883, 900, 940, 946, 975]
270.2 :    2 : [941, 950]
270.4 :    2 : [921, 943]
270.5 :    1 : [953]
270.6 :    2 : [888, 971]
270.9 :    1 : [970]
271.5 :    4 : [890, 897, 917, 958]
271.6 :    5 : [887, 951, 957, 963, 973]
271.7 :    3 : [882, 922, 932]
271.8 :    1 : [901]
271.9 :    1 : [961]
272.0 :    4 : [903, 926, 952, 954]
272.1 :    1 : [928]
272.2 :    2 : [945, 977]
272.3 :    1 : [939]
272.5 :    1 : [894]
272.7 :    2 : [947, 948]
272.8 :    2 : [924, 949]
272.9 :    1 : [911]
273.0 :    1 : [967]
273.1 :    2 : [886, 942]
273.2 :    1 : [889]
273.6 :    1 : [941]
274.1 :    1 : [929]
274.3 :    2 : [912, 936]
274.5 :    1 : [910]
274.6 :    1 : [971]
274.9 :    1 : [933]
275.0 :    2 : [884, 974]
275.1 :    2 : [899, 943]
275.4 :    1 : [931]
276.2 :    3 : [898, 905, 944]
276.4 :    5 : [893, 902, 953, 955, 969]
276.5 :    7 : [888, 896, 904, 913, 927, 937, 961]
276.6 :    1 : [957]
276.7 :    1 : [930]
276.8 :    2 : [915, 963]
276.9 :    2 : [892, 966]
277.1 :    2 : [923, 950]
277.4 :    2 : [935, 972]
277.5 :    2 : [926, 973]
277.6 :    3 : [882, 922, 940]
277.7 :    1 : [894]
277.9 :    1 : [921]
278.0 :    2 : [911, 948]
278.1 :    3 : [887, 929, 956]
278.2 :    5 : [890, 910, 939, 970, 971]
278.3 :    6 : [891, 907, 928, 932, 933, 975]
278.4 :    5 : [903, 909, 943, 945, 964]
278.6 :    1 : [936]
278.7 :    3 : [920, 941, 967]
278.8 :    1 : [883]
278.9 :    1 : [965]
279.0 :    1 : [977]
279.1 :    1 : [951]
280.4 :    1 : [899]
280.6 :    4 : [897, 917, 934, 958]
281.1 :    1 : [912]
281.2 :    2 : [929, 931]
281.3 :    5 : [884, 902, 910, 963, 974]
281.4 :    1 : [957]
281.5 :    2 : [889, 952]
281.6 :    1 : [971]
281.7 :    1 : [911]
281.9 :    2 : [894, 942]
282.0 :    2 : [886, 967]
282.1 :    1 : [954]
282.2 :    5 : [904, 926, 936, 937, 943]
282.3 :    1 : [961]
282.4 :    5 : [913, 916, 938, 944, 950]
282.5 :    7 : [887, 893, 900, 928, 947, 953, 955]
282.6 :    3 : [941, 948, 969]
282.7 :    7 : [888, 895, 898, 905, 932, 933, 973]
282.9 :    3 : [882, 892, 915]
283.0 :    2 : [923, 940]
283.1 :    1 : [920]
283.2 :    5 : [906, 914, 918, 946, 970]
283.5 :    1 : [907]
283.7 :    1 : [896]
284.0 :    2 : [930, 977]
284.1 :    4 : [921, 922, 939, 962]
284.3 :    1 : [890]
284.7 :    1 : [891]
284.8 :    4 : [899, 910, 927, 929]
284.9 :    7 : [884, 903, 911, 912, 960, 971, 975]
285.0 :    7 : [894, 902, 949, 957, 959, 974, 976]
285.1 :    3 : [889, 945, 967]
285.2 :    5 : [919, 924, 936, 942, 943]
285.3 :    6 : [931, 934, 935, 963, 966, 972]
285.4 :    5 : [908, 941, 950, 952, 964]
285.5 :    6 : [888, 944, 953, 955, 961, 969]
285.6 :    6 : [886, 887, 904, 928, 956, 965]
285.7 :    5 : [901, 909, 913, 926, 948]
285.8 :    5 : [897, 917, 933, 958, 970]
285.9 :    3 : [883, 893, 932]
286.0 :    2 : [898, 905]
286.1 :    4 : [915, 916, 947, 973]
286.2 :    2 : [885, 937]
286.3 :    3 : [923, 925, 951]
286.7 :    2 : [892, 940]
288.1 :    1 : [895]
288.4 :    1 : [900]
288.5 :    1 : [882]
288.7 :    3 : [894, 943, 961]
288.9 :    3 : [888, 905, 957]
289.0 :    3 : [933, 963, 971]
289.1 :    2 : [922, 929]
289.2 :    1 : [910]
289.3 :    1 : [902]
289.4 :    2 : [911, 927]
289.8 :    1 : [969]
290.0 :    1 : [939]
290.4 :    1 : [955]
291.0 :    4 : [923, 926, 936, 948]
291.1 :    8 : [904, 913, 921, 930, 931, 944, 950, 973]
291.2 :    3 : [890, 896, 937]
291.3 :    1 : [898]
291.4 :    1 : [899]
291.5 :    2 : [884, 967]
291.6 :    1 : [912]
291.7 :    1 : [974]
292.5 :    1 : [945]
292.6 :    2 : [903, 929]
292.7 :    1 : [941]
292.9 :    5 : [887, 910, 942, 970, 977]
293.0 :    3 : [916, 933, 943]
293.1 :    5 : [932, 935, 961, 966, 972]
293.2 :    1 : [889]
293.3 :    5 : [886, 907, 953, 957, 975]
293.4 :    2 : [894, 963]
293.6 :    6 : [902, 905, 915, 928, 940, 971]
293.7 :    6 : [888, 911, 922, 927, 955, 969]
293.8 :    6 : [882, 891, 934, 959, 964, 976]
293.9 :    3 : [893, 946, 952]
294.0 :    1 : [939]
294.1 :    2 : [923, 936]
294.2 :    7 : [892, 897, 917, 944, 950, 958, 967]
294.3 :    1 : [948]
294.4 :    4 : [884, 904, 912, 913]
294.5 :    1 : [931]
294.6 :    5 : [899, 920, 926, 954, 956]
294.7 :    2 : [883, 973]
294.8 :    2 : [898, 937]
294.9 :    2 : [890, 909]
295.1 :    2 : [949, 951]
295.2 :    2 : [930, 974]
295.3 :    2 : [921, 947]
295.5 :    1 : [965]
295.7 :    1 : [903]
296.2 :    1 : [929]
296.4 :    1 : [941]
296.5 :    2 : [894, 901]
296.6 :    1 : [910]
296.7 :    4 : [887, 911, 918, 943]
296.8 :    3 : [889, 967, 971]
297.0 :    5 : [900, 928, 933, 936, 957]
297.1 :    3 : [924, 945, 970]
297.3 :    2 : [896, 977]
297.4 :    1 : [912]
297.5 :    4 : [932, 952, 953, 963]
297.6 :    2 : [888, 961]
297.7 :    4 : [895, 902, 944, 960]
297.8 :    3 : [886, 908, 948]
297.9 :    1 : [955]
298.0 :    4 : [884, 905, 915, 938]
298.1 :    6 : [893, 897, 917, 942, 958, 969]
298.2 :    7 : [892, 913, 922, 926, 940, 950, 975]
298.3 :    2 : [882, 904]
298.4 :    2 : [923, 939]
298.5 :    1 : [973]
298.7 :    1 : [890]
298.9 :    3 : [903, 935, 972]
299.1 :    2 : [899, 966]
299.2 :    3 : [891, 927, 964]
299.3 :    2 : [898, 925]
299.4 :    2 : [894, 931]
299.5 :    4 : [909, 920, 930, 946]
299.6 :    4 : [885, 929, 937, 941]
299.7 :    6 : [906, 911, 943, 959, 974, 976]
299.8 :    7 : [889, 910, 916, 921, 949, 965, 967]
299.9 :    4 : [887, 936, 947, 971]
300.0 :    3 : [883, 957, 970]
300.1 :    2 : [912, 933]
300.2 :    1 : [928]
300.5 :    1 : [956]
300.9 :    1 : [945]
301.1 :    1 : [952]
301.4 :    1 : [963]
301.5 :    3 : [888, 953, 961]
301.6 :    1 : [919]
301.7 :    1 : [944]
301.9 :    1 : [932]
302.0 :    3 : [902, 948, 955]
302.1 :    2 : [886, 905]
302.2 :    3 : [884, 907, 969]
302.3 :    2 : [934, 977]
302.4 :    3 : [923, 950, 951]
302.5 :    1 : [913]
302.6 :    4 : [894, 904, 915, 926]
302.7 :    2 : [893, 911]
302.8 :    5 : [892, 922, 929, 943, 971]
302.9 :    2 : [910, 967]
303.0 :    5 : [898, 936, 940, 941, 973]
303.1 :    4 : [897, 912, 917, 958]
303.2 :    3 : [882, 942, 975]
303.3 :    5 : [889, 928, 933, 957, 974]
303.4 :    1 : [937]
303.5 :    1 : [899]
303.7 :    1 : [887]
303.8 :    1 : [890]
304.8 :    1 : [954]
304.9 :    1 : [939]
305.0 :    4 : [895, 896, 900, 962]
305.1 :    3 : [914, 918, 927]
305.2 :    1 : [931]
305.3 :    5 : [947, 950, 953, 961, 970]
305.4 :    5 : [888, 893, 894, 938, 943]
305.5 :   10 : [886, 891, 905, 920, 924, 930, 944, 946, 960, 969]
305.6 :    5 : [911, 913, 921, 952, 963]
305.7 :    4 : [923, 932, 934, 955]
305.8 :    5 : [884, 902, 915, 967, 971]
305.9 :    5 : [892, 904, 912, 926, 966]
306.0 :    7 : [910, 916, 929, 935, 936, 941, 972]
306.1 :    6 : [898, 906, 907, 948, 949, 977]
306.2 :    1 : [957]
306.3 :    4 : [883, 928, 933, 974]
306.4 :    1 : [889]
306.8 :    2 : [940, 973]
306.9 :    1 : [937]
308.5 :    1 : [882]
308.9 :    2 : [922, 975]
309.1 :    3 : [887, 888, 961]
309.2 :    1 : [953]
309.3 :    5 : [897, 905, 917, 943, 958]
309.4 :    2 : [886, 894]
309.5 :    1 : [911]
309.6 :    2 : [893, 969]
309.7 :    2 : [942, 944]
309.8 :    4 : [899, 915, 941, 967]
309.9 :    5 : [892, 928, 950, 957, 971]
310.0 :    5 : [890, 912, 913, 923, 952]
310.1 :    3 : [933, 945, 955]
310.2 :    2 : [898, 936]
310.3 :    3 : [910, 929, 963]
310.4 :    4 : [884, 889, 904, 926]
310.5 :    3 : [902, 948, 974]
311.0 :    4 : [895, 927, 937, 970]
311.2 :    2 : [931, 932]
311.8 :    1 : [964]
312.0 :    1 : [966]
312.2 :    1 : [973]
312.4 :    2 : [940, 961]
312.7 :    1 : [888]
714.8 :    1 : [901]
715.4 :    1 : [955]
715.8 :    1 : [953]
716.0 :    1 : [920]
716.9 :    9 : [889, 891, 903, 906, 908, 913, 945, 959, 976]
717.0 :    3 : [887, 910, 924]
717.2 :    2 : [884, 899]
717.4 :    1 : [925]
717.6 :    1 : [970]
718.0 :    1 : [914]
718.1 :    6 : [894, 919, 922, 936, 941, 964]
718.2 :    1 : [939]
718.4 :    3 : [892, 895, 911]
718.5 :    3 : [940, 955, 967]
718.6 :    3 : [901, 917, 944]
718.7 :    6 : [912, 916, 929, 943, 950, 957]
718.8 :    4 : [931, 938, 961, 975]
718.9 :    6 : [882, 905, 920, 923, 946, 953]
719.0 :    8 : [888, 893, 918, 928, 937, 942, 966, 974]
719.1 :    6 : [886, 932, 933, 947, 954, 962]
719.2 :    5 : [898, 927, 948, 960, 969]
719.3 :    1 : [963]
719.4 :    3 : [934, 952, 971]
719.5 :    2 : [907, 935]
719.6 :    4 : [902, 904, 915, 926]
720.2 :    1 : [913]
720.6 :    3 : [889, 897, 910]
720.7 :    1 : [977]
720.8 :    2 : [883, 887]
720.9 :    1 : [973]
721.0 :    4 : [884, 930, 958, 972]
721.1 :    5 : [890, 894, 899, 911, 949]
721.2 :    3 : [936, 941, 967]
721.3 :    7 : [891, 900, 909, 943, 945, 951, 970]
721.4 :    8 : [892, 903, 908, 929, 944, 955, 957, 961]
721.5 :    3 : [905, 953, 965]
721.6 :    9 : [888, 895, 901, 912, 921, 922, 940, 959, 976]
721.7 :    7 : [882, 917, 920, 923, 928, 939, 950]
721.8 :    6 : [896, 906, 932, 956, 964, 975]
721.9 :    4 : [893, 914, 933, 937]
722.0 :    4 : [924, 931, 963, 969]
722.1 :    4 : [886, 938, 948, 954]
722.2 :    4 : [918, 947, 968, 971]
722.3 :    1 : [919]
722.4 :    3 : [942, 966, 974]
722.7 :    1 : [898]
722.8 :    3 : [926, 934, 952]
723.0 :    1 : [907]
723.1 :    3 : [902, 904, 915]
723.2 :    1 : [913]
723.3 :    1 : [946]
723.4 :    5 : [889, 910, 916, 927, 935]
723.6 :    2 : [887, 960]
723.7 :    3 : [894, 911, 962]
724.0 :    1 : [943]
724.2 :    4 : [897, 941, 967, 973]
724.3 :    4 : [884, 936, 961, 977]
724.4 :    2 : [929, 957]
724.5 :    3 : [890, 899, 970]
724.6 :    1 : [955]
724.7 :    2 : [903, 953]
724.8 :    5 : [888, 905, 944, 950, 963]
724.9 :    3 : [920, 930, 932]
725.0 :    9 : [883, 891, 892, 893, 909, 940, 945, 954, 958]
725.1 :    5 : [882, 895, 939, 951, 964]
725.2 :    5 : [901, 921, 928, 938, 969]
725.3 :    2 : [908, 914]
725.4 :    5 : [912, 922, 923, 933, 971]
725.5 :    7 : [900, 906, 925, 937, 947, 948, 972]
725.6 :    7 : [886, 896, 917, 959, 965, 975, 976]
725.7 :    2 : [918, 942]
725.8 :    2 : [913, 926]
725.9 :    5 : [898, 919, 924, 931, 974]
726.0 :    3 : [934, 949, 952]
726.1 :    4 : [889, 902, 910, 966]
726.2 :    5 : [894, 904, 907, 911, 915]
726.5 :    1 : [887]
726.7 :    1 : [956]
726.8 :    1 : [943]
727.0 :    1 : [968]
727.2 :    1 : [941]
727.3 :    2 : [957, 970]
727.4 :    4 : [903, 961, 967, 977]
727.5 :    3 : [935, 950, 973]
727.6 :    1 : [929]
727.7 :    2 : [920, 963]
727.9 :    1 : [955]
728.0 :    5 : [885, 893, 916, 932, 954]
728.1 :    1 : [899]
728.2 :    1 : [946]
728.5 :    2 : [927, 953]
728.6 :    4 : [888, 890, 905, 969]
728.7 :    1 : [936]
728.8 :    2 : [884, 944]
728.9 :    2 : [909, 964]
729.0 :    4 : [894, 895, 930, 940]
729.1 :    3 : [923, 939, 945]
729.2 :    2 : [913, 933]
729.3 :    2 : [892, 942]
729.4 :    3 : [882, 948, 971]
729.5 :    4 : [886, 898, 943, 966]
729.6 :    6 : [891, 902, 911, 922, 926, 931]
729.7 :    3 : [910, 921, 975]
729.8 :    6 : [887, 889, 904, 951, 959, 976]
729.9 :    6 : [897, 912, 928, 938, 952, 972]
730.0 :    1 : [937]
730.1 :    2 : [903, 970]
730.2 :    3 : [896, 957, 965]
730.3 :    1 : [908]
730.4 :    1 : [947]
730.5 :    1 : [929]
730.6 :    4 : [915, 941, 973, 974]
730.7 :    1 : [963]
731.0 :    2 : [958, 977]
731.1 :    1 : [967]
731.2 :    2 : [900, 917]
731.3 :    1 : [883]
731.5 :    2 : [949, 961]
732.2 :    2 : [894, 924]
732.3 :    4 : [901, 920, 955, 960]
732.4 :    3 : [899, 950, 953]
732.5 :    3 : [906, 925, 932]
732.6 :    1 : [914]
732.7 :    1 : [936]
732.8 :    1 : [918]
733.1 :    2 : [911, 919]
733.5 :    3 : [903, 935, 940]
733.6 :    2 : [889, 964]
733.7 :    1 : [913]
733.9 :    3 : [888, 943, 970]
734.0 :    1 : [887]
734.1 :    1 : [908]
734.2 :    2 : [890, 941]
734.3 :    1 : [891]
734.4 :    5 : [939, 945, 956, 957, 971]
734.5 :    8 : [882, 892, 893, 910, 928, 929, 944, 948]
734.6 :    4 : [884, 926, 952, 963]
734.7 :    3 : [951, 962, 967]
734.8 :    1 : [909]
734.9 :    1 : [912]
735.0 :    6 : [894, 897, 921, 922, 933, 954]
735.1 :    3 : [907, 947, 973]
735.2 :    3 : [917, 937, 977]
735.3 :    1 : [946]
735.4 :    3 : [942, 958, 974]
735.6 :    2 : [969, 975]
735.7 :    2 : [895, 953]
735.8 :    8 : [886, 899, 904, 905, 955, 959, 961, 976]
735.9 :    3 : [923, 931, 936]
736.0 :    4 : [901, 902, 911, 938]
736.1 :    5 : [883, 898, 920, 950, 966]
736.3 :    3 : [915, 932, 934]
736.7 :    2 : [913, 965]
736.8 :    4 : [903, 914, 930, 940]
736.9 :    2 : [943, 964]
737.0 :    1 : [970]
737.1 :    2 : [889, 918]
737.2 :    2 : [896, 972]
737.3 :    2 : [888, 900]
737.4 :    2 : [941, 949]
737.5 :    2 : [887, 927]
737.6 :    4 : [908, 924, 935, 957]
737.7 :    2 : [894, 945]
737.8 :    4 : [906, 919, 939, 963]
738.0 :    3 : [916, 925, 929]
738.1 :    6 : [884, 891, 910, 948, 952, 960]
738.2 :    2 : [967, 971]
738.3 :    2 : [928, 944]
738.4 :    2 : [912, 953]
738.5 :    3 : [892, 926, 946]
738.6 :    1 : [890]
738.7 :    3 : [917, 936, 942]
738.8 :    2 : [893, 922]
738.9 :    2 : [911, 977]
739.0 :    3 : [886, 947, 955]
739.1 :    1 : [974]
739.3 :    3 : [897, 959, 976]
739.7 :    2 : [899, 975]
739.8 :    2 : [909, 951]
739.9 :    5 : [901, 920, 933, 938, 969]
740.0 :    2 : [903, 954]
740.1 :    2 : [882, 956]
740.2 :    3 : [894, 970, 973]
740.3 :    2 : [889, 913]
740.4 :    2 : [932, 941]
740.5 :    1 : [964]
740.7 :    2 : [887, 908]
740.8 :    1 : [943]
741.0 :    2 : [914, 940]
741.4 :    1 : [895]
741.5 :    1 : [957]
741.6 :    1 : [945]
742.5 :    1 : [966]
742.6 :    3 : [885, 939, 965]
742.7 :    1 : [950]
743.3 :    1 : [931]
743.4 :    1 : [924]
743.8 :    3 : [903, 925, 963]
743.9 :    5 : [894, 899, 929, 955, 970]
744.0 :    2 : [930, 942]
744.1 :    2 : [884, 891]
744.2 :    2 : [921, 952]
744.3 :    5 : [888, 889, 911, 948, 958]
744.4 :    3 : [910, 949, 967]
744.5 :    2 : [883, 941]
744.6 :    9 : [887, 906, 920, 935, 936, 959, 971, 976, 977]
744.7 :    3 : [928, 946, 953]
744.8 :    7 : [912, 916, 917, 943, 947, 961, 969]
744.9 :    7 : [898, 913, 915, 926, 937, 945, 964]
745.0 :    4 : [922, 923, 932, 944]
745.1 :    3 : [905, 957, 972]
745.2 :    2 : [962, 975]
745.3 :    1 : [900]
745.4 :    2 : [897, 974]
745.5 :    2 : [934, 938]
745.6 :    2 : [886, 892]
745.7 :    1 : [890]
746.0 :    1 : [960]
747.1 :    1 : [901]
747.2 :    2 : [893, 919]
747.3 :    2 : [908, 951]
747.4 :    4 : [914, 918, 940, 954]
747.5 :    5 : [894, 904, 911, 933, 967]
747.6 :    4 : [889, 941, 955, 973]
747.7 :    5 : [899, 910, 929, 936, 953]
747.8 :    3 : [909, 920, 939]
747.9 :    5 : [882, 884, 912, 928, 971]
748.0 :    3 : [887, 891, 907]
748.2 :    3 : [903, 913, 917]
748.3 :    3 : [937, 943, 944]
748.4 :    1 : [957]
748.6 :    2 : [902, 924]
748.8 :    2 : [950, 952]
748.9 :    3 : [895, 948, 961]
749.0 :    1 : [888]
749.1 :    6 : [905, 922, 926, 927, 932, 970]
749.2 :    2 : [923, 963]
749.3 :    1 : [931]
749.4 :    1 : [892]
749.5 :    1 : [898]
749.6 :    2 : [886, 915]
749.7 :    2 : [906, 975]
749.8 :    4 : [945, 959, 969, 976]
749.9 :    1 : [974]
750.0 :    1 : [956]
750.3 :    2 : [934, 968]
750.4 :    4 : [947, 953, 965, 966]
750.5 :    6 : [883, 897, 901, 958, 962, 964]
750.6 :    5 : [889, 938, 946, 955, 967]
750.7 :    5 : [893, 894, 911, 925, 941]
750.8 :    2 : [910, 960]
750.9 :    5 : [887, 908, 914, 936, 977]
751.0 :    2 : [920, 935]
751.1 :    2 : [884, 912]
751.2 :    3 : [891, 913, 928]
751.3 :    3 : [899, 900, 949]
751.4 :    1 : [917]
751.5 :    1 : [919]
751.6 :    2 : [940, 944]
751.7 :    1 : [918]
751.9 :    1 : [929]
752.1 :    3 : [903, 954, 971]
752.2 :    1 : [937]
752.3 :    4 : [882, 933, 943, 957]
752.5 :    1 : [890]
752.8 :    1 : [939]
753.5 :    1 : [904]
754.1 :    1 : [961]
754.3 :    1 : [901]
754.4 :    1 : [922]
754.5 :    4 : [895, 921, 951, 955]
754.6 :    1 : [920]
754.7 :    4 : [894, 942, 948, 972]
754.8 :    2 : [926, 963]
754.9 :    4 : [899, 924, 932, 941]
755.0 :    4 : [903, 911, 945, 970]
755.1 :    2 : [907, 973]
755.2 :    2 : [889, 908]
755.4 :    3 : [896, 909, 964]
755.5 :    1 : [910]
756.0 :    1 : [887]
757.0 :    7 : [891, 913, 929, 952, 959, 967, 976]
757.1 :    2 : [936, 953]
757.2 :    1 : [957]
757.3 :    5 : [914, 917, 940, 943, 977]
757.4 :    5 : [892, 905, 906, 938, 965]
757.5 :    2 : [925, 975]
757.6 :    4 : [894, 939, 954, 971]
757.7 :    2 : [888, 903]
757.8 :    4 : [923, 930, 945, 963]
757.9 :    2 : [890, 970]
758.0 :    2 : [933, 966]
758.1 :    5 : [882, 886, 924, 928, 934]
758.2 :    7 : [901, 922, 935, 941, 950, 955, 969]
758.3 :    4 : [919, 926, 948, 961]
758.4 :    4 : [893, 920, 931, 944]
758.5 :    4 : [883, 895, 951, 962]
758.6 :    5 : [884, 898, 900, 908, 932]
758.7 :    7 : [889, 897, 902, 918, 927, 937, 956]
758.8 :    3 : [899, 910, 911]
758.9 :    2 : [947, 964]
759.0 :    1 : [973]
759.1 :    3 : [912, 972, 974]
759.2 :    1 : [887]
759.3 :    1 : [921]
759.6 :    1 : [907]
759.7 :    1 : [916]
759.8 :    1 : [909]
760.2 :    1 : [942]
760.4 :    2 : [904, 929]
760.5 :    2 : [894, 943]
760.6 :    3 : [903, 936, 958]
760.7 :    4 : [913, 915, 957, 967]
760.8 :    4 : [949, 959, 970, 976]
760.9 :    5 : [891, 939, 946, 952, 960]
761.0 :    2 : [941, 953]
761.1 :    3 : [963, 971, 977]
761.2 :    3 : [888, 940, 945]
761.3 :    3 : [928, 955, 975]
761.4 :    4 : [896, 948, 965, 969]
761.5 :    4 : [890, 917, 926, 933]
761.6 :    8 : [886, 892, 905, 911, 930, 944, 950, 961]
761.7 :    4 : [889, 923, 932, 966]
761.8 :    4 : [884, 910, 920, 922]
761.9 :    3 : [882, 893, 925]
762.0 :    3 : [887, 898, 899]
762.1 :    2 : [912, 924]
762.2 :    8 : [901, 902, 906, 927, 931, 935, 937, 973]
762.3 :    7 : [895, 897, 908, 934, 938, 951, 954]
762.5 :    3 : [914, 964, 974]
762.7 :    2 : [883, 919]
762.9 :    4 : [900, 962, 968, 972]
763.2 :    1 : [918]
764.2 :    1 : [894]
764.3 :    1 : [947]
764.4 :    2 : [929, 967]
764.5 :    3 : [903, 936, 953]
764.6 :    4 : [913, 921, 941, 943]
764.7 :    3 : [911, 957, 970]
764.8 :    1 : [956]
764.9 :    1 : [952]
765.0 :    3 : [889, 928, 971]
765.1 :    4 : [887, 888, 909, 955]
765.2 :    3 : [891, 907, 963]
765.4 :    4 : [886, 926, 945, 948]
765.5 :   10 : [892, 917, 920, 932, 940, 944, 959, 969, 975, 976]
765.6 :    3 : [890, 893, 915]
765.7 :    4 : [899, 905, 939, 961]
765.8 :    2 : [895, 901]
765.9 :    1 : [908]
766.0 :    5 : [910, 923, 950, 964, 977]
766.1 :    2 : [882, 966]
766.2 :    1 : [960]
766.3 :    1 : [958]
766.4 :    1 : [933]
766.6 :    1 : [914]
766.7 :    1 : [922]
767.8 :    5 : [894, 924, 951, 965, 973]
768.0 :    1 : [935]
768.2 :    1 : [938]
768.3 :    2 : [903, 949]
768.4 :    1 : [937]
768.5 :    3 : [897, 912, 929]
768.6 :    3 : [942, 943, 963]
768.7 :    8 : [883, 898, 904, 941, 954, 957, 970, 971]
768.8 :   10 : [896, 906, 911, 913, 918, 919, 927, 930, 931, 955]
768.9 :    5 : [887, 920, 926, 936, 948]
769.0 :   10 : [884, 899, 901, 910, 932, 939, 945, 953, 961, 967]
769.1 :   10 : [882, 888, 889, 902, 905, 925, 928, 940, 952, 972]
769.2 :    6 : [890, 891, 895, 900, 921, 944]
769.3 :    8 : [892, 908, 909, 923, 933, 969, 974, 975]
769.4 :    3 : [917, 950, 964]
769.5 :    5 : [886, 893, 947, 959, 976]
769.9 :    1 : [914]
770.0 :    1 : [915]
770.1 :    1 : [966]
770.2 :    1 : [946]
771.1 :    1 : [922]
771.2 :    1 : [977]
771.3 :    2 : [894, 958]
771.5 :    1 : [903]
771.6 :    2 : [916, 970]
771.9 :    2 : [943, 945]
772.0 :    6 : [884, 887, 934, 939, 956, 963]
772.1 :    5 : [899, 924, 929, 941, 955]
772.2 :    6 : [889, 910, 942, 957, 962, 965]
772.3 :    3 : [907, 913, 925]
772.4 :    4 : [936, 948, 960, 973]
772.5 :    2 : [885, 953]
772.6 :    3 : [891, 901, 920]
772.7 :    3 : [951, 959, 976]
772.8 :    6 : [906, 908, 911, 932, 964, 967]
772.9 :    1 : [938]
773.0 :    1 : [912]
773.1 :    1 : [954]
773.2 :    2 : [917, 940]
773.3 :    2 : [919, 975]
773.6 :    7 : [888, 905, 909, 926, 927, 935, 961]
773.7 :    5 : [892, 895, 923, 944, 952]
773.8 :    5 : [914, 930, 931, 933, 969]
773.9 :    2 : [882, 886]
774.0 :    2 : [950, 972]
774.1 :    1 : [898]
774.2 :    1 : [893]
774.4 :    1 : [966]
774.9 :    1 : [894]
775.0 :    3 : [928, 937, 971]
775.1 :    1 : [918]
775.3 :    2 : [890, 900]
775.4 :    2 : [947, 970]
775.5 :    4 : [897, 915, 943, 949]
775.6 :    1 : [941]
775.7 :    3 : [887, 903, 911]
775.8 :    2 : [953, 967]
775.9 :    2 : [889, 955]
776.0 :    3 : [883, 957, 963]
776.2 :    4 : [913, 922, 945, 974]
776.3 :    1 : [936]
776.4 :    5 : [884, 910, 924, 948, 977]
776.5 :    2 : [912, 929]
776.6 :    3 : [917, 946, 965]
776.7 :    1 : [891]
776.9 :    1 : [938]
777.0 :    2 : [920, 921]
777.1 :    2 : [932, 939]
777.2 :    2 : [901, 934]
777.3 :    1 : [904]
777.4 :    3 : [899, 926, 951]
777.5 :    3 : [958, 959, 976]
777.6 :    2 : [954, 973]
777.7 :    1 : [933]
777.8 :    1 : [902]
778.0 :    2 : [888, 960]
778.1 :    5 : [886, 906, 944, 952, 971]
778.3 :    1 : [894]
778.4 :    1 : [975]
778.5 :    3 : [940, 942, 967]
778.6 :    3 : [892, 911, 928]
779.0 :    1 : [941]
779.2 :    1 : [953]
779.6 :    4 : [893, 905, 937, 961]
779.7 :    3 : [887, 889, 898]
779.8 :    1 : [943]
779.9 :    6 : [882, 896, 908, 923, 950, 955]
780.0 :    2 : [914, 969]
780.1 :    2 : [895, 964]
780.2 :    5 : [907, 913, 957, 962, 970]
780.3 :    2 : [915, 925]
780.4 :    1 : [901]
780.6 :    4 : [919, 920, 927, 931]
780.7 :    4 : [899, 903, 918, 936]
780.8 :    9 : [884, 910, 935, 945, 959, 966, 968, 972, 976]
780.9 :    3 : [891, 922, 963]
781.0 :    4 : [912, 916, 924, 947]
781.1 :    3 : [909, 929, 956]
781.2 :    2 : [888, 930]
781.3 :    2 : [897, 917]
781.4 :    1 : [948]
781.5 :    2 : [939, 974]
781.6 :    3 : [894, 906, 934]
781.7 :    2 : [933, 944]
781.8 :    2 : [886, 946]
783.6 :    1 : [953]
783.8 :    2 : [938, 975]
783.9 :    1 : [932]
784.0 :    3 : [941, 954, 955]
784.1 :    5 : [892, 901, 911, 940, 967]
784.2 :    2 : [903, 920]
784.3 :    3 : [894, 951, 977]
784.4 :    2 : [889, 908]
784.5 :    2 : [887, 970]
784.6 :    4 : [890, 899, 964, 965]
784.7 :    1 : [942]
784.8 :    1 : [926]
785.0 :    2 : [913, 943]
785.5 :    5 : [883, 900, 914, 952, 957]
785.6 :    3 : [891, 945, 949]
785.7 :    1 : [928]
785.8 :    1 : [929]
785.9 :    1 : [971]
786.0 :    1 : [960]
786.1 :    1 : [936]
786.3 :    2 : [917, 947]
786.6 :    4 : [910, 924, 959, 976]
786.7 :    1 : [893]
786.8 :    2 : [912, 953]
786.9 :    8 : [884, 888, 906, 925, 939, 948, 963, 973]
787.0 :    1 : [897]
787.1 :    2 : [909, 922]
787.3 :    5 : [887, 894, 903, 958, 967]
787.4 :    3 : [882, 941, 944]
787.5 :    1 : [886]
787.7 :    3 : [889, 905, 970]
787.9 :    1 : [938]
788.1 :    1 : [921]
788.7 :    1 : [977]
788.8 :    1 : [901]
788.9 :    3 : [911, 920, 955]
789.0 :    3 : [895, 937, 951]
789.1 :    6 : [918, 919, 932, 954, 965, 975]
789.2 :    5 : [892, 908, 913, 946, 974]
789.3 :    2 : [899, 962]
789.4 :    2 : [926, 969]
789.5 :    2 : [940, 964]
789.6 :    1 : [953]
789.7 :    2 : [914, 928]
789.8 :    3 : [891, 950, 952]
789.9 :    2 : [943, 966]
790.0 :    4 : [890, 935, 936, 957]
790.1 :    4 : [894, 917, 929, 945]
790.3 :    3 : [915, 947, 971]
790.4 :    2 : [903, 941]
790.5 :    1 : [967]
790.7 :    1 : [887]
791.1 :    1 : [970]
791.3 :    1 : [949]
791.5 :    2 : [910, 924]
792.2 :    4 : [883, 889, 959, 976]
792.3 :    3 : [888, 893, 963]
792.4 :    4 : [923, 933, 948, 961]
792.5 :    3 : [906, 909, 960]
792.6 :    2 : [939, 955]
792.7 :    5 : [882, 898, 901, 920, 972]
792.8 :    2 : [895, 944]
792.9 :    5 : [905, 907, 911, 922, 953]
793.0 :    5 : [894, 904, 912, 913, 943]
793.1 :    4 : [899, 908, 931, 973]
793.2 :    2 : [892, 957]
793.3 :    1 : [886]
793.4 :    3 : [929, 930, 940]
793.5 :    2 : [896, 934]
793.6 :    1 : [950]
793.7 :    3 : [902, 936, 937]
793.8 :    5 : [884, 897, 932, 941, 971]
793.9 :    4 : [900, 928, 942, 975]
794.0 :    5 : [918, 926, 927, 958, 967]
794.1 :    3 : [891, 914, 969]
794.4 :    3 : [887, 956, 964]
794.5 :    5 : [917, 945, 952, 966, 974]
794.6 :    2 : [903, 915]
794.7 :    2 : [919, 935]
794.8 :    2 : [925, 970]
795.1 :    1 : [910]
795.2 :    2 : [916, 947]
795.3 :    3 : [889, 946, 977]
795.4 :    2 : [890, 921]
795.5 :    1 : [938]
795.7 :    2 : [894, 951]
795.8 :    2 : [949, 965]
795.9 :    1 : [955]
796.0 :    4 : [920, 959, 963, 976]
796.1 :    5 : [899, 911, 939, 943, 948]
796.2 :    3 : [901, 924, 954]
796.3 :    2 : [929, 957]
796.4 :    2 : [913, 933]
796.5 :    2 : [882, 908]
796.6 :    4 : [909, 922, 961, 973]
796.7 :    3 : [888, 936, 940]
796.8 :    1 : [941]
797.0 :    3 : [883, 931, 971]
797.6 :    1 : [962]
797.7 :    4 : [885, 912, 944, 967]
797.8 :    5 : [884, 902, 906, 923, 932]
798.0 :    2 : [903, 950]
798.1 :    2 : [930, 942]
798.2 :    3 : [891, 904, 953]
798.3 :    3 : [937, 945, 972]
798.4 :    2 : [887, 970]
798.5 :    2 : [910, 926]
798.7 :    2 : [889, 898]
798.8 :    4 : [905, 916, 925, 964]
799.2 :    2 : [892, 895]
799.3 :    7 : [914, 934, 955, 959, 968, 975, 976]
799.4 :    2 : [901, 917]
799.5 :    6 : [893, 894, 899, 919, 924, 974]
799.6 :    2 : [928, 960]
799.7 :    5 : [907, 911, 913, 920, 946]
799.8 :    6 : [897, 929, 936, 939, 941, 966]
799.9 :    1 : [943]
800.0 :    7 : [908, 938, 948, 952, 956, 957, 977]
800.1 :    8 : [886, 918, 922, 935, 947, 954, 963, 969]
800.2 :    5 : [933, 940, 951, 958, 971]
800.3 :    3 : [882, 965, 967]
800.5 :    1 : [961]
800.7 :    4 : [903, 912, 921, 973]
800.8 :    2 : [883, 890]
800.9 :    2 : [888, 949]
801.1 :    1 : [932]
801.2 :    2 : [884, 931]
802.5 :    1 : [944]
802.6 :    1 : [887]
802.7 :    2 : [915, 953]
802.8 :    3 : [889, 900, 910]
803.0 :    2 : [894, 970]
803.1 :    2 : [891, 911]
803.2 :    2 : [909, 942]
803.3 :    3 : [941, 945, 967]
803.4 :    5 : [899, 906, 927, 950, 955]
803.6 :    4 : [920, 928, 936, 952]
803.7 :    1 : [964]
803.8 :    5 : [892, 901, 903, 943, 946]
803.9 :    2 : [913, 947]
804.0 :    2 : [959, 976]
804.1 :    2 : [914, 940]
804.2 :    3 : [908, 917, 929]
804.6 :    1 : [925]
804.7 :    2 : [937, 974]
804.9 :    1 : [939]
805.0 :    1 : [957]
806.0 :    1 : [912]
806.1 :    5 : [884, 893, 924, 960, 975]
806.2 :    2 : [926, 969]
806.3 :    2 : [894, 971]
806.4 :    7 : [888, 897, 904, 932, 948, 949, 977]
806.5 :    4 : [918, 958, 965, 966]
806.6 :    3 : [911, 930, 941]
806.7 :    3 : [889, 952, 967]
806.8 :    1 : [887]
806.9 :    2 : [938, 970]
807.0 :    1 : [963]
807.1 :    2 : [903, 928]
807.2 :    1 : [886]
807.4 :    1 : [953]
807.8 :    1 : [890]
808.0 :    1 : [920]
808.1 :    1 : [943]
808.2 :    4 : [885, 899, 916, 936]
808.3 :    2 : [942, 947]
808.4 :    1 : [955]
808.5 :    2 : [945, 964]
808.6 :    5 : [883, 891, 919, 922, 935]
808.7 :    7 : [895, 898, 913, 931, 944, 946, 973]
808.8 :    3 : [882, 910, 929]
808.9 :    5 : [901, 923, 940, 959, 976]
809.0 :    1 : [909]
809.1 :    2 : [908, 950]
809.3 :    3 : [892, 906, 951]
809.5 :    1 : [939]
809.6 :    1 : [894]
809.7 :    1 : [914]
810.1 :    1 : [961]
810.2 :    3 : [915, 925, 957]
810.3 :    2 : [911, 917]
810.4 :    4 : [889, 933, 941, 972]
810.5 :    7 : [884, 888, 905, 927, 969, 970, 975]
810.6 :    4 : [887, 932, 953, 966]
810.7 :    4 : [893, 903, 952, 967]
810.8 :    2 : [928, 943]
810.9 :    4 : [886, 900, 963, 971]
811.0 :    1 : [948]
811.1 :    2 : [912, 924]
811.2 :    5 : [896, 918, 926, 954, 974]
811.3 :    1 : [977]
811.4 :    3 : [937, 956, 965]
811.5 :    5 : [890, 920, 936, 945, 955]
811.6 :    3 : [938, 949, 960]
811.7 :    1 : [897]
811.8 :    1 : [962]
811.9 :    1 : [913]
812.1 :    1 : [910]
812.4 :    1 : [934]
812.6 :    1 : [891]
