Name: Prefrontal cortex [Glu0], Title: Raster plot from device '20334', Hist: False
213.5 :    1 : [793]
213.7 :    1 : [877]
213.8 :    1 : [823]
213.9 :    1 : [828]
214.3 :    2 : [788, 854]
214.4 :    3 : [796, 816, 881]
214.5 :    3 : [801, 821, 876]
214.6 :    3 : [792, 798, 832]
214.7 :    2 : [806, 848]
214.8 :    6 : [794, 814, 820, 840, 842, 879]
214.9 :    5 : [817, 826, 833, 861, 873]
215.0 :    7 : [791, 797, 803, 807, 818, 824, 856]
215.1 :    2 : [790, 864]
215.2 :    2 : [815, 860]
215.3 :    8 : [799, 800, 802, 836, 853, 858, 867, 874]
215.4 :    5 : [810, 819, 837, 852, 878]
215.5 :    2 : [825, 850]
215.8 :    2 : [846, 855]
215.9 :    3 : [829, 835, 847]
216.0 :    5 : [822, 838, 843, 866, 872]
216.1 :    1 : [834]
216.3 :    1 : [831]
216.8 :    1 : [869]
216.9 :    5 : [793, 828, 859, 863, 871]
217.1 :    2 : [849, 870]
217.2 :    1 : [854]
217.4 :    1 : [805]
217.5 :    1 : [801]
217.6 :    8 : [787, 798, 811, 823, 827, 848, 879, 880]
217.7 :    7 : [786, 806, 814, 820, 840, 877, 881]
217.8 :   11 : [788, 797, 802, 808, 826, 842, 845, 865, 873, 874, 876]
217.9 :   19 : [789, 791, 795, 803, 807, 809, 810, 815, 819, 821, 824, 830, 833, 844, 856, 860, 861, 862, 864]
218.0 :   10 : [790, 792, 794, 800, 812, 816, 832, 839, 841, 852]
218.1 :    9 : [796, 799, 813, 825, 837, 853, 858, 867, 868]
218.2 :    6 : [836, 846, 850, 851, 875, 878]
218.3 :    2 : [818, 857]
218.4 :    1 : [817]
218.5 :    1 : [872]
218.8 :    1 : [822]
219.0 :    4 : [835, 838, 847, 866]
219.2 :    1 : [831]
219.3 :    1 : [855]
219.4 :    1 : [829]
219.5 :    1 : [843]
219.7 :    2 : [828, 854]
219.8 :    1 : [793]
219.9 :    2 : [801, 871]
220.0 :    5 : [823, 834, 859, 863, 869]
220.1 :    7 : [806, 811, 848, 870, 877, 879, 881]
220.2 :    7 : [798, 802, 814, 820, 840, 873, 880]
220.3 :    9 : [788, 789, 797, 805, 833, 842, 865, 874, 876]
220.4 :   12 : [786, 791, 807, 815, 816, 819, 824, 826, 827, 849, 856, 860]
220.5 :    9 : [787, 790, 792, 795, 821, 832, 846, 861, 864]
220.6 :    6 : [794, 799, 803, 810, 852, 858]
220.7 :    5 : [796, 800, 837, 853, 867]
220.8 :    3 : [825, 839, 841]
220.9 :    6 : [808, 830, 836, 844, 850, 878]
221.0 :    3 : [845, 851, 872]
221.1 :    1 : [868]
221.3 :    3 : [809, 818, 862]
221.5 :    1 : [812]
221.7 :    2 : [817, 857]
222.1 :    1 : [822]
222.4 :    1 : [823]
222.5 :    7 : [801, 811, 831, 835, 838, 866, 871]
222.6 :    4 : [847, 848, 854, 877]
222.7 :   10 : [793, 797, 806, 833, 840, 863, 873, 879, 880, 881]
222.8 :    3 : [802, 814, 859]
222.9 :    4 : [789, 820, 846, 869]
223.0 :   10 : [798, 807, 813, 816, 819, 843, 860, 870, 874, 876]
223.1 :    8 : [786, 795, 805, 815, 842, 855, 865, 875]
223.2 :    1 : [829]
223.3 :    1 : [792]
223.4 :    2 : [799, 826]
223.5 :    1 : [827]
223.6 :    2 : [791, 852]
223.7 :    3 : [790, 803, 858]
223.8 :    2 : [828, 872]
223.9 :    1 : [832]
224.1 :    2 : [787, 841]
224.4 :    1 : [867]
224.6 :    1 : [853]
225.1 :    3 : [796, 821, 856]
225.2 :    2 : [788, 839]
225.4 :    2 : [810, 836]
225.5 :    1 : [837]
225.6 :    1 : [811]
225.7 :    4 : [824, 851, 861, 864]
225.8 :    5 : [823, 825, 871, 873, 877]
225.9 :    3 : [794, 801, 845]
226.0 :    1 : [846]
226.1 :    5 : [789, 797, 816, 833, 880]
226.2 :    8 : [798, 820, 830, 831, 840, 848, 863, 879]
226.3 :   10 : [800, 806, 819, 822, 835, 844, 854, 865, 874, 876]
226.4 :    4 : [807, 849, 850, 869]
226.5 :    5 : [791, 814, 838, 842, 881]
226.6 :    1 : [860]
226.7 :    2 : [857, 878]
226.8 :    4 : [786, 799, 843, 870]
226.9 :    1 : [805]
227.0 :    1 : [802]
227.1 :    3 : [808, 829, 866]
227.2 :    3 : [793, 815, 859]
227.3 :    2 : [795, 847]
227.4 :    1 : [826]
227.5 :    3 : [790, 803, 858]
228.0 :    1 : [832]
228.5 :    1 : [828]
229.5 :    2 : [801, 817]
229.9 :    2 : [791, 854]
230.1 :    4 : [798, 852, 864, 873]
230.2 :    1 : [879]
230.3 :    5 : [820, 840, 848, 872, 874]
230.4 :    2 : [827, 867]
230.5 :    4 : [797, 814, 833, 881]
230.6 :    7 : [807, 809, 821, 823, 835, 836, 856]
230.7 :    5 : [802, 806, 810, 822, 846]
230.8 :    3 : [788, 819, 838]
230.9 :    3 : [793, 859, 876]
231.0 :    2 : [812, 824]
231.1 :    3 : [842, 850, 861]
231.2 :    5 : [792, 826, 841, 855, 880]
231.3 :    6 : [815, 828, 831, 866, 871, 877]
231.4 :    3 : [790, 825, 860]
231.5 :    2 : [800, 875]
231.6 :    1 : [837]
231.8 :    2 : [794, 803]
231.9 :    6 : [799, 805, 816, 818, 863, 869]
232.0 :    2 : [829, 830]
232.1 :    1 : [870]
232.2 :    1 : [786]
232.3 :    2 : [801, 811]
232.7 :    1 : [858]
232.8 :    3 : [787, 796, 854]
232.9 :    1 : [832]
233.0 :    1 : [791]
233.1 :    1 : [878]
233.2 :    1 : [865]
233.3 :    2 : [843, 849]
233.4 :    1 : [853]
233.5 :    2 : [817, 862]
233.6 :    4 : [798, 813, 823, 847]
233.7 :    2 : [879, 881]
233.8 :    2 : [793, 848]
233.9 :    2 : [808, 820]
234.0 :    3 : [840, 845, 873]
234.1 :    3 : [788, 814, 821]
234.2 :    1 : [828]
234.3 :    1 : [806]
234.4 :    1 : [876]
234.5 :    1 : [833]
235.4 :    2 : [789, 877]
235.6 :    7 : [792, 795, 807, 842, 856, 864, 868]
235.7 :    4 : [797, 824, 861, 867]
235.8 :    2 : [826, 835]
235.9 :    2 : [852, 872]
236.0 :    3 : [802, 839, 855]
236.1 :    4 : [790, 801, 815, 816]
236.2 :    2 : [794, 846]
236.3 :    3 : [836, 854, 874]
236.4 :    2 : [837, 860]
236.5 :    5 : [791, 796, 800, 810, 850]
236.6 :    3 : [799, 859, 866]
236.7 :    3 : [820, 823, 858]
236.9 :    2 : [793, 879]
237.0 :    2 : [798, 840]
237.1 :    2 : [817, 829]
237.2 :    1 : [832]
237.3 :    2 : [819, 871]
237.5 :    1 : [848]
238.3 :    2 : [788, 881]
238.4 :    1 : [863]
238.5 :    3 : [806, 818, 825]
238.7 :    1 : [878]
238.9 :    1 : [873]
239.0 :    7 : [803, 814, 822, 828, 838, 853, 877]
239.1 :    1 : [870]
239.2 :    2 : [792, 821]
239.3 :    6 : [801, 831, 843, 849, 854, 876]
239.4 :    3 : [794, 816, 869]
239.5 :    1 : [875]
239.6 :    2 : [833, 880]
239.7 :    5 : [793, 807, 811, 842, 861]
239.8 :    9 : [791, 796, 798, 812, 823, 835, 855, 865, 879]
239.9 :    6 : [802, 805, 820, 824, 826, 856]
240.0 :    7 : [790, 797, 827, 840, 864, 867, 874]
240.1 :    6 : [799, 815, 836, 846, 859, 872]
240.2 :    4 : [809, 830, 848, 860]
240.3 :    4 : [786, 787, 850, 866]
240.4 :    1 : [800]
240.5 :    3 : [810, 819, 858]
240.7 :    2 : [847, 852]
240.9 :    1 : [837]
241.0 :    1 : [813]
241.1 :    1 : [817]
241.9 :    2 : [829, 881]
242.0 :    1 : [871]
242.3 :    4 : [801, 806, 808, 854]
242.4 :    1 : [832]
242.5 :    1 : [845]
242.6 :    2 : [798, 873]
242.7 :    2 : [828, 844]
242.8 :    1 : [814]
242.9 :    1 : [788]
243.0 :    2 : [821, 879]
243.1 :    3 : [791, 833, 848]
243.2 :    1 : [876]
243.5 :    1 : [793]
243.6 :    2 : [807, 842]
243.7 :    5 : [789, 820, 823, 838, 862]
243.8 :    6 : [794, 795, 803, 816, 835, 877]
243.9 :    1 : [796]
244.0 :    2 : [840, 861]
244.2 :    1 : [818]
244.3 :    2 : [792, 855]
244.5 :    1 : [836]
244.8 :    2 : [822, 825]
244.9 :    4 : [799, 802, 826, 870]
245.0 :    1 : [824]
245.1 :    4 : [797, 856, 859, 872]
245.2 :    5 : [790, 841, 863, 874, 881]
245.3 :    1 : [867]
245.4 :    3 : [815, 846, 875]
245.6 :    2 : [801, 860]
245.7 :    1 : [858]
245.9 :    3 : [819, 854, 864]
246.0 :    1 : [805]
246.1 :    4 : [806, 814, 843, 849]
246.2 :    8 : [800, 811, 817, 850, 866, 869, 878, 879]
246.3 :    5 : [810, 831, 848, 865, 880]
246.4 :    3 : [791, 812, 853]
246.5 :    4 : [820, 828, 842, 868]
246.6 :    3 : [793, 834, 871]
246.7 :    2 : [798, 803]
246.9 :    4 : [807, 837, 861, 873]
247.0 :    1 : [840]
247.1 :    3 : [787, 852, 876]
247.2 :    2 : [788, 823]
247.3 :    1 : [833]
247.4 :    1 : [832]
247.6 :    1 : [877]
248.0 :    1 : [818]
248.3 :    1 : [830]
248.4 :    1 : [802]
248.6 :    1 : [794]
248.7 :    1 : [838]
248.8 :    1 : [859]
248.9 :    1 : [786]
249.0 :    3 : [822, 835, 881]
249.1 :    1 : [792]
249.2 :    1 : [801]
249.4 :    1 : [872]
249.5 :    2 : [825, 874]
249.7 :    4 : [815, 819, 841, 848]
249.8 :    5 : [797, 826, 851, 854, 856]
249.9 :    2 : [814, 857]
250.0 :    2 : [806, 879]
250.1 :    3 : [799, 842, 860]
250.2 :    3 : [793, 803, 829]
250.3 :    4 : [790, 800, 810, 861]
250.4 :    6 : [796, 816, 821, 824, 863, 878]
250.5 :    6 : [791, 805, 836, 858, 867, 876]
250.6 :    1 : [788]
250.7 :    3 : [807, 820, 875]
250.8 :    4 : [811, 823, 844, 847]
250.9 :    6 : [798, 817, 828, 832, 853, 877]
251.0 :    2 : [813, 850]
251.1 :    4 : [827, 833, 834, 840]
251.2 :    2 : [809, 871]
251.3 :    2 : [855, 870]
251.4 :    3 : [818, 843, 846]
251.6 :    1 : [873]
252.6 :    1 : [864]
252.7 :    2 : [794, 869]
252.8 :    1 : [801]
253.0 :    2 : [854, 866]
253.2 :    3 : [802, 849, 881]
253.3 :    4 : [787, 835, 838, 865]
253.4 :    3 : [848, 874, 879]
253.5 :    1 : [859]
253.6 :    2 : [791, 822]
253.8 :    4 : [808, 812, 814, 819]
253.9 :    4 : [793, 806, 831, 880]
254.0 :    4 : [797, 837, 852, 872]
254.1 :    3 : [826, 828, 845]
254.2 :    8 : [798, 807, 815, 820, 821, 823, 840, 842]
254.3 :    6 : [790, 810, 824, 825, 833, 856]
254.4 :    3 : [836, 860, 861]
254.5 :    5 : [786, 803, 850, 867, 876]
254.6 :    2 : [792, 800]
254.7 :    2 : [873, 877]
254.8 :    1 : [846]
255.1 :    1 : [799]
255.5 :    3 : [788, 816, 829]
255.6 :    2 : [832, 858]
255.7 :    3 : [795, 796, 817]
255.8 :    3 : [789, 818, 863]
256.1 :    2 : [839, 875]
256.2 :    3 : [801, 830, 868]
256.3 :    3 : [805, 854, 871]
256.4 :    3 : [794, 855, 870]
256.6 :    1 : [878]
256.7 :    2 : [791, 881]
256.8 :    1 : [879]
256.9 :    1 : [864]
257.3 :    1 : [793]
257.4 :    5 : [835, 843, 847, 848, 862]
257.5 :    3 : [798, 811, 827]
257.6 :    1 : [853]
257.8 :    3 : [814, 828, 874]
257.9 :    4 : [802, 806, 842, 876]
258.0 :    4 : [797, 813, 820, 821]
258.1 :    6 : [803, 819, 823, 833, 838, 861]
258.2 :    2 : [807, 836]
258.4 :    1 : [834]
258.6 :    2 : [826, 860]
259.0 :    1 : [856]
259.1 :    1 : [815]
259.2 :    4 : [818, 822, 840, 869]
259.3 :    7 : [790, 792, 825, 832, 859, 873, 877]
259.4 :    5 : [788, 801, 849, 854, 867]
259.5 :    2 : [799, 800]
259.6 :    2 : [787, 796]
259.7 :    2 : [810, 817]
259.8 :    3 : [794, 816, 824]
259.9 :    2 : [791, 866]
260.0 :    2 : [850, 858]
260.1 :    6 : [793, 829, 837, 852, 872, 879]
260.2 :    1 : [846]
260.3 :    1 : [881]
260.4 :    4 : [809, 844, 864, 865]
260.5 :    3 : [828, 848, 878]
260.6 :    5 : [798, 820, 831, 855, 863]
260.7 :    1 : [806]
260.8 :    2 : [814, 842]
260.9 :    1 : [823]
261.0 :    2 : [797, 880]
261.1 :    1 : [876]
261.2 :    2 : [833, 871]
261.4 :    2 : [821, 845]
261.7 :    1 : [803]
262.4 :    2 : [835, 861]
262.5 :    3 : [789, 795, 870]
262.6 :    1 : [802]
262.7 :    1 : [853]
262.8 :    1 : [807]
262.9 :    2 : [868, 877]
263.0 :    1 : [826]
263.1 :    1 : [792]
263.2 :    1 : [793]
263.3 :    1 : [843]
263.4 :    2 : [788, 801]
263.5 :    3 : [794, 854, 874]
263.6 :    3 : [796, 816, 836]
263.7 :    2 : [840, 856]
263.8 :    1 : [791]
263.9 :    1 : [799]
264.0 :    4 : [786, 805, 860, 879]
264.1 :    4 : [817, 832, 847, 881]
264.2 :    3 : [798, 838, 873]
264.4 :    3 : [824, 848, 875]
264.5 :    4 : [790, 820, 828, 829]
264.7 :    2 : [818, 876]
264.9 :    2 : [819, 821]
265.0 :    4 : [814, 823, 833, 842]
265.1 :    4 : [806, 855, 858, 867]
265.2 :    2 : [849, 862]
265.3 :    1 : [827]
265.4 :    1 : [811]
265.5 :    2 : [813, 815]
265.9 :    1 : [877]
266.4 :    1 : [793]
266.5 :    5 : [792, 800, 812, 825, 864]
266.6 :    3 : [797, 837, 846]
266.8 :    2 : [859, 861]
266.9 :    2 : [839, 872]
267.1 :    3 : [850, 852, 866]
267.2 :    1 : [826]
267.3 :    3 : [803, 808, 810]
267.5 :    4 : [822, 828, 831, 840]
267.6 :    2 : [820, 854]
267.7 :    1 : [848]
267.8 :    1 : [801]
268.0 :    2 : [787, 873]
268.1 :    2 : [798, 807]
268.3 :    2 : [832, 881]
268.4 :    1 : [824]
268.8 :    4 : [788, 823, 833, 853]
268.9 :    6 : [789, 796, 816, 856, 863, 878]
269.0 :    6 : [795, 802, 814, 821, 842, 876]
269.1 :    3 : [790, 806, 817]
269.2 :    1 : [818]
269.3 :    2 : [794, 835]
269.4 :    3 : [871, 877, 879]
269.5 :    2 : [793, 870]
269.6 :    2 : [791, 860]
269.8 :    1 : [869]
269.9 :    4 : [792, 799, 836, 855]
270.0 :    4 : [829, 843, 847, 865]
270.1 :    2 : [867, 868]
270.3 :    1 : [854]
270.4 :    2 : [845, 874]
270.5 :    2 : [849, 861]
270.6 :    2 : [828, 858]
270.7 :    2 : [838, 848]
270.9 :    1 : [862]
271.0 :    1 : [801]
271.3 :    3 : [797, 827, 864]
271.5 :    5 : [798, 815, 820, 840, 846]
271.6 :    2 : [826, 880]
271.7 :    2 : [803, 809]
271.8 :    1 : [873]
272.0 :    3 : [830, 837, 852]
272.1 :    2 : [850, 866]
272.2 :    1 : [800]
272.5 :    1 : [810]
272.6 :    3 : [806, 823, 824]
272.7 :    2 : [877, 881]
272.8 :    1 : [825]
272.9 :    2 : [793, 832]
273.1 :    2 : [807, 856]
273.2 :    3 : [814, 842, 872]
273.3 :    1 : [792]
273.4 :    1 : [788]
273.5 :    1 : [859]
273.8 :    2 : [796, 816]
274.1 :    1 : [817]
274.3 :    2 : [790, 794]
274.5 :    4 : [791, 802, 819, 879]
274.6 :    1 : [854]
274.8 :    1 : [801]
275.0 :    1 : [799]
276.2 :    1 : [798]
276.3 :    4 : [821, 833, 835, 876]
276.4 :    1 : [848]
276.5 :    2 : [822, 829]
276.6 :    2 : [828, 861]
276.7 :    1 : [855]
276.8 :    1 : [836]
276.9 :    2 : [831, 873]
277.0 :    2 : [818, 820]
277.4 :    4 : [786, 840, 860, 874]
277.5 :    1 : [864]
277.6 :    3 : [805, 838, 867]
277.7 :    2 : [797, 854]
277.9 :    3 : [803, 846, 869]
278.1 :    4 : [793, 801, 870, 881]
278.2 :    5 : [791, 807, 814, 826, 842]
278.3 :    6 : [806, 858, 863, 871, 878, 879]
278.4 :    3 : [843, 850, 866]
278.7 :    3 : [810, 823, 824]
278.8 :    1 : [788]
279.0 :    2 : [800, 852]
279.1 :    2 : [790, 880]
280.4 :    2 : [819, 856]
280.6 :    2 : [798, 849]
280.7 :    2 : [802, 875]
280.9 :    3 : [811, 817, 848]
281.1 :    2 : [794, 854]
281.3 :    4 : [791, 799, 801, 820]
281.5 :    1 : [877]
281.6 :    2 : [796, 816]
281.8 :    1 : [832]
281.9 :    1 : [795]
282.0 :    3 : [793, 840, 874]
282.1 :    7 : [789, 792, 815, 859, 861, 865, 879]
282.2 :    3 : [788, 837, 853]
282.4 :    3 : [835, 842, 876]
282.5 :    4 : [806, 807, 828, 829]
282.6 :    9 : [803, 823, 825, 833, 836, 847, 860, 873, 878]
282.7 :    3 : [818, 834, 881]
282.8 :    3 : [797, 821, 858]
282.9 :    4 : [787, 826, 855, 872]
283.0 :    2 : [838, 867]
283.1 :    1 : [845]
283.2 :    2 : [814, 868]
283.3 :    1 : [864]
283.4 :    1 : [813]
283.5 :    1 : [843]
283.7 :    1 : [822]
284.0 :    2 : [790, 800]
284.1 :    1 : [869]
284.2 :    2 : [798, 805]
284.3 :    2 : [848, 854]
284.4 :    1 : [846]
284.5 :    1 : [801]
284.6 :    1 : [850]
284.7 :    6 : [810, 819, 824, 863, 870, 871]
284.8 :    2 : [830, 856]
284.9 :    3 : [791, 794, 802]
285.0 :    3 : [793, 799, 812]
285.1 :    2 : [874, 879]
285.2 :    3 : [816, 859, 877]
285.3 :    8 : [788, 792, 796, 817, 823, 827, 844, 881]
285.4 :    7 : [786, 806, 808, 820, 840, 861, 866]
285.5 :    3 : [831, 835, 852]
285.6 :    3 : [828, 862, 875]
285.7 :    4 : [807, 815, 832, 876]
285.8 :    6 : [809, 821, 825, 833, 842, 849]
285.9 :    4 : [814, 826, 860, 872]
286.0 :    2 : [797, 873]
286.1 :    1 : [839]
286.2 :    2 : [841, 880]
286.3 :    2 : [811, 818]
286.4 :    2 : [837, 858]
286.5 :    2 : [803, 864]
286.7 :    1 : [867]
288.2 :    3 : [836, 847, 853]
288.3 :    1 : [848]
288.4 :    3 : [798, 829, 854]
288.5 :    1 : [855]
288.6 :    3 : [801, 822, 838]
288.9 :    2 : [790, 828]
289.1 :    3 : [833, 846, 879]
289.2 :    3 : [793, 821, 876]
289.3 :    2 : [791, 873]
289.5 :    1 : [881]
289.6 :    1 : [820]
289.8 :    1 : [840]
291.0 :    4 : [788, 807, 814, 874]
291.1 :    3 : [797, 835, 842]
291.4 :    1 : [869]
291.5 :    3 : [819, 843, 864]
291.6 :    1 : [794]
291.7 :    2 : [799, 805]
291.8 :    2 : [854, 878]
291.9 :    4 : [801, 845, 850, 865]
292.5 :    1 : [806]
292.6 :    2 : [798, 802]
292.7 :    1 : [859]
292.9 :    7 : [800, 826, 848, 861, 866, 870, 879]
293.0 :    1 : [816]
293.1 :    3 : [786, 823, 860]
293.2 :    1 : [881]
293.3 :    1 : [822]
293.4 :    2 : [803, 872]
293.5 :    4 : [787, 827, 831, 838]
293.6 :    8 : [793, 817, 821, 824, 833, 836, 867, 875]
293.7 :    8 : [791, 796, 810, 815, 828, 829, 849, 856]
293.8 :    8 : [825, 832, 846, 863, 871, 873, 876, 877]
293.9 :    4 : [813, 814, 840, 858]
294.0 :    2 : [790, 811]
294.1 :    2 : [788, 820]
294.2 :    2 : [835, 855]
294.3 :    4 : [792, 807, 818, 830]
294.4 :    2 : [794, 874]
294.5 :    2 : [789, 854]
294.6 :    4 : [801, 842, 852, 880]
294.7 :    1 : [797]
294.9 :    2 : [795, 864]
295.0 :    1 : [812]
295.2 :    2 : [799, 837]
295.5 :    2 : [806, 819]
296.5 :    4 : [802, 850, 853, 869]
296.6 :    1 : [798]
296.7 :    4 : [823, 826, 843, 879]
296.8 :    2 : [793, 878]
296.9 :    4 : [791, 816, 848, 861]
297.0 :    4 : [788, 868, 877, 881]
297.2 :    2 : [796, 824]
297.3 :    1 : [800]
297.4 :    4 : [794, 805, 840, 859]
297.5 :    5 : [801, 817, 820, 854, 856]
297.6 :    1 : [792]
297.7 :    1 : [828]
297.8 :    9 : [808, 809, 814, 821, 829, 847, 862, 873, 876]
297.9 :    5 : [807, 832, 835, 855, 860]
298.0 :    2 : [858, 866]
298.1 :    3 : [790, 833, 836]
298.2 :    2 : [842, 867]
298.3 :    1 : [803]
298.4 :    6 : [797, 810, 815, 846, 864, 874]
298.6 :    3 : [806, 818, 870]
298.8 :    1 : [852]
299.0 :    1 : [822]
299.1 :    1 : [872]
299.2 :    6 : [825, 831, 838, 863, 865, 871]
299.5 :    5 : [802, 837, 839, 849, 875]
299.6 :    4 : [793, 841, 880, 881]
299.7 :    5 : [789, 799, 819, 823, 879]
299.8 :    2 : [811, 877]
299.9 :    2 : [812, 848]
300.0 :    6 : [786, 787, 791, 801, 816, 826]
300.1 :    6 : [788, 794, 798, 813, 830, 861]
300.2 :    3 : [795, 824, 854]
300.3 :    1 : [859]
300.4 :    2 : [796, 840]
301.1 :    2 : [792, 850]
301.2 :    2 : [820, 856]
301.5 :    2 : [814, 845]
301.6 :    2 : [827, 844]
301.7 :    1 : [828]
301.8 :    1 : [821]
301.9 :    1 : [817]
302.1 :    1 : [876]
302.2 :    2 : [835, 873]
302.3 :    3 : [800, 807, 833]
302.4 :    1 : [829]
302.5 :    3 : [805, 836, 843]
302.6 :    5 : [832, 842, 853, 855, 869]
302.7 :    4 : [793, 801, 806, 860]
302.8 :    3 : [790, 858, 874]
302.9 :    5 : [791, 854, 878, 879, 881]
303.0 :    3 : [788, 797, 867]
303.1 :    4 : [794, 798, 823, 864]
303.2 :    3 : [816, 846, 877]
303.3 :    2 : [799, 848]
303.5 :    2 : [796, 870]
303.6 :    1 : [868]
303.8 :    1 : [803]
303.9 :    1 : [861]
304.7 :    2 : [818, 838]
305.0 :    3 : [815, 819, 834]
305.1 :    2 : [802, 825]
305.2 :    1 : [826]
305.3 :    7 : [789, 792, 822, 840, 842, 872, 876]
305.4 :    6 : [793, 824, 828, 847, 849, 852]
305.5 :    7 : [801, 832, 854, 856, 863, 866, 871]
305.6 :    4 : [811, 820, 837, 859]
305.7 :    6 : [788, 810, 817, 821, 833, 853]
305.8 :    3 : [787, 807, 836]
305.9 :    8 : [794, 798, 806, 814, 823, 860, 877, 881]
306.0 :    3 : [791, 848, 879]
306.1 :    5 : [800, 816, 865, 874, 875]
306.2 :    8 : [797, 829, 831, 835, 843, 855, 873, 878]
306.3 :    2 : [795, 799]
306.4 :    3 : [790, 858, 862]
306.7 :    1 : [796]
306.8 :    1 : [867]
308.6 :    1 : [850]
308.8 :    1 : [803]
308.9 :    1 : [846]
309.0 :    1 : [786]
309.1 :    2 : [813, 861]
309.2 :    1 : [828]
309.3 :    2 : [793, 854]
309.4 :    1 : [876]
309.5 :    1 : [823]
309.6 :    3 : [821, 827, 877]
309.7 :    4 : [788, 832, 864, 870]
309.8 :    4 : [798, 801, 848, 881]
309.9 :    3 : [792, 816, 842]
310.0 :    4 : [794, 796, 818, 833]
310.1 :    3 : [805, 869, 879]
310.2 :    3 : [806, 814, 817]
310.3 :    5 : [791, 820, 836, 840, 855]
310.4 :    2 : [807, 873]
310.5 :    3 : [799, 829, 835]
310.7 :    1 : [845]
311.0 :    1 : [838]
311.1 :    2 : [797, 826]
311.2 :    1 : [853]
311.3 :    2 : [849, 860]
311.4 :    1 : [843]
311.5 :    1 : [790]
311.8 :    2 : [847, 852]
312.0 :    1 : [831]
312.4 :    2 : [862, 867]
715.3 :    1 : [873]
715.6 :    1 : [871]
715.8 :    1 : [811]
716.9 :    5 : [801, 816, 833, 846, 848]
717.0 :    1 : [797]
717.1 :    1 : [881]
717.2 :    2 : [841, 872]
717.4 :    2 : [815, 859]
717.5 :    1 : [802]
717.6 :    1 : [814]
718.0 :    3 : [832, 839, 842]
718.1 :    9 : [799, 819, 831, 835, 851, 858, 860, 863, 877]
718.4 :    3 : [807, 823, 845]
718.5 :    4 : [791, 794, 820, 821]
718.6 :    6 : [788, 793, 795, 796, 806, 853]
718.7 :    6 : [790, 792, 798, 827, 869, 880]
718.8 :    6 : [805, 854, 871, 873, 874, 879]
718.9 :    6 : [786, 811, 836, 840, 856, 876]
719.1 :    3 : [838, 849, 861]
719.2 :    5 : [787, 789, 817, 822, 865]
719.3 :    1 : [829]
719.4 :    2 : [828, 837]
719.5 :    3 : [866, 867, 870]
719.6 :    2 : [801, 847]
719.7 :    2 : [803, 848]
720.0 :    1 : [833]
720.1 :    1 : [816]
720.4 :    1 : [881]
720.6 :    5 : [824, 825, 826, 855, 875]
720.7 :    2 : [800, 868]
720.9 :    2 : [846, 878]
721.0 :    1 : [850]
721.1 :    5 : [818, 843, 852, 862, 877]
721.2 :    5 : [793, 797, 810, 814, 864]
721.3 :   10 : [788, 791, 794, 798, 799, 813, 823, 832, 842, 854]
721.4 :    8 : [796, 806, 815, 820, 821, 835, 872, 873]
721.5 :    5 : [802, 807, 858, 860, 879]
721.6 :    5 : [790, 792, 836, 840, 844]
721.7 :    5 : [812, 819, 871, 874, 876]
721.8 :    4 : [839, 845, 856, 869]
721.9 :    6 : [811, 830, 853, 857, 859, 863]
722.0 :    6 : [808, 809, 817, 828, 831, 861]
722.1 :    1 : [827]
722.2 :    4 : [795, 801, 834, 848]
722.3 :    2 : [803, 805]
722.5 :    1 : [837]
722.9 :    2 : [829, 849]
723.0 :    3 : [822, 838, 841]
723.1 :    4 : [786, 833, 866, 867]
723.2 :    2 : [816, 847]
723.3 :    2 : [880, 881]
723.4 :    1 : [789]
723.5 :    2 : [787, 865]
723.7 :    1 : [870]
723.8 :    2 : [826, 855]
723.9 :    4 : [793, 824, 854, 877]
724.1 :    1 : [798]
724.2 :    1 : [846]
724.3 :    6 : [788, 800, 814, 820, 823, 842]
724.4 :    6 : [791, 797, 806, 818, 825, 864]
724.5 :    2 : [832, 873]
724.6 :    3 : [850, 852, 878]
724.7 :    4 : [794, 810, 815, 840]
724.8 :    2 : [796, 828]
724.9 :   12 : [790, 792, 799, 802, 807, 819, 821, 848, 856, 860, 876, 879]
725.0 :    5 : [801, 858, 861, 868, 874]
725.1 :    4 : [803, 836, 871, 872]
725.2 :    2 : [835, 843]
725.3 :    1 : [869]
725.4 :    2 : [811, 817]
725.5 :    2 : [845, 853]
725.6 :    4 : [837, 839, 862, 863]
725.7 :    1 : [834]
725.8 :    3 : [831, 833, 859]
725.9 :    3 : [816, 827, 881]
726.0 :    3 : [805, 829, 851]
726.2 :    2 : [795, 875]
726.4 :    2 : [849, 867]
726.5 :    1 : [838]
726.6 :    1 : [854]
726.7 :    4 : [793, 847, 866, 877]
726.9 :    2 : [822, 826]
727.0 :    2 : [820, 842]
727.1 :    1 : [824]
727.2 :    3 : [798, 806, 823]
727.3 :    1 : [797]
727.4 :    2 : [800, 818]
727.5 :    2 : [810, 832]
727.6 :    6 : [788, 815, 828, 848, 864, 878]
727.7 :    2 : [814, 873]
727.8 :    1 : [825]
727.9 :    3 : [819, 852, 856]
728.0 :    2 : [840, 880]
728.1 :    5 : [802, 803, 850, 861, 876]
728.2 :    2 : [792, 801]
728.4 :    2 : [844, 860]
728.6 :    5 : [787, 790, 808, 809, 846]
728.7 :    2 : [813, 841]
728.8 :    3 : [786, 812, 874]
728.9 :    2 : [807, 872]
729.0 :    3 : [821, 830, 881]
729.1 :    2 : [833, 879]
729.2 :    5 : [791, 794, 796, 855, 870]
729.3 :    3 : [836, 854, 859]
729.4 :    3 : [799, 835, 858]
729.6 :    3 : [793, 857, 871]
729.7 :    1 : [865]
729.8 :    2 : [817, 831]
729.9 :    2 : [820, 822]
730.0 :    5 : [806, 826, 837, 867, 869]
730.1 :    3 : [798, 838, 866]
730.2 :    3 : [824, 842, 863]
730.3 :    1 : [877]
730.5 :    3 : [797, 823, 848]
730.6 :    2 : [810, 828]
730.7 :    1 : [864]
730.9 :    1 : [816]
731.0 :    2 : [800, 814]
731.1 :    1 : [829]
731.2 :    3 : [789, 843, 875]
731.4 :    3 : [811, 815, 853]
731.5 :    3 : [788, 801, 840]
731.6 :    2 : [792, 856]
731.9 :    1 : [832]
732.0 :    1 : [802]
732.3 :    1 : [873]
732.4 :    1 : [805]
732.5 :    1 : [827]
732.6 :    2 : [795, 839]
732.7 :    2 : [845, 868]
732.8 :    1 : [881]
732.9 :    1 : [819]
733.0 :    1 : [796]
733.1 :    2 : [849, 860]
733.2 :    1 : [861]
733.4 :    6 : [790, 820, 847, 871, 872, 877]
733.5 :    2 : [791, 858]
733.6 :    1 : [852]
733.7 :    1 : [806]
733.8 :    1 : [842]
734.0 :    1 : [846]
734.4 :   10 : [794, 798, 799, 810, 824, 833, 848, 850, 854, 880]
734.5 :    7 : [793, 818, 821, 826, 869, 874, 878]
734.6 :    6 : [817, 825, 835, 837, 864, 879]
734.7 :    4 : [807, 823, 828, 866]
734.8 :    2 : [801, 814]
734.9 :    1 : [840]
735.0 :    4 : [788, 816, 836, 863]
735.1 :    1 : [792]
735.2 :    2 : [800, 856]
735.3 :    2 : [855, 859]
735.6 :    1 : [876]
735.7 :    1 : [797]
735.8 :    6 : [803, 815, 829, 832, 867, 873]
735.9 :    1 : [811]
736.0 :    3 : [862, 865, 881]
736.1 :    1 : [831]
736.2 :    1 : [796]
736.3 :    3 : [802, 853, 877]
736.4 :    1 : [845]
736.5 :    1 : [786]
736.6 :    3 : [820, 839, 860]
736.7 :    1 : [841]
736.8 :    3 : [827, 842, 871]
736.9 :    4 : [791, 806, 870, 872]
737.0 :    3 : [790, 819, 852]
737.1 :    1 : [822]
737.2 :    4 : [795, 812, 847, 858]
737.4 :    2 : [846, 848]
737.6 :    1 : [861]
737.7 :    2 : [810, 826]
737.8 :    5 : [814, 824, 828, 833, 854]
737.9 :    2 : [808, 809]
738.0 :    9 : [787, 789, 793, 798, 801, 805, 823, 830, 838]
738.1 :    3 : [813, 840, 859]
738.2 :    6 : [849, 850, 851, 875, 879, 880]
738.3 :    4 : [794, 799, 807, 816]
738.4 :    4 : [792, 821, 835, 837]
738.5 :    3 : [825, 863, 868]
738.6 :    2 : [797, 874]
738.7 :    1 : [856]
738.8 :    2 : [832, 881]
738.9 :    4 : [800, 817, 876, 878]
739.0 :    3 : [788, 843, 844]
739.1 :    1 : [815]
739.3 :    1 : [811]
739.7 :    3 : [864, 866, 877]
739.8 :    3 : [857, 869, 873]
739.9 :    1 : [802]
740.0 :    1 : [820]
740.1 :    2 : [867, 871]
740.2 :    4 : [796, 806, 831, 842]
740.3 :    1 : [839]
740.5 :    4 : [848, 853, 860, 872]
740.8 :    2 : [790, 858]
740.9 :    1 : [791]
741.1 :    1 : [810]
741.3 :    1 : [846]
742.4 :    3 : [814, 819, 841]
742.7 :    1 : [801]
742.8 :    2 : [826, 833]
742.9 :    1 : [881]
743.0 :    3 : [802, 824, 859]
743.1 :    1 : [822]
743.2 :    1 : [823]
743.4 :    1 : [828]
743.9 :    1 : [840]
744.0 :    4 : [793, 812, 815, 852]
744.1 :    1 : [806]
744.3 :    6 : [792, 795, 854, 856, 877, 879]
744.4 :    4 : [818, 861, 872, 880]
744.5 :    3 : [816, 820, 825]
744.6 :    5 : [797, 800, 835, 848, 850]
744.7 :    7 : [794, 799, 803, 807, 837, 863, 874]
744.8 :    2 : [832, 871]
744.9 :    2 : [790, 842]
745.0 :    2 : [789, 858]
745.1 :    3 : [811, 865, 873]
745.3 :    1 : [867]
745.4 :    5 : [787, 798, 831, 860, 878]
745.6 :    2 : [847, 853]
745.7 :    2 : [810, 876]
745.9 :    1 : [801]
747.1 :    3 : [788, 839, 846]
747.2 :    4 : [791, 796, 817, 851]
747.3 :    4 : [814, 821, 855, 870]
747.4 :    5 : [786, 823, 864, 866, 881]
747.5 :    8 : [829, 830, 838, 845, 849, 868, 869, 877]
747.6 :    4 : [805, 816, 836, 875]
747.7 :    4 : [793, 794, 799, 833]
747.8 :    6 : [792, 820, 824, 854, 871, 873]
747.9 :    3 : [827, 835, 858]
748.0 :    4 : [806, 811, 819, 859]
748.1 :    2 : [802, 832]
748.2 :    4 : [842, 848, 856, 879]
748.4 :    2 : [840, 874]
748.8 :    2 : [798, 815]
748.9 :    4 : [795, 807, 826, 861]
749.0 :    1 : [872]
749.1 :    1 : [790]
749.2 :    2 : [801, 828]
749.3 :    1 : [860]
749.7 :    4 : [789, 797, 863, 876]
749.8 :    2 : [808, 809]
749.9 :    2 : [803, 844]
750.0 :    2 : [837, 853]
750.1 :    1 : [831]
750.2 :    1 : [841]
750.4 :    3 : [843, 867, 880]
750.5 :    4 : [816, 846, 847, 862]
750.6 :    8 : [787, 823, 865, 871, 873, 877, 878, 881]
750.7 :    4 : [788, 796, 813, 857]
750.8 :    5 : [793, 821, 833, 839, 852]
750.9 :    7 : [791, 794, 799, 800, 811, 818, 832]
751.0 :    3 : [792, 814, 858]
751.2 :    2 : [820, 842]
751.4 :    1 : [817]
751.6 :    1 : [848]
751.7 :    2 : [845, 849]
751.9 :    3 : [835, 854, 869]
752.0 :    2 : [806, 836]
752.2 :    2 : [829, 856]
752.3 :    2 : [801, 838]
752.4 :    1 : [879]
752.5 :    1 : [798]
752.6 :    3 : [805, 819, 855]
752.7 :    2 : [840, 850]
753.0 :    1 : [870]
753.1 :    1 : [874]
753.9 :    1 : [786]
754.4 :    2 : [827, 873]
754.5 :    6 : [802, 807, 810, 815, 860, 868]
754.6 :    2 : [824, 866]
754.7 :    3 : [790, 871, 877]
754.8 :    4 : [791, 820, 864, 872]
754.9 :    1 : [859]
755.1 :    1 : [839]
755.2 :    4 : [795, 826, 842, 848]
755.4 :    1 : [881]
755.5 :    2 : [811, 846]
755.7 :    1 : [806]
755.9 :    1 : [833]
756.1 :    1 : [858]
757.0 :    6 : [797, 814, 828, 832, 837, 863]
757.1 :    3 : [840, 869, 880]
757.2 :    5 : [816, 823, 851, 852, 861]
757.3 :    3 : [800, 801, 856]
757.4 :    1 : [831]
757.5 :    1 : [803]
757.6 :    2 : [820, 830]
757.7 :    6 : [798, 822, 847, 850, 873, 876]
757.8 :    2 : [854, 878]
757.9 :    3 : [793, 807, 825]
758.0 :    2 : [821, 871]
758.1 :    3 : [848, 853, 867]
758.2 :    7 : [788, 790, 799, 815, 817, 842, 845]
758.3 :    2 : [864, 879]
758.4 :    4 : [796, 810, 836, 877]
758.5 :    4 : [841, 846, 860, 872]
758.6 :    7 : [791, 808, 809, 819, 835, 866, 881]
758.7 :    3 : [794, 833, 849]
758.8 :    4 : [818, 824, 838, 839]
758.9 :    4 : [792, 811, 826, 874]
759.0 :    2 : [802, 859]
759.1 :    2 : [806, 827]
759.2 :    1 : [829]
759.3 :    2 : [786, 805]
759.4 :    1 : [862]
759.8 :    1 : [858]
760.2 :    2 : [801, 812]
760.3 :    4 : [787, 814, 844, 865]
760.4 :    1 : [870]
760.5 :    1 : [795]
760.6 :    1 : [875]
760.7 :    2 : [823, 840]
760.8 :    3 : [793, 816, 828]
760.9 :    4 : [789, 797, 820, 856]
761.0 :    1 : [877]
761.1 :    5 : [800, 822, 832, 861, 863]
761.2 :    2 : [848, 854]
761.3 :    4 : [815, 855, 873, 880]
761.4 :    8 : [788, 790, 798, 807, 837, 842, 879, 881]
761.5 :    5 : [821, 825, 843, 850, 864]
761.6 :    7 : [796, 810, 817, 831, 852, 869, 876]
761.7 :    4 : [791, 799, 867, 871]
761.8 :    4 : [803, 824, 833, 872]
761.9 :    6 : [794, 826, 834, 835, 846, 860]
762.0 :    1 : [806]
762.1 :    5 : [836, 853, 857, 866, 878]
762.2 :    5 : [819, 830, 838, 847, 874]
762.3 :    4 : [802, 811, 813, 859]
762.4 :    1 : [849]
762.5 :    3 : [792, 829, 845]
762.6 :    1 : [839]
762.8 :    3 : [805, 827, 851]
762.9 :    3 : [786, 801, 841]
763.0 :    1 : [858]
763.1 :    1 : [868]
764.3 :    1 : [818]
764.4 :    1 : [814]
764.5 :    3 : [816, 823, 877]
764.6 :    2 : [793, 820]
764.7 :    2 : [795, 840]
764.8 :    2 : [808, 809]
764.9 :    3 : [828, 832, 856]
765.0 :    2 : [806, 824]
765.1 :    5 : [797, 842, 848, 873, 881]
765.2 :    4 : [788, 815, 826, 854]
765.3 :    3 : [790, 796, 861]
765.4 :    4 : [789, 798, 817, 837]
765.5 :    2 : [821, 833]
765.6 :    6 : [794, 852, 862, 864, 871, 876]
765.7 :    5 : [791, 807, 846, 860, 872]
765.8 :    4 : [792, 799, 810, 863]
765.9 :    2 : [831, 853]
766.0 :    4 : [800, 802, 866, 879]
766.1 :    2 : [835, 847]
766.2 :    2 : [836, 839]
766.3 :    1 : [811]
766.4 :    2 : [827, 845]
766.6 :    2 : [801, 869]
767.7 :    3 : [803, 850, 858]
767.8 :    1 : [819]
767.9 :    1 : [867]
768.1 :    1 : [880]
768.2 :    2 : [820, 825]
768.4 :    1 : [874]
768.6 :    2 : [829, 840]
768.7 :   11 : [806, 814, 822, 828, 848, 849, 854, 855, 864, 873, 877]
768.8 :    6 : [791, 798, 826, 842, 865, 870]
768.9 :    3 : [824, 833, 881]
769.0 :   11 : [788, 790, 793, 797, 815, 816, 823, 832, 846, 856, 878]
769.1 :   10 : [786, 787, 810, 821, 836, 852, 859, 860, 871, 879]
769.2 :    7 : [796, 799, 801, 817, 835, 837, 843]
769.3 :    2 : [794, 807]
769.4 :    7 : [792, 818, 845, 861, 866, 872, 876]
769.5 :    3 : [802, 811, 838]
769.6 :    4 : [795, 805, 839, 868]
769.7 :    1 : [841]
769.8 :    1 : [827]
769.9 :    3 : [812, 831, 863]
770.0 :    1 : [853]
770.1 :    2 : [847, 869]
771.2 :    1 : [800]
771.3 :    1 : [813]
771.4 :    1 : [875]
771.6 :    1 : [830]
771.7 :    1 : [881]
771.8 :    4 : [806, 814, 820, 848]
771.9 :    7 : [808, 809, 823, 840, 844, 858, 859]
772.0 :    5 : [789, 797, 801, 815, 828]
772.1 :    1 : [880]
772.2 :    8 : [793, 819, 822, 824, 826, 850, 873, 877]
772.3 :    2 : [851, 871]
772.4 :    5 : [790, 802, 810, 833, 842]
772.5 :    3 : [807, 846, 879]
772.6 :    1 : [872]
772.7 :    4 : [816, 832, 867, 874]
772.8 :    4 : [803, 856, 857, 860]
772.9 :    1 : [811]
773.0 :    3 : [791, 798, 837]
773.1 :    1 : [854]
773.2 :    2 : [839, 841]
773.3 :    1 : [799]
773.4 :    1 : [835]
773.5 :    1 : [795]
773.6 :    5 : [825, 831, 862, 864, 876]
773.7 :    3 : [821, 852, 866]
773.9 :    1 : [863]
774.0 :    3 : [786, 787, 845]
774.1 :    1 : [827]
774.2 :    1 : [836]
774.4 :    1 : [847]
774.6 :    1 : [861]
774.7 :    2 : [788, 838]
775.0 :    2 : [796, 853]
775.1 :    4 : [792, 794, 817, 849]
775.3 :    2 : [878, 881]
775.4 :    6 : [818, 823, 828, 848, 870, 877]
775.5 :    2 : [793, 820]
775.6 :    2 : [806, 814]
775.7 :    1 : [869]
775.8 :    1 : [840]
775.9 :    2 : [801, 824]
776.0 :    2 : [815, 826]
776.1 :    4 : [797, 832, 842, 873]
776.2 :    1 : [816]
776.3 :    5 : [789, 790, 856, 858, 871]
776.4 :    2 : [800, 807]
776.5 :    2 : [833, 880]
776.6 :    1 : [837]
776.7 :    1 : [859]
776.9 :    1 : [846]
777.1 :    3 : [850, 872, 879]
777.2 :    7 : [791, 795, 802, 803, 829, 860, 876]
777.3 :    6 : [798, 805, 810, 854, 855, 867]
777.4 :    1 : [811]
777.6 :    1 : [799]
777.8 :    2 : [863, 864]
778.0 :    1 : [865]
778.1 :    1 : [874]
778.2 :    1 : [868]
778.3 :    2 : [788, 794]
778.5 :    2 : [793, 839]
778.6 :    1 : [861]
778.7 :    2 : [792, 796]
778.8 :    2 : [835, 877]
779.0 :    3 : [812, 823, 843]
779.2 :    1 : [801]
779.6 :    1 : [881]
779.7 :    2 : [817, 821]
779.8 :    7 : [787, 806, 819, 820, 831, 848, 853]
779.9 :    2 : [816, 836]
780.0 :    2 : [832, 873]
780.1 :    4 : [814, 828, 838, 842]
780.2 :    1 : [849]
780.3 :    3 : [798, 833, 845]
780.4 :    1 : [866]
780.5 :    1 : [854]
780.6 :    5 : [786, 815, 846, 852, 871]
780.7 :    8 : [822, 827, 834, 840, 844, 847, 858, 872]
780.8 :    9 : [797, 808, 809, 811, 813, 825, 841, 860, 876]
780.9 :    4 : [790, 807, 851, 870]
781.0 :    4 : [802, 830, 859, 875]
781.1 :    1 : [869]
781.2 :    1 : [799]
781.3 :    2 : [878, 879]
781.4 :    1 : [803]
781.5 :    1 : [789]
781.6 :    1 : [880]
781.7 :    2 : [791, 863]
781.8 :    1 : [793]
782.0 :    1 : [857]
782.5 :    1 : [795]
782.9 :    1 : [801]
783.8 :    1 : [837]
783.9 :    3 : [839, 856, 877]
784.0 :    2 : [823, 826]
784.1 :    4 : [824, 850, 873, 881]
784.2 :    6 : [805, 810, 820, 835, 848, 874]
784.3 :    2 : [800, 867]
784.5 :    2 : [842, 871]
784.6 :    2 : [806, 815]
784.9 :    1 : [814]
785.0 :    2 : [832, 833]
785.2 :    1 : [819]
785.5 :    5 : [788, 792, 794, 811, 872]
785.6 :    6 : [796, 802, 816, 828, 840, 858]
785.7 :    4 : [790, 846, 860, 861]
785.9 :    2 : [818, 864]
786.1 :    1 : [793]
786.2 :    2 : [799, 817]
786.5 :    1 : [791]
786.6 :    1 : [853]
786.7 :    2 : [798, 821]
786.8 :    2 : [797, 831]
786.9 :    7 : [789, 795, 801, 807, 863, 869, 880]
787.0 :    2 : [859, 866]
787.1 :    1 : [852]
787.2 :    3 : [823, 854, 878]
787.3 :    1 : [877]
787.4 :    1 : [820]
787.5 :    1 : [876]
787.6 :    3 : [842, 871, 879]
787.7 :    2 : [847, 873]
787.8 :    3 : [803, 824, 848]
787.9 :    1 : [837]
788.2 :    1 : [826]
788.3 :    2 : [787, 806]
788.7 :    1 : [800]
788.8 :    2 : [815, 856]
788.9 :    3 : [810, 839, 881]
789.0 :    3 : [812, 841, 868]
789.1 :    4 : [829, 832, 845, 849]
789.2 :    1 : [814]
789.3 :    1 : [865]
789.4 :    2 : [792, 816]
789.5 :    4 : [811, 851, 855, 858]
789.6 :    3 : [788, 796, 833]
789.7 :    1 : [794]
789.8 :    1 : [793]
789.9 :    3 : [799, 825, 872]
790.0 :    3 : [840, 850, 860]
790.1 :    3 : [790, 867, 877]
790.2 :    3 : [791, 802, 828]
790.3 :    1 : [817]
790.4 :    4 : [795, 801, 820, 846]
790.5 :    1 : [823]
790.7 :    1 : [861]
791.0 :    1 : [864]
791.1 :    2 : [819, 824]
791.5 :    1 : [873]
791.8 :    1 : [842]
792.3 :    8 : [798, 821, 827, 835, 836, 848, 853, 871]
792.4 :    1 : [852]
792.5 :    3 : [854, 866, 869]
792.6 :    3 : [806, 837, 862]
792.7 :    5 : [797, 808, 809, 831, 863]
792.8 :    1 : [874]
792.9 :    3 : [786, 833, 881]
793.0 :    3 : [807, 818, 832]
793.1 :    4 : [826, 845, 847, 879]
793.2 :    5 : [788, 791, 814, 815, 877]
793.3 :    5 : [801, 822, 828, 870, 876]
793.4 :    5 : [796, 805, 811, 816, 838]
793.5 :    3 : [820, 839, 860]
793.6 :    2 : [803, 846]
793.7 :    2 : [799, 829]
793.8 :    1 : [793]
793.9 :    2 : [794, 858]
794.0 :    3 : [789, 856, 872]
794.1 :    4 : [790, 817, 840, 843]
794.2 :    2 : [792, 849]
794.4 :    3 : [823, 830, 859]
794.5 :    1 : [802]
794.6 :    2 : [855, 875]
794.7 :    1 : [861]
794.8 :    2 : [810, 841]
794.9 :    3 : [813, 867, 880]
795.0 :    1 : [865]
795.2 :    1 : [819]
795.3 :    3 : [800, 824, 825]
795.4 :    1 : [878]
795.5 :    1 : [850]
795.6 :    1 : [848]
795.7 :    3 : [806, 812, 864]
795.8 :    1 : [873]
795.9 :    4 : [795, 835, 842, 881]
796.0 :    1 : [871]
796.1 :    4 : [854, 857, 868, 877]
796.2 :    6 : [798, 801, 814, 815, 820, 821]
796.3 :    4 : [791, 826, 866, 874]
796.5 :    3 : [833, 869, 879]
796.6 :    1 : [788]
796.7 :    3 : [811, 836, 863]
796.8 :    3 : [797, 799, 860]
796.9 :    1 : [845]
797.0 :    4 : [807, 816, 839, 846]
797.1 :    1 : [832]
797.4 :    2 : [796, 837]
797.7 :    3 : [805, 828, 858]
797.8 :    3 : [794, 822, 827]
797.9 :    3 : [802, 840, 872]
798.1 :    2 : [793, 856]
798.2 :    2 : [831, 859]
798.3 :    5 : [786, 787, 790, 838, 851]
798.4 :    1 : [844]
798.5 :    1 : [841]
798.6 :    1 : [823]
798.7 :    1 : [848]
798.8 :    1 : [880]
799.0 :    4 : [801, 853, 876, 881]
799.2 :    1 : [871]
799.3 :    2 : [819, 873]
799.5 :    2 : [829, 870]
799.6 :    2 : [792, 842]
799.7 :    7 : [803, 806, 814, 815, 835, 861, 877]
799.8 :    7 : [791, 795, 811, 816, 817, 820, 849]
799.9 :    8 : [788, 789, 798, 799, 833, 852, 854, 875]
800.0 :    8 : [800, 810, 824, 830, 847, 867, 874, 879]
800.1 :   10 : [808, 809, 821, 832, 839, 860, 863, 865, 869, 878]
800.2 :    4 : [796, 807, 846, 850]
800.3 :    1 : [797]
800.4 :    1 : [826]
800.5 :    5 : [825, 836, 845, 864, 866]
800.6 :    2 : [840, 858]
800.8 :    2 : [794, 812]
801.0 :    2 : [802, 837]
801.3 :    1 : [828]
801.7 :    2 : [793, 856]
802.5 :    1 : [855]
802.7 :    1 : [868]
802.9 :    1 : [823]
803.0 :    2 : [801, 872]
803.1 :    4 : [790, 859, 877, 881]
803.2 :    1 : [792]
803.4 :    4 : [806, 816, 822, 848]
803.5 :    3 : [788, 814, 871]
803.6 :    4 : [796, 799, 805, 815]
803.7 :    4 : [802, 811, 835, 841]
803.8 :    2 : [858, 873]
803.9 :    2 : [819, 857]
804.0 :    2 : [832, 860]
804.1 :    2 : [794, 821]
804.2 :    2 : [820, 839]
804.4 :    2 : [791, 827]
804.5 :    2 : [824, 842]
804.6 :    1 : [854]
804.8 :    1 : [853]
806.0 :    2 : [817, 861]
806.1 :    4 : [789, 795, 863, 879]
806.2 :    2 : [793, 874]
806.3 :    4 : [818, 825, 826, 833]
806.4 :    8 : [800, 810, 812, 813, 840, 846, 856, 877]
806.5 :    2 : [865, 875]
806.6 :    2 : [792, 823]
806.7 :    3 : [806, 828, 837]
806.9 :    2 : [807, 867]
807.0 :    2 : [831, 866]
807.3 :    2 : [880, 881]
807.4 :    1 : [820]
807.6 :    1 : [801]
808.0 :    4 : [802, 814, 815, 816]
808.1 :    1 : [790]
808.2 :    3 : [858, 859, 872]
808.5 :    4 : [788, 796, 824, 848]
808.6 :    3 : [797, 850, 871]
808.7 :    5 : [794, 798, 799, 832, 873]
808.8 :    5 : [819, 835, 845, 860, 869]
808.9 :    2 : [811, 841]
809.0 :    2 : [787, 822]
809.1 :    1 : [839]
809.3 :    2 : [786, 852]
809.6 :    2 : [821, 877]
809.7 :    1 : [842]
810.1 :    1 : [836]
810.2 :    4 : [829, 849, 854, 870]
810.3 :    3 : [793, 827, 833]
810.4 :    4 : [791, 846, 864, 868]
810.5 :    7 : [792, 806, 823, 828, 847, 876, 881]
810.6 :    2 : [843, 856]
810.7 :    4 : [817, 820, 826, 855]
810.8 :    7 : [808, 809, 840, 853, 861, 862, 879]
810.9 :    5 : [801, 810, 814, 825, 878]
811.0 :    1 : [837]
811.1 :    5 : [795, 815, 816, 851, 863]
811.2 :    4 : [790, 803, 807, 831]
811.3 :    2 : [800, 818]
811.4 :    5 : [789, 797, 830, 838, 848]
811.5 :    2 : [866, 867]
811.6 :    4 : [802, 858, 872, 880]
811.7 :    2 : [832, 844]
811.8 :    3 : [859, 871, 873]
811.9 :    1 : [824]
