       0.0    526.2      526.2  0.0 13:39:50.924048
     526.2    506.3     1032.5 10.0 13:40:54.307823
    1032.5    507.2     1539.7 20.0 13:41:57.765082
    1539.7    507.6     2047.4 30.0 13:43:01.274397
    2047.4    506.9     2554.2 40.0 13:44:04.683947
    2554.2    507.1     3061.3 50.0 13:45:08.136614
    3061.3    496.9     3558.2 60.0 13:46:11.346083
    3558.2    503.6     4061.8 70.0 13:47:14.698639
    4061.8    503.6     4565.5 80.0 13:48:18.071282
    4565.5    503.7     5069.2 90.0 13:49:21.449111
    5069.2    505.9     5575.1 100.0 13:50:25.110029
    5575.1    503.5     6078.6 110.0 13:51:28.443640
    6078.6    503.4     6582.0 120.0 13:52:31.790094
    6582.0    503.3     7085.3 130.0 13:53:35.119805
    7085.3    503.2     7588.6 140.0 13:54:38.437892
    7588.6    503.2     8091.8 150.0 13:55:41.760310
    8091.8    502.9     8594.7 160.0 13:56:45.019265
    8594.7    502.6     9097.3 170.0 13:57:48.253390
    9097.3    502.5     9599.8 180.0 13:58:51.492324
    9599.8    502.2    10102.0 190.0 13:59:54.659097
   10102.0    502.2    10604.2 200.0 14:00:57.857860
   10604.2    502.1    11106.2 210.0 14:02:01.047209
   11106.2    502.2    11608.5 220.0 14:03:04.455567
   11608.5    506.1    12114.6 230.0 14:04:07.774636
   12114.6    504.7    12619.3 240.0 14:05:10.918837
   12619.3    504.9    13124.2 250.0 14:06:14.089348
   13124.2    507.5    13631.7 260.0 14:07:17.583128
   13631.7    498.0    14129.7 270.0 14:08:20.984999
   14129.7    501.5    14631.3 280.0 14:09:24.081494
   14631.3    501.6    15132.8 290.0 14:10:27.193518
   15132.8    501.8    15634.6 300.0 14:11:30.321025
   15634.6    501.8    16136.4 310.0 14:12:33.444355
   16136.4    501.5    16637.9 320.0 14:13:36.549759
   16637.9    501.9    17139.8 330.0 14:14:39.684584
   17139.8    502.4    17642.2 340.0 14:15:42.881294
   17642.2    502.3    18144.5 350.0 14:16:46.068428
   18144.5    503.0    18647.5 360.0 14:17:49.348896
   18647.5    503.1    19150.6 370.0 14:18:52.653162
   19150.6    503.2    19653.7 380.0 14:19:55.952678
   19653.7    503.2    20156.9 390.0 14:20:59.259371
   20156.9    502.6    20659.5 400.0 14:22:02.481413
   20659.5    502.6    21162.1 410.0 14:23:05.736680
   21162.1    502.8    21665.0 420.0 14:24:08.991085
   21665.0    502.9    22167.8 430.0 14:25:12.277885
   22167.8    503.0    22670.9 440.0 14:26:15.553574
   22670.9    503.1    23174.0 450.0 14:27:18.847277
   23174.0    502.9    23676.9 460.0 14:28:22.106555
   23676.9    503.3    24180.2 470.0 14:29:25.407887
   24180.2    502.3    24682.5 480.0 14:30:28.612252
   24682.5    502.9    25185.3 490.0 14:31:31.892093
   25185.3    502.9    25688.2 500.0 14:32:35.148719
   25688.2    502.5    26190.7 510.0 14:33:38.379311
   26190.7    503.1    26693.8 520.0 14:34:41.666017
   26693.8    503.0    27196.8 530.0 14:35:44.939231
   27196.8    502.9    27699.8 540.0 14:36:48.204188
   27699.8    503.1    28202.8 550.0 14:37:51.504484
   28202.8    503.1    28705.9 560.0 14:38:54.788851
   28705.9    502.9    29208.8 570.0 14:39:58.043408
   29208.8    503.0    29711.8 580.0 14:41:01.321015
   29711.8    503.3    30215.2 590.0 14:42:04.638767
   30215.2    503.4    30718.6 600.0 14:43:07.967285
   30718.6    503.0    31221.6 610.0 14:44:11.245828
   31221.6    502.8    31724.5 620.0 14:45:14.516613
   31724.5    503.0    32227.4 630.0 14:46:17.778544
   32227.4    504.0    32731.4 640.0 14:47:21.170152
   32731.4    504.3    33235.7 650.0 14:48:24.600167
   33235.7    503.2    33738.9 660.0 14:49:27.897514
   33738.9    503.2    34242.1 670.0 14:50:31.197256
   34242.1    504.6    34746.7 680.0 14:51:34.687447
   34746.7    502.8    35249.5 690.0 14:52:37.952254
   35249.5    502.9    35752.4 700.0 14:53:41.210860
   35752.4    503.4    36255.8 710.0 14:54:44.566850
   36255.8    504.7    36760.5 720.0 14:55:48.049203
   36760.5    505.4    37265.9 730.0 14:56:51.634260
   37265.9    504.2    37770.1 740.0 14:57:55.063156
   37770.1    503.1    38273.2 750.0 14:58:58.353304
   38273.2    502.6    38775.8 760.0 15:00:01.596425
   38775.8    503.9    39279.7 770.0 15:01:04.977778
   39279.7    504.1    39783.8 780.0 15:02:08.414108
   39783.8    504.9    40288.7 790.0 15:03:11.929947
   40288.7    503.6    40792.4 800.0 15:04:15.298719
   40792.4    505.7    41298.0 810.0 15:05:18.933769
   41298.0    505.9    41804.0 820.0 15:06:22.577090
   41804.0    505.4    42309.3 830.0 15:07:26.146453
   42309.3    502.7    42812.0 840.0 15:08:29.376633
   42812.0    503.7    43315.7 850.0 15:09:32.721983
   43315.7    504.8    43820.5 860.0 15:10:36.238937
   43820.5    505.3    44325.8 870.0 15:11:39.803844
   44325.8    505.6    44831.4 880.0 15:12:43.394203
   44831.4    503.2    45334.6 890.0 15:13:46.710312
   45334.6    503.3    45837.9 900.0 15:14:50.020951
   45837.9    504.6    46342.5 910.0 15:15:53.509108
   46342.5    504.3    46846.8 920.0 15:16:56.944645
   46846.8    503.4    47350.2 930.0 15:18:00.274682
   47350.2    503.4    47853.7 940.0 15:19:03.613529
   47853.7    503.4    48357.0 950.0 15:20:06.935727
   48357.0    503.2    48860.2 960.0 15:21:10.236225
   48860.2    503.1    49363.3 970.0 15:22:13.523400
   49363.3    503.0    49866.4 980.0 15:23:16.808477
   49866.4    501.1    50367.5 990.0 15:24:19.894985
