  0.0  2815.0  2815.0  0.0 11:28:49.015271
  2815.0  35.9  2850.8 10.0 11:29:20.456708
  2850.8  46.0  2896.9 20.0 11:29:59.996653
  2896.9  53.8  2950.7 30.0 11:30:49.246011
  2950.7  44.5  2995.2 40.0 11:31:30.081835
  2995.2  45.7  3040.9 50.0 11:32:11.911588
  3040.9  42.4  3083.3 60.0 11:32:50.621652
  3083.3  43.8  3127.0 70.0 11:33:29.465349
  3127.0  52.7  3179.7 80.0 11:34:12.924646
  3179.7  49.0  3228.7 90.0 11:34:57.646940
  3228.7  43.5  3272.2 100.0 11:35:36.995334
  3272.2  55.7  3327.9 110.0 11:36:27.233049
  3327.9  61.3  3389.3 120.0 11:37:21.397755
  3389.3  48.8  3438.0 130.0 11:38:05.396320
  3438.0  45.5  3483.5 140.0 11:38:47.369240
  3483.5  50.8  3534.3 150.0 11:39:32.084256
  3534.3  51.6  3585.9 160.0 11:40:18.107884
  3585.9  62.5  3648.4 170.0 11:41:13.167353
  3648.4  41.9  3690.3 180.0 11:41:51.089277
  3690.3  48.0  3738.3 190.0 11:42:34.800641
  3738.3  43.9  3782.2 200.0 11:43:15.130279
  3782.2  67.2  3849.4 210.0 11:44:15.859639
  3849.4  45.8  3895.2 220.0 11:44:56.592310
  3895.2  47.1  3942.3 230.0 11:45:38.304129
  3942.3  45.5  3987.8 240.0 11:46:19.527651
  3987.8  59.2  4046.9 250.0 11:47:11.896302
  4046.9  48.7  4095.6 260.0 11:47:55.854377
  4095.6  45.5  4141.2 270.0 11:48:37.503076
  4141.2  46.3  4187.5 280.0 11:49:18.983320
  4187.5  61.4  4248.9 290.0 11:50:14.326274
  4248.9  43.1  4292.0 300.0 11:50:53.426821
  4292.0  51.1  4343.1 310.0 11:51:39.314277
  4343.1  55.8  4398.9 320.0 11:52:29.817653
  4398.9  46.4  4445.3 330.0 11:53:11.535406
  4445.3  44.3  4489.6 340.0 11:53:50.912333
  4489.6  59.5  4549.1 350.0 11:54:42.693277
  4549.1  49.2  4598.3 360.0 11:55:27.253973
  4598.3  49.7  4648.0 370.0 11:56:12.208358
  4648.0  55.3  4703.3 380.0 11:57:02.922922
  4703.3  53.6  4756.9 390.0 11:57:50.879642
  4756.9  44.1  4801.1 400.0 11:58:30.360386
  4801.1  64.8  4865.9 410.0 11:59:28.288639
  4865.9  68.5  4934.4 420.0 12:00:30.154644
  4934.4  64.7  4999.1 430.0 12:01:28.646279
  4999.1  64.7  5063.9 440.0 12:02:27.223302
  5063.9  72.0  5135.8 450.0 12:03:32.732846
  5135.8  62.8  5198.6 460.0 12:04:29.237281
  5198.6  71.3  5269.9 470.0 12:05:33.979642
  5269.9  75.4  5345.3 480.0 12:06:42.867058
  5345.3  69.4  5414.7 490.0 12:07:45.041097
  5414.7  68.1  5482.9 500.0 12:08:46.124658
  5482.9  75.7  5558.5 510.0 12:09:54.192321
  5558.5  64.1  5622.6 520.0 12:10:53.015769
  5622.6  70.6  5693.2 530.0 12:11:57.595737
  5693.2  77.2  5770.4 540.0 12:13:07.216307
  5770.4  67.1  5837.4 550.0 12:14:08.834278
  5837.4  68.8  5906.2 560.0 12:15:10.540276
  5906.2  80.8  5987.1 570.0 12:16:23.290618
  5987.1  65.8  6052.9 580.0 12:17:23.480917
  6052.9  72.2  6125.1 590.0 12:18:26.728798
  6125.1  84.7  6209.9 600.0 12:19:42.943323
  6209.9  64.7  6274.6 610.0 12:20:42.039411
  6274.6  62.5  6337.1 620.0 12:21:39.466341
  6337.1  80.0  6417.1 630.0 12:22:51.466313
  6417.1  70.0  6487.1 640.0 12:23:55.170221
  6487.1  66.8  6553.9 650.0 12:24:56.357702
  6553.9  76.8  6630.7 660.0 12:26:06.427029
  6630.7  74.6  6705.3 670.0 12:27:12.831640
  6705.3  69.1  6774.4 680.0 12:28:14.672281
  6774.4  81.8  6856.2 690.0 12:29:29.432638
  6856.2  70.0  6926.2 700.0 12:30:32.655649
  6926.2  71.2  6997.4 710.0 12:31:36.375014
  6997.4  76.3  7073.7 720.0 12:32:46.651640
  7073.7  81.3  7155.1 730.0 12:34:00.617537
  7155.1  70.2  7225.2 740.0 12:35:02.832690
  7225.2  77.6  7302.8 750.0 12:36:13.929644
  7302.8  79.8  7382.6 760.0 12:37:26.296293
  7382.6  71.9  7454.6 770.0 12:38:32.006272
  7454.6  72.2  7526.7 780.0 12:39:38.288300
  7526.7  80.4  7607.1 790.0 12:40:49.469316
  7607.1  72.3  7679.5 800.0 12:41:56.147471
  7679.5  77.9  7757.4 810.0 12:43:06.301308
  7757.4  82.7  7840.0 820.0 12:44:19.672380
  7840.0  75.9  7915.9 830.0 12:45:29.085627
  7915.9  76.1  7992.0 840.0 12:46:38.037177
  7992.0  86.2  8078.2 850.0 12:47:54.506274
  8078.2  73.9  8152.1 860.0 12:48:59.709975
  8152.1  79.1  8231.3 870.0 12:50:09.743267
  8231.3  84.5  8315.7 880.0 12:51:25.444314
  8315.7  77.1  8392.8 890.0 12:52:34.893277
  8392.8  76.0  8468.8 900.0 12:53:41.453955
  8468.8  86.5  8555.3 910.0 12:54:57.953659
  8555.3  78.1  8633.4 920.0 12:56:07.757293
  8633.4  77.3  8710.7 930.0 12:57:15.722288
  8710.7  82.7  8793.4 940.0 12:58:29.908292
  8793.4  78.3  8871.7 950.0 12:59:40.237086
  8871.7  75.5  8947.2 960.0 13:00:46.221314
  8947.2  87.1  9034.3 970.0 13:02:04.021307
  9034.3  82.6  9116.9 980.0 13:03:17.636656
  9116.9  78.9  9195.8 990.0 13:04:26.556143
