       0.0     10.3       10.3  0.0 15:31:01.822842
      10.3      7.7       17.9 10.0 15:31:02.783815
      17.9      7.7       25.7 20.0 15:31:03.753479
      25.7      7.8       33.4 30.0 15:31:04.724444
      33.4      7.8       41.2 40.0 15:31:05.695277
      41.2      7.8       49.0 50.0 15:31:06.668822
      49.0      7.8       56.7 60.0 15:31:07.640249
      56.7      7.8       64.5 70.0 15:31:08.618300
      64.5      7.8       72.3 80.0 15:31:09.590179
      72.3      7.8       80.0 90.0 15:31:10.561590
      80.0      7.8       87.8 100.0 15:31:11.539121
      87.8      7.8       95.6 110.0 15:31:12.509866
      95.6      7.8      103.4 120.0 15:31:13.481856
     103.4      7.8      111.1 130.0 15:31:14.453401
     111.1      7.8      118.9 140.0 15:31:15.424882
     118.9      7.8      126.6 150.0 15:31:16.396238
     126.6      7.8      134.4 160.0 15:31:17.366448
     134.4      7.7      142.1 170.0 15:31:18.337718
     142.1      7.7      149.9 180.0 15:31:19.306068
     149.9      7.7      157.6 190.0 15:31:20.276109
     157.6      7.8      165.4 200.0 15:31:21.256360
     165.4      7.8      173.2 210.0 15:31:22.227277
     173.2      7.8      181.0 220.0 15:31:23.201620
     181.0      7.8      188.8 230.0 15:31:24.174922
     188.8      7.8      196.5 240.0 15:31:25.149083
     196.5      7.8      204.3 250.0 15:31:26.123057
     204.3      7.8      212.1 260.0 15:31:27.097030
     212.1      7.8      219.9 270.0 15:31:28.072334
     219.9      7.8      227.7 280.0 15:31:29.045650
     227.7      7.8      235.4 290.0 15:31:30.019932
     235.4      7.8      243.2 300.0 15:31:30.993205
     243.2      7.8      251.0 310.0 15:31:31.966245
     251.0      7.8      258.7 320.0 15:31:32.937221
     258.7      7.8      266.5 330.0 15:31:33.907944
     266.5      7.8      274.3 340.0 15:31:34.878818
     274.3      7.8      282.0 350.0 15:31:35.850046
     282.0      7.8      289.8 360.0 15:31:36.821439
     289.8      7.7      297.5 370.0 15:31:37.791585
     297.5      7.7      305.3 380.0 15:31:38.761258
     305.3      7.7      313.0 390.0 15:31:39.730694
     313.0      7.7      320.7 400.0 15:31:40.699888
     320.7      7.9      328.6 410.0 15:31:41.690697
     328.6      7.8      336.4 420.0 15:31:42.661788
     336.4      7.8      344.2 430.0 15:31:43.634405
     344.2      7.8      351.9 440.0 15:31:44.606682
     351.9      7.8      359.7 450.0 15:31:45.578443
     359.7      7.8      367.5 460.0 15:31:46.550913
     367.5      7.8      375.2 470.0 15:31:47.523451
     375.2      7.8      383.0 480.0 15:31:48.496761
     383.0      7.8      390.8 490.0 15:31:49.469181
     390.8      7.8      398.6 500.0 15:31:50.442026
     398.6      7.7      406.3 510.0 15:31:51.411558
     406.3      7.7      414.0 520.0 15:31:52.379174
     414.0      7.7      421.8 530.0 15:31:53.347895
     421.8      7.7      429.5 540.0 15:31:54.315933
     429.5      7.7      437.2 550.0 15:31:55.285511
     437.2      7.8      445.0 560.0 15:31:56.256538
     445.0      7.8      452.8 570.0 15:31:57.227854
     452.8      7.8      460.5 580.0 15:31:58.203343
     460.5      7.8      468.3 590.0 15:31:59.175936
     468.3      7.8      476.1 600.0 15:32:00.149949
     476.1      7.8      483.8 610.0 15:32:01.123011
     483.8      7.8      491.6 620.0 15:32:02.095841
     491.6      7.8      499.4 630.0 15:32:03.067943
     499.4      7.8      507.1 640.0 15:32:04.038548
     507.1      7.8      514.9 650.0 15:32:05.010611
     514.9      7.8      522.6 660.0 15:32:05.982940
     522.6      7.8      530.4 670.0 15:32:06.956130
     530.4      7.8      538.2 680.0 15:32:07.931320
     538.2      7.8      546.0 690.0 15:32:08.902257
     546.0      7.8      553.7 700.0 15:32:09.874469
     553.7      7.8      561.5 710.0 15:32:10.850385
     561.5      7.8      569.3 720.0 15:32:11.830914
     569.3      7.8      577.1 730.0 15:32:12.810699
     577.1      7.8      585.0 740.0 15:32:13.789990
     585.0      7.8      592.8 750.0 15:32:14.767059
     592.8      7.8      600.6 760.0 15:32:15.744372
     600.6      7.8      608.4 770.0 15:32:16.723265
     608.4      7.8      616.2 780.0 15:32:17.702023
     616.2      7.8      624.0 790.0 15:32:18.679582
     624.0      7.8      631.8 800.0 15:32:19.657121
     631.8      7.8      639.6 810.0 15:32:20.631239
     639.6      8.0      647.6 820.0 15:32:21.640422
     647.6      7.7      655.4 830.0 15:32:22.609878
     655.4      7.7      663.1 840.0 15:32:23.579629
     663.1      7.7      670.8 850.0 15:32:24.547959
     670.8      7.7      678.6 860.0 15:32:25.516275
     678.6      7.7      686.3 870.0 15:32:26.484268
     686.3      7.7      694.1 880.0 15:32:27.452182
     694.1      7.7      701.8 890.0 15:32:28.420772
     701.8      7.7      709.5 900.0 15:32:29.388484
     709.5      7.8      717.3 910.0 15:32:30.358356
     717.3      7.7      725.0 920.0 15:32:31.327606
     725.0      7.7      732.8 930.0 15:32:32.296324
     732.8      7.7      740.5 940.0 15:32:33.265911
     740.5      7.8      748.3 950.0 15:32:34.235888
     748.3      7.8      756.0 960.0 15:32:35.206451
     756.0      7.7      763.8 970.0 15:32:36.176186
     763.8      7.7      771.5 980.0 15:32:37.145193
     771.5      7.8      779.3 990.0 15:32:38.115730
