Name: GPi[GABA], Title: Raster plot from device '11211', Hist: False
14.8 124
14.9 112
14.9 116
14.9 120
17.0 112
17.0 116
17.0 124
17.1 120
19.2 112
19.2 116
19.2 124
19.3 120
67.3 112
67.3 124
68.1 120
68.4 116
69.6 112
69.6 124
70.4 120
70.8 116
109.3 116
141.4 116
144.3 116
428.1 124
14.8 117
14.9 113
14.9 121
14.9 125
16.9 117
17.0 121
17.1 113
17.1 125
19.1 117
19.2 121
19.3 113
19.3 125
67.2 113
67.6 117
67.6 125
68.1 121
69.4 113
69.8 117
69.9 125
70.4 121
72.3 113
14.8 110
14.8 118
14.8 122
14.9 114
16.9 118
16.9 122
17.0 110
17.0 114
19.1 118
19.1 122
19.2 110
19.2 114
66.7 114
67.7 118
67.8 110
68.4 122
69.1 114
70.1 110
70.1 118
71.0 122
71.9 114
105.1 110
105.2 122
139.3 122
140.6 110
141.7 122
143.3 110
178.6 122
179.1 110
182.9 122
214.0 110
217.2 110
220.2 122
251.9 122
254.7 122
14.8 111
14.8 119
14.9 115
14.9 123
16.9 111
17.0 115
17.0 119
17.1 123
19.1 111
19.2 115
19.2 119
19.3 123
67.6 115
67.8 123
68.1 111
68.2 119
69.9 115
70.1 123
70.4 111
70.4 119
109.0 115
141.7 115
144.4 115
182.5 115
217.3 115
220.4 115
257.6 115
291.0 115
294.4 115
