Name: VTA[DA0], Title: Raster plot from device '11223', Hist: False
402.5 11144
404.4 11136
405.4 11140
405.4 11144
405.7 11152
405.7 11156
405.8 11148
406.5 11136
407.5 11140
407.5 11144
407.8 11152
407.8 11156
407.9 11148
408.6 11136
409.6 11140
409.8 11144
409.9 11152
409.9 11156
410.0 11148
410.8 11136
411.8 11140
412.1 11152
412.1 11156
412.2 11148
412.6 11144
413.4 11136
415.1 11140
415.2 11144
416.0 11152
416.1 11156
416.9 11136
418.0 11144
419.5 11136
419.5 11140
419.6 11148
420.6 11144
422.2 11136
425.1 11144
425.5 11136
428.1 11144
428.3 11136
430.7 11144
431.3 11136
433.0 11148
433.3 11144
434.9 11136
436.5 11144
436.9 11148
437.9 11136
439.7 11144
440.8 11148
442.0 11136
443.1 11144
445.1 11136
446.4 11144
448.9 11136
450.2 11144
450.5 11148
451.9 11136
452.8 11144
454.5 11148
455.2 11144
455.6 11136
457.7 11144
460.1 11136
461.1 11144
463.8 11144
464.0 11136
466.6 11144
467.0 11136
467.1 11140
469.4 11144
470.0 11136
470.8 11140
472.5 11136
472.6 11144
475.2 11136
476.2 11144
476.9 11140
477.9 11136
479.1 11144
479.4 11148
480.9 11136
482.4 11140
482.7 11144
483.7 11136
485.9 11144
486.6 11136
489.1 11144
490.0 11148
490.1 11136
492.4 11144
493.0 11136
495.3 11140
495.5 11148
498.1 11144
499.1 11148
500.9 11144
501.1 11136
502.9 11148
503.2 11140
503.8 11144
504.2 11136
506.5 11144
507.0 11148
507.3 11136
508.5 11140
509.3 11144
510.3 11136
511.9 11144
513.5 11136
514.7 11144
516.6 11136
517.7 11144
519.1 11136
520.4 11144
521.9 11136
523.2 11144
524.6 11136
524.6 11148
526.9 11144
527.5 11136
529.4 11144
530.5 11136
531.5 11140
532.4 11144
533.3 11136
534.8 11140
535.8 11136
537.0 11144
538.4 11136
540.2 11144
540.9 11136
541.6 11148
543.6 11136
544.4 11140
545.0 11144
546.5 11136
547.0 11148
549.1 11136
550.1 11144
550.7 11140
553.3 11144
553.6 11136
553.7 11140
556.2 11144
556.6 11136
557.4 11148
558.8 11144
560.9 11148
561.0 11136
562.2 11144
564.3 11136
565.4 11144
566.8 11136
568.2 11144
569.3 11136
570.6 11144
572.1 11136
573.2 11144
575.4 11140
575.5 11136
576.3 11144
578.5 11136
579.6 11144
581.6 11140
582.0 11136
582.7 11148
582.8 11144
584.8 11136
586.1 11144
587.8 11136
588.4 11140
588.7 11144
590.2 11148
591.0 11136
591.4 11140
591.7 11144
593.7 11136
594.6 11144
598.6 11136
598.7 11140
600.9 11148
405.7 11137
405.7 11141
405.7 11145
405.7 11149
405.7 11153
405.7 11157
407.8 11137
407.8 11141
407.8 11145
407.8 11149
407.8 11153
407.8 11157
409.9 11137
409.9 11141
409.9 11145
409.9 11149
409.9 11153
409.9 11157
412.1 11137
412.1 11141
412.1 11145
412.1 11149
412.1 11153
412.1 11157
415.0 11137
415.9 11149
416.0 11141
416.3 11145
416.4 11157
416.5 11153
431.0 11137
434.0 11137
438.8 11137
443.3 11137
453.4 11137
469.8 11137
473.9 11137
484.8 11137
488.7 11137
492.6 11137
497.6 11137
500.7 11137
504.1 11137
509.9 11137
515.5 11137
519.9 11137
528.3 11137
534.5 11137
543.6 11137
547.4 11137
556.2 11137
567.8 11137
572.8 11137
590.7 11137
595.0 11137
404.1 11134
404.2 11150
405.4 11158
405.6 11146
405.7 11138
405.7 11142
405.7 11154
406.2 11134
406.3 11150
407.5 11158
407.7 11146
407.8 11138
407.8 11142
407.8 11154
408.3 11134
408.4 11150
409.6 11158
409.8 11146
409.9 11138
409.9 11142
409.9 11154
410.4 11134
410.5 11150
411.8 11158
412.0 11146
412.1 11138
412.1 11142
412.1 11154
412.6 11134
412.7 11150
414.6 11146
414.6 11158
414.9 11142
415.1 11134
415.3 11150
415.4 11138
416.3 11154
417.5 11158
417.9 11146
418.8 11150
421.2 11142
422.5 11158
423.5 11146
423.9 11150
424.3 11134
425.7 11142
427.0 11146
427.4 11134
429.7 11142
430.2 11158
431.3 11146
431.6 11134
433.4 11158
434.0 11150
435.0 11142
435.3 11134
436.9 11146
437.7 11150
439.3 11138
441.5 11150
443.7 11158
444.3 11138
444.3 11146
444.6 11150
445.1 11134
447.9 11146
449.2 11134
451.9 11150
452.1 11134
452.2 11142
453.6 11158
456.2 11142
456.3 11138
456.9 11134
459.7 11146
459.8 11158
460.0 11138
460.4 11134
461.0 11150
464.3 11158
465.2 11134
465.2 11146
465.4 11142
465.5 11138
466.1 11150
468.9 11146
469.1 11158
469.3 11134
472.3 11134
472.6 11158
475.3 11134
475.7 11150
476.1 11146
477.0 11138
478.8 11134
479.2 11150
479.3 11142
480.9 11146
483.4 11150
484.1 11142
484.9 11134
488.7 11134
489.5 11142
489.9 11158
490.4 11146
492.0 11150
494.8 11150
495.3 11146
495.7 11134
496.5 11142
498.7 11146
498.9 11134
500.6 11142
501.3 11146
502.6 11134
503.3 11138
504.2 11158
504.8 11146
506.9 11134
507.4 11150
508.3 11138
510.3 11158
511.0 11150
515.7 11146
516.4 11134
516.9 11158
517.6 11142
519.7 11146
520.6 11158
522.0 11134
525.0 11146
525.0 11158
525.6 11134
525.6 11150
525.7 11138
529.9 11138
530.2 11146
531.5 11134
532.8 11158
533.6 11138
533.9 11146
535.8 11150
536.2 11134
536.3 11142
537.2 11146
538.6 11138
539.0 11150
539.3 11134
540.2 11146
541.7 11138
543.5 11146
543.8 11134
544.3 11150
545.8 11158
546.8 11142
547.4 11134
549.7 11150
554.2 11150
554.8 11146
555.3 11142
558.0 11134
558.0 11150
559.0 11142
559.2 11138
561.5 11150
561.6 11146
562.1 11142
563.7 11134
565.1 11138
565.7 11158
565.8 11142
566.7 11150
567.0 11134
568.7 11146
569.0 11142
569.8 11158
571.9 11134
572.0 11146
572.6 11150
574.3 11158
575.9 11146
576.0 11134
576.0 11138
576.3 11150
579.4 11134
579.8 11158
581.2 11146
582.7 11134
584.5 11146
584.9 11142
585.4 11158
586.2 11134
590.3 11146
591.2 11142
591.3 11134
594.7 11134
596.1 11142
597.7 11158
597.8 11134
597.8 11138
600.8 11142
601.4 11138
404.2 11155
405.5 11143
405.7 11135
405.7 11139
405.7 11147
405.7 11159
405.8 11151
406.3 11155
407.6 11143
407.8 11135
407.8 11139
407.8 11147
407.8 11159
407.9 11151
408.4 11155
409.7 11143
409.9 11135
409.9 11139
409.9 11147
409.9 11159
410.0 11151
410.5 11155
411.9 11143
412.1 11135
412.1 11139
412.1 11147
412.1 11159
412.2 11151
412.7 11155
414.5 11143
415.2 11135
415.6 11159
415.7 11155
416.1 11147
416.3 11139
417.8 11143
418.8 11155
420.9 11143
421.1 11135
422.2 11155
423.8 11135
424.1 11143
425.1 11155
427.1 11135
427.8 11155
428.4 11143
430.0 11135
430.4 11155
431.4 11143
433.2 11135
433.2 11155
436.0 11135
436.2 11155
438.7 11155
439.1 11135
441.0 11143
441.5 11155
442.9 11135
444.8 11155
445.5 11135
446.3 11143
449.4 11135
451.7 11143
453.5 11135
453.5 11155
455.2 11143
456.5 11155
456.6 11135
459.0 11143
459.5 11135
460.4 11155
462.2 11143
462.8 11135
463.2 11155
465.8 11155
465.9 11135
466.1 11143
469.8 11143
470.1 11135
470.1 11155
472.9 11155
475.4 11135
475.6 11143
475.7 11155
478.4 11143
478.9 11155
481.8 11135
482.3 11155
486.0 11155
488.2 11143
489.6 11135
490.0 11155
491.6 11143
492.8 11135
494.9 11143
496.0 11155
496.7 11135
498.6 11155
501.1 11135
501.8 11143
501.9 11155
507.8 11143
508.4 11135
508.5 11155
511.0 11143
513.2 11155
514.1 11135
515.9 11143
516.1 11155
518.2 11135
518.9 11155
519.9 11143
522.0 11135
523.8 11155
526.2 11155
526.7 11135
527.7 11143
528.6 11155
531.3 11155
531.4 11143
534.1 11155
537.1 11155
538.1 11135
538.1 11143
540.6 11155
541.1 11143
543.5 11135
544.0 11155
544.5 11143
546.9 11155
547.7 11143
548.1 11135
549.7 11155
550.6 11143
551.0 11135
554.2 11135
554.2 11143
554.2 11155
557.0 11155
560.1 11155
562.9 11135
563.1 11155
565.4 11143
568.6 11155
571.2 11155
571.8 11135
573.7 11155
576.5 11155
578.5 11143
579.4 11155
579.9 11135
582.0 11155
585.3 11155
587.5 11135
588.2 11143
588.2 11155
590.8 11135
591.4 11143
591.7 11155
594.5 11143
594.6 11155
597.5 11143
598.1 11155
601.0 11143
601.3 11155
