Name: GPe[GABA], Title: Raster plot from device '11213', Hist: False
18.7 32
18.7 56
18.7 64
18.7 92
18.8 4
18.8 8
18.8 12
18.8 16
18.8 24
18.8 36
18.8 52
18.8 72
18.8 80
18.8 88
69.4 4
69.4 24
69.6 12
69.6 16
69.6 36
69.6 52
69.7 92
69.8 72
69.8 80
69.9 88
70.1 56
70.2 8
70.2 32
70.4 64
71.6 4
71.7 24
71.8 12
71.8 52
71.9 16
71.9 36
71.9 92
72.0 72
72.0 80
72.1 88
72.3 56
72.4 8
72.5 32
72.7 64
74.0 4
74.2 12
74.2 52
74.3 16
74.4 80
74.5 92
74.6 88
74.7 24
74.8 72
75.1 8
75.1 36
404.2 8
404.2 12
404.2 16
404.2 24
404.2 36
404.2 52
404.2 72
404.2 80
404.2 88
404.2 92
404.3 4
404.3 32
404.5 56
404.6 64
406.7 8
406.7 12
406.7 16
406.7 24
406.7 32
406.7 36
406.7 52
406.7 72
406.7 80
406.7 88
406.7 92
406.8 4
406.9 56
406.9 64
409.0 8
409.0 12
409.0 16
409.0 24
409.0 32
409.0 36
409.0 52
409.0 72
409.0 80
409.0 88
409.0 92
409.1 4
409.1 56
409.1 64
411.3 32
411.4 8
411.4 12
411.4 16
411.4 24
411.4 36
411.4 52
411.4 72
411.4 80
411.4 88
411.4 92
411.5 4
411.5 56
411.5 64
413.5 32
413.6 8
413.6 12
413.6 16
413.6 24
413.6 36
413.6 52
413.6 72
413.6 80
413.6 88
413.6 92
413.7 4
413.7 56
413.7 64
416.0 4
416.0 8
416.0 12
416.0 16
416.0 24
416.0 32
416.0 36
416.0 52
416.0 56
416.0 64
416.0 72
416.0 80
416.0 88
416.0 92
418.2 4
418.2 8
418.2 12
418.2 16
418.2 24
418.2 32
418.2 36
418.2 52
418.2 56
418.2 64
418.2 72
418.2 80
418.2 88
418.2 92
420.4 4
420.4 8
420.4 12
420.4 16
420.4 24
420.4 32
420.4 36
420.4 52
420.4 56
420.4 64
420.4 72
420.4 80
420.4 88
420.4 92
421.1 20
421.1 28
421.1 40
421.1 48
421.1 60
421.1 68
421.1 76
421.1 100
421.2 44
421.2 84
421.2 96
422.8 24
422.8 36
422.8 72
422.8 80
422.8 88
422.9 4
422.9 8
422.9 12
422.9 16
422.9 32
422.9 52
422.9 56
422.9 64
422.9 92
423.7 20
423.7 28
423.7 40
423.7 44
423.7 48
423.7 60
423.7 68
423.7 76
423.7 84
423.7 96
423.7 100
425.2 24
425.2 36
425.2 72
425.2 80
425.2 88
425.3 4
425.3 8
425.3 12
425.3 16
425.3 32
425.3 52
425.3 56
425.3 64
425.3 92
426.0 28
426.1 20
426.1 40
426.1 48
426.1 60
426.1 68
426.1 76
426.1 96
426.1 100
426.2 44
426.2 84
428.0 24
428.0 36
428.0 72
428.0 80
428.0 88
428.2 4
428.2 12
428.2 16
428.2 32
428.2 56
428.2 64
428.2 92
428.3 8
428.3 52
428.6 28
428.7 20
428.7 40
428.7 44
428.7 48
428.7 60
428.7 68
428.7 76
428.7 84
428.7 96
428.7 100
430.3 24
430.3 36
430.3 72
430.3 80
430.3 88
430.6 4
430.6 12
430.6 16
430.6 32
430.6 56
430.6 64
430.6 92
430.7 8
430.7 52
431.1 28
431.3 20
431.3 40
431.3 44
431.3 48
431.3 60
431.3 68
431.3 76
431.3 84
431.3 96
431.3 100
432.7 24
432.7 36
432.7 72
432.7 80
432.7 88
433.0 4
433.0 12
433.0 16
433.0 32
433.0 56
433.0 64
433.0 92
433.1 8
433.1 52
433.4 28
433.7 20
433.7 40
433.7 44
433.7 48
433.7 60
433.7 68
433.7 76
433.7 84
433.7 96
433.7 100
435.0 24
435.0 36
435.0 72
435.0 80
435.0 88
435.3 4
435.3 12
435.3 16
435.3 32
435.3 56
435.3 64
435.3 92
435.4 8
435.4 52
435.8 28
435.9 20
435.9 40
435.9 44
435.9 48
435.9 60
435.9 68
435.9 76
435.9 84
435.9 96
435.9 100
437.2 24
437.2 36
437.2 72
437.2 80
437.2 88
437.5 4
437.5 12
437.5 16
437.5 32
437.5 56
437.5 64
437.5 92
437.7 8
437.7 52
438.0 28
438.1 20
438.1 40
438.1 44
438.1 48
438.1 60
438.1 68
438.1 76
438.1 84
438.1 96
438.1 100
439.4 24
439.4 36
439.4 72
439.4 80
439.4 88
439.7 4
439.7 12
439.7 16
439.7 32
439.7 56
439.7 64
439.7 92
439.9 8
439.9 52
440.3 28
440.4 20
440.4 40
440.4 44
440.4 48
440.4 60
440.4 68
440.4 76
440.4 84
440.4 96
440.4 100
441.7 24
441.7 36
441.7 72
441.7 80
441.7 88
441.9 4
441.9 12
441.9 16
441.9 32
441.9 56
441.9 64
441.9 92
442.2 8
442.2 52
442.5 28
442.6 20
442.6 40
442.6 44
442.6 48
442.6 60
442.6 68
442.6 76
442.6 84
442.6 96
442.6 100
444.0 24
444.0 36
444.0 72
444.0 80
444.0 88
444.2 4
444.2 12
444.2 16
444.2 32
444.2 56
444.2 64
444.2 92
444.4 8
444.4 52
444.8 28
444.9 20
444.9 40
444.9 44
444.9 48
444.9 60
444.9 68
444.9 76
444.9 84
444.9 96
444.9 100
446.3 24
446.3 36
446.3 72
446.3 80
446.3 88
446.6 4
446.6 12
446.6 16
446.6 32
446.6 56
446.6 64
446.6 92
446.7 8
446.7 52
447.0 28
447.1 20
447.1 40
447.1 44
447.1 48
447.1 60
447.1 68
447.1 76
447.1 84
447.1 96
447.1 100
448.6 24
448.6 36
448.6 72
448.6 80
448.6 88
449.0 4
449.0 12
449.0 16
449.0 32
449.0 56
449.0 64
449.0 92
449.2 8
449.2 52
449.5 20
449.5 28
449.5 40
449.5 44
449.5 60
449.5 68
449.5 76
449.5 84
449.5 96
449.6 48
449.6 100
450.9 24
450.9 36
450.9 72
450.9 80
450.9 88
451.4 4
451.4 12
451.4 16
451.4 32
451.4 56
451.4 64
451.4 92
451.7 8
451.7 52
452.3 20
452.3 28
452.3 40
452.3 44
452.3 48
452.3 60
452.3 68
452.3 76
452.3 84
452.3 96
452.3 100
453.1 24
453.1 36
453.1 72
453.1 80
453.1 88
453.7 4
453.7 12
453.7 16
453.7 32
453.7 56
453.7 64
453.7 92
453.9 8
453.9 52
454.7 20
454.7 28
454.7 40
454.7 44
454.7 48
454.7 60
454.7 68
454.7 76
454.7 84
454.7 96
454.7 100
455.6 24
455.6 36
455.6 72
455.6 80
455.6 88
455.9 4
455.9 12
455.9 16
455.9 32
455.9 56
455.9 64
455.9 92
456.1 8
456.1 52
457.0 20
457.0 28
457.0 40
457.0 44
457.0 48
457.0 60
457.0 68
457.0 76
457.0 84
457.0 96
457.0 100
457.8 24
457.8 36
457.8 72
457.8 80
457.8 88
458.2 4
458.2 12
458.2 16
458.2 32
458.2 56
458.2 64
458.2 92
458.3 8
458.3 52
459.2 20
459.2 28
459.2 40
459.2 44
459.2 48
459.2 60
459.2 68
459.2 76
459.2 84
459.2 96
459.2 100
460.2 24
460.2 36
460.2 72
460.2 80
460.2 88
460.8 4
460.8 8
460.8 12
460.8 16
460.8 32
460.8 52
460.8 56
460.8 64
460.8 92
461.5 20
461.5 28
461.5 40
461.5 44
461.5 48
461.5 60
461.5 68
461.5 76
461.5 84
461.5 96
461.5 100
462.4 24
462.4 36
462.4 72
462.4 80
462.4 88
463.2 4
463.2 8
463.2 12
463.2 16
463.2 32
463.2 52
463.2 56
463.2 64
463.2 92
463.9 20
463.9 28
463.9 40
463.9 44
463.9 48
463.9 60
463.9 68
463.9 76
463.9 84
463.9 96
463.9 100
464.7 24
464.7 36
464.7 72
464.7 80
464.7 88
465.6 4
465.6 8
465.6 12
465.6 16
465.6 32
465.6 52
465.6 56
465.6 64
465.6 92
466.3 20
466.3 28
466.3 40
466.3 44
466.3 48
466.3 60
466.3 68
466.3 76
466.3 84
466.3 96
466.3 100
466.9 24
466.9 36
466.9 72
466.9 80
466.9 88
467.8 4
467.8 8
467.8 12
467.8 16
467.8 32
467.8 52
467.8 56
467.8 64
467.8 92
468.7 20
468.7 28
468.7 40
468.7 44
468.7 48
468.7 60
468.7 68
468.7 76
468.7 84
468.7 96
468.7 100
469.2 24
469.2 36
469.2 72
469.2 80
469.2 88
470.1 4
470.1 8
470.1 12
470.1 16
470.1 32
470.1 52
470.1 56
470.1 64
470.1 92
471.0 20
471.0 28
471.0 40
471.0 44
471.0 48
471.0 60
471.0 68
471.0 76
471.0 84
471.0 96
471.0 100
471.4 24
471.4 36
471.4 72
471.4 80
471.4 88
472.3 4
472.3 8
472.3 12
472.3 16
472.3 32
472.3 52
472.3 56
472.3 64
472.3 92
473.3 20
473.3 28
473.3 40
473.3 44
473.3 48
473.3 60
473.3 68
473.3 76
473.3 84
473.3 96
473.3 100
473.7 24
473.7 36
473.7 72
473.7 80
473.7 88
474.6 4
474.6 8
474.6 12
474.6 16
474.6 32
474.6 52
474.6 56
474.6 64
474.6 92
475.5 20
475.5 28
475.5 40
475.5 44
475.5 48
475.5 60
475.5 68
475.5 76
475.5 84
475.5 96
475.5 100
475.9 24
475.9 36
475.9 72
475.9 80
475.9 88
476.9 4
476.9 8
476.9 12
476.9 16
476.9 32
476.9 52
476.9 56
476.9 64
476.9 92
477.8 20
477.8 28
477.8 40
477.8 44
477.8 48
477.8 60
477.8 68
477.8 76
477.8 84
477.8 96
477.8 100
478.3 24
478.3 36
478.3 72
478.3 80
478.3 88
479.3 4
479.3 8
479.3 12
479.3 16
479.3 32
479.3 52
479.3 56
479.3 64
479.3 92
480.1 20
480.1 28
480.1 40
480.1 44
480.1 48
480.1 60
480.1 68
480.1 76
480.1 84
480.1 96
480.1 100
480.6 24
480.6 36
480.6 72
480.6 80
480.6 88
482.1 4
482.1 8
482.1 12
482.1 16
482.1 32
482.1 52
482.1 56
482.1 64
482.1 92
482.5 20
482.5 28
482.5 40
482.5 44
482.5 48
482.5 60
482.5 68
482.5 76
482.5 84
482.5 96
482.5 100
482.9 24
482.9 36
482.9 72
482.9 80
482.9 88
484.4 4
484.4 8
484.4 12
484.4 16
484.4 32
484.4 52
484.4 56
484.4 64
484.4 92
484.8 20
484.8 28
484.8 40
484.8 44
484.8 48
484.8 60
484.8 68
484.8 76
484.8 84
484.8 96
484.8 100
485.2 24
485.2 36
485.2 72
485.2 80
485.2 88
486.8 4
486.8 8
486.8 12
486.8 16
486.8 32
486.8 52
486.8 56
486.8 64
486.8 92
487.5 20
487.5 44
487.5 76
487.6 28
487.6 40
487.6 48
487.6 60
487.6 68
487.6 84
487.6 96
487.6 100
487.8 24
487.8 36
487.8 72
487.8 80
487.8 88
489.2 4
489.2 8
489.2 12
489.2 16
489.2 32
489.2 52
489.2 56
489.2 64
489.2 92
489.9 20
489.9 44
489.9 76
490.0 28
490.0 40
490.0 48
490.0 60
490.0 68
490.0 84
490.0 96
490.0 100
490.3 24
490.3 36
490.3 72
490.3 80
490.3 88
491.4 4
491.4 8
491.4 12
491.4 16
491.4 32
491.4 52
491.4 56
491.4 64
491.4 92
492.2 20
492.2 44
492.2 76
492.3 28
492.3 40
492.3 48
492.3 60
492.3 68
492.3 84
492.3 96
492.3 100
492.7 24
492.7 36
492.7 72
492.7 80
492.7 88
494.1 4
494.1 8
494.1 12
494.1 16
494.1 32
494.1 52
494.1 56
494.1 64
494.1 92
494.6 20
494.6 28
494.6 40
494.6 44
494.6 48
494.6 60
494.6 68
494.6 76
494.6 84
494.6 96
494.6 100
495.1 24
495.1 36
495.1 72
495.1 80
495.1 88
496.3 4
496.3 8
496.3 12
496.3 16
496.3 32
496.3 52
496.3 56
496.3 64
496.3 92
496.9 20
496.9 28
496.9 40
496.9 44
496.9 48
496.9 60
496.9 68
496.9 76
496.9 84
496.9 96
496.9 100
497.3 24
497.3 36
497.3 72
497.3 80
497.3 88
498.6 4
498.6 8
498.6 12
498.6 16
498.6 32
498.6 52
498.6 56
498.6 64
498.6 92
499.1 20
499.1 28
499.1 40
499.1 44
499.1 48
499.1 60
499.1 68
499.1 76
499.1 84
499.1 96
499.1 100
499.5 24
499.5 36
499.5 72
499.5 80
499.5 88
500.9 4
500.9 8
500.9 12
500.9 16
500.9 32
500.9 52
500.9 56
500.9 64
500.9 92
501.4 20
501.4 28
501.4 40
501.4 44
501.4 48
501.4 60
501.4 68
501.4 76
501.4 84
501.4 96
501.4 100
501.9 24
501.9 36
501.9 72
501.9 80
501.9 88
503.1 4
503.1 8
503.1 12
503.1 16
503.1 32
503.1 52
503.1 56
503.1 64
503.1 92
503.6 20
503.6 28
503.6 40
503.6 44
503.6 48
503.6 60
503.6 68
503.6 76
503.6 84
503.6 96
503.6 100
504.1 24
504.1 36
504.1 72
504.1 80
504.1 88
505.5 4
505.5 8
505.5 12
505.5 16
505.5 32
505.5 52
505.5 56
505.5 64
505.5 92
505.9 20
505.9 28
505.9 40
505.9 44
505.9 48
505.9 60
505.9 68
505.9 76
505.9 84
505.9 96
505.9 100
506.5 24
506.5 36
506.5 72
506.5 80
506.5 88
507.7 4
507.7 8
507.7 12
507.7 16
507.7 32
507.7 52
507.7 56
507.7 64
507.7 92
508.2 20
508.2 28
508.2 40
508.2 44
508.2 48
508.2 60
508.2 68
508.2 76
508.2 84
508.2 96
508.2 100
508.6 24
508.6 36
508.6 72
508.6 80
508.6 88
509.9 4
509.9 8
509.9 12
509.9 16
509.9 32
509.9 52
509.9 56
509.9 64
509.9 92
510.5 20
510.5 28
510.5 40
510.5 44
510.5 48
510.5 60
510.5 68
510.5 76
510.5 84
510.5 96
510.5 100
510.8 24
510.8 36
510.8 72
510.8 80
510.8 88
512.1 4
512.1 8
512.1 12
512.1 16
512.1 32
512.1 52
512.1 56
512.1 64
512.1 92
512.7 20
512.7 28
512.7 40
512.7 44
512.7 48
512.7 60
512.7 68
512.7 76
512.7 84
512.7 96
512.7 100
513.0 24
513.0 36
513.0 72
513.0 80
513.0 88
514.4 4
514.4 8
514.4 12
514.4 16
514.4 32
514.4 52
514.4 56
514.4 64
514.4 92
515.1 20
515.1 28
515.1 40
515.1 44
515.1 48
515.1 60
515.1 68
515.1 76
515.1 84
515.1 96
515.1 100
515.3 24
515.3 36
515.3 72
515.3 80
515.3 88
516.8 4
516.8 8
516.8 12
516.8 16
516.8 32
516.8 52
516.8 56
516.8 64
516.8 92
517.4 20
517.4 28
517.4 40
517.4 44
517.4 48
517.4 60
517.4 68
517.4 76
517.4 84
517.4 96
517.4 100
517.6 24
517.6 36
517.6 72
517.6 80
517.6 88
519.0 4
519.0 8
519.0 12
519.0 16
519.0 32
519.0 52
519.0 56
519.0 64
519.0 92
519.6 20
519.6 28
519.6 40
519.6 44
519.6 48
519.6 60
519.6 68
519.6 76
519.6 84
519.6 96
519.6 100
519.7 24
519.7 36
519.7 72
519.7 80
519.7 88
521.3 4
521.3 8
521.3 12
521.3 16
521.3 32
521.3 52
521.3 56
521.3 64
521.3 92
522.2 20
522.2 28
522.2 40
522.2 44
522.2 48
522.2 60
522.2 68
522.2 76
522.2 84
522.2 96
522.2 100
522.4 24
522.4 36
522.4 72
522.4 80
522.4 88
523.8 4
523.8 8
523.8 12
523.8 16
523.8 32
523.8 52
523.8 56
523.8 64
523.8 92
524.5 20
524.5 28
524.5 40
524.5 44
524.5 48
524.5 60
524.5 68
524.5 76
524.5 84
524.5 96
524.5 100
524.7 24
524.7 36
524.7 72
524.7 80
524.7 88
526.2 4
526.2 8
526.2 12
526.2 16
526.2 32
526.2 52
526.2 56
526.2 64
526.2 92
526.7 20
526.7 28
526.7 40
526.7 44
526.7 48
526.7 60
526.7 68
526.7 76
526.7 84
526.7 96
526.7 100
526.9 24
526.9 36
526.9 72
526.9 80
526.9 88
528.5 4
528.5 8
528.5 12
528.5 16
528.5 32
528.5 52
528.5 56
528.5 64
528.5 92
528.9 20
528.9 28
528.9 40
528.9 44
528.9 48
528.9 60
528.9 68
528.9 76
528.9 84
528.9 96
528.9 100
529.1 24
529.1 36
529.1 72
529.1 80
529.1 88
530.8 4
530.8 8
530.8 12
530.8 16
530.8 32
530.8 52
530.8 56
530.8 64
530.8 92
531.1 20
531.1 28
531.1 40
531.1 44
531.1 48
531.1 60
531.1 68
531.1 76
531.1 84
531.1 96
531.1 100
531.3 24
531.3 36
531.3 72
531.3 80
531.3 88
533.1 4
533.1 8
533.1 12
533.1 16
533.1 32
533.1 52
533.1 56
533.1 64
533.1 92
533.5 20
533.5 28
533.5 40
533.5 44
533.5 48
533.5 60
533.5 68
533.5 76
533.5 84
533.5 96
533.5 100
533.6 24
533.6 36
533.6 72
533.6 80
533.6 88
535.3 4
535.3 8
535.3 12
535.3 16
535.3 32
535.3 52
535.3 56
535.3 64
535.3 92
535.7 20
535.7 28
535.7 40
535.7 44
535.7 48
535.7 60
535.7 68
535.7 76
535.7 84
535.7 96
535.7 100
535.8 24
535.8 36
535.8 72
535.8 80
535.8 88
537.7 4
537.7 8
537.7 12
537.7 16
537.7 32
537.7 52
537.7 56
537.7 64
537.7 92
538.0 20
538.0 28
538.0 40
538.0 44
538.0 48
538.0 60
538.0 68
538.0 76
538.0 84
538.0 96
538.0 100
538.1 24
538.1 36
538.1 72
538.1 80
538.1 88
540.1 4
540.1 8
540.1 12
540.1 16
540.1 32
540.1 52
540.1 56
540.1 64
540.1 92
540.5 20
540.5 28
540.5 40
540.5 44
540.5 48
540.5 60
540.5 68
540.5 76
540.5 84
540.5 96
540.5 100
540.6 24
540.6 36
540.6 72
540.6 80
540.6 88
542.3 4
542.3 8
542.3 12
542.3 16
542.3 32
542.3 52
542.3 56
542.3 64
542.3 92
542.8 20
542.8 28
542.8 40
542.8 44
542.8 48
542.8 60
542.8 68
542.8 76
542.8 84
542.8 96
542.8 100
542.9 24
542.9 36
542.9 72
542.9 80
542.9 88
544.7 4
544.7 8
544.7 12
544.7 16
544.7 32
544.7 52
544.7 56
544.7 64
544.7 92
545.2 20
545.2 24
545.2 28
545.2 36
545.2 40
545.2 44
545.2 48
545.2 60
545.2 68
545.2 72
545.2 76
545.2 80
545.2 84
545.2 88
545.2 96
545.2 100
547.1 4
547.1 8
547.1 12
547.1 16
547.1 32
547.1 52
547.1 56
547.1 64
547.1 92
547.5 20
547.5 24
547.5 28
547.5 36
547.5 40
547.5 44
547.5 48
547.5 60
547.5 68
547.5 72
547.5 76
547.5 80
547.5 84
547.5 88
547.5 96
547.5 100
549.5 4
549.5 8
549.5 12
549.5 16
549.5 32
549.5 52
549.5 56
549.5 64
549.5 92
550.1 20
550.1 24
550.1 28
550.1 36
550.1 40
550.1 44
550.1 48
550.1 60
550.1 68
550.1 72
550.1 76
550.1 80
550.1 84
550.1 88
550.1 96
550.1 100
551.7 4
551.7 8
551.7 12
551.7 16
551.7 32
551.7 52
551.7 56
551.7 64
551.7 92
552.3 20
552.3 24
552.3 28
552.3 36
552.3 40
552.3 44
552.3 48
552.3 60
552.3 68
552.3 72
552.3 76
552.3 80
552.3 84
552.3 88
552.3 96
552.3 100
553.9 4
553.9 8
553.9 12
553.9 16
553.9 32
553.9 52
553.9 56
553.9 64
553.9 92
554.5 20
554.5 24
554.5 28
554.5 36
554.5 40
554.5 44
554.5 48
554.5 60
554.5 68
554.5 72
554.5 76
554.5 80
554.5 84
554.5 88
554.5 96
554.5 100
556.5 4
556.5 8
556.5 12
556.5 16
556.5 32
556.5 52
556.5 56
556.5 64
556.5 92
556.7 20
556.7 24
556.7 28
556.7 36
556.7 40
556.7 44
556.7 48
556.7 60
556.7 68
556.7 72
556.7 76
556.7 80
556.7 84
556.7 88
556.7 96
556.7 100
558.9 4
558.9 8
558.9 12
558.9 16
558.9 32
558.9 52
558.9 56
558.9 64
558.9 92
559.2 20
559.2 24
559.2 28
559.2 36
559.2 40
559.2 44
559.2 48
559.2 60
559.2 68
559.2 72
559.2 76
559.2 80
559.2 84
559.2 88
559.2 96
559.2 100
561.2 4
561.2 8
561.2 12
561.2 16
561.2 32
561.2 52
561.2 56
561.2 64
561.2 92
561.5 20
561.5 24
561.5 28
561.5 36
561.5 40
561.5 44
561.5 48
561.5 60
561.5 68
561.5 72
561.5 76
561.5 80
561.5 84
561.5 88
561.5 96
561.5 100
563.4 4
563.4 8
563.4 12
563.4 16
563.4 32
563.4 52
563.4 56
563.4 64
563.4 92
563.7 20
563.7 24
563.7 28
563.7 36
563.7 40
563.7 44
563.7 48
563.7 60
563.7 68
563.7 72
563.7 76
563.7 80
563.7 84
563.7 88
563.7 96
563.7 100
565.8 4
565.8 8
565.8 12
565.8 16
565.8 32
565.8 52
565.8 56
565.8 64
565.8 92
566.0 20
566.0 24
566.0 28
566.0 36
566.0 40
566.0 44
566.0 48
566.0 60
566.0 68
566.0 72
566.0 76
566.0 80
566.0 84
566.0 88
566.0 96
566.0 100
568.2 4
568.2 8
568.2 12
568.2 16
568.2 32
568.2 52
568.2 56
568.2 64
568.2 92
568.5 20
568.5 24
568.5 28
568.5 36
568.5 40
568.5 44
568.5 48
568.5 60
568.5 68
568.5 72
568.5 76
568.5 80
568.5 84
568.5 88
568.5 96
568.5 100
570.6 4
570.6 8
570.6 12
570.6 16
570.6 32
570.6 52
570.6 56
570.6 64
570.6 92
571.1 20
571.1 24
571.1 28
571.1 36
571.1 40
571.1 44
571.1 48
571.1 60
571.1 68
571.1 72
571.1 76
571.1 80
571.1 84
571.1 88
571.1 96
571.1 100
572.9 4
572.9 8
572.9 12
572.9 16
572.9 32
572.9 52
572.9 56
572.9 64
572.9 92
573.4 20
573.4 24
573.4 28
573.4 36
573.4 40
573.4 44
573.4 48
573.4 60
573.4 68
573.4 72
573.4 76
573.4 80
573.4 84
573.4 88
573.4 96
573.4 100
575.1 4
575.1 8
575.1 12
575.1 16
575.1 32
575.1 52
575.1 56
575.1 64
575.1 92
575.5 20
575.5 24
575.5 28
575.5 36
575.5 40
575.5 44
575.5 48
575.5 60
575.5 68
575.5 72
575.5 76
575.5 80
575.5 84
575.5 88
575.5 96
575.5 100
577.5 4
577.5 8
577.5 12
577.5 16
577.5 32
577.5 52
577.5 56
577.5 64
577.5 92
577.9 20
577.9 24
577.9 28
577.9 36
577.9 40
577.9 44
577.9 48
577.9 60
577.9 68
577.9 72
577.9 76
577.9 80
577.9 84
577.9 88
577.9 96
577.9 100
579.8 4
579.8 8
579.8 12
579.8 16
579.8 32
579.8 52
579.8 56
579.8 64
579.8 92
580.2 20
580.2 24
580.2 28
580.2 36
580.2 40
580.2 44
580.2 48
580.2 60
580.2 68
580.2 72
580.2 76
580.2 80
580.2 84
580.2 88
580.2 96
580.2 100
582.1 4
582.1 8
582.1 12
582.1 16
582.1 32
582.1 52
582.1 56
582.1 64
582.1 92
582.7 20
582.7 24
582.7 28
582.7 36
582.7 40
582.7 44
582.7 48
582.7 60
582.7 68
582.7 72
582.7 76
582.7 80
582.7 84
582.7 88
582.7 96
582.7 100
584.4 4
584.4 8
584.4 12
584.4 16
584.4 32
584.4 52
584.4 56
584.4 64
584.4 92
585.2 20
585.2 24
585.2 28
585.2 36
585.2 40
585.2 44
585.2 48
585.2 60
585.2 68
585.2 72
585.2 76
585.2 80
585.2 84
585.2 88
585.2 96
585.2 100
586.6 4
586.6 8
586.6 12
586.6 16
586.6 32
586.6 52
586.6 56
586.6 64
586.6 92
587.4 20
587.4 24
587.4 28
587.4 36
587.4 40
587.4 44
587.4 48
587.4 60
587.4 68
587.4 72
587.4 76
587.4 80
587.4 84
587.4 88
587.4 96
587.4 100
588.8 4
588.8 8
588.8 12
588.8 16
588.8 32
588.8 52
588.8 56
588.8 64
588.8 92
589.7 20
589.7 24
589.7 28
589.7 36
589.7 40
589.7 44
589.7 48
589.7 60
589.7 68
589.7 72
589.7 76
589.7 80
589.7 84
589.7 88
589.7 96
589.7 100
591.1 4
591.1 8
591.1 12
591.1 16
591.1 32
591.1 52
591.1 56
591.1 64
591.1 92
591.9 20
591.9 24
591.9 28
591.9 36
591.9 40
591.9 44
591.9 48
591.9 60
591.9 68
591.9 72
591.9 76
591.9 80
591.9 84
591.9 88
591.9 96
591.9 100
593.3 4
593.3 8
593.3 12
593.3 16
593.3 32
593.3 52
593.3 56
593.3 64
593.3 92
594.3 20
594.3 24
594.3 28
594.3 36
594.3 40
594.3 44
594.3 48
594.3 60
594.3 68
594.3 72
594.3 76
594.3 80
594.3 84
594.3 88
594.3 96
594.3 100
595.6 4
595.6 8
595.6 12
595.6 16
595.6 32
595.6 52
595.6 56
595.6 64
595.6 92
596.5 20
596.5 24
596.5 28
596.5 36
596.5 40
596.5 44
596.5 48
596.5 60
596.5 68
596.5 72
596.5 76
596.5 80
596.5 84
596.5 88
596.5 96
596.5 100
598.0 4
598.0 8
598.0 12
598.0 16
598.0 32
598.0 52
598.0 56
598.0 64
598.0 92
598.8 20
598.8 24
598.8 28
598.8 36
598.8 40
598.8 44
598.8 48
598.8 60
598.8 68
598.8 72
598.8 76
598.8 80
598.8 84
598.8 88
598.8 96
598.8 100
600.4 4
600.4 8
600.4 12
600.4 16
600.4 32
600.4 52
600.4 56
600.4 64
600.4 92
601.0 20
601.0 24
601.0 28
601.0 36
601.0 40
601.0 44
601.0 48
601.0 60
601.0 68
601.0 72
601.0 76
601.0 80
601.0 84
601.0 88
601.0 96
601.0 100
602.8 4
602.8 8
602.8 12
602.8 16
602.8 32
602.8 52
602.8 56
602.8 64
602.8 92
603.4 20
603.4 24
603.4 28
603.4 36
603.4 40
603.4 44
603.4 48
603.4 60
603.4 68
603.4 72
603.4 76
603.4 80
603.4 84
603.4 88
603.4 96
603.4 100
672.6 32
673.0 8
673.3 12
673.4 4
673.5 16
673.5 48
673.5 64
673.6 24
673.6 60
673.7 88
673.8 92
673.9 56
674.0 44
674.0 52
674.0 80
674.0 100
674.1 36
674.1 84
674.2 20
674.3 28
674.3 40
674.4 68
674.4 72
674.5 96
675.0 76
675.7 32
676.2 4
676.7 88
18.7 49
18.7 57
18.7 89
18.8 17
18.8 29
18.8 33
18.8 53
18.8 61
18.8 65
18.8 93
69.2 93
69.4 29
69.6 33
69.7 65
69.8 17
69.9 53
70.3 49
70.3 61
70.3 89
71.4 93
71.6 29
71.6 57
71.8 33
71.9 65
72.1 17
72.1 53
72.5 49
72.5 61
72.5 89
73.7 93
73.9 29
74.0 57
74.4 33
74.5 65
74.7 53
74.8 17
404.2 17
404.2 29
404.2 33
404.2 53
404.2 93
404.3 49
404.3 65
404.4 57
404.4 89
404.8 61
406.7 17
406.7 29
406.7 33
406.7 53
406.7 93
406.8 49
406.8 57
406.8 65
406.8 89
407.2 61
409.0 17
409.0 29
409.0 33
409.0 49
409.0 53
409.0 65
409.0 89
409.0 93
409.1 57
409.4 61
411.3 17
411.3 49
411.3 65
411.3 89
411.3 93
411.4 29
411.4 33
411.4 53
411.5 57
411.8 61
413.5 17
413.5 49
413.5 65
413.5 89
413.5 93
413.6 29
413.6 33
413.6 53
413.7 57
414.1 61
416.0 17
416.0 29
416.0 33
416.0 49
416.0 53
416.0 57
416.0 65
416.0 89
416.0 93
416.3 61
418.2 17
418.2 29
418.2 33
418.2 49
418.2 53
418.2 57
418.2 65
418.2 89
418.2 93
418.6 61
420.4 17
420.4 29
420.4 33
420.4 49
420.4 53
420.4 57
420.4 65
420.4 89
420.4 93
420.8 61
421.1 21
421.1 25
421.1 37
421.1 45
421.1 69
421.1 73
421.1 77
421.1 81
421.1 85
421.1 97
421.2 1
421.2 5
421.2 9
421.2 13
421.2 41
422.8 17
422.8 29
422.8 53
422.8 89
422.8 93
422.9 33
422.9 49
422.9 57
422.9 65
423.6 61
423.7 1
423.7 5
423.7 9
423.7 13
423.7 21
423.7 25
423.7 37
423.7 41
423.7 45
423.7 69
423.7 73
423.7 77
423.7 81
423.7 85
423.7 97
425.2 17
425.2 29
425.2 53
425.2 89
425.2 93
425.3 33
425.3 49
425.3 57
425.3 65
426.1 5
426.1 9
426.1 37
426.1 41
426.1 61
426.1 69
426.1 73
426.1 77
426.1 81
426.1 97
426.2 1
426.2 13
426.2 21
426.2 25
426.2 45
426.2 85
428.0 17
428.0 29
428.0 53
428.0 89
428.0 93
428.2 33
428.2 49
428.2 65
428.3 57
428.7 1
428.7 5
428.7 9
428.7 13
428.7 21
428.7 25
428.7 37
428.7 41
428.7 45
428.7 61
428.7 69
428.7 73
428.7 77
428.7 81
428.7 85
428.7 97
430.3 17
430.3 29
430.3 53
430.3 89
430.3 93
430.6 33
430.6 49
430.6 65
430.7 57
431.3 1
431.3 5
431.3 9
431.3 13
431.3 21
431.3 25
431.3 37
431.3 41
431.3 45
431.3 61
431.3 69
431.3 73
431.3 77
431.3 81
431.3 85
431.3 97
432.7 17
432.7 29
432.7 53
432.7 89
432.7 93
433.0 33
433.0 49
433.0 65
433.1 57
433.7 1
433.7 5
433.7 9
433.7 13
433.7 21
433.7 25
433.7 37
433.7 41
433.7 45
433.7 61
433.7 69
433.7 73
433.7 77
433.7 81
433.7 85
433.7 97
435.0 17
435.0 29
435.0 53
435.0 89
435.0 93
435.3 33
435.3 49
435.3 65
435.4 57
435.9 1
435.9 5
435.9 9
435.9 13
435.9 21
435.9 25
435.9 37
435.9 41
435.9 45
435.9 61
435.9 69
435.9 73
435.9 77
435.9 81
435.9 85
435.9 97
437.2 17
437.2 29
437.2 53
437.2 89
437.2 93
437.5 33
437.5 49
437.5 65
437.7 57
438.1 1
438.1 5
438.1 9
438.1 13
438.1 21
438.1 25
438.1 37
438.1 41
438.1 45
438.1 61
438.1 69
438.1 73
438.1 77
438.1 81
438.1 85
438.1 97
439.4 17
439.4 29
439.4 53
439.4 89
439.4 93
439.7 33
439.7 49
439.7 65
439.9 57
440.4 1
440.4 5
440.4 9
440.4 13
440.4 21
440.4 25
440.4 37
440.4 41
440.4 45
440.4 61
440.4 69
440.4 73
440.4 77
440.4 81
440.4 85
440.4 97
441.7 17
441.7 29
441.7 53
441.7 89
441.7 93
441.9 33
441.9 49
441.9 65
442.2 57
442.6 1
442.6 5
442.6 9
442.6 13
442.6 21
442.6 25
442.6 37
442.6 41
442.6 45
442.6 61
442.6 69
442.6 73
442.6 77
442.6 81
442.6 85
442.6 97
444.0 17
444.0 29
444.0 53
444.0 89
444.0 93
444.2 33
444.2 49
444.2 65
444.4 57
444.9 1
444.9 5
444.9 9
444.9 13
444.9 21
444.9 25
444.9 37
444.9 41
444.9 45
444.9 61
444.9 69
444.9 73
444.9 77
444.9 81
444.9 85
444.9 97
446.3 17
446.3 29
446.3 53
446.3 89
446.3 93
446.6 33
446.6 49
446.6 65
446.8 57
447.1 1
447.1 5
447.1 9
447.1 13
447.1 21
447.1 25
447.1 37
447.1 41
447.1 45
447.1 61
447.1 69
447.1 73
447.1 77
447.1 81
447.1 85
447.1 97
448.6 17
448.6 29
448.6 53
448.6 89
448.6 93
449.1 33
449.1 49
449.1 65
449.4 57
449.5 5
449.5 13
449.5 25
449.5 45
449.5 61
449.5 77
449.5 81
449.5 85
449.6 1
449.6 9
449.6 21
449.6 37
449.6 41
449.6 69
449.6 73
449.6 97
450.9 17
450.9 29
450.9 53
450.9 89
450.9 93
451.5 33
451.5 49
451.5 65
452.0 57
452.3 1
452.3 5
452.3 9
452.3 13
452.3 21
452.3 25
452.3 37
452.3 41
452.3 45
452.3 61
452.3 69
452.3 73
452.3 77
452.3 81
452.3 85
452.3 97
453.1 17
453.1 29
453.1 53
453.1 89
453.1 93
453.7 33
453.7 49
453.7 65
454.3 57
454.7 1
454.7 5
454.7 9
454.7 13
454.7 21
454.7 25
454.7 37
454.7 41
454.7 45
454.7 61
454.7 69
454.7 73
454.7 77
454.7 81
454.7 85
454.7 97
455.6 17
455.6 29
455.6 53
455.6 89
455.6 93
455.9 33
455.9 49
455.9 65
456.6 57
456.9 61
457.0 1
457.0 5
457.0 9
457.0 13
457.0 21
457.0 25
457.0 37
457.0 41
457.0 45
457.0 69
457.0 73
457.0 77
457.0 81
457.0 85
457.0 97
457.8 17
457.8 29
457.8 53
457.8 89
457.8 93
458.2 33
458.2 49
458.2 65
458.8 57
459.1 61
459.2 1
459.2 5
459.2 9
459.2 13
459.2 21
459.2 25
459.2 37
459.2 41
459.2 45
459.2 69
459.2 73
459.2 77
459.2 81
459.2 85
459.2 97
460.2 17
460.2 29
460.2 53
460.2 89
460.2 93
460.8 33
460.8 49
460.8 65
461.0 57
461.4 61
461.5 1
461.5 5
461.5 9
461.5 13
461.5 21
461.5 25
461.5 37
461.5 41
461.5 45
461.5 69
461.5 73
461.5 77
461.5 81
461.5 85
461.5 97
462.4 17
462.4 29
462.4 53
462.4 89
462.4 93
463.2 33
463.2 49
463.2 65
463.4 57
463.8 61
463.9 1
463.9 5
463.9 9
463.9 13
463.9 21
463.9 25
463.9 37
463.9 41
463.9 45
463.9 69
463.9 73
463.9 77
463.9 81
463.9 85
463.9 97
464.7 17
464.7 29
464.7 53
464.7 89
464.7 93
465.6 33
465.6 49
465.6 65
465.7 57
466.2 61
466.3 1
466.3 5
466.3 9
466.3 13
466.3 21
466.3 25
466.3 37
466.3 41
466.3 45
466.3 69
466.3 73
466.3 77
466.3 81
466.3 85
466.3 97
466.9 17
466.9 29
466.9 53
466.9 89
466.9 93
467.8 33
467.8 49
467.8 65
467.9 57
468.5 61
468.7 1
468.7 5
468.7 9
468.7 13
468.7 21
468.7 25
468.7 37
468.7 41
468.7 45
468.7 69
468.7 73
468.7 77
468.7 81
468.7 85
468.7 97
469.2 17
469.2 29
469.2 53
469.2 89
469.2 93
470.1 33
470.1 49
470.1 65
470.2 57
470.9 61
471.0 1
471.0 5
471.0 9
471.0 13
471.0 21
471.0 25
471.0 37
471.0 41
471.0 45
471.0 69
471.0 73
471.0 77
471.0 81
471.0 85
471.0 97
471.4 17
471.4 29
471.4 53
471.4 89
471.4 93
472.3 33
472.3 49
472.3 65
472.4 57
473.2 61
473.3 1
473.3 5
473.3 9
473.3 13
473.3 21
473.3 25
473.3 37
473.3 41
473.3 45
473.3 69
473.3 73
473.3 77
473.3 81
473.3 85
473.3 97
473.7 17
473.7 29
473.7 53
473.7 89
473.7 93
474.6 33
474.6 49
474.6 65
474.7 57
475.4 61
475.5 1
475.5 5
475.5 9
475.5 13
475.5 21
475.5 25
475.5 37
475.5 41
475.5 45
475.5 69
475.5 73
475.5 77
475.5 81
475.5 85
475.5 97
475.9 17
475.9 29
475.9 53
475.9 89
475.9 93
476.9 33
476.9 49
476.9 65
477.0 57
477.7 61
477.8 1
477.8 5
477.8 9
477.8 13
477.8 21
477.8 25
477.8 37
477.8 41
477.8 45
477.8 69
477.8 73
477.8 77
477.8 81
477.8 85
477.8 97
478.3 17
478.3 29
478.3 53
478.3 89
478.3 93
479.3 33
479.3 49
479.3 57
479.3 65
479.9 61
480.1 1
480.1 5
480.1 9
480.1 13
480.1 21
480.1 25
480.1 37
480.1 41
480.1 45
480.1 69
480.1 73
480.1 77
480.1 81
480.1 85
480.1 97
480.6 17
480.6 29
480.6 53
480.6 89
480.6 93
482.1 33
482.1 49
482.1 57
482.1 65
482.3 61
482.5 1
482.5 5
482.5 9
482.5 13
482.5 21
482.5 25
482.5 37
482.5 41
482.5 45
482.5 69
482.5 73
482.5 77
482.5 81
482.5 85
482.5 97
482.9 17
482.9 29
482.9 53
482.9 89
482.9 93
484.4 33
484.4 49
484.4 57
484.4 65
484.6 61
484.8 1
484.8 5
484.8 9
484.8 13
484.8 21
484.8 25
484.8 37
484.8 41
484.8 45
484.8 69
484.8 73
484.8 77
484.8 81
484.8 85
484.8 97
485.2 17
485.2 29
485.2 53
485.2 89
485.2 93
486.8 33
486.8 49
486.8 57
486.8 65
487.1 61
487.5 1
487.5 5
487.5 9
487.5 13
487.5 45
487.5 69
487.5 73
487.5 77
487.5 81
487.5 97
487.6 21
487.6 25
487.6 37
487.6 41
487.6 85
487.8 17
487.8 29
487.8 53
487.8 89
487.8 93
489.2 33
489.2 49
489.2 57
489.2 65
489.4 61
489.9 1
489.9 5
489.9 9
489.9 13
489.9 45
489.9 69
489.9 73
489.9 77
489.9 81
489.9 97
490.0 21
490.0 25
490.0 37
490.0 41
490.0 85
490.3 17
490.3 29
490.3 53
490.3 89
490.3 93
491.4 33
491.4 49
491.4 57
491.4 65
491.6 61
492.2 1
492.2 5
492.2 9
492.2 13
492.2 45
492.2 69
492.2 73
492.2 77
492.2 81
492.2 97
492.3 21
492.3 25
492.3 37
492.3 41
492.3 85
492.7 17
492.7 29
492.7 53
492.7 89
492.7 93
494.1 33
494.1 49
494.1 57
494.1 65
494.2 61
494.6 1
494.6 5
494.6 9
494.6 13
494.6 21
494.6 37
494.6 41
494.6 45
494.6 69
494.6 73
494.6 77
494.6 81
494.6 85
494.6 97
494.7 25
495.1 17
495.1 29
495.1 53
495.1 89
495.1 93
496.3 33
496.3 49
496.3 57
496.3 65
496.4 61
496.9 1
496.9 5
496.9 9
496.9 13
496.9 21
496.9 37
496.9 41
496.9 45
496.9 69
496.9 73
496.9 77
496.9 81
496.9 85
496.9 97
497.1 25
497.3 17
497.3 29
497.3 53
497.3 89
497.3 93
498.6 33
498.6 49
498.6 57
498.6 65
498.8 61
499.1 1
499.1 5
499.1 9
499.1 13
499.1 21
499.1 37
499.1 41
499.1 45
499.1 69
499.1 73
499.1 77
499.1 81
499.1 85
499.1 97
499.3 25
499.5 17
499.5 29
499.5 53
499.5 89
499.5 93
500.9 33
500.9 49
500.9 57
500.9 65
501.1 61
501.4 1
501.4 5
501.4 9
501.4 13
501.4 21
501.4 37
501.4 41
501.4 45
501.4 69
501.4 73
501.4 77
501.4 81
501.4 85
501.4 97
501.7 25
501.9 17
501.9 29
501.9 53
501.9 89
501.9 93
503.1 33
503.1 49
503.1 57
503.1 65
503.3 61
503.6 5
503.6 13
503.6 21
503.6 69
503.6 77
503.6 81
503.7 1
503.7 9
503.7 37
503.7 41
503.7 45
503.7 73
503.7 85
503.7 97
503.9 25
504.1 17
504.1 29
504.1 53
504.1 89
504.1 93
505.5 33
505.5 49
505.5 57
505.5 65
505.8 61
505.9 13
505.9 21
505.9 69
505.9 77
505.9 81
506.0 1
506.0 5
506.0 9
506.0 37
506.0 41
506.0 45
506.0 73
506.0 85
506.0 97
506.3 25
506.5 17
506.5 29
506.5 53
506.5 89
506.5 93
507.7 33
507.7 49
507.7 57
507.7 65
508.1 61
508.2 1
508.2 5
508.2 9
508.2 13
508.2 21
508.2 37
508.2 41
508.2 45
508.2 69
508.2 73
508.2 77
508.2 81
508.2 85
508.2 97
508.5 25
508.6 17
508.6 29
508.6 53
508.6 89
508.6 93
509.9 33
509.9 49
509.9 57
509.9 65
510.4 61
510.5 1
510.5 5
510.5 9
510.5 13
510.5 21
510.5 37
510.5 41
510.5 45
510.5 69
510.5 73
510.5 77
510.5 81
510.5 85
510.5 97
510.7 25
510.8 17
510.8 29
510.8 53
510.8 89
510.8 93
512.1 33
512.1 49
512.1 57
512.1 65
512.6 61
512.7 1
512.7 5
512.7 9
512.7 13
512.7 21
512.7 37
512.7 41
512.7 45
512.7 69
512.7 73
512.7 77
512.7 81
512.7 85
512.7 97
512.9 25
513.0 17
513.0 29
513.0 53
513.0 89
513.0 93
514.4 33
514.4 49
514.4 57
514.4 65
515.1 1
515.1 5
515.1 9
515.1 13
515.1 21
515.1 37
515.1 41
515.1 45
515.1 61
515.1 69
515.1 73
515.1 77
515.1 81
515.1 85
515.1 97
515.2 25
515.3 17
515.3 29
515.3 53
515.3 89
515.3 93
516.8 33
516.8 49
516.8 57
516.8 65
517.4 5
517.4 9
517.4 13
517.4 21
517.4 37
517.4 41
517.4 61
517.4 69
517.4 73
517.4 77
517.4 81
517.4 85
517.4 97
517.5 1
517.5 45
517.6 17
517.6 25
517.6 29
517.6 53
517.6 89
517.6 93
519.0 33
519.0 49
519.0 57
519.0 65
519.6 5
519.6 9
519.6 13
519.6 21
519.6 37
519.6 41
519.6 61
519.6 69
519.6 73
519.6 77
519.6 81
519.6 85
519.6 97
519.7 1
519.7 17
519.7 25
519.7 29
519.7 45
519.7 53
519.7 89
519.7 93
521.3 33
521.3 49
521.3 57
521.3 65
522.2 5
522.2 9
522.2 13
522.2 21
522.2 37
522.2 41
522.2 61
522.2 69
522.2 73
522.2 77
522.2 81
522.2 85
522.2 97
522.4 1
522.4 17
522.4 25
522.4 29
522.4 45
522.4 53
522.4 89
522.4 93
523.8 33
523.8 49
523.8 57
523.8 65
524.5 5
524.5 9
524.5 13
524.5 21
524.5 37
524.5 41
524.5 61
524.5 69
524.5 73
524.5 77
524.5 81
524.5 85
524.5 97
524.7 1
524.7 17
524.7 25
524.7 29
524.7 45
524.7 53
524.7 89
524.7 93
526.2 33
526.2 49
526.2 57
526.2 65
526.7 5
526.7 9
526.7 13
526.7 21
526.7 37
526.7 41
526.7 61
526.7 69
526.7 73
526.7 77
526.7 81
526.7 85
526.7 97
526.9 1
526.9 17
526.9 25
526.9 29
526.9 53
526.9 89
526.9 93
527.0 45
528.5 33
528.5 49
528.5 57
528.5 65
528.9 5
528.9 9
528.9 13
528.9 21
528.9 37
528.9 41
528.9 61
528.9 69
528.9 73
528.9 77
528.9 81
528.9 85
528.9 97
529.1 1
529.1 17
529.1 25
529.1 29
529.1 53
529.1 89
529.1 93
529.2 45
530.8 33
530.8 49
530.8 57
530.8 65
531.1 5
531.1 9
531.1 13
531.1 21
531.1 37
531.1 41
531.1 61
531.1 69
531.1 73
531.1 77
531.1 81
531.1 85
531.1 97
531.3 1
531.3 17
531.3 25
531.3 29
531.3 53
531.3 89
531.3 93
531.4 45
533.1 33
533.1 49
533.1 57
533.1 65
533.5 5
533.5 9
533.5 13
533.5 21
533.5 37
533.5 41
533.5 61
533.5 69
533.5 73
533.5 77
533.5 81
533.5 85
533.5 97
533.6 1
533.6 17
533.6 25
533.6 29
533.6 45
533.6 53
533.6 89
533.6 93
535.3 33
535.3 49
535.3 57
535.3 65
535.7 5
535.7 9
535.7 13
535.7 21
535.7 37
535.7 41
535.7 61
535.7 69
535.7 73
535.7 77
535.7 81
535.7 85
535.7 97
535.8 17
535.8 29
535.8 45
535.8 53
535.8 89
535.8 93
535.9 1
535.9 25
537.7 33
537.7 49
537.7 57
537.7 65
538.0 5
538.0 9
538.0 13
538.0 21
538.0 37
538.0 41
538.0 61
538.0 69
538.0 73
538.0 77
538.0 81
538.0 85
538.0 97
538.1 1
538.1 17
538.1 25
538.1 29
538.1 45
538.1 53
538.1 89
538.1 93
540.1 33
540.1 49
540.1 57
540.1 65
540.5 5
540.5 9
540.5 13
540.5 21
540.5 37
540.5 41
540.5 61
540.5 69
540.5 73
540.5 77
540.5 81
540.5 85
540.5 97
540.6 1
540.6 17
540.6 25
540.6 29
540.6 45
540.6 53
540.6 89
540.6 93
542.3 33
542.3 49
542.3 57
542.3 65
542.8 5
542.8 9
542.8 13
542.8 21
542.8 37
542.8 41
542.8 61
542.8 69
542.8 73
542.8 77
542.8 81
542.8 85
542.8 97
542.9 1
542.9 17
542.9 25
542.9 29
542.9 45
542.9 53
542.9 89
542.9 93
544.7 33
544.7 49
544.7 57
544.7 65
545.2 1
545.2 5
545.2 9
545.2 13
545.2 17
545.2 21
545.2 25
545.2 29
545.2 37
545.2 41
545.2 45
545.2 53
545.2 61
545.2 69
545.2 73
545.2 77
545.2 81
545.2 85
545.2 89
545.2 93
545.2 97
547.1 33
547.1 49
547.1 57
547.1 65
547.5 1
547.5 9
547.5 13
547.5 17
547.5 29
547.5 45
547.5 53
547.5 61
547.5 69
547.5 73
547.5 77
547.5 81
547.5 85
547.5 89
547.5 93
547.5 97
547.6 5
547.6 21
547.6 25
547.6 37
547.6 41
549.5 33
549.5 49
549.5 57
549.5 65
550.1 1
550.1 9
550.1 13
550.1 17
550.1 29
550.1 45
550.1 53
550.1 61
550.1 69
550.1 73
550.1 77
550.1 81
550.1 85
550.1 89
550.1 93
550.1 97
550.3 5
550.3 21
550.3 25
550.3 37
550.3 41
551.7 33
551.7 49
551.7 57
551.7 65
552.3 1
552.3 9
552.3 13
552.3 17
552.3 29
552.3 45
552.3 53
552.3 61
552.3 69
552.3 73
552.3 77
552.3 81
552.3 85
552.3 89
552.3 93
552.3 97
552.6 5
552.6 21
552.6 25
552.6 37
552.6 41
553.9 33
553.9 49
553.9 57
553.9 65
554.5 1
554.5 9
554.5 13
554.5 17
554.5 29
554.5 45
554.5 53
554.5 61
554.5 69
554.5 73
554.5 77
554.5 81
554.5 85
554.5 89
554.5 93
554.5 97
554.9 5
554.9 21
554.9 25
554.9 37
554.9 41
556.5 33
556.5 49
556.5 57
556.5 65
556.7 1
556.7 9
556.7 13
556.7 17
556.7 29
556.7 45
556.7 53
556.7 61
556.7 69
556.7 73
556.7 77
556.7 81
556.7 85
556.7 89
556.7 93
556.7 97
557.2 5
557.2 21
557.2 25
557.2 37
557.2 41
558.9 33
558.9 49
558.9 57
558.9 65
559.2 1
559.2 9
559.2 13
559.2 17
559.2 29
559.2 45
559.2 53
559.2 61
559.2 69
559.2 73
559.2 77
559.2 81
559.2 85
559.2 89
559.2 93
559.2 97
559.6 5
559.6 21
559.6 25
559.6 37
559.6 41
561.2 33
561.2 49
561.2 57
561.2 65
561.5 1
561.5 9
561.5 13
561.5 17
561.5 29
561.5 45
561.5 53
561.5 61
561.5 69
561.5 73
561.5 77
561.5 81
561.5 85
561.5 89
561.5 93
561.5 97
562.0 5
562.0 21
562.0 25
562.0 37
562.0 41
563.4 33
563.4 49
563.4 57
563.4 65
563.7 1
563.7 9
563.7 13
563.7 17
563.7 29
563.7 45
563.7 53
563.7 61
563.7 69
563.7 73
563.7 77
563.7 81
563.7 85
563.7 89
563.7 93
563.7 97
564.3 5
564.3 21
564.3 25
564.3 37
564.3 41
565.8 33
565.8 49
565.8 57
565.8 65
566.0 1
566.0 9
566.0 13
566.0 17
566.0 29
566.0 45
566.0 53
566.0 61
566.0 69
566.0 73
566.0 77
566.0 81
566.0 85
566.0 89
566.0 93
566.0 97
566.5 5
566.5 21
566.5 25
566.5 37
566.5 41
568.2 33
568.2 49
568.2 57
568.2 65
568.5 1
568.5 9
568.5 13
568.5 17
568.5 29
568.5 45
568.5 53
568.5 61
568.5 69
568.5 73
568.5 77
568.5 81
568.5 85
568.5 89
568.5 93
568.5 97
569.5 5
569.5 21
569.5 25
569.5 37
569.5 41
570.6 33
570.6 49
570.6 57
570.6 65
571.1 1
571.1 9
571.1 13
571.1 17
571.1 29
571.1 45
571.1 53
571.1 61
571.1 69
571.1 73
571.1 77
571.1 81
571.1 85
571.1 89
571.1 93
571.1 97
571.7 5
571.7 25
571.7 37
571.7 41
571.8 21
572.9 33
572.9 49
572.9 57
572.9 65
573.4 1
573.4 9
573.4 13
573.4 17
573.4 29
573.4 45
573.4 53
573.4 61
573.4 69
573.4 73
573.4 77
573.4 81
573.4 85
573.4 89
573.4 93
573.4 97
574.0 5
574.0 25
574.0 37
574.0 41
574.1 21
575.1 33
575.1 49
575.1 57
575.1 65
575.5 1
575.5 9
575.5 13
575.5 17
575.5 29
575.5 45
575.5 53
575.5 61
575.5 69
575.5 73
575.5 77
575.5 81
575.5 85
575.5 89
575.5 93
575.5 97
576.2 5
576.2 25
576.2 37
576.2 41
576.4 21
577.5 33
577.5 49
577.5 57
577.5 65
577.9 1
577.9 9
577.9 13
577.9 17
577.9 29
577.9 45
577.9 53
577.9 61
577.9 69
577.9 73
577.9 77
577.9 81
577.9 85
577.9 89
577.9 93
577.9 97
578.6 5
578.6 25
578.6 37
578.6 41
578.9 21
579.8 33
579.8 49
579.8 57
579.8 65
580.2 1
580.2 9
580.2 13
580.2 17
580.2 29
580.2 45
580.2 53
580.2 61
580.2 69
580.2 73
580.2 77
580.2 81
580.2 85
580.2 89
580.2 93
580.2 97
580.9 5
580.9 25
580.9 37
580.9 41
581.2 21
582.1 33
582.1 49
582.1 57
582.1 65
582.7 1
582.7 9
582.7 13
582.7 17
582.7 29
582.7 45
582.7 53
582.7 61
582.7 69
582.7 73
582.7 77
582.7 81
582.7 85
582.7 89
582.7 93
582.7 97
583.7 5
583.7 25
583.7 37
583.7 41
583.9 21
584.4 33
584.4 49
584.4 57
584.4 65
585.2 1
585.2 9
585.2 13
585.2 17
585.2 29
585.2 45
585.2 53
585.2 61
585.2 69
585.2 73
585.2 77
585.2 81
585.2 85
585.2 89
585.2 93
585.2 97
586.0 5
586.0 25
586.0 37
586.0 41
586.2 21
586.6 33
586.6 49
586.6 57
586.6 65
587.4 1
587.4 9
587.4 13
587.4 17
587.4 29
587.4 45
587.4 53
587.4 61
587.4 69
587.4 73
587.4 77
587.4 81
587.4 85
587.4 89
587.4 93
587.4 97
588.3 5
588.3 25
588.3 37
588.3 41
588.4 21
588.8 33
588.8 49
588.8 57
588.8 65
589.7 1
589.7 9
589.7 13
589.7 17
589.7 29
589.7 45
589.7 53
589.7 61
589.7 69
589.7 73
589.7 77
589.7 81
589.7 85
589.7 89
589.7 93
589.7 97
590.6 5
590.6 21
590.6 25
590.6 37
590.6 41
591.1 33
591.1 49
591.1 57
591.1 65
591.9 1
591.9 9
591.9 13
591.9 17
591.9 29
591.9 45
591.9 53
591.9 61
591.9 69
591.9 73
591.9 77
591.9 81
591.9 85
591.9 89
591.9 93
591.9 97
592.8 5
592.8 21
592.8 25
592.8 37
592.8 41
593.3 33
593.3 49
593.3 57
593.3 65
594.3 1
594.3 9
594.3 13
594.3 17
594.3 29
594.3 45
594.3 53
594.3 61
594.3 69
594.3 73
594.3 77
594.3 81
594.3 85
594.3 89
594.3 93
594.3 97
595.2 5
595.2 21
595.2 25
595.2 37
595.2 41
595.6 33
595.6 49
595.6 57
595.6 65
596.5 1
596.5 9
596.5 13
596.5 17
596.5 29
596.5 45
596.5 53
596.5 61
596.5 69
596.5 73
596.5 77
596.5 81
596.5 85
596.5 89
596.5 93
596.5 97
597.8 5
597.8 21
597.8 25
597.8 37
597.8 41
598.0 33
598.0 49
598.0 57
598.0 65
598.8 1
598.8 9
598.8 13
598.8 17
598.8 29
598.8 45
598.8 53
598.8 61
598.8 69
598.8 73
598.8 77
598.8 81
598.8 85
598.8 89
598.8 93
598.8 97
600.3 5
600.3 21
600.3 25
600.3 37
600.3 41
600.4 33
600.4 49
600.4 57
600.4 65
601.0 1
601.0 9
601.0 13
601.0 17
601.0 29
601.0 45
601.0 53
601.0 61
601.0 69
601.0 73
601.0 77
601.0 81
601.0 85
601.0 89
601.0 93
601.0 97
602.7 5
602.7 21
602.7 25
602.7 37
602.7 41
602.8 33
602.8 49
602.8 57
602.8 65
603.4 1
603.4 9
603.4 13
603.4 17
603.4 29
603.4 45
603.4 53
603.4 61
603.4 69
603.4 73
603.4 77
603.4 81
603.4 85
603.4 89
603.4 93
603.4 97
673.2 45
673.3 49
673.4 25
673.4 85
673.6 57
673.8 21
673.8 37
673.8 53
673.8 61
673.8 93
673.9 41
673.9 69
674.0 29
674.0 77
674.0 89
674.1 5
674.1 9
674.1 65
674.1 73
674.1 81
674.2 17
674.3 33
674.3 97
674.4 1
674.8 13
675.9 45
676.1 85
676.9 21
677.0 25
18.6 26
18.7 98
18.8 10
18.8 38
18.8 58
18.8 62
18.8 70
18.8 78
18.8 82
18.8 94
69.0 78
69.3 82
69.4 38
69.4 58
69.4 62
69.5 94
69.6 98
69.7 26
69.9 10
69.9 70
71.2 78
71.5 82
71.6 58
71.6 62
71.7 38
71.7 94
71.8 98
72.0 26
72.1 10
72.1 70
73.4 78
73.8 82
73.9 62
74.0 58
74.1 94
74.4 98
74.5 38
74.9 10
74.9 70
75.4 26
404.2 10
404.2 38
404.2 62
404.2 78
404.2 82
404.2 94
404.2 98
404.3 26
404.3 58
404.3 70
406.7 10
406.7 38
406.7 62
406.7 78
406.7 82
406.7 94
406.7 98
406.8 26
406.8 58
406.8 70
409.0 10
409.0 38
409.0 62
409.0 78
409.0 82
409.0 94
409.0 98
409.1 26
409.1 58
409.1 70
411.4 10
411.4 38
411.4 62
411.4 78
411.4 82
411.4 94
411.4 98
411.5 26
411.5 58
411.5 70
413.6 10
413.6 38
413.6 62
413.6 78
413.6 82
413.6 94
413.6 98
413.7 26
413.7 58
413.7 70
416.0 10
416.0 26
416.0 38
416.0 58
416.0 62
416.0 70
416.0 78
416.0 82
416.0 94
416.0 98
418.2 10
418.2 38
418.2 58
418.2 62
418.2 70
418.2 78
418.2 82
418.2 94
418.2 98
418.3 26
420.4 10
420.4 58
420.4 62
420.4 78
420.4 94
420.4 98
18.7 99
18.8 3
18.8 7
18.8 15
18.8 39
18.8 47
18.8 51
18.8 55
18.8 67
18.8 79
18.8 83
18.8 91
69.0 39
69.1 7
69.4 51
69.4 55
69.4 67
69.5 79
69.5 91
69.6 15
69.6 47
69.6 99
69.9 3
69.9 83
71.2 39
71.3 7
71.6 51
71.6 55
71.7 67
71.7 91
71.7 99
71.8 15
71.9 47
71.9 79
72.1 3
72.1 83
73.5 39
73.6 7
73.9 55
74.0 51
74.1 67
74.2 15
74.2 91
74.2 99
74.3 47
74.4 79
74.7 3
74.8 83
404.2 3
404.2 7
404.2 15
404.2 39
404.2 51
404.2 55
404.2 83
404.2 91
404.2 99
404.3 79
404.4 47
404.4 67
406.7 3
406.7 7
406.7 15
406.7 39
406.7 51
406.7 55
406.7 83
406.7 91
406.7 99
406.8 47
406.8 67
406.8 79
409.0 3
409.0 7
409.0 15
409.0 39
409.0 51
409.0 55
409.0 67
409.0 79
409.0 83
409.0 91
409.0 99
409.1 47
411.3 3
411.3 67
411.3 79
411.3 91
411.4 7
411.4 15
411.4 39
411.4 51
411.4 55
411.4 83
411.4 99
411.5 47
413.5 3
413.5 67
413.5 79
413.5 91
413.6 7
413.6 15
413.6 39
413.6 51
413.6 55
413.6 83
413.6 99
413.7 47
416.0 3
416.0 7
416.0 15
416.0 39
416.0 47
416.0 51
416.0 55
416.0 67
416.0 79
416.0 83
416.0 91
416.0 99
418.2 3
418.2 7
418.2 15
418.2 39
418.2 47
418.2 51
418.2 55
418.2 67
418.2 79
418.2 83
418.2 99
418.3 91
420.4 3
420.4 7
420.4 15
420.4 39
420.4 47
420.4 51
420.4 55
420.4 67
420.4 79
420.4 83
420.4 99
420.5 91
421.1 11
421.1 19
421.1 27
421.1 31
421.1 35
421.1 43
421.1 59
421.1 63
421.1 71
421.1 75
421.1 87
421.1 95
421.2 23
422.8 3
422.8 7
422.8 15
422.8 51
422.8 55
422.8 67
422.8 79
422.8 83
422.9 39
422.9 47
422.9 99
423.0 91
423.7 11
423.7 19
423.7 23
423.7 27
423.7 31
423.7 35
423.7 43
423.7 59
423.7 63
423.7 71
423.7 75
423.7 87
423.7 95
425.2 3
425.2 7
425.2 15
425.2 51
425.2 55
425.2 67
425.2 79
425.2 83
425.3 39
425.3 47
425.3 99
425.4 91
426.0 43
426.0 71
426.1 11
426.1 19
426.1 23
426.1 31
426.1 59
426.1 63
426.1 75
426.2 27
426.2 35
426.2 87
426.2 95
427.9 55
428.0 3
428.0 7
428.0 15
428.0 51
428.0 67
428.0 79
428.0 83
428.2 39
428.2 47
428.2 99
428.4 91
428.6 43
428.6 71
428.7 11
428.7 19
428.7 23
428.7 27
428.7 31
428.7 35
428.7 59
428.7 63
428.7 75
428.7 87
428.7 95
430.2 55
430.3 3
430.3 7
430.3 15
430.3 51
430.3 67
430.3 79
430.3 83
430.6 39
430.6 47
430.6 99
430.9 91
431.1 43
431.1 71
431.3 11
431.3 19
431.3 23
431.3 27
431.3 31
431.3 35
431.3 59
431.3 63
431.3 75
431.3 87
431.3 95
432.5 55
432.7 3
432.7 7
432.7 15
432.7 51
432.7 67
432.7 79
432.7 83
433.0 39
433.0 47
433.0 99
433.2 91
433.4 43
433.4 71
433.7 11
433.7 19
433.7 23
433.7 27
433.7 31
433.7 35
433.7 59
433.7 63
433.7 75
433.7 87
433.7 95
434.8 55
435.0 3
435.0 7
435.0 15
435.0 51
435.0 67
435.0 79
435.0 83
435.3 39
435.3 47
435.3 99
435.5 91
435.8 43
435.8 71
435.9 11
435.9 19
435.9 23
435.9 27
435.9 31
435.9 35
435.9 59
435.9 63
435.9 75
435.9 87
435.9 95
437.1 55
437.2 3
437.2 7
437.2 15
437.2 51
437.2 67
437.2 79
437.2 83
437.5 39
437.5 47
437.5 99
437.8 91
438.0 43
438.0 71
438.1 11
438.1 19
438.1 23
438.1 27
438.1 31
438.1 35
438.1 59
438.1 63
438.1 75
438.1 87
438.1 95
439.3 55
439.4 3
439.4 7
439.4 15
439.4 51
439.4 67
439.4 79
439.4 83
439.7 39
439.7 47
439.7 99
440.0 91
440.3 43
440.3 71
440.4 11
440.4 19
440.4 23
440.4 27
440.4 31
440.4 35
440.4 59
440.4 63
440.4 75
440.4 87
440.4 95
441.5 55
441.6 79
441.7 3
441.7 7
441.7 15
441.7 51
441.7 67
441.7 83
441.9 39
441.9 47
441.9 99
442.2 91
442.5 43
442.5 71
442.6 11
442.6 19
442.6 23
442.6 27
442.6 31
442.6 35
442.6 59
442.6 63
442.6 75
442.6 87
442.6 95
443.8 55
443.9 79
444.0 3
444.0 7
444.0 15
444.0 51
444.0 67
444.0 83
444.2 39
444.2 47
444.2 99
444.4 91
444.8 43
444.8 71
444.9 11
444.9 19
444.9 23
444.9 27
444.9 31
444.9 35
444.9 59
444.9 63
444.9 75
444.9 87
444.9 95
446.1 55
446.2 79
446.3 3
446.3 7
446.3 15
446.3 51
446.3 67
446.3 83
446.6 39
446.6 47
446.6 99
446.7 91
447.0 43
447.0 71
447.1 11
447.1 19
447.1 23
447.1 27
447.1 31
447.1 35
447.1 59
447.1 63
447.1 75
447.1 87
447.1 95
448.4 55
448.5 79
448.6 3
448.6 7
448.6 15
448.6 51
448.6 67
448.6 83
449.0 39
449.0 47
449.0 99
449.2 91
449.5 11
449.5 19
449.5 23
449.5 27
449.5 31
449.5 35
449.5 43
449.5 63
449.5 71
449.5 75
449.5 95
449.6 59
449.6 87
450.6 55
450.7 79
450.9 3
450.9 7
450.9 15
450.9 51
450.9 67
450.9 83
451.4 39
451.4 47
451.4 99
451.7 91
452.3 11
452.3 19
452.3 23
452.3 27
452.3 31
452.3 35
452.3 43
452.3 59
452.3 63
452.3 71
452.3 75
452.3 87
452.3 95
452.8 55
452.9 79
453.1 3
453.1 7
453.1 15
453.1 51
453.1 67
453.1 83
453.7 39
453.7 47
453.7 99
453.9 91
454.7 11
454.7 19
454.7 23
454.7 27
454.7 31
454.7 35
454.7 43
454.7 59
454.7 63
454.7 71
454.7 75
454.7 87
454.7 95
455.5 55
455.5 79
455.6 3
455.6 7
455.6 15
455.6 51
455.6 67
455.6 83
455.9 39
455.9 47
455.9 99
456.1 91
457.0 11
457.0 19
457.0 23
457.0 27
457.0 31
457.0 35
457.0 43
457.0 59
457.0 63
457.0 71
457.0 75
457.0 87
457.0 95
457.7 55
457.7 79
457.8 3
457.8 7
457.8 15
457.8 51
457.8 67
457.8 83
458.2 39
458.2 47
458.2 99
458.3 91
459.2 11
459.2 19
459.2 23
459.2 27
459.2 31
459.2 35
459.2 43
459.2 59
459.2 63
459.2 71
459.2 75
459.2 87
459.2 95
460.1 55
460.1 79
460.2 3
460.2 7
460.2 15
460.2 51
460.2 67
460.2 83
460.8 39
460.8 47
460.8 91
460.8 99
461.5 11
461.5 19
461.5 23
461.5 27
461.5 31
461.5 35
461.5 43
461.5 59
461.5 63
461.5 71
461.5 75
461.5 87
461.5 95
462.3 55
462.3 79
462.4 3
462.4 7
462.4 15
462.4 51
462.4 67
462.4 83
463.2 39
463.2 47
463.2 91
463.2 99
463.9 11
463.9 19
463.9 23
463.9 27
463.9 31
463.9 35
463.9 43
463.9 59
463.9 63
463.9 71
463.9 75
463.9 87
463.9 95
464.6 55
464.6 79
464.7 3
464.7 7
464.7 15
464.7 51
464.7 67
464.7 83
465.6 39
465.6 47
465.6 91
465.6 99
466.3 11
466.3 19
466.3 23
466.3 27
466.3 31
466.3 35
466.3 43
466.3 59
466.3 63
466.3 71
466.3 75
466.3 87
466.3 95
466.8 55
466.8 79
466.9 3
466.9 7
466.9 15
466.9 51
466.9 67
466.9 83
467.8 39
467.8 47
467.8 91
467.8 99
468.7 11
468.7 19
468.7 23
468.7 27
468.7 31
468.7 35
468.7 43
468.7 59
468.7 63
468.7 71
468.7 75
468.7 87
468.7 95
469.1 55
469.1 79
469.2 3
469.2 7
469.2 15
469.2 51
469.2 67
469.2 83
470.1 39
470.1 47
470.1 91
470.1 99
471.0 11
471.0 19
471.0 23
471.0 27
471.0 31
471.0 35
471.0 43
471.0 59
471.0 63
471.0 71
471.0 75
471.0 87
471.0 95
471.3 55
471.3 79
471.4 3
471.4 7
471.4 15
471.4 51
471.4 67
471.5 83
472.3 39
472.3 47
472.3 91
472.3 99
473.3 11
473.3 19
473.3 23
473.3 27
473.3 31
473.3 35
473.3 43
473.3 59
473.3 63
473.3 71
473.3 75
473.3 87
473.3 95
473.7 3
473.7 7
473.7 15
473.7 51
473.7 55
473.7 67
473.7 79
473.8 83
474.6 39
474.6 47
474.6 91
474.6 99
475.5 11
475.5 19
475.5 23
475.5 27
475.5 31
475.5 35
475.5 43
475.5 59
475.5 63
475.5 71
475.5 75
475.5 87
475.5 95
475.9 3
475.9 7
475.9 15
475.9 51
475.9 55
475.9 67
475.9 79
476.0 83
476.9 39
476.9 47
476.9 91
476.9 99
477.8 11
477.8 19
477.8 23
477.8 27
477.8 31
477.8 35
477.8 43
477.8 59
477.8 63
477.8 71
477.8 75
477.8 87
477.8 95
478.3 3
478.3 7
478.3 15
478.3 51
478.3 55
478.3 67
478.3 79
478.5 83
479.3 39
479.3 47
479.3 91
479.3 99
480.1 11
480.1 19
480.1 23
480.1 27
480.1 31
480.1 35
480.1 43
480.1 59
480.1 63
480.1 71
480.1 75
480.1 87
480.1 95
480.6 3
480.6 7
480.6 15
480.6 51
480.6 55
480.6 67
480.6 79
480.8 83
482.1 39
482.1 47
482.1 91
482.1 99
482.5 11
482.5 19
482.5 23
482.5 27
482.5 31
482.5 35
482.5 43
482.5 59
482.5 63
482.5 71
482.5 75
482.5 87
482.5 95
482.9 3
482.9 7
482.9 15
482.9 51
482.9 55
482.9 67
482.9 79
483.1 83
484.4 39
484.4 47
484.4 91
484.4 99
484.8 11
484.8 19
484.8 23
484.8 27
484.8 31
484.8 35
484.8 43
484.8 59
484.8 63
484.8 71
484.8 75
484.8 87
484.8 95
485.2 3
485.2 7
485.2 15
485.2 51
485.2 55
485.2 67
485.2 79
485.3 83
486.8 39
486.8 47
486.8 91
486.8 99
487.5 11
487.5 23
487.5 63
487.5 71
487.5 75
487.5 87
487.5 95
487.6 19
487.6 27
487.6 31
487.6 35
487.6 43
487.6 59
487.8 3
487.8 7
487.8 15
487.8 51
487.8 55
487.8 67
487.8 79
487.8 83
489.2 39
489.2 47
489.2 91
489.2 99
489.9 11
489.9 23
489.9 63
489.9 71
489.9 75
489.9 87
489.9 95
490.0 19
490.0 27
490.0 31
490.0 35
490.0 43
490.0 59
490.3 3
490.3 7
490.3 15
490.3 51
490.3 55
490.3 67
490.3 79
490.3 83
491.4 39
491.4 47
491.4 91
491.4 99
492.2 11
492.2 23
492.2 63
492.2 71
492.2 75
492.2 87
492.2 95
492.3 19
492.3 27
492.3 31
492.3 35
492.3 43
492.3 59
492.7 3
492.7 7
492.7 15
492.7 51
492.7 55
492.7 67
492.7 79
492.7 83
494.1 39
494.1 47
494.1 91
494.1 99
494.6 11
494.6 23
494.6 27
494.6 31
494.6 35
494.6 43
494.6 59
494.6 63
494.6 71
494.6 75
494.6 87
494.6 95
494.7 19
495.1 3
495.1 7
495.1 15
495.1 51
495.1 55
495.1 67
495.1 79
495.1 83
496.3 39
496.3 47
496.3 91
496.3 99
496.9 11
496.9 23
496.9 27
496.9 31
496.9 35
496.9 43
496.9 59
496.9 63
496.9 71
496.9 75
496.9 87
496.9 95
497.1 19
497.3 3
497.3 7
497.3 15
497.3 51
497.3 55
497.3 67
497.3 79
497.3 83
498.6 39
498.6 47
498.6 91
498.6 99
499.1 11
499.1 23
499.1 27
499.1 31
499.1 35
499.1 43
499.1 59
499.1 63
499.1 71
499.1 75
499.1 87
499.1 95
499.3 19
499.5 3
499.5 7
499.5 15
499.5 51
499.5 55
499.5 67
499.5 79
499.5 83
500.9 39
500.9 47
500.9 91
500.9 99
501.4 11
501.4 23
501.4 27
501.4 31
501.4 35
501.4 43
501.4 59
501.4 63
501.4 71
501.4 75
501.4 87
501.4 95
501.7 19
501.9 3
501.9 7
501.9 15
501.9 51
501.9 55
501.9 67
501.9 79
501.9 83
503.1 39
503.1 47
503.1 91
503.1 99
503.6 23
503.6 27
503.6 31
503.6 35
503.6 43
503.6 59
503.6 63
503.6 71
503.6 75
503.6 87
503.6 95
503.7 11
503.9 19
504.1 3
504.1 7
504.1 15
504.1 51
504.1 55
504.1 67
504.1 79
504.1 83
505.5 39
505.5 47
505.5 91
505.5 99
505.9 23
505.9 27
505.9 31
505.9 35
505.9 43
505.9 59
505.9 63
505.9 71
505.9 75
505.9 87
505.9 95
506.0 11
506.3 19
506.5 3
506.5 7
506.5 15
506.5 51
506.5 55
506.5 67
506.5 79
506.5 83
507.7 39
507.7 47
507.7 91
507.7 99
508.2 11
508.2 23
508.2 27
508.2 31
508.2 35
508.2 43
508.2 59
508.2 63
508.2 71
508.2 75
508.2 87
508.2 95
508.5 19
508.6 3
508.6 7
508.6 15
508.6 51
508.6 55
508.6 67
508.6 79
508.6 83
509.9 39
509.9 47
509.9 91
509.9 99
510.5 11
510.5 23
510.5 27
510.5 31
510.5 35
510.5 43
510.5 59
510.5 63
510.5 71
510.5 75
510.5 87
510.5 95
510.7 19
510.8 3
510.8 7
510.8 15
510.8 51
510.8 55
510.8 67
510.8 79
510.8 83
512.1 39
512.1 47
512.1 91
512.1 99
512.7 11
512.7 23
512.7 27
512.7 31
512.7 35
512.7 43
512.7 59
512.7 63
512.7 71
512.7 75
512.7 87
512.7 95
512.9 19
513.0 3
513.0 7
513.0 15
513.0 51
513.0 55
513.0 67
513.0 79
513.0 83
514.4 39
514.4 47
514.4 91
514.4 99
515.1 11
515.1 23
515.1 27
515.1 31
515.1 35
515.1 43
515.1 59
515.1 63
515.1 71
515.1 75
515.1 87
515.1 95
515.2 19
515.3 3
515.3 7
515.3 15
515.3 51
515.3 55
515.3 67
515.3 79
515.3 83
516.8 39
516.8 47
516.8 91
516.8 99
517.4 11
517.4 23
517.4 27
517.4 31
517.4 35
517.4 43
517.4 59
517.4 63
517.4 71
517.4 75
517.4 87
517.4 95
517.6 3
517.6 7
517.6 15
517.6 19
517.6 51
517.6 55
517.6 67
517.6 79
517.6 83
519.0 39
519.0 47
519.0 91
519.0 99
519.6 11
519.6 23
519.6 27
519.6 31
519.6 35
519.6 43
519.6 59
519.6 63
519.6 71
519.6 75
519.6 87
519.6 95
519.7 3
519.7 7
519.7 15
519.7 19
519.7 51
519.7 55
519.7 67
519.7 79
519.7 83
521.3 39
521.3 47
521.3 91
521.3 99
522.2 11
522.2 23
522.2 27
522.2 31
522.2 35
522.2 43
522.2 59
522.2 63
522.2 71
522.2 75
522.2 87
522.2 95
522.4 3
522.4 7
522.4 15
522.4 19
522.4 51
522.4 55
522.4 67
522.4 79
522.4 83
523.8 39
523.8 47
523.8 91
523.8 99
524.5 11
524.5 23
524.5 27
524.5 31
524.5 35
524.5 43
524.5 59
524.5 63
524.5 71
524.5 75
524.5 87
524.5 95
524.7 3
524.7 7
524.7 15
524.7 19
524.7 51
524.7 55
524.7 67
524.7 79
524.7 83
526.2 39
526.2 47
526.2 91
526.2 99
526.7 11
526.7 23
526.7 27
526.7 31
526.7 35
526.7 43
526.7 59
526.7 63
526.7 71
526.7 75
526.7 87
526.7 95
526.9 3
526.9 7
526.9 15
526.9 19
526.9 51
526.9 55
526.9 67
526.9 79
526.9 83
528.5 39
528.5 47
528.5 91
528.5 99
528.9 11
528.9 23
528.9 27
528.9 31
528.9 35
528.9 43
528.9 59
528.9 63
528.9 71
528.9 75
528.9 87
528.9 95
529.1 3
529.1 7
529.1 15
529.1 19
529.1 51
529.1 55
529.1 67
529.1 79
529.1 83
530.8 39
530.8 47
530.8 91
530.8 99
531.1 11
531.1 23
531.1 27
531.1 31
531.1 35
531.1 43
531.1 59
531.1 63
531.1 71
531.1 75
531.1 87
531.1 95
531.3 3
531.3 7
531.3 15
531.3 19
531.3 51
531.3 55
531.3 67
531.3 79
531.3 83
533.1 39
533.1 47
533.1 91
533.1 99
533.5 11
533.5 23
533.5 27
533.5 31
533.5 35
533.5 43
533.5 59
533.5 63
533.5 71
533.5 75
533.5 87
533.5 95
533.6 3
533.6 7
533.6 15
533.6 19
533.6 51
533.6 55
533.6 67
533.6 79
533.6 83
535.3 39
535.3 47
535.3 91
535.3 99
535.7 11
535.7 23
535.7 27
535.7 31
535.7 35
535.7 43
535.7 59
535.7 63
535.7 71
535.7 75
535.7 87
535.7 95
535.8 3
535.8 7
535.8 15
535.8 51
535.8 55
535.8 67
535.8 79
535.8 83
535.9 19
537.7 39
537.7 47
537.7 91
537.7 99
538.0 11
538.0 23
538.0 27
538.0 31
538.0 35
538.0 43
538.0 59
538.0 63
538.0 71
538.0 75
538.0 87
538.0 95
538.1 3
538.1 7
538.1 15
538.1 19
538.1 51
538.1 55
538.1 67
538.1 79
538.1 83
540.1 39
540.1 47
540.1 91
540.1 99
540.5 11
540.5 23
540.5 27
540.5 31
540.5 35
540.5 43
540.5 59
540.5 63
540.5 71
540.5 75
540.5 87
540.5 95
540.6 3
540.6 7
540.6 15
540.6 19
540.6 51
540.6 55
540.6 67
540.6 79
540.6 83
542.3 39
542.3 47
542.3 91
542.3 99
542.8 11
542.8 23
542.8 27
542.8 31
542.8 35
542.8 43
542.8 59
542.8 63
542.8 71
542.8 75
542.8 87
542.8 95
542.9 3
542.9 7
542.9 15
542.9 19
542.9 51
542.9 55
542.9 67
542.9 79
542.9 83
544.7 39
544.7 47
544.7 91
544.7 99
545.2 3
545.2 7
545.2 11
545.2 15
545.2 19
545.2 23
545.2 27
545.2 31
545.2 35
545.2 43
545.2 51
545.2 55
545.2 59
545.2 63
545.2 67
545.2 71
545.2 75
545.2 79
545.2 83
545.2 87
545.2 95
547.1 39
547.1 47
547.1 91
547.1 99
547.5 3
547.5 7
547.5 15
547.5 23
547.5 35
547.5 51
547.5 55
547.5 67
547.5 79
547.5 83
547.6 11
547.6 19
547.6 27
547.6 31
547.6 43
547.6 59
547.6 63
547.6 71
547.6 75
547.6 87
547.6 95
549.5 39
549.5 47
549.5 91
549.5 99
550.1 3
550.1 7
550.1 15
550.1 23
550.1 35
550.1 51
550.1 55
550.1 67
550.1 79
550.1 83
550.3 11
550.3 19
550.3 27
550.3 31
550.3 43
550.3 59
550.3 63
550.3 71
550.3 75
550.3 87
550.3 95
551.7 39
551.7 47
551.7 91
551.7 99
552.3 3
552.3 7
552.3 15
552.3 23
552.3 35
552.3 51
552.3 55
552.3 67
552.3 79
552.3 83
552.6 11
552.6 19
552.6 27
552.6 31
552.6 43
552.6 59
552.6 63
552.6 71
552.6 75
552.6 87
552.6 95
553.9 39
553.9 47
553.9 91
553.9 99
554.5 3
554.5 7
554.5 15
554.5 23
554.5 35
554.5 51
554.5 55
554.5 67
554.5 79
554.5 83
554.9 11
554.9 19
554.9 27
554.9 31
554.9 43
554.9 59
554.9 63
554.9 71
554.9 75
554.9 87
554.9 95
556.5 39
556.5 47
556.5 91
556.5 99
556.7 3
556.7 7
556.7 15
556.7 23
556.7 35
556.7 51
556.7 55
556.7 67
556.7 79
556.7 83
557.2 11
557.2 19
557.2 27
557.2 31
557.2 43
557.2 59
557.2 63
557.2 71
557.2 75
557.2 87
557.2 95
558.9 39
558.9 47
558.9 91
558.9 99
559.2 3
559.2 7
559.2 15
559.2 23
559.2 35
559.2 51
559.2 55
559.2 67
559.2 79
559.2 83
559.6 11
559.6 19
559.6 27
559.6 31
559.6 43
559.6 59
559.6 63
559.6 71
559.6 75
559.6 87
559.6 95
561.2 39
561.2 47
561.2 91
561.2 99
561.5 3
561.5 7
561.5 15
561.5 23
561.5 35
561.5 51
561.5 55
561.5 67
561.5 79
561.5 83
562.0 11
562.0 19
562.0 27
562.0 31
562.0 43
562.0 59
562.0 63
562.0 71
562.0 75
562.0 87
562.0 95
563.4 39
563.4 47
563.4 91
563.4 99
563.7 3
563.7 7
563.7 15
563.7 23
563.7 35
563.7 51
563.7 55
563.7 67
563.7 79
563.7 83
564.3 11
564.3 19
564.3 27
564.3 31
564.3 43
564.3 59
564.3 63
564.3 71
564.3 75
564.3 87
564.3 95
565.8 39
565.8 47
565.8 91
565.8 99
566.0 3
566.0 7
566.0 15
566.0 23
566.0 35
566.0 51
566.0 55
566.0 67
566.0 79
566.0 83
566.5 11
566.5 19
566.5 27
566.5 31
566.5 43
566.5 59
566.5 63
566.5 71
566.5 75
566.5 87
566.5 95
568.2 39
568.2 47
568.2 91
568.2 99
568.5 3
568.5 7
568.5 15
568.5 23
568.5 35
568.5 51
568.5 55
568.5 67
568.5 79
568.5 83
569.5 11
569.5 19
569.5 27
569.5 31
569.5 43
569.5 59
569.5 63
569.5 71
569.5 75
569.5 87
569.5 95
570.6 39
570.6 47
570.6 91
570.6 99
571.1 3
571.1 7
571.1 15
571.1 23
571.1 35
571.1 51
571.1 55
571.1 67
571.1 79
571.1 83
571.7 27
571.7 63
571.7 71
571.8 11
571.8 19
571.8 31
571.8 43
571.8 59
571.8 75
571.8 87
571.8 95
572.9 39
572.9 47
572.9 91
572.9 99
573.4 3
573.4 7
573.4 15
573.4 23
573.4 35
573.4 51
573.4 55
573.4 67
573.4 79
573.4 83
574.0 27
574.0 63
574.0 71
574.1 11
574.1 19
574.1 31
574.1 43
574.1 59
574.1 75
574.1 87
574.1 95
575.1 39
575.1 47
575.1 91
575.1 99
575.5 3
575.5 7
575.5 15
575.5 23
575.5 35
575.5 51
575.5 55
575.5 67
575.5 79
575.5 83
576.2 27
576.2 63
576.2 71
576.4 11
576.4 19
576.4 31
576.4 43
576.4 59
576.4 75
576.4 87
576.4 95
577.5 39
577.5 47
577.5 91
577.5 99
577.9 3
577.9 7
577.9 15
577.9 23
577.9 35
577.9 51
577.9 55
577.9 67
577.9 79
577.9 83
578.6 27
578.6 63
578.6 71
578.9 11
578.9 19
578.9 31
578.9 43
578.9 59
578.9 75
578.9 87
578.9 95
579.8 39
579.8 47
579.8 91
579.8 99
580.2 3
580.2 7
580.2 15
580.2 23
580.2 35
580.2 51
580.2 55
580.2 67
580.2 79
580.2 83
580.9 27
580.9 63
580.9 71
581.2 11
581.2 19
581.2 31
581.2 43
581.2 59
581.2 75
581.2 87
581.2 95
582.1 39
582.1 47
582.1 91
582.1 99
582.7 3
582.7 7
582.7 15
582.7 23
582.7 35
582.7 51
582.7 55
582.7 67
582.7 79
582.7 83
583.7 27
583.7 63
583.7 71
583.9 11
583.9 19
583.9 31
583.9 43
583.9 59
583.9 75
583.9 87
583.9 95
584.4 39
584.4 47
584.4 91
584.4 99
585.2 3
585.2 7
585.2 15
585.2 23
585.2 35
585.2 51
585.2 55
585.2 67
585.2 79
585.2 83
586.0 27
586.0 63
586.0 71
586.2 11
586.2 19
586.2 31
586.2 43
586.2 59
586.2 75
586.2 87
586.2 95
586.6 39
586.6 47
586.6 91
586.6 99
587.4 3
587.4 7
587.4 15
587.4 23
587.4 35
587.4 51
587.4 55
587.4 67
587.4 79
587.4 83
588.3 27
588.3 63
588.3 71
588.4 11
588.4 19
588.4 31
588.4 43
588.4 59
588.4 75
588.4 87
588.4 95
588.8 39
588.8 47
588.8 91
588.8 99
589.7 3
589.7 7
589.7 15
589.7 23
589.7 35
589.7 51
589.7 55
589.7 67
589.7 79
589.7 83
590.6 11
590.6 19
590.6 27
590.6 31
590.6 43
590.6 59
590.6 63
590.6 71
590.6 75
590.6 87
590.6 95
591.1 39
591.1 47
591.1 91
591.1 99
591.9 3
591.9 7
591.9 15
591.9 23
591.9 35
591.9 51
591.9 55
591.9 67
591.9 79
591.9 83
592.8 11
592.8 19
592.8 27
592.8 31
592.8 43
592.8 59
592.8 63
592.8 71
592.8 75
592.8 87
592.8 95
593.3 39
593.3 47
593.3 91
593.3 99
594.3 3
594.3 7
594.3 15
594.3 23
594.3 35
594.3 51
594.3 55
594.3 67
594.3 79
594.3 83
595.2 11
595.2 19
595.2 27
595.2 31
595.2 43
595.2 59
595.2 63
595.2 71
595.2 75
595.2 87
595.2 95
595.6 39
595.6 47
595.6 91
595.6 99
596.5 3
596.5 7
596.5 15
596.5 23
596.5 35
596.5 51
596.5 55
596.5 67
596.5 79
596.5 83
597.8 11
597.8 19
597.8 27
597.8 31
597.8 43
597.8 59
597.8 63
597.8 71
597.8 75
597.8 87
597.8 95
598.0 39
598.0 47
598.0 91
598.0 99
598.8 3
598.8 7
598.8 15
598.8 23
598.8 35
598.8 51
598.8 55
598.8 67
598.8 79
598.8 83
600.3 11
600.3 19
600.3 27
600.3 31
600.3 43
600.3 59
600.3 63
600.3 71
600.3 75
600.3 87
600.3 95
600.4 39
600.4 47
600.4 91
600.4 99
601.0 3
601.0 7
601.0 15
601.0 23
601.0 35
601.0 51
601.0 55
601.0 67
601.0 79
601.0 83
602.7 11
602.7 19
602.7 27
602.7 31
602.7 43
602.7 59
602.7 63
602.7 71
602.7 75
602.7 87
602.7 95
602.8 39
602.8 47
602.8 91
602.8 99
603.4 3
603.4 7
603.4 15
603.4 23
603.4 35
603.4 51
603.4 55
603.4 67
603.4 79
603.4 83
673.1 59
673.1 87
673.2 99
673.3 47
673.4 27
673.5 43
673.5 71
673.5 91
673.7 3
673.7 31
673.8 15
673.8 19
673.8 23
673.8 51
673.8 63
673.9 39
673.9 55
673.9 95
674.0 11
674.0 67
674.0 83
674.1 79
674.2 75
674.3 7
674.4 35
675.5 59
675.8 87
675.9 47
676.1 71
676.4 31
676.5 27
677.5 19
677.7 23
