Name: VTA[DA1], Title: Raster plot from device '11224', Hist: False
419.2 11184
419.5 11180
419.6 11160
419.6 11164
419.6 11176
419.7 11172
420.2 11168
423.7 11164
423.7 11176
423.7 11184
424.0 11172
483.5 11160
483.5 11184
483.8 11168
483.8 11180
483.9 11164
484.3 11176
484.6 11172
489.9 11172
518.0 11180
519.6 11184
520.0 11168
520.7 11160
520.8 11176
525.3 11164
540.1 11172
550.8 11180
551.4 11176
551.5 11168
552.0 11184
557.0 11176
557.3 11184
561.8 11164
576.9 11172
581.6 11180
419.3 11181
419.5 11185
419.6 11165
419.8 11161
419.8 11173
419.8 11177
420.1 11169
423.1 11185
423.6 11165
423.8 11173
424.1 11161
424.1 11181
424.7 11177
483.1 11173
483.4 11161
483.6 11177
484.2 11169
484.5 11181
484.5 11185
484.7 11165
516.5 11161
517.3 11177
518.7 11169
519.9 11173
520.0 11181
538.8 11185
539.8 11165
546.0 11161
546.4 11169
547.2 11177
551.6 11177
552.4 11169
576.0 11165
576.0 11185
419.2 11182
419.3 11174
419.7 11178
419.8 11170
419.9 11166
420.2 11162
423.5 11174
423.5 11182
438.8 11162
438.9 11166
471.0 11166
483.7 11174
483.8 11162
484.3 11170
484.4 11182
484.6 11178
489.8 11178
519.3 11170
519.4 11182
521.5 11174
540.4 11162
541.1 11178
545.8 11162
552.6 11174
419.6 11167
420.0 11183
420.1 11175
420.2 11179
420.4 11171
420.7 11163
423.7 11167
426.1 11171
426.7 11163
483.1 11175
483.2 11183
483.4 11179
483.8 11167
484.1 11171
484.2 11163
515.4 11175
518.7 11163
519.6 11183
519.7 11179
520.6 11175
521.0 11167
522.2 11171
546.6 11163
552.2 11183
552.7 11163
554.0 11179
562.5 11171
