Name: Striatum[D2], Title: Raster plot from device '11219', Hist: False
18.0 1688
18.0 1692
18.0 1712
18.0 1720
18.1 1676
18.1 1680
18.1 1684
18.1 1696
18.1 1700
18.1 1704
18.1 1708
18.1 1716
18.1 1728
18.1 1732
18.1 1740
18.1 1744
18.1 1748
18.1 1756
18.1 1760
18.1 1764
18.1 1768
18.1 1772
18.2 1724
18.2 1736
18.2 1752
21.1 1684
22.6 1688
22.7 1692
23.0 1700
23.0 1772
23.2 1720
23.3 1756
23.8 1732
23.8 1752
26.8 1676
27.2 1768
32.7 1728
33.0 1764
34.3 1760
35.0 1736
35.1 1716
35.3 1696
35.3 1708
35.6 1680
36.1 1728
36.1 1744
36.5 1740
37.2 1724
37.4 1712
37.8 1748
38.8 1704
38.8 1716
39.2 1760
39.3 1744
39.4 1740
40.3 1708
40.5 1680
40.5 1724
40.6 1712
40.7 1748
41.6 1704
45.5 1704
50.7 1692
53.8 1720
54.0 1688
54.1 1752
54.1 1772
54.5 1736
54.7 1676
54.8 1700
55.4 1756
56.0 1768
56.5 1684
56.7 1732
57.5 1688
57.5 1720
57.8 1772
58.0 1676
58.1 1700
58.1 1752
58.7 1756
58.9 1764
59.8 1684
60.0 1696
60.1 1732
60.7 1768
61.9 1764
63.2 1696
67.7 1728
69.9 1692
73.5 1680
75.7 1708
76.3 1740
76.6 1724
77.0 1680
77.0 1736
77.0 1760
77.5 1748
77.6 1712
78.0 1744
78.4 1716
78.8 1708
78.8 1740
79.4 1760
80.1 1724
80.3 1748
80.7 1712
80.9 1744
81.3 1716
82.0 1760
83.8 1748
84.0 1744
84.2 1704
86.9 1728
87.9 1704
88.9 1700
89.4 1720
90.5 1728
91.5 1688
91.7 1752
92.0 1684
92.1 1772
93.3 1756
93.4 1692
93.5 1676
93.9 1736
94.0 1720
94.2 1688
94.6 1732
94.8 1772
95.0 1684
95.0 1768
95.3 1764
95.4 1752
96.8 1696
96.9 1676
96.9 1692
97.3 1732
97.8 1768
98.5 1764
100.3 1696
100.6 1768
108.5 1708
110.1 1740
111.6 1680
111.8 1700
111.9 1756
112.3 1724
114.7 1680
115.6 1712
115.6 1716
116.6 1756
116.7 1736
117.5 1724
118.6 1716
119.4 1760
120.2 1704
120.4 1736
120.5 1712
121.1 1748
121.3 1744
121.9 1716
122.5 1720
123.1 1704
124.5 1728
125.0 1764
125.9 1688
126.4 1684
126.4 1748
127.8 1728
128.1 1772
128.9 1752
130.4 1732
130.6 1696
131.1 1676
131.8 1692
131.8 1708
132.1 1752
133.7 1772
133.9 1700
134.0 1732
134.1 1676
134.1 1740
135.3 1692
135.6 1708
137.0 1768
137.2 1740
138.1 1700
141.7 1760
143.6 1764
143.9 1744
145.9 1760
146.5 1684
147.0 1744
147.7 1720
148.6 1680
149.1 1688
149.5 1724
149.8 1736
150.3 1712
151.1 1720
151.7 1756
152.0 1680
153.0 1688
153.1 1696
154.7 1756
155.0 1712
155.7 1748
156.4 1696
157.4 1704
158.6 1768
160.4 1704
161.0 1716
162.8 1768
164.1 1728
164.7 1752
165.7 1772
166.2 1764
166.7 1728
167.1 1732
167.3 1692
168.9 1676
168.9 1752
169.2 1772
169.4 1728
169.9 1732
170.0 1684
170.2 1692
170.2 1708
171.2 1700
171.9 1676
172.2 1724
172.5 1740
173.0 1708
174.3 1684
174.4 1736
174.6 1700
175.1 1676
175.6 1724
176.2 1740
177.7 1760
178.1 1736
178.4 1764
180.4 1744
180.8 1748
183.1 1716
183.9 1744
184.4 1748
185.7 1688
186.0 1680
186.0 1716
186.4 1720
186.4 1756
186.7 1760
189.1 1688
189.1 1720
189.2 1712
189.3 1680
190.5 1756
191.4 1696
192.1 1704
192.3 1712
194.5 1696
195.0 1704
196.0 1768
199.1 1768
201.9 1752
202.2 1692
202.3 1772
204.3 1732
204.7 1752
205.3 1772
206.1 1764
206.4 1708
207.3 1684
207.5 1732
207.7 1724
207.8 1728
208.2 1700
210.2 1736
210.7 1740
210.8 1684
210.8 1764
211.3 1708
211.7 1700
212.1 1728
212.1 1760
212.4 1724
212.9 1736
213.6 1740
214.4 1720
217.4 1740
218.5 1676
219.5 1744
219.9 1748
221.2 1676
221.4 1688
221.5 1716
221.7 1692
222.5 1756
222.8 1748
223.1 1744
223.3 1680
223.9 1676
224.8 1688
224.9 1712
226.7 1680
227.0 1756
228.3 1696
228.3 1712
228.5 1704
229.8 1768
231.8 1704
232.2 1696
233.9 1768
237.7 1760
238.2 1752
238.8 1720
239.3 1772
240.0 1764
241.0 1728
241.2 1760
241.4 1752
242.0 1700
242.0 1732
242.2 1684
242.8 1708
242.8 1772
243.0 1716
243.0 1724
243.5 1764
245.1 1732
245.2 1736
245.4 1692
245.6 1708
246.2 1684
246.5 1700
248.1 1736
248.9 1692
254.4 1688
255.6 1748
256.1 1744
257.1 1740
257.7 1756
258.9 1688
258.9 1744
259.1 1748
260.0 1680
260.0 1740
261.0 1720
261.5 1728
261.5 1756
263.3 1680
264.1 1712
265.0 1676
265.3 1704
265.3 1716
265.3 1724
265.8 1696
266.3 1728
266.9 1768
267.2 1712
268.1 1704
268.2 1676
268.7 1696
269.3 1724
270.4 1716
270.9 1732
272.9 1752
274.1 1760
274.9 1772
276.2 1684
277.3 1760
277.5 1700
278.1 1764
278.8 1772
279.5 1736
280.9 1708
281.0 1764
281.2 1692
282.0 1700
282.2 1720
283.6 1736
284.2 1708
285.2 1692
289.9 1688
290.9 1768
292.2 1748
293.5 1744
293.8 1756
294.4 1740
294.5 1768
294.8 1732
295.1 1680
295.6 1752
295.8 1684
296.3 1748
296.9 1744
297.9 1732
297.9 1740
298.5 1680
298.7 1752
299.0 1728
299.4 1704
299.8 1712
300.6 1716
302.1 1676
302.5 1728
303.0 1704
303.5 1724
303.9 1696
304.1 1712
305.8 1676
306.4 1716
306.9 1696
306.9 1720
308.9 1724
310.3 1720
310.8 1772
312.2 1736
312.4 1756
312.6 1760
313.8 1764
314.0 1692
314.8 1700
315.2 1688
315.7 1760
315.9 1684
317.9 1692
317.9 1700
317.9 1764
318.4 1688
319.9 1708
323.3 1708
329.2 1768
329.9 1748
331.2 1740
331.3 1744
332.6 1768
333.2 1680
333.2 1728
333.8 1732
334.1 1684
334.2 1748
334.7 1736
335.0 1772
335.3 1704
335.4 1744
335.9 1752
336.0 1680
336.0 1740
336.2 1756
336.7 1732
338.1 1712
338.3 1736
338.7 1752
338.8 1704
339.4 1716
339.4 1772
339.5 1676
340.0 1724
340.5 1696
341.8 1712
342.7 1716
343.0 1676
343.5 1696
343.8 1724
343.9 1720
347.5 1760
347.7 1720
349.9 1692
350.6 1700
351.1 1760
351.2 1728
352.7 1764
353.1 1692
353.7 1688
354.7 1700
355.6 1764
356.3 1756
356.6 1708
357.1 1688
358.6 1684
360.4 1708
365.9 1768
366.4 1732
367.1 1748
368.8 1768
368.9 1680
369.1 1744
369.4 1740
369.7 1772
370.6 1704
370.6 1752
371.0 1748
371.4 1736
371.9 1680
372.6 1744
373.0 1740
374.5 1752
374.6 1704
374.8 1712
375.1 1724
375.1 1728
375.6 1736
376.0 1676
376.6 1716
376.9 1684
377.0 1764
377.8 1712
378.2 1728
378.9 1696
379.6 1716
379.8 1676
382.3 1756
382.4 1720
382.5 1696
383.7 1760
385.2 1688
385.4 1756
386.5 1720
387.0 1692
387.7 1732
388.1 1760
390.3 1692
390.4 1772
392.1 1700
392.4 1724
394.5 1708
394.7 1700
397.4 1700
397.5 1708
400.3 1764
400.5 1684
401.7 1768
403.0 1748
615.8 1684
616.4 1748
616.6 1764
616.7 1724
616.7 1772
616.8 1768
617.5 1688
617.6 1732
618.0 1684
618.6 1748
618.7 1676
618.8 1724
618.8 1764
618.9 1772
619.0 1696
619.0 1712
619.0 1768
619.1 1708
619.1 1716
619.1 1728
619.4 1752
619.5 1736
619.6 1756
619.7 1688
619.7 1692
619.7 1720
619.8 1732
619.9 1704
620.2 1684
620.2 1740
620.2 1760
620.3 1744
620.8 1748
621.0 1680
621.0 1724
621.0 1764
621.1 1676
621.1 1772
621.2 1696
621.2 1768
621.3 1712
621.3 1728
621.4 1708
621.4 1716
621.8 1736
621.8 1752
621.9 1688
621.9 1720
621.9 1732
621.9 1756
622.0 1692
622.3 1704
622.3 1740
622.4 1760
622.5 1744
623.2 1680
623.3 1676
623.4 1696
623.4 1764
623.5 1712
623.5 1728
623.6 1708
623.6 1716
623.8 1724
624.0 1736
624.0 1768
624.1 1720
624.1 1752
624.1 1756
624.3 1692
624.4 1700
624.4 1732
624.5 1740
624.6 1704
624.6 1760
624.8 1744
625.5 1680
626.6 1700
626.7 1708
626.7 1736
627.3 1728
627.7 1692
628.5 1740
628.9 1700
653.0 1688
654.9 1684
656.0 1748
657.7 1772
657.9 1760
658.5 1744
659.0 1756
659.8 1712
660.2 1748
660.4 1704
660.7 1720
661.3 1760
661.8 1744
661.9 1752
662.1 1676
662.1 1696
662.6 1680
662.9 1772
663.2 1712
663.2 1764
663.4 1704
663.8 1720
664.0 1716
664.9 1696
665.0 1728
665.1 1752
665.5 1732
666.0 1676
666.1 1680
666.3 1700
666.5 1704
666.9 1716
667.1 1736
667.3 1692
667.3 1764
667.4 1708
667.4 1768
668.5 1728
669.1 1700
669.1 1724
669.8 1732
670.6 1768
670.7 1740
671.2 1736
671.8 1724
672.0 1708
673.4 1740
674.7 1724
677.9 1684
678.0 1688
680.4 1688
680.5 1684
681.1 1756
682.0 1748
683.3 1688
684.3 1756
685.2 1692
690.0 1744
693.7 1744
694.1 1760
694.2 1772
695.0 1712
695.2 1720
695.4 1764
696.1 1752
696.4 1696
696.5 1676
696.8 1760
697.0 1772
697.1 1680
697.8 1728
697.9 1712
698.3 1720
698.8 1716
699.0 1752
699.4 1696
699.5 1676
699.6 1732
700.1 1680
700.3 1764
700.4 1692
700.5 1700
700.7 1708
700.7 1736
701.5 1716
701.5 1768
702.7 1704
702.8 1728
702.8 1732
703.6 1736
704.1 1740
704.2 1700
704.5 1768
706.2 1748
707.0 1740
710.8 1684
712.9 1724
712.9 1756
713.3 1684
716.5 1688
716.8 1756
717.1 1724
722.2 1708
722.5 1704
722.6 1692
723.7 1744
726.2 1764
726.8 1704
726.8 1744
727.0 1692
727.0 1720
727.3 1708
727.5 1760
728.3 1748
728.7 1712
728.8 1696
729.4 1676
731.0 1752
731.1 1772
731.3 1712
731.4 1760
731.5 1728
732.2 1748
732.4 1680
732.7 1736
733.4 1676
733.4 1772
733.8 1768
734.0 1716
734.0 1752
734.5 1700
734.8 1728
735.1 1680
735.9 1736
736.1 1732
736.5 1772
736.9 1716
737.4 1700
737.8 1768
738.4 1740
738.6 1732
739.9 1688
741.3 1732
742.4 1740
742.7 1764
743.3 1688
746.1 1684
747.1 1724
748.7 1684
748.9 1756
749.6 1720
750.4 1696
750.4 1724
751.4 1756
752.2 1720
754.1 1696
754.7 1708
755.0 1704
755.7 1692
757.0 1744
758.1 1708
758.1 1748
759.1 1704
759.8 1744
762.1 1748
762.3 1760
763.0 1676
764.4 1680
764.9 1736
765.3 1712
766.3 1676
766.9 1752
767.0 1764
767.2 1728
767.9 1712
768.1 1768
768.5 1680
768.5 1736
769.6 1700
769.8 1728
770.0 1716
770.1 1764
770.3 1752
770.7 1712
770.8 1768
771.5 1740
772.6 1700
772.9 1716
773.3 1692
773.7 1772
775.2 1688
777.4 1684
777.8 1692
778.0 1688
780.4 1720
780.4 1732
784.2 1724
784.3 1720
784.7 1732
785.1 1756
785.4 1696
786.0 1760
787.0 1724
787.6 1756
788.5 1696
788.5 1760
788.6 1744
790.0 1708
790.3 1704
790.9 1772
791.2 1760
792.1 1744
792.6 1708
792.8 1748
792.9 1704
794.6 1740
795.5 1708
795.9 1748
796.7 1676
797.4 1736
797.5 1684
798.1 1740
799.6 1676
799.7 1680
800.7 1736
801.9 1768
802.0 1752
802.1 1684
802.3 1764
802.5 1700
802.5 1728
802.9 1680
804.7 1768
804.8 1716
804.9 1764
805.0 1752
805.1 1728
806.1 1700
807.3 1716
807.7 1692
807.7 1768
809.3 1688
809.8 1712
810.7 1716
811.7 1692
812.6 1712
813.0 1688
813.1 1720
813.9 1772
816.0 1732
817.1 1720
817.1 1772
819.4 1732
819.7 1724
820.1 1696
820.1 1756
821.7 1704
822.2 1724
822.7 1696
822.7 1756
824.1 1748
825.5 1704
826.1 1744
828.5 1744
828.9 1740
829.6 1736
830.1 1708
831.3 1760
831.4 1676
831.5 1744
831.9 1740
832.7 1736
833.0 1748
833.3 1684
833.5 1680
834.2 1760
834.5 1676
834.5 1728
834.8 1708
835.9 1684
836.4 1680
837.3 1700
837.5 1764
837.7 1728
838.0 1752
839.8 1692
840.3 1764
840.5 1700
840.5 1752
841.7 1712
843.5 1752
844.1 1768
844.8 1712
845.4 1716
845.5 1688
845.6 1720
846.9 1768
848.2 1688
849.1 1720
849.3 1732
850.1 1772
852.7 1696
852.7 1772
854.1 1724
856.0 1756
857.2 1724
857.3 1704
858.0 1748
858.6 1756
859.9 1704
861.2 1728
861.4 1740
861.4 1756
862.6 1692
863.8 1704
864.2 1744
864.6 1708
864.9 1736
864.9 1760
865.4 1740
866.8 1692
867.7 1708
867.8 1736
867.9 1760
868.2 1676
868.5 1684
869.0 1716
869.3 1680
870.6 1676
871.0 1684
871.2 1732
871.6 1700
871.8 1764
871.9 1716
872.0 1680
873.3 1676
874.2 1712
874.3 1696
874.4 1684
874.4 1700
874.6 1732
874.9 1764
877.0 1688
877.1 1768
878.1 1720
880.1 1768
881.8 1752
882.2 1748
883.0 1720
883.5 1728
883.6 1772
884.9 1752
885.5 1748
886.6 1772
886.8 1744
888.1 1728
889.4 1724
890.1 1744
892.1 1724
896.4 1704
897.3 1692
897.7 1696
898.1 1736
898.6 1712
899.2 1688
899.3 1708
899.3 1740
899.7 1756
899.7 1760
900.1 1692
900.2 1704
900.5 1696
900.9 1736
901.1 1680
901.4 1712
901.9 1740
902.8 1756
903.2 1688
903.4 1760
903.5 1708
903.6 1732
903.7 1764
904.2 1716
904.5 1740
906.7 1700
906.8 1732
907.3 1716
907.3 1764
908.4 1768
909.2 1684
909.4 1700
909.6 1720
910.3 1676
911.6 1768
913.0 1676
913.0 1684
914.1 1720
916.0 1748
916.4 1772
917.0 1752
918.5 1728
920.2 1752
920.3 1748
920.5 1680
921.7 1728
921.8 1744
923.6 1724
924.6 1744
925.5 1736
926.4 1724
929.1 1688
930.3 1692
930.7 1696
932.2 1704
932.5 1712
932.8 1708
933.9 1692
934.1 1696
934.4 1732
934.5 1764
934.9 1704
935.0 1756
935.0 1760
935.7 1712
936.9 1708
937.1 1716
937.9 1756
938.1 1760
939.9 1700
940.0 1772
941.0 1680
941.5 1720
941.7 1676
941.7 1716
942.3 1740
942.8 1700
942.9 1772
943.0 1768
943.3 1684
944.6 1736
944.7 1680
945.8 1768
945.9 1740
946.0 1684
946.1 1748
946.3 1720
949.3 1684
951.5 1752
952.4 1688
954.1 1752
954.9 1724
955.0 1728
955.2 1744
955.7 1688
957.2 1764
957.5 1728
957.9 1732
958.7 1744
961.4 1732
961.9 1748
964.0 1764
964.1 1692
964.3 1696
964.5 1712
964.6 1676
964.8 1704
967.0 1736
967.4 1676
967.5 1692
967.8 1696
968.4 1708
969.5 1760
970.5 1756
970.9 1708
971.1 1736
972.0 1716
972.2 1760
972.9 1756
974.3 1720
974.4 1700
974.5 1708
974.8 1772
975.0 1680
975.3 1716
976.6 1740
976.8 1748
977.1 1700
977.2 1768
977.4 1724
977.5 1720
977.8 1680
977.8 1772
979.4 1740
979.6 1768
980.0 1700
980.7 1724
983.2 1768
18.0 1689
18.0 1705
18.0 1721
18.0 1737
18.0 1749
18.0 1769
18.1 1677
18.1 1681
18.1 1685
18.1 1693
18.1 1697
18.1 1701
18.1 1709
18.1 1713
18.1 1717
18.1 1725
18.1 1729
18.1 1733
18.1 1741
18.1 1745
18.1 1753
18.1 1757
18.1 1761
18.1 1765
18.1 1773
22.0 1765
22.4 1705
22.5 1701
22.7 1689
23.0 1693
23.0 1709
23.2 1685
23.7 1721
23.9 1717
28.9 1749
35.0 1769
35.5 1753
35.6 1773
35.7 1745
35.8 1725
35.9 1757
36.3 1697
36.7 1733
37.5 1729
37.5 1737
37.6 1681
38.1 1713
38.4 1677
38.8 1761
39.1 1741
39.2 1773
39.3 1725
39.4 1745
39.7 1733
40.2 1737
40.4 1769
40.5 1697
40.8 1681
41.0 1729
41.1 1713
41.8 1677
42.0 1741
42.1 1761
52.1 1765
52.6 1749
53.0 1689
53.3 1685
53.8 1717
54.4 1705
55.1 1693
55.2 1721
55.9 1701
56.6 1685
56.7 1765
57.2 1749
57.5 1757
57.7 1709
58.1 1689
58.6 1693
58.6 1701
59.0 1753
59.1 1717
59.2 1721
59.6 1705
60.4 1709
61.9 1753
73.2 1725
73.6 1769
75.5 1733
76.1 1773
76.2 1725
76.7 1677
76.7 1681
77.5 1713
77.7 1745
77.8 1697
78.1 1733
78.6 1729
78.8 1737
78.8 1773
79.2 1741
79.9 1677
80.0 1681
80.0 1761
80.3 1697
80.3 1745
80.5 1713
81.0 1733
81.5 1729
81.5 1737
82.3 1741
82.9 1761
83.0 1745
84.1 1737
84.3 1757
85.6 1741
87.0 1757
88.4 1685
89.6 1689
91.0 1701
91.5 1765
91.8 1721
92.5 1749
93.5 1705
93.8 1717
94.1 1685
94.4 1765
94.7 1693
95.0 1701
96.0 1749
96.1 1709
96.5 1721
96.8 1769
97.2 1705
97.5 1693
97.6 1717
97.6 1753
98.9 1709
100.6 1753
100.6 1769
101.9 1677
109.2 1725
110.9 1773
111.8 1697
113.4 1725
113.7 1689
114.2 1713
114.6 1681
114.9 1697
115.0 1773
115.3 1729
115.9 1761
116.5 1689
117.9 1713
118.0 1729
118.5 1681
120.0 1761
120.2 1745
120.3 1757
121.3 1729
122.3 1733
122.8 1749
123.6 1745
124.7 1757
125.3 1733
126.3 1685
126.3 1741
126.4 1737
128.9 1701
129.5 1677
129.5 1741
129.9 1737
130.2 1765
130.8 1693
131.1 1717
131.5 1685
131.6 1721
131.9 1701
132.4 1705
132.4 1709
133.2 1677
133.2 1765
133.6 1753
134.1 1693
134.1 1769
134.8 1717
134.9 1721
135.9 1705
136.1 1709
137.9 1753
137.9 1769
146.3 1773
147.8 1725
148.3 1749
148.6 1681
149.5 1697
150.2 1689
150.4 1713
150.7 1725
150.8 1773
151.6 1749
152.6 1697
153.6 1689
153.6 1713
153.7 1761
154.5 1733
155.2 1745
155.2 1757
156.9 1761
158.3 1733
159.4 1737
160.0 1757
161.2 1729
163.0 1701
163.5 1741
164.4 1729
165.4 1717
166.5 1685
167.0 1721
167.0 1741
167.2 1677
167.5 1701
167.8 1765
168.6 1705
169.5 1709
169.7 1685
169.9 1721
170.2 1677
170.3 1693
170.7 1765
171.4 1697
171.7 1681
172.0 1753
172.8 1693
172.9 1769
173.0 1709
173.1 1705
174.8 1753
175.9 1693
176.2 1681
177.3 1769
178.0 1745
181.2 1745
183.9 1737
184.1 1749
185.8 1717
185.9 1713
185.9 1725
186.0 1773
187.2 1737
187.6 1749
188.7 1725
189.0 1773
189.6 1713
189.8 1689
190.9 1717
191.8 1761
192.2 1733
192.4 1689
193.5 1757
196.0 1761
196.5 1733
197.1 1757
198.5 1729
199.4 1701
199.6 1741
201.2 1677
201.3 1729
201.6 1697
202.4 1709
203.5 1701
203.6 1741
203.7 1765
203.9 1685
204.8 1697
206.5 1677
206.6 1721
206.7 1685
207.7 1765
208.0 1753
208.2 1705
209.1 1721
210.0 1681
210.0 1685
210.2 1769
211.5 1753
211.6 1705
212.8 1681
213.0 1745
214.3 1769
215.4 1693
217.1 1745
219.4 1693
219.9 1773
221.3 1749
221.7 1737
223.1 1725
223.3 1717
223.9 1689
224.3 1773
224.5 1737
225.6 1749
226.2 1713
226.4 1725
226.6 1709
227.8 1757
227.9 1689
227.9 1717
229.0 1713
231.3 1733
231.3 1761
233.9 1729
233.9 1761
234.4 1733
236.6 1697
238.4 1741
238.5 1729
238.8 1701
239.0 1677
239.4 1765
239.7 1697
241.7 1741
242.0 1701
242.6 1677
242.7 1721
243.8 1765
244.5 1705
246.0 1769
246.3 1681
246.3 1721
246.7 1709
247.0 1753
247.5 1745
247.9 1705
249.8 1753
250.1 1757
250.7 1769
250.8 1681
251.0 1685
252.3 1693
254.4 1685
255.9 1693
256.3 1773
256.5 1737
257.6 1749
259.3 1773
259.9 1689
261.7 1749
261.9 1737
262.4 1717
262.6 1713
263.3 1725
264.9 1717
265.7 1713
265.8 1725
266.7 1733
269.0 1761
269.8 1725
269.9 1709
269.9 1733
271.0 1745
271.7 1729
271.8 1761
272.4 1697
273.3 1677
274.6 1745
274.6 1757
274.9 1741
275.3 1697
276.1 1701
276.8 1729
277.5 1757
277.8 1721
278.8 1741
279.1 1765
280.3 1753
280.5 1689
280.7 1701
281.8 1765
281.9 1681
282.1 1721
283.9 1769
284.4 1705
287.5 1705
288.4 1685
289.8 1693
291.1 1705
292.1 1685
292.4 1693
292.6 1773
293.3 1749
294.6 1737
296.4 1677
296.7 1709
296.7 1773
297.9 1737
298.5 1749
299.1 1677
299.3 1717
299.5 1709
300.2 1713
301.7 1753
303.4 1681
303.6 1713
303.6 1733
303.8 1717
304.3 1689
305.9 1769
307.6 1761
308.2 1689
308.7 1745
308.9 1725
309.2 1769
309.5 1697
309.8 1729
310.8 1761
311.7 1741
311.8 1757
312.6 1725
312.6 1729
312.9 1697
313.1 1701
314.2 1761
314.8 1741
315.3 1757
315.9 1721
317.0 1701
317.4 1765
319.9 1721
320.7 1765
324.0 1681
324.0 1685
324.1 1733
325.5 1749
327.4 1753
327.7 1693
328.1 1685
328.7 1677
328.7 1733
330.5 1693
330.8 1773
331.3 1737
331.3 1753
331.6 1709
333.7 1773
334.1 1745
334.2 1705
334.6 1717
335.2 1737
336.1 1709
336.6 1745
337.0 1705
339.3 1713
340.4 1745
342.1 1713
342.8 1689
342.8 1769
344.8 1713
345.4 1689
345.9 1729
345.9 1769
346.7 1741
347.6 1725
347.7 1697
348.3 1681
348.7 1689
348.9 1729
348.9 1757
349.2 1701
349.8 1749
350.4 1697
350.4 1725
350.9 1741
351.7 1757
351.9 1681
352.9 1677
353.1 1765
353.2 1749
353.5 1701
354.5 1721
354.8 1761
355.8 1765
356.0 1717
356.6 1677
357.3 1721
357.4 1761
359.9 1717
362.0 1753
362.9 1733
363.4 1685
365.9 1693
366.7 1733
367.5 1685
368.7 1773
368.8 1693
369.2 1737
369.9 1709
371.6 1693
371.8 1773
372.5 1737
373.3 1705
373.5 1709
374.7 1697
375.8 1705
378.2 1705
380.5 1745
382.1 1725
382.3 1729
382.6 1681
382.6 1769
383.0 1745
384.1 1741
384.6 1713
385.2 1753
385.2 1769
385.4 1729
387.2 1749
387.6 1701
387.6 1757
387.7 1713
387.8 1677
388.1 1689
388.1 1741
389.2 1769
390.0 1761
390.5 1757
390.7 1701
390.8 1677
391.2 1765
391.5 1749
391.8 1721
392.3 1697
393.0 1689
394.1 1765
394.5 1725
394.7 1721
395.2 1717
397.3 1765
397.9 1685
398.2 1733
398.9 1717
402.0 1773
402.7 1685
615.7 1681
616.3 1733
616.7 1753
616.8 1697
616.9 1761
616.9 1773
617.7 1725
618.0 1681
618.5 1685
618.5 1733
618.7 1717
618.7 1745
618.9 1753
619.0 1697
619.1 1749
619.1 1773
619.2 1689
619.2 1729
619.2 1761
619.6 1721
619.8 1709
619.9 1701
619.9 1757
620.0 1725
620.2 1681
620.3 1737
620.5 1677
620.7 1685
620.7 1741
620.8 1713
620.9 1717
620.9 1733
620.9 1745
621.1 1753
621.3 1697
621.3 1773
621.4 1689
621.4 1749
621.5 1729
621.5 1761
621.8 1721
622.1 1709
622.2 1725
622.2 1757
622.3 1701
622.5 1737
622.7 1677
622.7 1769
622.9 1685
622.9 1741
623.0 1713
623.0 1717
623.0 1745
623.1 1705
623.6 1689
623.6 1749
623.8 1693
623.8 1729
623.9 1721
624.3 1709
624.4 1757
624.5 1701
624.5 1765
624.8 1677
625.0 1737
625.0 1769
625.1 1741
625.3 1713
625.4 1705
625.8 1717
625.8 1745
626.3 1689
626.4 1693
626.4 1721
626.8 1765
627.1 1749
627.2 1769
627.7 1705
627.9 1677
627.9 1741
628.7 1693
629.0 1765
632.0 1765
652.1 1697
654.3 1761
654.5 1681
654.8 1733
655.7 1773
656.9 1725
658.3 1753
658.7 1737
659.1 1709
659.3 1773
659.4 1761
659.5 1733
659.9 1685
659.9 1713
660.6 1701
660.6 1729
660.7 1725
660.9 1757
661.5 1753
661.8 1769
662.5 1705
662.8 1713
663.0 1737
663.2 1693
663.6 1697
663.6 1729
663.7 1701
663.7 1709
663.9 1757
665.6 1717
665.8 1705
666.4 1769
666.7 1693
666.8 1745
667.1 1749
667.5 1741
668.1 1721
669.0 1717
670.9 1689
671.0 1741
671.7 1721
671.8 1745
671.9 1677
672.1 1749
673.5 1689
675.3 1677
676.8 1689
679.1 1681
681.7 1681
682.2 1765
683.3 1685
684.4 1681
684.5 1765
685.8 1685
686.4 1733
686.9 1765
688.9 1685
689.4 1773
689.9 1761
690.4 1733
691.3 1701
691.4 1697
692.0 1725
692.8 1773
693.2 1761
693.3 1709
693.5 1737
694.1 1729
694.2 1697
694.3 1753
694.5 1725
695.0 1701
696.1 1757
696.2 1737
697.0 1713
697.3 1753
697.4 1729
697.5 1705
698.0 1769
698.8 1717
699.0 1757
699.2 1693
699.6 1713
699.6 1721
700.2 1705
700.8 1769
701.1 1749
701.3 1741
701.3 1745
702.0 1693
702.0 1717
702.3 1757
703.3 1713
703.3 1721
703.9 1749
704.1 1741
704.9 1745
706.3 1677
709.8 1677
714.2 1689
715.0 1709
717.0 1689
718.1 1709
718.1 1733
719.0 1761
721.8 1733
723.7 1725
723.9 1773
724.2 1681
724.4 1697
725.4 1685
725.6 1701
727.0 1737
727.0 1773
727.6 1697
728.0 1765
728.2 1701
728.3 1729
729.3 1753
729.4 1685
730.6 1765
731.3 1729
731.5 1705
732.3 1769
732.4 1717
732.5 1753
732.7 1741
733.4 1693
733.7 1749
735.0 1705
735.5 1769
735.8 1745
735.9 1717
736.1 1677
736.8 1693
736.8 1721
737.0 1749
738.4 1745
738.7 1757
739.1 1721
740.9 1713
743.8 1713
744.4 1761
745.6 1681
746.7 1725
747.0 1689
747.0 1709
747.0 1761
749.4 1681
749.7 1689
750.2 1709
750.5 1725
750.5 1737
753.2 1733
753.3 1737
755.0 1741
756.2 1733
757.0 1773
757.2 1701
758.2 1741
759.1 1685
759.3 1677
759.6 1697
759.8 1765
760.3 1729
760.7 1757
760.8 1701
762.3 1677
762.8 1685
762.8 1697
763.0 1765
763.6 1757
764.0 1729
764.9 1753
764.9 1769
767.0 1705
767.7 1753
768.1 1693
768.3 1717
768.9 1749
769.8 1705
770.1 1745
770.6 1717
770.8 1693
771.5 1749
771.6 1721
773.1 1745
773.9 1713
774.2 1721
777.3 1713
777.5 1721
778.4 1761
780.6 1681
780.6 1773
781.5 1689
781.9 1709
782.0 1761
782.2 1725
783.2 1773
783.6 1681
784.2 1689
784.4 1737
784.7 1709
785.0 1725
787.5 1737
788.0 1733
790.6 1769
790.9 1741
791.1 1733
791.2 1685
791.4 1765
792.6 1729
792.9 1769
793.4 1701
793.4 1741
793.9 1677
794.4 1757
795.4 1765
795.6 1697
795.7 1701
795.7 1729
796.1 1769
796.4 1741
796.7 1677
797.1 1757
798.1 1697
798.6 1701
798.9 1753
800.1 1749
802.1 1693
802.4 1753
802.9 1717
803.4 1705
804.4 1749
804.5 1745
804.9 1693
805.9 1705
806.0 1717
807.0 1713
807.1 1745
808.4 1705
811.2 1713
811.7 1761
813.0 1721
814.1 1681
814.5 1685
815.3 1709
815.4 1773
815.6 1761
815.9 1725
816.0 1689
817.3 1721
817.4 1681
817.5 1685
819.0 1773
819.4 1689
820.3 1725
820.8 1737
822.7 1733
823.6 1737
825.4 1733
825.4 1765
826.2 1729
827.5 1757
828.1 1765
829.1 1729
829.2 1677
829.3 1697
831.9 1677
832.4 1697
833.3 1701
833.5 1749
833.9 1741
834.3 1753
834.4 1717
834.9 1677
835.3 1693
836.4 1745
836.7 1709
837.0 1749
837.4 1741
837.5 1769
837.7 1753
838.5 1693
839.7 1745
840.2 1709
840.2 1769
841.3 1713
843.4 1769
844.1 1713
844.9 1705
845.0 1681
846.4 1761
846.7 1685
847.8 1721
848.2 1773
848.4 1705
848.6 1681
849.1 1761
849.6 1725
849.8 1757
850.6 1721
851.3 1773
851.7 1689
852.6 1725
852.7 1757
853.9 1721
855.1 1689
855.4 1701
855.7 1737
856.9 1733
857.7 1717
858.6 1701
858.7 1737
860.0 1729
860.3 1765
860.6 1733
860.7 1717
863.1 1765
863.2 1697
864.7 1729
866.2 1741
867.1 1697
868.2 1709
868.4 1749
869.7 1745
870.2 1685
870.6 1741
870.7 1753
871.1 1693
871.1 1749
872.0 1745
872.7 1677
873.0 1685
873.3 1753
873.6 1693
875.8 1677
875.9 1745
876.2 1753
876.3 1713
877.0 1681
878.8 1713
879.4 1705
880.7 1681
881.2 1761
882.0 1773
882.1 1769
882.4 1705
883.8 1761
884.0 1725
884.2 1757
885.3 1689
885.8 1773
886.5 1769
886.8 1725
887.1 1757
887.5 1721
887.5 1761
888.2 1737
888.6 1689
888.9 1701
890.9 1733
891.9 1709
892.9 1701
893.1 1737
893.8 1717
893.9 1729
894.1 1733
895.1 1697
895.5 1709
895.5 1765
896.6 1717
897.9 1729
898.0 1765
900.2 1741
900.4 1697
902.9 1741
903.8 1749
904.6 1685
905.7 1677
906.5 1693
906.6 1749
907.8 1685
907.9 1721
908.6 1677
909.1 1693
909.2 1745
909.8 1749
910.5 1713
912.0 1721
912.2 1681
912.3 1693
913.2 1713
915.3 1705
915.4 1681
916.5 1753
916.6 1773
916.8 1689
917.6 1769
918.0 1725
918.2 1705
918.4 1757
919.5 1773
920.4 1769
920.7 1689
921.0 1757
921.2 1701
921.5 1725
921.8 1737
921.8 1753
923.4 1761
924.1 1733
925.0 1737
925.3 1717
927.0 1733
927.0 1741
928.0 1765
928.9 1709
928.9 1729
930.9 1765
931.7 1697
931.9 1709
932.2 1729
932.8 1745
934.4 1697
935.5 1745
939.6 1685
940.4 1677
942.6 1685
942.6 1701
942.9 1721
943.4 1677
944.9 1749
945.5 1713
945.9 1721
946.3 1761
946.8 1681
946.9 1701
947.8 1717
948.2 1693
948.8 1713
949.1 1761
949.8 1681
950.1 1705
951.1 1773
951.3 1753
951.5 1689
951.5 1717
951.8 1725
951.8 1741
952.2 1693
952.3 1757
952.6 1769
952.7 1705
953.8 1773
954.2 1689
954.5 1725
954.5 1753
954.7 1741
955.2 1769
955.4 1757
956.7 1737
957.1 1733
957.9 1689
959.8 1737
961.5 1733
961.8 1765
962.2 1697
962.3 1709
963.3 1749
963.5 1729
964.6 1765
965.4 1709
966.3 1729
967.9 1745
970.7 1745
972.4 1685
976.5 1677
977.6 1721
978.3 1701
979.2 1677
980.4 1721
981.1 1681
981.1 1701
981.3 1717
981.3 1761
981.7 1713
982.7 1693
983.4 1721
983.9 1761
984.1 1725
984.1 1757
984.9 1713
985.2 1741
985.3 1717
985.3 1773
18.0 1678
18.0 1682
18.0 1686
18.0 1710
18.0 1762
18.1 1690
18.1 1694
18.1 1698
18.1 1702
18.1 1706
18.1 1714
18.1 1718
18.1 1722
18.1 1726
18.1 1730
18.1 1734
18.1 1738
18.1 1742
18.1 1746
18.1 1750
18.1 1754
18.1 1758
18.1 1766
18.1 1770
18.1 1774
21.8 1730
22.4 1750
23.1 1678
23.2 1758
23.3 1710
23.4 1682
23.4 1702
23.6 1706
23.6 1726
23.8 1774
24.4 1742
24.5 1722
26.1 1770
33.0 1686
34.6 1690
34.8 1698
34.8 1738
35.6 1718
36.0 1734
36.8 1754
36.9 1714
37.3 1694
37.7 1762
38.4 1698
38.5 1690
38.5 1738
38.8 1718
38.8 1766
39.2 1734
40.2 1746
40.4 1694
40.4 1714
40.7 1762
41.7 1754
41.7 1766
42.9 1746
45.1 1766
52.0 1722
53.1 1682
53.2 1710
53.9 1730
54.0 1758
54.1 1678
54.1 1706
54.1 1770
55.0 1726
55.1 1702
55.4 1774
55.7 1742
56.5 1722
56.5 1750
56.6 1682
57.3 1730
57.4 1710
57.6 1758
57.7 1702
57.9 1678
58.0 1770
58.1 1726
58.2 1686
58.4 1774
58.8 1706
60.9 1742
60.9 1750
61.1 1686
69.7 1698
70.6 1694
70.7 1738
75.1 1734
75.7 1690
76.0 1718
77.5 1762
78.1 1734
78.1 1754
78.3 1690
78.5 1714
79.0 1718
80.1 1746
80.5 1762
80.8 1754
81.1 1690
81.3 1714
81.7 1738
82.0 1718
83.2 1746
83.9 1714
84.2 1754
86.2 1766
87.7 1682
87.8 1742
88.9 1678
89.1 1766
89.5 1774
89.9 1722
90.3 1710
90.8 1706
92.0 1758
92.1 1702
92.2 1726
92.5 1774
92.6 1750
93.4 1730
93.5 1694
93.7 1678
94.2 1706
94.2 1710
94.2 1722
94.4 1770
94.9 1698
94.9 1702
94.9 1726
95.2 1758
96.0 1750
96.8 1686
96.8 1738
97.3 1730
97.7 1698
97.8 1770
97.9 1694
99.8 1686
109.1 1682
109.8 1742
111.3 1734
112.9 1682
113.2 1762
114.1 1742
117.1 1738
117.2 1762
118.9 1746
121.2 1690
121.3 1766
121.7 1718
121.7 1774
122.0 1746
124.2 1690
124.7 1714
124.8 1754
125.0 1694
125.4 1710
125.8 1766
126.2 1758
126.5 1678
126.6 1718
127.6 1714
127.7 1754
128.2 1722
128.8 1710
129.9 1678
129.9 1726
130.1 1706
130.2 1702
130.5 1770
131.1 1722
131.1 1750
131.7 1686
131.8 1698
131.8 1730
132.6 1706
133.2 1702
134.0 1770
134.1 1750
134.3 1722
134.3 1726
135.3 1706
135.4 1730
136.0 1734
136.3 1698
136.4 1686
138.6 1734
140.3 1682
141.9 1738
143.8 1774
145.1 1738
146.3 1742
147.6 1774
149.9 1694
149.9 1742
151.2 1762
151.5 1758
153.2 1694
154.1 1758
156.0 1690
156.3 1746
159.0 1766
159.2 1718
159.4 1714
159.4 1746
160.3 1690
161.4 1710
162.5 1754
162.8 1718
162.8 1766
164.1 1678
164.8 1710
165.0 1734
165.4 1754
167.1 1682
167.2 1770
167.8 1678
168.5 1726
168.7 1702
168.7 1730
169.3 1698
169.4 1686
169.7 1750
169.8 1770
170.0 1682
170.6 1762
171.0 1726
171.2 1702
172.5 1730
172.7 1750
172.8 1698
173.7 1686
174.3 1722
177.3 1722
178.1 1706
179.0 1738
179.2 1774
180.6 1742
180.9 1706
183.4 1738
184.0 1706
184.1 1694
184.3 1714
187.3 1714
188.9 1758
190.5 1734
191.5 1758
193.7 1734
194.3 1746
194.7 1766
195.0 1690
196.7 1710
196.9 1746
197.1 1762
197.3 1718
197.5 1690
198.2 1754
198.8 1678
199.1 1766
199.8 1762
200.2 1718
201.1 1710
201.2 1754
201.8 1726
203.1 1682
203.5 1774
204.0 1742
204.4 1770
206.2 1682
206.2 1694
206.2 1702
206.5 1686
206.7 1730
206.9 1742
207.1 1770
207.6 1698
207.6 1774
208.2 1750
209.4 1702
209.5 1730
209.9 1694
210.4 1698
211.1 1686
211.3 1722
212.2 1750
214.0 1698
214.4 1722
216.1 1738
219.4 1714
220.5 1738
223.6 1678
224.1 1758
224.6 1714
225.0 1690
225.3 1706
226.8 1726
227.1 1678
228.3 1706
228.3 1758
228.3 1766
229.7 1746
230.7 1734
230.9 1726
232.9 1762
233.0 1718
233.4 1734
233.4 1746
233.5 1766
234.4 1754
234.5 1710
236.1 1762
238.1 1718
238.2 1774
238.4 1710
239.5 1682
241.0 1742
241.5 1770
242.4 1682
242.5 1694
242.7 1730
243.4 1702
244.4 1742
244.8 1770
245.8 1686
245.9 1694
246.0 1730
246.4 1702
247.1 1750
247.8 1722
248.4 1686
250.2 1750
250.4 1690
250.4 1738
251.2 1698
252.1 1722
252.8 1750
254.1 1690
254.7 1738
256.5 1714
257.1 1754
258.0 1698
258.7 1758
259.7 1714
260.0 1678
261.1 1754
261.2 1774
262.3 1726
262.9 1706
263.3 1678
264.9 1734
265.3 1726
265.6 1706
265.7 1774
266.2 1746
268.3 1766
269.0 1734
269.7 1746
270.9 1766
271.3 1710
271.6 1718
271.9 1762
272.7 1682
275.1 1718
275.1 1762
275.5 1710
275.8 1742
275.9 1770
276.8 1682
278.2 1694
279.2 1742
279.3 1702
279.8 1770
280.4 1758
281.7 1730
281.9 1694
282.6 1702
282.7 1686
283.3 1722
284.5 1730
285.4 1686
286.3 1722
287.6 1738
288.1 1690
288.6 1698
291.1 1706
291.2 1690
291.3 1698
291.3 1738
291.7 1750
292.9 1754
293.2 1714
295.6 1774
296.0 1750
297.1 1758
297.3 1678
297.6 1714
299.2 1726
299.6 1774
300.5 1734
300.7 1678
302.6 1766
303.3 1746
303.4 1734
306.4 1746
308.1 1762
308.2 1718
310.4 1710
311.9 1682
312.2 1762
313.0 1710
313.5 1706
314.0 1742
314.3 1770
315.0 1682
315.7 1710
316.0 1754
316.5 1694
316.9 1742
317.2 1770
318.2 1702
318.7 1730
319.7 1754
319.8 1694
320.0 1722
320.2 1686
320.4 1770
321.1 1702
321.8 1690
322.8 1726
322.9 1686
322.9 1758
323.0 1730
323.0 1738
323.4 1722
325.2 1698
325.6 1686
325.6 1726
326.5 1738
327.0 1758
327.7 1766
328.3 1698
330.3 1750
331.0 1766
332.4 1718
333.1 1750
333.3 1774
334.3 1714
335.2 1718
336.0 1734
336.4 1706
336.8 1678
336.8 1774
337.1 1714
339.6 1678
339.7 1714
339.9 1734
340.3 1706
340.6 1746
343.4 1762
344.1 1746
344.6 1690
348.2 1690
349.9 1682
350.1 1742
350.3 1754
352.2 1694
353.0 1682
353.8 1730
354.8 1722
355.2 1702
355.2 1754
355.4 1742
356.3 1710
358.7 1702
358.7 1730
359.2 1722
360.5 1758
360.7 1710
361.1 1698
361.2 1770
361.7 1738
362.0 1726
363.1 1766
363.8 1770
364.7 1726
364.8 1698
364.8 1750
365.4 1758
365.7 1738
366.7 1762
366.7 1766
367.1 1718
367.6 1750
368.8 1686
369.8 1762
370.8 1718
371.1 1694
371.3 1686
372.0 1678
372.1 1706
373.1 1774
374.0 1686
374.8 1734
375.8 1678
376.2 1774
376.9 1706
377.8 1734
379.3 1746
381.8 1714
382.0 1746
382.7 1690
384.9 1714
385.4 1746
385.6 1690
385.9 1742
386.4 1754
387.5 1682
390.2 1742
391.0 1682
391.5 1722
391.8 1730
393.1 1702
393.4 1694
393.9 1710
395.1 1770
395.5 1730
395.6 1702
395.6 1722
396.6 1710
397.3 1698
397.5 1694
397.8 1758
398.6 1702
398.9 1738
399.0 1770
399.6 1726
400.2 1766
400.6 1698
400.7 1758
401.8 1738
401.8 1762
402.1 1750
402.6 1726
616.5 1766
616.7 1750
617.0 1754
617.1 1762
618.5 1706
618.7 1766
618.9 1730
618.9 1750
618.9 1774
619.0 1694
619.0 1714
619.2 1734
619.2 1754
619.3 1710
619.3 1762
619.3 1770
619.4 1722
619.6 1690
619.9 1678
619.9 1738
619.9 1742
620.0 1682
620.0 1726
620.2 1718
620.2 1758
620.3 1698
620.8 1706
620.8 1766
621.0 1750
621.2 1730
621.2 1774
621.3 1694
621.3 1754
621.4 1714
621.5 1734
621.5 1762
621.6 1710
621.7 1770
621.8 1690
621.8 1722
622.2 1678
622.2 1726
622.2 1742
622.3 1682
622.3 1738
622.4 1718
622.6 1698
622.6 1746
622.6 1758
623.0 1706
623.1 1686
623.4 1730
623.4 1774
623.5 1694
623.5 1766
623.6 1702
623.6 1714
623.6 1750
623.7 1754
623.8 1734
623.9 1690
624.0 1710
624.1 1722
624.2 1770
624.4 1678
624.4 1726
624.5 1682
624.6 1718
624.6 1738
624.6 1742
624.8 1746
625.0 1698
625.0 1758
625.6 1686
625.8 1702
626.3 1690
626.4 1706
626.9 1746
627.1 1734
627.8 1686
628.0 1702
629.8 1746
631.1 1702
631.2 1686
653.2 1774
655.9 1714
656.3 1718
658.0 1762
658.6 1770
658.9 1698
659.2 1710
659.4 1730
659.5 1694
659.8 1742
660.0 1718
660.5 1682
660.5 1714
660.7 1762
660.8 1722
660.8 1758
661.6 1738
661.7 1770
662.0 1710
662.3 1730
662.8 1734
662.8 1754
662.9 1694
663.4 1726
663.5 1678
663.8 1682
664.2 1742
664.6 1722
664.8 1738
666.1 1726
666.1 1758
666.2 1678
667.2 1690
667.9 1766
668.1 1750
668.2 1754
668.9 1706
669.2 1678
669.6 1726
670.4 1690
670.8 1766
670.9 1750
672.7 1706
672.8 1702
677.4 1774
678.4 1698
680.2 1774
681.6 1698
684.1 1746
684.4 1734
685.0 1686
686.6 1746
687.5 1686
687.9 1734
688.7 1714
689.0 1746
689.6 1718
689.8 1686
691.5 1770
692.1 1762
692.8 1710
693.3 1694
693.6 1682
693.6 1742
693.9 1730
694.9 1762
696.0 1770
696.3 1738
696.4 1722
696.6 1730
696.9 1694
696.9 1742
697.7 1702
697.8 1682
698.0 1758
698.9 1722
699.1 1738
699.9 1754
700.1 1702
700.1 1750
700.1 1766
700.2 1706
700.4 1758
700.8 1690
702.3 1722
702.3 1738
702.4 1754
702.6 1702
703.3 1766
703.5 1690
703.5 1750
704.0 1706
705.0 1726
708.2 1678
709.4 1726
709.6 1718
711.1 1714
711.5 1678
712.3 1774
712.6 1698
713.5 1718
714.4 1710
714.9 1774
715.2 1698
717.4 1710
718.3 1734
718.6 1774
721.5 1734
721.9 1746
723.7 1686
723.9 1682
726.9 1770
727.6 1694
727.6 1730
727.8 1686
728.8 1742
729.4 1762
730.4 1770
730.7 1694
730.8 1730
731.5 1742
731.8 1762
732.3 1690
732.4 1714
733.3 1754
733.4 1766
733.7 1758
734.8 1706
735.0 1762
735.2 1750
736.1 1766
736.2 1714
736.2 1758
736.3 1754
737.7 1722
737.7 1738
737.7 1750
737.8 1706
738.5 1726
740.7 1722
741.1 1750
741.5 1726
741.6 1678
742.1 1718
742.3 1702
744.6 1682
745.4 1702
746.8 1698
747.0 1746
749.7 1746
750.1 1698
750.1 1710
752.6 1738
752.7 1710
753.8 1734
753.9 1774
754.8 1690
755.9 1710
756.4 1734
757.7 1770
757.7 1774
757.9 1686
758.5 1690
759.9 1694
760.5 1686
760.7 1742
761.0 1770
762.8 1730
763.1 1694
763.4 1678
763.4 1706
765.1 1718
765.7 1754
765.9 1730
766.4 1766
767.9 1718
768.1 1678
769.5 1758
769.7 1754
769.9 1682
770.1 1714
771.8 1722
772.1 1758
772.5 1714
772.6 1682
773.1 1726
774.7 1750
774.9 1738
775.1 1714
775.2 1722
775.5 1758
775.8 1726
776.7 1702
776.9 1762
777.9 1738
778.3 1746
778.4 1750
779.9 1702
780.0 1762
781.3 1698
783.8 1698
784.1 1742
785.3 1734
786.8 1706
786.9 1742
787.9 1774
788.6 1690
789.3 1766
790.9 1774
791.9 1690
792.1 1686
792.1 1710
793.0 1694
793.1 1766
793.1 1770
794.7 1686
795.6 1770
795.7 1694
796.2 1730
796.4 1710
797.9 1686
798.8 1718
798.9 1678
798.9 1730
799.5 1770
800.5 1682
800.9 1754
801.0 1706
801.2 1738
801.5 1718
801.7 1746
802.4 1678
804.0 1754
804.7 1746
805.4 1726
805.8 1734
806.4 1698
807.5 1722
808.9 1734
809.4 1726
810.1 1750
810.2 1722
810.6 1762
810.7 1714
812.3 1702
812.5 1758
813.0 1750
813.7 1762
813.9 1714
814.9 1702
816.9 1758
817.7 1702
818.4 1742
820.3 1774
821.2 1742
822.6 1690
823.1 1682
823.5 1766
823.8 1774
824.3 1738
825.8 1690
826.4 1682
826.4 1766
826.5 1706
826.7 1694
827.6 1710
829.2 1706
829.3 1694
829.3 1730
829.5 1718
829.9 1738
830.0 1710
830.6 1698
832.4 1686
833.0 1694
833.5 1730
833.6 1678
833.6 1698
833.9 1718
834.9 1770
835.4 1746
835.6 1754
837.5 1686
838.3 1678
838.7 1754
839.2 1770
839.3 1722
839.8 1746
840.1 1734
840.7 1726
842.7 1722
842.8 1734
843.3 1726
844.4 1750
845.1 1762
845.4 1714
846.9 1726
847.0 1750
848.0 1758
848.0 1762
848.1 1714
850.7 1758
851.2 1742
855.1 1698
855.2 1774
856.1 1766
857.0 1682
858.1 1690
858.1 1702
858.3 1738
858.5 1774
860.5 1690
860.9 1702
861.5 1706
861.5 1710
861.6 1682
862.2 1730
862.3 1738
863.7 1690
864.3 1710
864.4 1718
864.6 1706
865.7 1754
867.0 1686
867.5 1718
868.7 1706
869.2 1678
869.6 1686
869.7 1746
869.9 1694
870.2 1770
872.2 1678
872.5 1694
872.5 1746
872.6 1722
872.7 1742
872.7 1770
873.4 1734
873.6 1698
875.6 1722
875.7 1742
875.7 1766
876.1 1734
877.1 1750
879.1 1762
880.4 1758
880.6 1714
881.2 1750
882.6 1762
883.4 1714
883.5 1758
885.1 1730
885.2 1726
887.4 1682
888.2 1730
888.4 1754
888.6 1726
891.7 1702
891.9 1754
892.1 1738
892.1 1774
894.9 1774
895.1 1702
896.4 1738
897.2 1718
897.3 1710
898.3 1774
898.9 1698
899.9 1710
900.2 1770
900.5 1718
900.5 1766
900.8 1686
900.8 1694
902.1 1698
902.3 1706
903.0 1710
903.5 1690
903.6 1766
903.9 1770
904.2 1742
904.3 1686
904.3 1746
904.8 1678
906.2 1690
906.4 1722
907.2 1746
907.3 1678
907.4 1742
908.1 1734
909.3 1722
910.3 1682
910.8 1678
911.3 1734
912.2 1714
912.2 1750
912.2 1758
912.8 1762
914.6 1682
915.0 1750
916.5 1726
920.2 1730
922.9 1754
923.1 1730
924.2 1698
925.2 1694
925.3 1738
925.6 1706
926.4 1702
926.4 1754
927.5 1718
928.3 1706
928.4 1694
930.0 1702
932.8 1758
933.1 1770
933.2 1762
935.3 1686
935.5 1774
936.0 1766
937.1 1714
937.3 1746
938.6 1686
939.0 1766
939.5 1742
939.6 1726
939.7 1710
939.8 1714
939.8 1774
939.9 1690
941.5 1746
941.8 1722
942.4 1690
942.5 1682
942.6 1742
942.7 1714
942.7 1726
943.2 1734
943.9 1710
944.3 1722
945.0 1690
945.4 1738
945.8 1734
946.0 1750
948.3 1678
948.9 1750
950.3 1698
952.4 1718
953.0 1698
953.0 1730
953.5 1706
954.6 1758
955.1 1718
955.4 1770
956.6 1730
957.0 1694
957.0 1762
957.1 1754
957.6 1758
958.6 1770
960.7 1762
960.8 1754
961.7 1702
963.1 1682
964.2 1702
967.4 1702
968.4 1686
968.7 1774
969.1 1766
969.8 1738
969.9 1678
971.3 1774
971.7 1686
971.9 1766
972.1 1746
972.2 1742
972.3 1726
972.6 1738
973.0 1678
973.9 1710
974.9 1722
975.6 1742
976.1 1746
977.3 1734
978.1 1710
978.3 1722
978.8 1706
978.8 1714
978.9 1750
979.0 1694
980.4 1734
980.5 1690
981.3 1698
981.7 1706
982.0 1750
982.5 1694
985.2 1698
18.0 1711
18.0 1735
18.0 1767
18.1 1679
18.1 1683
18.1 1687
18.1 1691
18.1 1695
18.1 1699
18.1 1703
18.1 1707
18.1 1715
18.1 1719
18.1 1723
18.1 1727
18.1 1731
18.1 1739
18.1 1743
18.1 1747
18.1 1751
18.1 1755
18.1 1759
18.1 1763
18.1 1771
18.1 1775
22.2 1679
22.3 1691
22.7 1751
22.8 1743
23.3 1715
23.4 1695
23.6 1711
23.6 1775
24.3 1739
30.6 1731
32.3 1735
34.1 1759
34.9 1687
35.0 1707
35.2 1771
35.3 1755
35.3 1763
35.4 1723
35.5 1747
35.8 1719
36.3 1703
37.0 1683
37.2 1699
37.5 1759
38.6 1727
38.7 1755
38.8 1719
39.0 1707
39.0 1767
39.2 1747
39.6 1703
39.6 1763
39.9 1723
40.2 1683
40.3 1699
41.5 1727
41.9 1767
45.2 1727
52.0 1743
52.4 1711
53.7 1739
54.0 1679
54.0 1691
55.4 1735
56.2 1775
56.8 1691
56.8 1751
57.1 1715
57.2 1695
57.7 1739
57.8 1731
58.4 1687
58.9 1735
59.0 1771
59.5 1775
60.1 1715
60.6 1751
60.8 1731
60.9 1695
62.1 1771
63.0 1687
68.5 1707
69.8 1759
72.8 1763
73.1 1747
74.2 1683
74.9 1719
75.9 1699
76.0 1755
76.1 1743
76.7 1747
76.8 1723
77.0 1703
77.0 1711
77.1 1683
77.4 1767
77.6 1719
78.6 1699
78.8 1755
79.6 1679
79.7 1703
79.7 1723
79.7 1743
79.8 1711
81.2 1767
82.2 1679
83.1 1723
83.3 1703
83.6 1711
84.9 1727
85.7 1679
88.2 1727
89.1 1691
90.9 1739
90.9 1759
91.9 1707
92.3 1687
92.4 1735
92.4 1775
93.6 1759
94.0 1715
94.2 1751
94.7 1695
95.1 1739
95.4 1707
96.1 1735
96.1 1763
97.0 1775
97.3 1731
97.7 1695
97.7 1751
98.2 1771
98.4 1715
99.5 1763
100.1 1731
100.9 1771
105.8 1699
109.2 1719
109.5 1747
109.6 1743
110.7 1691
110.8 1683
112.5 1755
112.6 1719
112.7 1747
113.7 1691
115.0 1683
115.3 1755
116.1 1767
116.6 1687
119.2 1767
121.6 1727
122.1 1703
122.1 1723
123.8 1711
124.7 1727
125.1 1723
127.1 1711
127.2 1679
128.0 1699
128.3 1735
128.7 1739
129.2 1707
129.7 1759
129.9 1775
130.7 1679
131.8 1739
131.9 1715
131.9 1735
132.1 1731
132.1 1751
132.2 1707
132.9 1759
133.2 1743
134.0 1695
134.0 1775
135.1 1771
135.2 1715
135.4 1763
135.7 1751
136.2 1743
136.6 1695
138.2 1763
139.8 1771
140.5 1687
143.9 1687
144.8 1747
145.3 1703
146.0 1719
146.0 1755
147.9 1691
149.0 1747
149.3 1719
149.4 1703
149.9 1683
150.1 1731
150.7 1755
150.8 1691
152.3 1699
152.6 1683
153.9 1767
156.0 1727
156.6 1699
157.2 1767
157.5 1723
159.9 1759
160.8 1727
161.6 1723
161.8 1711
164.0 1735
164.8 1679
165.2 1711
165.7 1707
166.3 1739
167.8 1679
168.0 1775
168.1 1715
168.6 1735
168.6 1751
168.8 1707
169.0 1695
169.6 1739
170.7 1775
171.1 1743
171.7 1751
171.9 1763
173.3 1695
173.3 1731
173.9 1771
174.8 1743
175.7 1763
176.7 1687
176.9 1771
182.0 1747
182.6 1759
184.1 1703
184.5 1755
184.6 1719
185.1 1747
185.2 1691
187.1 1683
187.2 1703
187.3 1719
187.3 1755
187.9 1691
190.2 1727
190.3 1699
190.9 1683
191.0 1715
192.9 1767
193.2 1723
195.0 1715
195.0 1731
195.5 1767
195.9 1699
196.1 1723
197.8 1731
198.2 1687
198.4 1767
198.8 1711
200.8 1735
201.0 1739
201.4 1707
202.1 1775
202.2 1687
202.3 1751
202.4 1711
203.9 1679
203.9 1759
204.7 1735
205.5 1707
205.6 1739
206.8 1743
206.9 1679
207.5 1695
207.8 1759
208.2 1727
209.1 1763
210.0 1743
210.9 1695
211.7 1771
212.9 1763
215.1 1771
218.9 1747
219.6 1755
219.9 1691
219.9 1719
221.2 1703
222.7 1719
223.4 1747
223.5 1755
223.9 1775
224.0 1703
224.6 1683
224.6 1691
225.2 1751
226.0 1719
226.6 1699
227.5 1683
227.8 1775
228.7 1751
229.5 1715
230.1 1699
230.2 1723
232.8 1715
233.7 1731
233.8 1723
234.6 1727
235.4 1711
236.3 1687
236.9 1743
237.2 1767
237.4 1735
238.7 1707
238.7 1727
238.8 1711
239.6 1687
240.2 1759
240.9 1739
241.7 1707
242.0 1679
242.5 1735
243.5 1739
243.7 1759
245.1 1679
246.4 1695
247.1 1739
247.2 1763
249.5 1771
249.8 1695
250.0 1763
252.8 1771
253.5 1747
253.8 1731
256.9 1691
257.6 1703
257.6 1731
260.1 1691
260.3 1755
260.9 1683
261.0 1703
261.1 1775
261.6 1767
261.7 1751
262.7 1755
262.9 1743
262.9 1747
263.2 1699
264.0 1683
264.9 1767
265.0 1719
265.0 1751
265.8 1755
266.0 1699
266.0 1743
267.1 1723
267.6 1727
268.2 1715
268.5 1719
270.8 1715
271.1 1723
271.2 1735
271.7 1711
273.4 1715
274.8 1687
275.3 1711
275.6 1707
275.8 1759
276.3 1679
277.3 1687
279.6 1759
279.8 1679
280.6 1707
283.0 1775
284.0 1763
284.7 1695
284.7 1771
286.0 1775
287.1 1763
287.3 1739
287.6 1695
287.9 1771
290.4 1739
290.8 1727
290.8 1731
294.1 1691
294.1 1747
294.3 1731
294.6 1683
294.9 1767
295.4 1703
296.3 1735
296.9 1747
297.7 1691
298.4 1703
299.2 1751
299.4 1743
300.6 1735
301.2 1699
302.2 1719
302.6 1743
303.1 1751
303.8 1723
304.0 1699
305.0 1719
306.3 1755
307.6 1723
308.1 1711
309.1 1755
309.2 1727
311.7 1687
312.3 1711
312.8 1707
314.0 1679
314.7 1687
314.7 1759
314.8 1715
315.8 1707
317.2 1759
317.5 1679
317.6 1715
318.0 1767
318.2 1775
318.9 1695
319.0 1683
321.2 1767
321.4 1771
321.6 1763
321.8 1739
322.2 1683
323.5 1695
324.1 1771
324.2 1763
324.4 1691
324.7 1739
325.4 1731
326.8 1763
327.2 1747
329.1 1731
330.9 1747
332.5 1703
333.5 1735
333.7 1727
335.8 1703
336.3 1727
337.5 1719
337.8 1743
337.9 1735
338.1 1751
338.3 1699
340.4 1743
341.0 1723
341.1 1751
341.4 1699
341.5 1719
341.5 1775
341.7 1711
343.1 1755
343.2 1743
344.0 1751
344.1 1691
344.7 1723
345.2 1775
346.3 1755
347.7 1687
349.1 1759
349.2 1679
349.4 1707
351.0 1715
351.3 1687
352.2 1759
353.5 1679
353.5 1707
353.9 1767
354.3 1715
354.5 1683
357.5 1683
358.3 1767
358.9 1695
359.3 1771
360.1 1739
361.5 1711
362.4 1695
362.4 1771
362.8 1739
364.7 1731
365.3 1747
366.0 1739
366.9 1691
367.1 1763
367.5 1731
368.2 1703
368.8 1727
369.0 1747
371.1 1735
371.6 1691
372.7 1719
373.5 1727
373.6 1699
373.7 1735
374.4 1723
377.4 1699
377.4 1759
378.1 1719
378.9 1775
380.1 1755
380.8 1743
382.3 1759
383.8 1755
385.0 1743
386.1 1687
386.1 1751
387.2 1679
387.6 1763
387.7 1707
388.0 1711
388.5 1751
388.7 1687
390.0 1679
390.7 1715
391.0 1707
391.1 1767
391.2 1711
392.0 1703
392.3 1751
393.6 1715
393.9 1683
394.3 1695
395.0 1703
395.3 1767
396.6 1683
397.2 1747
397.8 1771
398.2 1695
398.3 1731
400.3 1723
400.6 1771
401.7 1747
403.1 1731
403.4 1723
615.6 1775
617.5 1763
617.8 1775
618.7 1731
618.8 1755
619.0 1695
619.0 1703
619.0 1711
619.1 1743
619.1 1767
619.2 1715
619.3 1683
619.3 1699
619.3 1723
619.3 1759
619.4 1707
619.6 1719
619.8 1763
620.1 1747
620.1 1775
620.2 1727
620.5 1735
620.7 1679
620.7 1771
620.9 1731
621.0 1691
621.1 1687
621.2 1755
621.3 1703
621.4 1699
621.4 1711
621.4 1715
621.4 1767
621.5 1695
621.5 1723
621.6 1683
621.6 1743
621.6 1759
621.7 1707
621.8 1719
622.0 1763
622.4 1727
622.4 1747
622.7 1735
622.8 1771
622.9 1679
622.9 1751
622.9 1775
623.2 1731
623.3 1687
623.3 1691
623.5 1703
623.6 1699
623.6 1715
623.7 1695
623.7 1711
623.8 1683
623.8 1743
623.8 1767
623.9 1759
624.0 1719
624.0 1723
624.0 1755
624.1 1707
624.3 1739
624.6 1727
624.6 1747
625.0 1735
625.0 1771
625.1 1679
625.2 1751
625.4 1687
625.7 1691
626.6 1739
626.8 1703
627.2 1759
627.4 1751
627.6 1727
628.0 1687
628.2 1771
629.0 1739
630.7 1751
653.4 1747
653.7 1763
654.7 1695
655.4 1743
656.0 1707
658.3 1731
659.5 1711
660.0 1767
660.1 1735
660.2 1679
660.2 1699
660.2 1723
660.4 1743
660.6 1755
661.2 1715
661.4 1719
661.9 1739
662.2 1731
662.8 1735
662.9 1711
663.3 1723
663.7 1691
664.5 1683
664.6 1699
664.7 1719
664.7 1755
665.6 1679
665.6 1715
665.8 1735
666.2 1739
666.7 1691
666.9 1727
667.1 1703
667.2 1771
667.3 1775
667.4 1683
667.6 1687
669.2 1751
669.4 1691
669.6 1759
670.1 1683
670.2 1775
671.0 1771
671.6 1703
671.6 1727
672.6 1759
672.7 1747
679.3 1763
679.6 1707
679.9 1695
681.7 1763
681.7 1767
682.2 1707
682.6 1695
684.5 1763
684.6 1767
685.5 1695
687.5 1687
687.5 1743
690.0 1731
691.1 1751
691.7 1687
691.8 1723
693.2 1711
694.0 1679
694.0 1751
695.0 1719
695.5 1715
695.8 1747
695.9 1739
696.1 1755
696.5 1723
697.0 1699
697.4 1711
698.5 1747
698.8 1755
698.9 1719
699.3 1699
699.8 1715
699.9 1775
700.2 1739
700.3 1771
701.0 1759
701.8 1727
701.8 1755
701.9 1699
702.0 1703
703.0 1691
703.3 1771
703.9 1735
704.3 1775
704.7 1759
704.8 1727
704.9 1703
707.4 1743
707.5 1691
709.6 1735
710.0 1683
711.6 1707
712.0 1731
713.0 1683
714.8 1707
714.8 1731
716.2 1767
718.1 1679
718.6 1767
719.0 1695
720.6 1679
720.8 1687
722.2 1695
723.9 1679
725.0 1763
726.1 1739
726.5 1747
727.1 1711
727.5 1743
727.5 1751
728.1 1723
729.2 1763
730.3 1751
730.4 1719
730.7 1747
730.9 1723
731.0 1711
731.4 1715
731.7 1743
732.7 1759
733.3 1719
734.2 1715
734.7 1723
734.8 1771
735.2 1775
736.1 1719
736.6 1727
736.8 1755
737.2 1759
737.4 1715
737.5 1771
737.7 1703
738.2 1699
738.2 1775
739.1 1691
739.1 1727
740.2 1703
741.4 1735
741.7 1691
741.8 1755
742.0 1687
742.9 1703
742.9 1727
744.0 1731
744.2 1735
745.3 1683
745.4 1707
745.9 1691
747.6 1731
747.9 1683
749.3 1707
750.0 1767
750.3 1739
750.9 1683
752.7 1695
753.4 1767
753.8 1739
755.4 1695
755.5 1699
758.9 1743
759.7 1679
759.7 1747
760.2 1711
760.6 1763
762.6 1751
762.9 1759
763.2 1747
763.3 1763
763.4 1711
763.6 1687
763.9 1679
766.2 1763
766.3 1751
767.5 1687
768.7 1723
768.8 1775
770.5 1771
771.8 1723
772.9 1755
773.2 1775
773.3 1771
774.6 1715
775.0 1743
775.5 1755
776.3 1735
777.3 1719
777.8 1715
777.9 1727
778.6 1699
778.7 1735
778.9 1731
780.4 1707
780.9 1719
781.6 1699
782.0 1731
782.4 1703
782.5 1767
782.7 1759
783.9 1707
784.2 1739
784.9 1691
785.2 1683
785.4 1695
785.6 1703
786.3 1767
787.8 1691
787.9 1759
788.1 1739
788.4 1695
788.9 1683
791.6 1747
793.4 1711
793.9 1679
795.1 1747
796.1 1711
796.8 1743
797.0 1679
797.1 1751
798.1 1687
800.1 1743
800.1 1751
801.6 1687
801.9 1775
802.5 1727
803.3 1723
804.1 1763
805.0 1727
805.8 1723
805.8 1771
806.7 1755
807.1 1763
808.5 1771
808.6 1723
809.4 1727
809.4 1731
809.8 1755
810.0 1735
810.5 1715
810.5 1719
811.9 1771
812.5 1699
813.0 1707
813.0 1715
813.2 1719
813.2 1735
813.4 1731
815.4 1699
816.4 1707
816.4 1715
816.4 1767
817.7 1703
818.5 1691
818.7 1695
819.7 1767
819.8 1739
820.3 1703
820.4 1759
821.2 1683
821.3 1695
822.1 1691
822.3 1739
823.1 1759
823.7 1683
823.8 1775
824.5 1747
825.6 1759
826.8 1711
827.0 1775
827.1 1679
827.7 1747
829.8 1679
829.8 1711
830.8 1743
831.1 1751
831.3 1687
833.7 1743
834.3 1687
835.0 1751
838.6 1763
838.8 1731
841.6 1763
842.2 1723
842.2 1735
842.4 1755
843.1 1727
844.2 1719
844.9 1755
845.2 1735
845.5 1723
845.7 1707
847.0 1771
847.3 1719
847.4 1755
847.8 1727
848.6 1707
848.8 1699
849.6 1767
850.8 1691
851.3 1699
851.8 1703
852.1 1771
853.2 1767
853.3 1715
854.1 1695
854.8 1739
855.2 1703
856.7 1775
857.1 1683
857.5 1695
858.2 1739
858.8 1747
859.6 1683
860.2 1679
860.3 1711
861.5 1747
862.1 1775
862.6 1731
863.4 1759
863.5 1679
863.7 1711
865.4 1687
865.7 1731
866.2 1743
866.9 1751
867.7 1759
868.5 1687
868.7 1743
869.4 1751
872.2 1743
873.7 1691
873.7 1763
874.6 1715
875.0 1723
876.6 1763
876.8 1691
877.4 1735
877.7 1715
878.1 1719
878.1 1723
878.2 1707
879.7 1727
880.0 1763
880.4 1735
881.3 1719
881.6 1707
882.3 1727
882.3 1771
883.5 1755
883.9 1695
884.9 1699
885.4 1767
886.6 1771
886.8 1703
887.6 1699
888.2 1755
888.2 1767
888.5 1695
889.8 1703
890.4 1699
891.3 1739
891.3 1775
891.7 1683
892.9 1747
894.1 1739
894.7 1775
895.0 1683
895.8 1679
896.6 1747
896.7 1711
896.8 1739
897.5 1731
897.5 1759
898.2 1679
898.5 1687
899.5 1711
900.5 1731
900.9 1751
901.0 1679
901.2 1687
901.2 1759
904.0 1751
904.3 1743
908.1 1691
908.6 1715
908.9 1723
909.5 1727
911.6 1691
911.8 1715
912.7 1707
912.8 1727
913.0 1719
913.1 1735
913.9 1723
914.5 1767
915.8 1707
915.8 1719
916.3 1735
917.0 1695
917.2 1755
917.7 1771
918.1 1763
920.3 1743
920.3 1755
920.6 1703
920.7 1771
921.7 1763
923.8 1703
925.4 1775
925.9 1683
926.1 1747
927.3 1711
928.2 1775
928.3 1699
929.1 1747
929.5 1683
930.8 1711
931.3 1731
932.1 1699
932.8 1687
933.1 1695
933.1 1739
933.5 1759
934.3 1731
934.7 1751
935.4 1687
936.1 1679
936.2 1759
937.2 1739
938.0 1687
938.4 1751
938.5 1767
939.8 1723
941.2 1767
942.4 1715
942.8 1743
943.0 1727
943.2 1691
945.7 1743
945.9 1715
946.4 1691
946.7 1719
947.3 1735
949.0 1707
949.7 1719
949.9 1755
950.5 1735
951.0 1771
951.8 1707
952.0 1763
953.4 1755
953.8 1747
954.9 1763
955.2 1703
955.4 1707
958.1 1703
958.3 1695
958.4 1683
960.8 1775
961.1 1679
961.3 1683
961.5 1695
961.8 1723
962.6 1711
963.1 1699
963.2 1775
963.7 1679
964.1 1731
964.4 1759
964.8 1727
964.9 1723
965.5 1699
965.5 1711
966.8 1679
967.3 1731
967.8 1739
969.0 1699
970.3 1751
970.7 1739
971.0 1727
973.4 1751
973.5 1771
973.8 1767
976.7 1687
976.8 1743
977.0 1751
977.4 1715
977.6 1767
978.3 1747
979.7 1691
979.8 1743
980.8 1715
980.8 1719
981.0 1747
981.2 1735
981.9 1687
982.4 1691
982.6 1759
984.0 1719
984.2 1755
