Name: Thalamus[Glu], Title: Raster plot from device '11216', Hist: False
417.8 10068
418.0 10132
418.0 10144
418.2 10120
420.2 10068
420.4 10132
421.2 10120
421.5 10144
422.5 10068
422.6 10132
448.6 10072
448.6 10076
448.6 10100
448.7 10084
448.8 10056
448.8 10088
448.8 10092
448.9 10060
448.9 10148
449.0 10052
449.0 10080
449.0 10128
449.1 10108
449.1 10112
449.1 10116
449.3 10104
449.3 10140
449.4 10124
449.4 10136
449.5 10096
449.6 10064
451.0 10100
451.1 10056
451.3 10088
451.3 10092
451.4 10076
451.4 10108
451.5 10084
451.6 10052
451.6 10112
451.6 10128
451.7 10060
451.9 10064
451.9 10080
451.9 10140
452.0 10096
452.0 10116
452.0 10148
452.1 10104
452.2 10120
452.3 10072
452.3 10124
452.3 10136
452.8 10144
453.3 10056
453.3 10100
453.5 10088
453.7 10076
453.7 10108
453.9 10052
453.9 10084
453.9 10092
453.9 10112
453.9 10128
454.1 10064
454.1 10140
454.2 10060
454.3 10116
454.5 10096
454.5 10104
454.6 10124
454.6 10148
455.1 10120
455.1 10136
455.4 10072
455.7 10144
458.7 10144
459.3 10068
462.1 10132
465.0 10132
482.3 10068
483.6 10080
485.4 10068
486.2 10120
486.4 10080
488.5 10116
488.8 10108
488.9 10052
489.2 10080
489.9 10136
490.4 10084
491.3 10088
491.3 10104
492.1 10076
492.1 10140
492.5 10100
492.5 10112
492.8 10124
492.9 10072
493.1 10052
493.2 10056
493.2 10060
493.2 10116
493.5 10064
493.8 10148
494.0 10084
494.3 10128
494.5 10088
494.6 10104
494.7 10136
494.9 10140
495.2 10096
495.3 10100
495.4 10092
495.8 10076
496.2 10056
496.5 10064
496.7 10112
496.8 10124
496.9 10072
497.2 10144
497.4 10060
497.7 10096
497.8 10148
498.0 10128
498.1 10092
499.9 10132
501.0 10092
502.2 10144
503.0 10132
510.6 10120
513.6 10120
514.6 10108
517.3 10108
520.3 10068
523.5 10068
526.8 10088
527.1 10084
527.2 10116
527.5 10140
527.8 10052
528.1 10112
528.6 10104
528.7 10064
528.8 10136
528.9 10080
529.1 10072
529.5 10056
529.6 10076
529.8 10088
530.6 10116
531.1 10148
531.2 10052
531.3 10100
531.3 10124
531.7 10096
531.7 10140
532.0 10112
532.0 10128
532.1 10136
532.6 10076
532.7 10104
532.8 10060
532.9 10072
533.2 10080
533.4 10056
533.4 10144
534.1 10100
534.1 10132
534.5 10124
534.5 10128
534.5 10148
534.7 10096
535.5 10060
536.8 10144
538.4 10132
545.0 10092
547.8 10092
548.8 10120
549.2 10084
551.2 10108
551.8 10064
552.0 10120
552.3 10084
555.0 10108
555.1 10064
556.6 10068
559.9 10068
561.8 10052
562.5 10140
562.7 10096
563.1 10116
563.8 10088
564.4 10100
564.5 10104
564.5 10148
565.2 10076
565.6 10096
565.8 10060
565.9 10080
566.5 10052
566.9 10088
566.9 10112
566.9 10116
567.3 10128
567.5 10072
567.6 10148
567.8 10136
567.9 10104
568.2 10056
569.4 10124
569.6 10112
570.0 10080
570.3 10072
570.5 10128
570.6 10144
570.7 10136
571.2 10056
572.2 10124
572.2 10132
572.5 10060
574.0 10136
574.6 10144
575.1 10132
581.4 10092
585.8 10092
586.4 10108
587.0 10140
587.1 10120
587.5 10064
588.9 10084
589.0 10100
589.3 10076
590.0 10140
590.2 10120
591.1 10064
591.1 10108
591.8 10084
592.3 10076
592.5 10100
593.8 10068
597.8 10068
598.6 10112
598.9 10088
599.2 10096
600.2 10116
601.5 10072
601.6 10052
602.0 10104
602.2 10096
602.4 10080
603.0 10148
603.3 10060
603.3 10116
603.6 10128
604.1 10052
604.6 10072
605.3 10056
605.6 10104
606.0 10148
606.2 10080
606.3 10060
606.7 10052
607.0 10128
608.1 10124
608.6 10144
609.0 10056
610.7 10132
610.9 10124
611.4 10144
613.2 10132
613.6 10136
616.0 10132
617.1 10136
619.5 10092
621.2 10112
621.2 10140
621.8 10088
622.1 10092
622.6 10120
622.9 10064
622.9 10108
625.6 10084
626.4 10100
626.5 10088
627.1 10076
627.1 10108
629.0 10084
629.5 10068
629.6 10100
629.7 10076
633.5 10068
634.7 10096
634.7 10116
637.6 10104
637.8 10096
638.3 10128
638.8 10072
638.9 10060
639.1 10116
640.5 10080
640.7 10148
641.2 10104
642.0 10128
642.5 10072
642.8 10056
642.8 10060
643.2 10080
643.4 10148
645.3 10112
645.4 10140
646.4 10056
646.6 10064
647.2 10124
647.4 10144
648.1 10052
648.1 10120
649.0 10140
649.5 10112
649.9 10064
650.0 10144
650.4 10124
650.8 10120
651.0 10052
651.6 10136
652.9 10144
653.4 10120
653.9 10052
654.3 10132
654.3 10136
657.1 10132
657.2 10136
657.5 10088
657.7 10092
660.5 10088
660.5 10108
661.0 10092
662.7 10100
663.6 10084
663.9 10076
664.7 10108
666.3 10100
666.6 10084
667.3 10076
667.7 10068
670.7 10068
670.7 10116
671.9 10096
674.2 10072
674.3 10096
674.6 10128
675.1 10080
675.5 10148
676.4 10060
676.4 10104
677.2 10096
677.5 10128
677.7 10072
677.9 10080
678.3 10056
679.1 10104
679.5 10060
682.0 10056
682.3 10140
682.5 10104
684.6 10112
685.0 10140
685.1 10064
685.3 10124
687.2 10112
687.9 10064
688.1 10132
688.4 10124
690.2 10144
690.7 10112
691.2 10052
691.5 10132
691.7 10120
692.1 10088
692.1 10124
692.3 10148
692.5 10092
692.8 10116
694.5 10120
694.7 10052
695.7 10088
695.9 10092
696.0 10116
696.6 10136
697.9 10108
699.6 10136
700.7 10068
701.2 10108
701.3 10100
701.5 10076
701.6 10084
704.5 10100
704.7 10076
704.8 10084
709.9 10080
710.8 10072
711.2 10128
712.6 10144
713.2 10060
713.8 10072
715.6 10128
717.2 10056
717.3 10060
717.7 10148
718.8 10140
719.9 10056
720.1 10064
720.2 10096
720.8 10148
721.9 10140
723.1 10096
723.1 10104
723.2 10064
724.6 10068
727.4 10104
728.3 10116
728.5 10132
729.1 10068
729.2 10092
729.3 10052
729.7 10088
730.9 10120
731.2 10132
732.3 10112
732.4 10052
732.6 10088
732.7 10092
733.2 10124
733.4 10120
733.7 10080
734.4 10116
734.5 10136
735.3 10112
736.3 10108
736.4 10124
736.5 10144
736.6 10084
737.0 10120
737.1 10080
737.6 10136
738.3 10100
738.5 10076
739.1 10108
740.3 10084
740.5 10144
741.3 10076
742.2 10100
746.3 10128
748.4 10072
748.7 10148
750.9 10060
751.7 10072
754.0 10060
754.2 10096
754.7 10140
755.3 10056
757.4 10064
757.7 10104
758.3 10056
758.3 10140
759.7 10096
760.9 10104
761.6 10064
762.8 10128
763.1 10092
763.1 10132
763.6 10068
764.3 10088
764.9 10052
765.0 10116
767.0 10132
767.3 10068
768.3 10124
768.8 10116
769.9 10108
770.1 10148
770.4 10100
771.2 10112
771.4 10076
771.4 10136
771.5 10080
773.1 10124
773.8 10112
773.9 10084
774.3 10144
774.3 10148
774.6 10136
775.1 10080
776.7 10084
777.1 10144
777.7 10120
779.7 10128
780.3 10120
783.4 10072
783.4 10120
786.0 10088
787.2 10072
787.8 10060
788.5 10052
789.4 10092
789.9 10096
790.6 10060
790.6 10140
791.4 10104
791.8 10052
792.5 10056
792.6 10092
792.8 10100
793.7 10108
794.7 10064
794.9 10140
795.5 10056
795.7 10076
796.2 10100
797.8 10108
797.9 10064
798.7 10076
800.5 10132
800.9 10116
801.7 10068
803.6 10148
803.7 10132
804.1 10124
804.4 10068
805.3 10116
805.8 10128
806.2 10112
807.6 10124
807.8 10148
808.2 10136
808.7 10088
808.9 10080
809.3 10128
809.9 10112
810.6 10084
811.0 10136
811.3 10144
811.7 10080
811.8 10096
813.4 10104
813.7 10088
814.5 10084
815.4 10144
815.8 10096
822.2 10072
823.6 10120
824.1 10060
825.1 10072
825.7 10140
826.3 10052
826.6 10060
826.9 10120
827.2 10092
828.0 10100
828.7 10104
829.8 10052
830.1 10092
830.4 10064
830.7 10056
831.9 10100
832.7 10076
832.7 10108
833.7 10064
834.5 10056
835.6 10108
836.8 10076
837.7 10116
838.5 10132
839.3 10112
839.8 10068
841.2 10116
841.2 10132
842.2 10068
842.3 10124
843.0 10148
843.1 10136
843.5 10080
844.6 10128
844.8 10124
845.5 10096
846.0 10088
846.0 10148
846.4 10136
847.5 10128
847.7 10084
848.2 10144
848.8 10088
848.9 10140
850.8 10084
851.8 10144
852.3 10140
855.9 10104
859.6 10104
860.1 10112
860.3 10072
860.4 10120
861.0 10060
862.9 10072
863.2 10092
863.8 10120
864.6 10052
864.7 10080
865.5 10060
866.1 10108
867.4 10096
867.5 10056
867.6 10092
868.2 10052
868.3 10100
868.4 10064
869.9 10076
870.8 10100
871.6 10056
871.8 10064
872.1 10096
872.9 10076
873.0 10132
873.7 10068
874.4 10116
876.2 10132
877.1 10124
877.8 10116
879.9 10148
880.7 10136
880.8 10128
882.0 10088
882.2 10124
882.9 10148
883.5 10136
885.3 10084
886.1 10128
886.1 10144
886.4 10112
886.5 10088
887.0 10140
887.6 10080
888.3 10084
888.7 10108
889.1 10144
889.6 10112
890.6 10080
890.9 10140
891.1 10104
893.2 10108
897.6 10120
897.8 10068
898.4 10072
899.0 10060
900.9 10100
900.9 10120
901.3 10092
901.7 10096
901.8 10068
902.2 10060
902.6 10052
902.7 10072
903.6 10104
904.5 10076
904.7 10092
905.3 10052
905.6 10064
906.9 10056
907.6 10076
908.4 10064
909.9 10056
910.9 10132
911.7 10116
914.4 10132
915.6 10116
916.1 10124
916.1 10136
917.7 10088
918.2 10148
918.9 10124
919.5 10136
920.5 10128
920.9 10148
921.0 10088
921.2 10100
922.3 10084
922.8 10112
923.7 10144
923.8 10128
923.9 10140
924.6 10096
925.1 10084
925.8 10108
926.6 10060
926.6 10112
926.8 10080
926.8 10140
926.8 10144
928.8 10096
928.8 10108
929.6 10104
929.7 10080
933.0 10104
935.0 10120
936.8 10072
937.0 10068
938.9 10120
939.5 10072
939.9 10068
940.0 10092
940.8 10052
940.8 10064
941.7 10056
941.8 10076
942.6 10092
942.9 10100
943.2 10068
943.3 10052
943.9 10064
945.1 10116
945.4 10056
945.4 10092
945.7 10076
946.0 10052
948.4 10132
951.1 10132
951.7 10060
953.4 10124
953.5 10136
954.3 10148
955.3 10060
956.3 10124
956.4 10128
957.0 10136
958.0 10088
959.1 10112
959.4 10144
959.4 10148
960.9 10140
961.0 10088
962.5 10112
962.8 10096
963.0 10084
963.0 10108
963.6 10080
963.9 10140
964.1 10144
965.5 10084
965.9 10100
966.1 10108
966.2 10096
967.0 10080
967.0 10116
967.9 10104
969.6 10084
970.4 10104
971.9 10072
973.1 10104
974.6 10120
975.4 10072
976.1 10064
976.6 10076
977.6 10120
979.0 10128
979.9 10076
980.0 10056
980.8 10120
981.0 10068
982.8 10092
984.3 10056
417.9 10081
417.9 10093
418.0 10077
420.3 10081
421.1 10077
421.8 10093
422.7 10081
424.3 10077
448.4 10121
448.6 10061
448.6 10137
448.6 10141
448.7 10073
448.7 10089
448.7 10125
448.7 10145
448.8 10057
448.8 10101
448.9 10129
449.0 10097
449.0 10113
449.0 10117
449.2 10109
449.3 10069
449.3 10105
449.4 10053
449.4 10065
449.4 10085
449.5 10149
449.6 10133
450.9 10093
451.2 10089
451.2 10121
451.4 10073
451.4 10101
451.4 10137
451.4 10141
451.4 10145
451.5 10061
451.5 10097
451.6 10105
451.7 10053
451.8 10109
451.8 10117
452.0 10133
452.1 10149
452.2 10069
452.4 10065
452.4 10113
452.5 10085
452.6 10057
452.6 10129
452.8 10125
453.5 10121
453.6 10137
453.7 10101
453.8 10105
453.8 10141
453.9 10053
454.1 10109
454.1 10145
454.3 10117
454.4 10069
454.4 10073
454.4 10093
454.4 10097
454.4 10133
454.5 10149
454.8 10065
454.9 10085
454.9 10113
455.4 10057
455.5 10129
456.8 10105
457.1 10053
462.8 10081
465.2 10077
465.3 10081
468.4 10081
468.6 10077
478.1 10061
478.8 10101
481.2 10089
481.7 10061
482.3 10125
484.8 10089
485.4 10125
487.5 10093
489.2 10065
489.3 10137
489.6 10141
490.3 10149
491.2 10129
491.3 10121
491.5 10085
492.1 10073
492.2 10065
492.7 10097
493.0 10093
493.0 10117
493.3 10057
493.3 10109
493.5 10145
493.8 10113
494.1 10069
494.1 10141
494.3 10121
494.4 10085
494.6 10133
495.3 10129
495.4 10073
495.4 10149
495.8 10117
496.5 10097
496.6 10109
496.7 10113
496.8 10145
497.8 10101
498.0 10069
498.1 10057
499.3 10133
500.1 10105
501.1 10053
502.1 10077
503.1 10105
503.6 10053
504.7 10077
508.6 10077
508.9 10081
511.6 10081
512.9 10137
516.1 10137
516.2 10061
517.6 10089
520.4 10061
521.0 10125
523.7 10125
524.2 10065
525.7 10141
526.4 10101
526.7 10129
526.8 10125
527.2 10149
527.5 10093
528.0 10073
528.0 10109
528.1 10065
528.6 10121
528.9 10085
529.1 10101
530.1 10129
530.1 10141
530.6 10117
531.0 10093
531.6 10073
531.6 10133
531.7 10069
532.1 10085
532.4 10121
532.8 10097
533.1 10145
533.4 10057
533.6 10113
533.7 10117
534.3 10133
534.8 10069
534.9 10101
535.1 10105
535.5 10053
535.9 10089
535.9 10097
536.2 10113
536.2 10145
536.3 10057
538.4 10105
539.3 10113
539.4 10053
548.1 10081
548.6 10109
549.5 10077
550.3 10149
550.8 10081
550.9 10137
552.0 10061
553.1 10077
553.4 10149
553.6 10081
554.1 10137
554.8 10061
558.6 10065
560.1 10089
560.6 10093
563.3 10141
563.4 10089
564.0 10073
564.3 10121
564.4 10085
564.6 10129
566.1 10141
567.3 10121
567.6 10097
567.8 10125
568.0 10085
568.1 10129
568.2 10145
568.7 10133
569.5 10069
569.6 10057
569.6 10109
569.8 10117
570.8 10125
571.2 10097
571.3 10133
571.6 10145
572.5 10069
572.9 10117
573.0 10057
573.6 10053
573.7 10101
573.8 10105
576.6 10069
576.6 10101
576.7 10105
578.2 10053
579.6 10113
580.8 10073
582.6 10113
582.8 10065
586.1 10093
586.3 10077
586.5 10137
586.7 10065
588.1 10149
588.6 10061
589.2 10093
589.9 10077
591.0 10137
591.3 10061
591.3 10149
594.7 10081
595.8 10109
596.7 10089
597.7 10081
598.3 10109
599.7 10141
600.4 10089
600.5 10073
601.7 10085
602.6 10141
602.8 10129
603.2 10121
604.0 10125
604.4 10097
604.6 10085
605.0 10105
605.1 10133
605.2 10057
605.8 10129
605.9 10121
606.0 10101
606.0 10117
606.8 10145
608.0 10125
608.4 10057
608.7 10133
608.9 10097
609.0 10117
610.2 10145
612.1 10053
612.5 10069
615.7 10053
616.9 10113
617.4 10101
619.9 10065
620.4 10113
620.8 10105
621.5 10077
622.4 10073
623.1 10065
623.1 10093
624.1 10061
624.4 10137
624.6 10149
627.6 10093
628.0 10149
628.1 10061
628.6 10137
632.8 10109
633.5 10081
633.8 10069
634.7 10089
635.3 10141
636.5 10085
637.0 10081
637.5 10109
637.6 10089
638.3 10141
640.4 10129
640.5 10097
640.6 10125
641.5 10121
642.3 10073
643.0 10057
643.1 10117
643.1 10129
643.7 10097
643.9 10133
644.1 10077
644.1 10125
644.2 10105
645.0 10121
645.0 10145
646.1 10101
646.2 10117
646.5 10057
647.1 10133
647.9 10145
648.2 10105
649.5 10117
650.8 10053
651.4 10101
653.3 10053
654.3 10113
656.3 10065
657.5 10113
658.2 10069
659.9 10065
661.0 10069
661.6 10061
661.8 10093
661.9 10137
662.3 10085
662.5 10073
663.3 10149
664.7 10093
664.9 10085
664.9 10137
665.0 10061
666.0 10149
667.0 10077
669.6 10081
671.4 10077
671.8 10089
672.3 10109
672.6 10141
673.4 10081
674.7 10089
675.0 10109
675.4 10141
676.1 10105
676.6 10125
676.8 10097
677.9 10145
678.9 10129
679.3 10121
679.6 10125
679.7 10097
680.1 10133
681.9 10129
682.7 10057
682.7 10133
682.9 10121
683.3 10101
684.2 10073
685.2 10057
686.7 10101
687.1 10053
687.8 10057
689.9 10117
690.1 10053
690.3 10113
693.2 10117
694.4 10065
695.5 10113
697.0 10069
697.2 10065
698.3 10061
698.3 10105
698.4 10137
698.5 10149
698.7 10085
699.1 10093
699.5 10069
701.1 10145
701.5 10061
701.7 10149
701.8 10093
702.3 10069
702.5 10137
704.5 10145
707.4 10081
707.8 10077
707.8 10089
708.7 10073
709.0 10109
709.3 10141
710.1 10081
710.6 10077
710.7 10089
711.5 10073
711.8 10109
712.5 10129
713.2 10141
714.5 10097
714.7 10125
715.0 10121
717.0 10097
717.3 10125
718.0 10121
718.1 10129
718.5 10133
718.6 10101
720.6 10105
721.3 10085
721.6 10133
723.9 10053
724.6 10105
724.8 10101
727.7 10053
729.3 10057
729.6 10113
730.4 10117
730.5 10065
732.3 10057
732.5 10113
732.9 10117
733.4 10065
735.0 10057
735.0 10145
735.0 10149
735.9 10093
735.9 10137
736.6 10061
739.3 10137
740.0 10061
740.0 10149
740.7 10093
743.1 10085
743.8 10089
744.1 10081
744.6 10073
744.9 10077
745.7 10069
746.5 10109
746.9 10089
747.6 10081
747.9 10077
748.3 10069
748.4 10141
749.7 10109
750.9 10069
751.2 10129
751.3 10141
751.8 10125
752.0 10097
753.6 10101
753.6 10121
754.6 10133
754.7 10129
755.0 10125
755.1 10097
757.0 10101
757.1 10121
757.3 10133
759.7 10145
761.1 10105
762.6 10145
763.3 10053
763.6 10105
765.1 10113
766.1 10053
766.6 10105
766.8 10085
767.1 10065
767.5 10117
767.6 10073
768.7 10113
769.0 10149
770.1 10085
770.2 10065
770.3 10073
770.4 10117
771.8 10137
773.6 10149
774.0 10093
774.8 10061
775.6 10137
776.6 10093
776.7 10057
777.0 10089
777.7 10061
779.4 10077
779.8 10057
780.4 10093
781.5 10101
782.2 10109
783.0 10081
786.0 10081
786.3 10141
786.6 10109
788.2 10129
789.2 10141
789.8 10097
789.8 10125
790.1 10069
792.2 10133
792.3 10121
792.5 10125
792.5 10129
793.0 10069
793.1 10097
795.2 10121
795.3 10133
796.4 10145
797.7 10077
800.4 10117
800.6 10053
800.6 10145
801.9 10089
802.9 10113
804.1 10053
804.4 10105
805.1 10117
805.1 10149
805.3 10065
805.3 10073
805.8 10113
806.0 10085
806.2 10089
806.7 10101
807.7 10061
808.2 10065
808.7 10073
809.0 10085
809.1 10137
812.0 10137
815.7 10057
818.4 10057
819.7 10093
819.8 10109
820.3 10141
820.4 10081
820.9 10077
821.6 10057
821.9 10101
822.6 10093
822.7 10109
823.1 10081
823.6 10141
823.9 10125
824.7 10129
825.0 10105
826.7 10125
827.8 10069
828.2 10129
828.4 10061
828.8 10097
829.7 10133
830.4 10149
830.7 10069
830.7 10121
831.5 10097
832.3 10145
832.9 10133
833.3 10121
833.3 10149
835.5 10145
837.0 10121
838.7 10053
838.7 10117
839.5 10089
839.6 10113
840.2 10065
840.7 10073
841.6 10053
841.8 10117
842.3 10085
843.0 10113
843.2 10077
843.8 10089
844.6 10065
844.7 10073
845.1 10085
847.3 10137
847.4 10105
848.2 10101
849.7 10061
850.4 10137
851.4 10101
853.5 10061
857.2 10109
858.0 10093
858.3 10141
858.6 10081
859.2 10105
859.8 10109
860.5 10125
860.9 10093
861.2 10141
861.8 10129
862.0 10057
862.1 10081
863.8 10125
864.9 10077
865.0 10069
865.2 10129
865.3 10057
865.9 10133
866.4 10097
866.6 10149
867.5 10145
868.1 10069
868.4 10077
870.7 10097
872.3 10145
873.5 10089
874.5 10053
875.0 10113
875.3 10117
875.6 10121
877.9 10073
878.0 10065
878.3 10053
878.5 10117
879.1 10121
880.9 10065
881.1 10073
881.3 10085
883.9 10085
884.5 10137
885.2 10101
885.9 10105
888.0 10137
888.5 10101
889.3 10061
889.3 10133
891.6 10149
892.1 10061
892.3 10133
894.6 10149
895.1 10081
895.2 10109
896.0 10141
897.4 10093
897.8 10125
898.3 10109
898.4 10057
898.5 10113
898.5 10129
898.8 10081
899.1 10141
899.8 10089
899.9 10093
901.6 10113
901.8 10129
902.1 10145
903.4 10077
903.8 10089
904.3 10069
904.9 10101
905.0 10097
905.3 10105
906.8 10069
906.8 10077
908.4 10097
912.0 10073
912.5 10053
912.8 10117
913.1 10121
914.1 10065
914.9 10085
915.2 10073
915.5 10053
916.0 10117
916.5 10121
917.2 10065
918.6 10137
921.7 10125
921.8 10057
921.8 10137
924.1 10105
924.3 10125
924.7 10057
925.3 10145
925.7 10149
926.2 10133
927.6 10061
928.4 10145
928.8 10149
931.1 10061
932.1 10109
932.1 10133
932.6 10101
932.7 10141
933.0 10113
935.0 10081
935.6 10093
935.6 10141
936.0 10109
936.9 10085
936.9 10101
937.5 10129
937.9 10113
938.2 10081
938.4 10093
939.4 10089
939.5 10077
940.3 10129
941.0 10069
941.4 10093
941.8 10089
942.8 10077
942.8 10097
943.9 10069
944.3 10089
945.9 10097
947.5 10117
948.3 10053
948.7 10105
950.2 10073
950.5 10065
951.4 10121
951.8 10053
952.1 10105
953.0 10073
954.0 10065
954.3 10121
954.7 10137
957.0 10101
958.8 10137
959.5 10085
959.6 10125
961.5 10057
961.6 10145
962.4 10125
963.0 10149
963.6 10085
963.9 10133
964.1 10057
964.2 10061
964.6 10145
966.0 10149
967.7 10061
967.7 10133
969.5 10109
970.1 10141
970.4 10117
970.5 10081
971.5 10113
971.7 10077
973.2 10109
973.5 10129
973.6 10117
974.3 10081
974.5 10141
975.0 10113
976.7 10129
977.2 10069
981.2 10097
981.7 10093
982.0 10069
983.7 10089
417.9 10134
417.9 10146
420.6 10146
420.8 10134
423.1 10146
423.5 10134
448.5 10082
448.5 10138
448.7 10058
448.7 10106
448.7 10130
448.8 10062
448.8 10086
449.0 10094
449.0 10142
449.1 10074
449.1 10090
449.1 10114
449.1 10118
449.2 10054
449.3 10066
449.3 10150
449.4 10098
449.4 10110
449.4 10122
449.6 10070
449.6 10078
449.7 10102
449.8 10126
451.2 10086
451.2 10106
451.3 10062
451.3 10114
451.4 10082
451.4 10118
451.5 10130
451.6 10066
451.7 10094
451.7 10138
451.8 10058
451.9 10070
451.9 10074
452.0 10054
452.1 10098
452.1 10126
452.1 10150
452.3 10078
452.3 10122
452.4 10102
452.4 10110
452.8 10090
453.0 10142
453.4 10086
453.5 10062
453.5 10114
453.6 10106
453.7 10082
453.7 10118
453.8 10066
453.9 10130
454.0 10094
454.0 10138
454.4 10070
454.4 10074
454.4 10126
454.4 10150
454.7 10078
454.9 10054
454.9 10102
454.9 10110
456.3 10114
456.5 10118
457.4 10066
459.2 10146
459.9 10134
464.3 10134
479.9 10142
480.1 10058
480.3 10098
480.7 10122
481.4 10090
481.9 10146
483.3 10058
484.8 10098
484.9 10090
485.1 10122
485.4 10146
487.2 10082
490.1 10106
492.0 10126
492.5 10086
492.7 10062
493.0 10130
493.1 10070
493.2 10074
493.2 10138
493.5 10106
493.6 10094
493.6 10150
494.1 10102
494.2 10078
494.4 10054
494.4 10110
495.2 10126
495.6 10086
496.1 10130
496.4 10138
496.5 10150
496.6 10094
496.8 10070
497.3 10102
497.4 10074
497.5 10110
497.6 10062
498.3 10066
498.5 10134
498.7 10078
499.3 10118
501.2 10114
501.7 10134
502.4 10142
502.9 10118
504.5 10114
512.6 10082
515.4 10058
515.9 10082
516.3 10090
517.2 10054
517.6 10066
518.4 10146
518.8 10122
520.4 10098
520.6 10054
522.1 10146
522.2 10122
523.3 10098
523.9 10142
526.9 10142
528.6 10070
528.8 10138
529.1 10106
529.5 10078
529.7 10150
529.8 10126
530.6 10130
530.7 10086
532.0 10070
532.0 10102
532.2 10106
532.3 10094
532.6 10110
532.8 10062
532.8 10126
533.3 10074
533.7 10138
534.0 10086
534.3 10134
535.0 10094
535.0 10130
535.3 10102
535.5 10110
535.7 10106
536.2 10062
536.3 10074
537.7 10058
537.9 10114
538.4 10134
538.9 10118
539.4 10090
540.7 10114
541.6 10118
543.7 10090
544.6 10066
547.5 10066
547.9 10150
548.5 10082
549.7 10078
552.5 10082
553.1 10150
553.3 10146
553.9 10122
556.1 10054
556.1 10142
556.3 10098
556.5 10146
558.8 10054
560.1 10098
560.2 10058
562.7 10126
564.6 10110
565.0 10138
566.0 10070
566.2 10086
567.2 10102
567.8 10130
568.2 10074
569.0 10094
569.9 10086
570.1 10062
570.3 10070
570.4 10102
571.0 10130
572.2 10074
572.3 10134
572.7 10062
573.0 10094
573.3 10114
573.9 10078
575.1 10118
576.1 10106
576.2 10090
576.7 10134
577.5 10082
577.8 10122
578.5 10118
578.9 10078
579.6 10106
580.1 10090
581.1 10122
581.2 10142
582.4 10066
584.4 10142
584.7 10058
585.1 10066
586.6 10126
586.9 10138
587.5 10110
587.5 10150
588.1 10058
589.4 10146
590.2 10126
591.0 10138
591.0 10150
592.1 10054
594.3 10114
595.3 10054
595.4 10098
598.4 10098
599.5 10114
601.0 10130
601.1 10102
601.2 10082
602.2 10070
604.5 10082
604.5 10086
604.7 10074
605.1 10062
605.3 10070
605.3 10094
607.1 10086
607.2 10106
607.7 10110
608.2 10146
608.3 10074
608.5 10134
609.1 10094
609.3 10062
610.2 10086
610.6 10078
612.0 10118
612.3 10146
612.9 10090
614.2 10122
615.1 10118
617.4 10090
617.5 10142
617.7 10122
619.0 10066
620.3 10142
621.5 10150
621.7 10066
623.8 10058
624.1 10102
624.5 10138
624.8 10150
625.0 10130
625.7 10126
626.8 10058
627.5 10134
628.0 10114
628.4 10138
629.4 10130
630.0 10054
630.1 10058
630.1 10126
630.3 10110
630.6 10078
631.7 10106
632.7 10114
633.0 10098
633.9 10054
634.0 10110
635.0 10106
635.8 10098
637.4 10082
639.3 10070
639.4 10094
640.8 10082
642.1 10062
642.1 10070
643.2 10074
643.6 10094
645.5 10062
646.2 10074
647.6 10102
649.5 10146
649.7 10086
650.1 10090
650.3 10122
650.9 10102
651.2 10134
651.4 10118
652.3 10146
653.3 10086
653.4 10122
653.8 10090
654.2 10118
655.1 10142
655.4 10134
656.1 10146
657.4 10078
657.7 10130
658.6 10066
659.0 10142
659.4 10150
660.3 10078
660.7 10138
661.0 10126
661.2 10066
662.6 10150
663.9 10138
665.1 10126
665.8 10114
667.6 10110
667.9 10054
668.4 10106
669.1 10114
669.8 10058
670.0 10098
671.1 10054
671.6 10106
671.8 10110
672.9 10058
673.6 10062
673.7 10098
674.4 10082
674.8 10070
676.8 10094
677.7 10082
678.8 10062
679.4 10130
680.4 10094
681.7 10074
683.3 10130
684.3 10074
684.4 10102
685.1 10086
685.4 10090
685.5 10134
687.1 10122
687.2 10102
688.8 10090
689.5 10118
689.6 10086
690.1 10122
692.1 10118
692.3 10078
692.6 10146
692.9 10142
693.8 10070
695.0 10118
695.6 10066
695.8 10150
696.2 10078
696.6 10142
696.8 10138
697.1 10126
697.4 10070
698.5 10066
699.3 10150
700.4 10138
702.1 10110
703.1 10114
704.8 10058
704.9 10106
705.1 10082
705.4 10054
706.0 10062
706.4 10134
707.4 10114
708.5 10098
708.7 10054
709.6 10058
710.1 10134
710.3 10106
710.9 10098
713.6 10146
713.7 10098
717.0 10094
718.3 10130
718.5 10074
718.7 10102
718.8 10146
719.4 10094
719.5 10126
720.1 10082
720.7 10090
721.4 10074
721.6 10086
721.9 10130
722.0 10094
722.0 10126
722.5 10122
724.8 10110
725.5 10086
726.7 10122
728.0 10078
730.4 10110
731.6 10066
731.8 10062
732.0 10078
732.0 10142
732.5 10150
733.1 10070
734.7 10066
735.0 10138
735.2 10142
735.8 10062
735.8 10070
735.9 10150
736.6 10114
736.9 10118
738.7 10138
740.0 10114
740.9 10090
741.2 10134
743.5 10102
743.9 10054
744.6 10106
744.8 10058
746.1 10134
746.7 10102
747.2 10058
747.4 10054
747.9 10106
748.5 10082
751.3 10146
751.6 10082
752.2 10098
755.6 10074
755.6 10098
756.2 10146
756.4 10130
757.1 10086
757.6 10126
758.2 10074
758.8 10122
759.4 10118
760.1 10130
760.4 10086
760.6 10094
760.7 10126
762.4 10122
762.8 10118
763.1 10090
764.3 10094
764.8 10062
765.1 10110
766.0 10078
766.0 10142
767.6 10066
768.0 10110
768.4 10078
769.0 10070
769.3 10142
770.2 10150
771.9 10066
772.3 10070
772.5 10138
772.9 10150
773.4 10114
776.0 10102
776.2 10114
777.3 10058
777.3 10138
779.1 10134
781.3 10106
781.8 10090
781.9 10054
784.1 10134
784.8 10106
784.9 10054
785.1 10082
787.2 10062
788.3 10082
789.2 10146
790.0 10098
791.3 10062
791.9 10146
792.0 10126
792.4 10086
792.5 10098
793.2 10074
794.8 10130
795.3 10118
795.4 10098
795.7 10122
795.9 10086
796.1 10074
796.4 10094
797.3 10126
798.3 10130
799.7 10122
800.1 10078
800.7 10094
800.8 10102
800.8 10142
801.4 10058
802.0 10110
803.3 10078
804.1 10102
804.5 10058
804.9 10110
805.0 10150
805.7 10114
805.8 10066
807.3 10090
807.9 10070
808.5 10150
809.1 10066
809.3 10138
811.4 10070
812.2 10090
814.1 10138
814.4 10082
817.5 10134
818.6 10062
818.7 10054
819.6 10118
819.7 10106
820.7 10134
821.4 10142
822.0 10054
822.6 10106
822.9 10118
825.5 10126
825.8 10146
826.9 10114
829.4 10086
830.1 10074
830.3 10094
831.7 10082
833.1 10130
833.3 10094
833.3 10122
834.0 10074
835.1 10098
835.9 10078
836.0 10122
836.4 10130
837.8 10098
837.8 10110
838.5 10058
839.2 10102
840.0 10078
840.0 10150
841.3 10058
842.1 10110
842.6 10102
843.0 10066
843.2 10070
844.2 10090
844.3 10150
845.8 10062
845.9 10066
845.9 10070
846.9 10090
847.3 10142
847.3 10146
848.8 10062
849.1 10138
850.0 10142
850.2 10126
850.7 10114
850.9 10086
852.2 10138
852.6 10082
853.6 10114
853.6 10126
854.3 10106
854.6 10086
856.1 10134
856.8 10054
858.4 10118
858.5 10106
858.7 10134
859.5 10054
861.6 10118
866.5 10074
866.9 10094
870.2 10122
870.3 10094
870.5 10146
871.0 10098
872.2 10074
872.2 10078
873.2 10130
874.2 10082
874.3 10110
874.3 10122
874.4 10098
874.9 10146
875.0 10078
875.8 10130
876.2 10150
876.4 10102
877.8 10058
878.4 10110
878.4 10130
878.6 10090
879.0 10066
879.7 10102
879.7 10142
880.0 10070
880.7 10058
882.1 10090
882.5 10066
883.0 10070
884.3 10062
885.2 10126
887.0 10138
887.3 10062
888.2 10114
888.5 10086
888.9 10126
890.5 10138
890.8 10114
891.8 10086
892.4 10134
892.9 10106
895.1 10054
895.2 10134
896.0 10106
896.5 10118
898.0 10054
898.5 10134
899.3 10082
899.6 10118
899.6 10150
903.2 10142
903.5 10150
903.9 10082
904.0 10074
905.8 10078
905.8 10122
905.9 10094
906.2 10146
906.6 10142
906.7 10074
908.5 10098
908.8 10094
909.6 10122
909.8 10146
910.3 10110
911.7 10098
912.0 10102
912.5 10058
912.5 10094
914.2 10110
914.9 10090
915.3 10070
915.5 10102
916.0 10130
917.9 10066
918.9 10062
918.9 10090
920.8 10066
923.4 10126
923.4 10138
926.1 10114
926.5 10126
926.6 10086
926.7 10138
927.8 10106
928.5 10078
928.7 10114
929.1 10086
931.2 10118
931.3 10106
931.4 10054
931.8 10114
932.6 10078
932.9 10086
933.6 10150
935.0 10054
935.5 10058
936.4 10134
936.8 10150
937.0 10070
938.2 10082
938.6 10130
938.7 10058
939.6 10062
940.0 10142
940.9 10122
941.2 10082
942.3 10130
942.3 10146
942.5 10074
942.7 10062
943.4 10142
946.1 10074
946.3 10146
946.9 10098
947.2 10110
949.7 10098
950.4 10110
950.7 10094
951.2 10090
951.2 10102
954.2 10094
954.4 10102
954.9 10118
955.5 10090
956.5 10066
958.7 10118
959.5 10066
959.7 10126
959.8 10134
961.2 10070
961.3 10138
962.6 10126
963.5 10122
963.5 10134
964.4 10078
964.8 10070
964.8 10138
966.4 10106
968.0 10082
968.9 10106
969.4 10086
969.8 10150
970.4 10054
970.7 10062
971.5 10058
971.9 10106
972.6 10150
973.2 10054
973.6 10086
973.8 10114
975.0 10058
976.8 10114
977.3 10142
977.4 10130
978.4 10146
979.3 10074
979.3 10114
980.4 10142
980.9 10130
982.0 10098
982.6 10146
983.0 10110
417.8 10115
417.9 10095
418.0 10099
420.1 10115
420.6 10095
421.1 10099
422.3 10115
423.0 10095
423.4 10099
448.7 10059
448.7 10079
448.7 10083
448.7 10119
448.8 10051
448.8 10091
448.9 10055
448.9 10071
448.9 10111
448.9 10139
449.0 10103
449.0 10123
449.0 10147
449.1 10127
449.1 10131
449.1 10143
449.3 10063
449.3 10067
449.3 10107
449.3 10135
449.4 10075
449.4 10087
451.2 10059
451.2 10071
451.2 10119
451.3 10051
451.3 10091
451.3 10131
451.3 10147
451.4 10079
451.4 10103
451.4 10139
451.4 10143
451.5 10055
451.6 10107
451.6 10111
451.6 10135
451.7 10067
451.7 10123
451.8 10063
451.8 10083
452.0 10087
452.0 10127
452.1 10075
452.2 10115
453.4 10119
453.5 10091
453.6 10059
453.6 10131
453.6 10147
453.7 10143
453.8 10071
453.9 10103
453.9 10107
453.9 10135
454.0 10051
454.0 10055
454.0 10063
454.0 10079
454.0 10139
454.1 10067
454.1 10111
454.3 10127
454.5 10075
454.6 10087
455.0 10123
456.5 10095
456.9 10063
460.6 10099
464.4 10099
474.3 10115
481.7 10083
482.0 10095
484.3 10083
485.0 10095
487.0 10067
487.6 10135
489.5 10075
489.5 10119
490.4 10115
490.7 10127
491.7 10071
491.8 10079
492.1 10055
492.2 10087
492.8 10051
492.8 10131
492.8 10147
492.9 10111
493.0 10059
493.0 10107
493.2 10103
493.3 10091
493.6 10139
494.2 10123
494.3 10071
494.3 10127
494.6 10143
494.9 10079
495.2 10055
495.9 10147
496.1 10099
496.1 10131
496.2 10059
496.2 10111
496.4 10091
496.6 10139
496.9 10051
497.1 10103
497.5 10107
497.8 10123
497.8 10143
499.5 10099
500.1 10063
502.9 10063
508.8 10067
511.5 10135
512.5 10067
514.6 10135
515.0 10119
515.3 10087
516.4 10075
517.0 10083
518.1 10087
518.1 10119
518.2 10095
518.4 10115
519.6 10075
521.7 10115
522.1 10083
522.6 10095
526.4 10127
527.9 10079
528.0 10147
528.3 10131
528.4 10103
529.0 10111
529.1 10071
529.8 10107
531.1 10055
531.3 10091
531.5 10059
531.6 10139
531.8 10051
531.8 10147
531.9 10071
532.2 10123
532.2 10131
532.6 10079
533.4 10107
533.5 10111
533.9 10055
534.3 10099
534.5 10051
534.6 10091
534.6 10143
535.0 10139
535.2 10123
535.4 10059
537.0 10099
537.2 10143
537.3 10063
537.7 10055
540.9 10063
548.2 10067
549.5 10135
550.7 10127
550.8 10067
552.6 10135
552.9 10103
553.0 10087
553.2 10067
553.5 10127
554.3 10119
554.7 10095
555.7 10075
556.0 10087
556.3 10103
557.0 10115
557.2 10083
557.5 10119
558.2 10075
558.5 10095
559.7 10115
560.1 10083
560.8 10075
563.5 10079
564.2 10111
564.6 10131
565.9 10059
565.9 10091
565.9 10147
567.4 10107
568.0 10071
568.2 10139
569.0 10051
569.0 10111
569.1 10147
569.2 10123
570.3 10107
570.3 10131
570.4 10059
570.9 10143
571.2 10071
572.0 10051
572.4 10099
572.6 10123
572.6 10139
574.0 10063
574.3 10143
575.7 10099
577.9 10055
578.9 10063
581.7 10055
582.5 10135
586.9 10091
587.3 10135
587.8 10079
588.5 10127
588.6 10119
589.4 10103
590.1 10087
590.4 10095
591.4 10127
591.5 10079
592.4 10115
592.7 10103
592.7 10119
593.1 10067
593.6 10087
593.7 10083
594.1 10095
595.1 10115
596.7 10083
597.7 10067
599.5 10131
601.2 10051
601.2 10147
601.6 10059
601.6 10075
602.9 10111
604.0 10107
604.7 10075
605.3 10147
605.6 10139
605.8 10111
605.9 10071
606.1 10143
606.2 10059
606.9 10123
607.4 10107
608.4 10099
609.9 10143
610.2 10071
610.7 10123
610.8 10091
611.9 10139
612.3 10099
613.1 10063
613.7 10091
614.2 10055
616.4 10063
617.4 10055
622.0 10131
622.1 10135
624.0 10127
625.0 10135
625.1 10079
625.7 10119
625.7 10131
626.1 10051
626.4 10095
626.9 10103
627.3 10127
627.7 10083
628.2 10087
628.4 10079
628.4 10115
628.6 10067
629.1 10119
629.6 10051
629.7 10095
629.8 10103
630.8 10083
631.0 10087
631.6 10115
631.9 10067
638.7 10075
639.4 10147
639.5 10059
640.3 10111
641.5 10107
641.8 10075
642.1 10147
642.2 10059
642.3 10143
643.7 10111
644.0 10107
645.1 10071
645.3 10091
645.5 10099
645.7 10143
645.9 10139
646.0 10123
648.0 10071
648.6 10099
648.8 10139
649.4 10123
650.9 10063
651.5 10055
653.9 10063
654.1 10055
656.7 10135
656.8 10127
658.6 10131
660.2 10135
660.5 10127
660.8 10079
660.9 10067
662.9 10115
663.3 10131
663.4 10079
663.5 10119
664.4 10103
664.7 10051
665.7 10083
666.2 10087
666.6 10095
666.9 10119
667.4 10051
667.4 10091
667.4 10103
667.4 10115
668.2 10083
669.0 10087
669.0 10095
671.5 10095
674.1 10147
675.5 10059
675.5 10075
675.7 10111
676.5 10107
676.5 10143
678.6 10111
678.8 10075
679.3 10059
679.7 10123
680.2 10067
680.8 10143
681.7 10071
682.9 10139
683.3 10099
683.6 10067
684.5 10071
686.2 10139
686.4 10099
687.7 10055
688.6 10063
689.4 10099
689.5 10091
689.5 10135
690.3 10127
690.7 10055
691.4 10063
693.6 10091
695.0 10131
696.3 10147
697.7 10079
699.1 10107
699.8 10103
700.8 10051
700.8 10079
700.8 10119
700.8 10147
701.9 10083
702.6 10103
702.7 10115
703.0 10087
703.3 10119
703.6 10123
703.9 10051
704.0 10107
706.0 10115
706.4 10087
711.9 10059
712.6 10095
712.7 10127
713.9 10111
714.0 10143
714.3 10075
715.9 10135
716.3 10059
716.6 10095
716.9 10111
717.2 10067
717.2 10075
717.6 10143
718.0 10131
718.8 10135
719.1 10071
719.2 10139
720.4 10067
721.0 10131
722.2 10071
722.3 10139
723.3 10055
724.7 10083
726.6 10055
728.0 10123
728.9 10083
729.4 10063
729.5 10091
729.5 10099
731.6 10123
731.8 10063
732.1 10091
732.5 10099
733.5 10147
734.4 10063
734.7 10127
734.8 10115
735.5 10107
735.9 10079
736.5 10051
737.1 10119
737.1 10147
737.7 10103
738.6 10087
739.1 10079
739.1 10115
739.5 10107
740.9 10103
741.5 10087
741.6 10119
748.7 10111
750.0 10075
750.2 10143
750.5 10067
750.6 10059
751.1 10095
752.5 10135
752.8 10111
754.4 10075
754.4 10143
754.5 10059
755.8 10131
755.9 10095
756.3 10071
756.5 10135
757.2 10051
757.9 10139
758.8 10127
759.4 10131
760.3 10051
760.3 10071
760.8 10139
761.5 10055
762.1 10127
763.0 10083
764.6 10055
766.3 10083
766.5 10091
766.9 10123
768.7 10115
768.7 10147
769.1 10099
769.5 10079
769.9 10123
770.0 10091
771.6 10147
772.1 10099
772.4 10063
772.5 10067
772.5 10107
773.9 10119
775.7 10103
775.7 10107
775.8 10067
776.1 10087
776.6 10119
778.8 10103
779.0 10087
784.3 10111
785.6 10095
785.9 10059
787.2 10111
789.2 10143
789.4 10059
790.0 10079
790.1 10075
791.0 10131
792.5 10135
792.7 10115
792.8 10075
793.1 10143
793.4 10139
794.7 10131
794.8 10063
794.9 10071
794.9 10127
795.1 10135
795.3 10051
796.2 10055
797.4 10115
797.6 10135
797.8 10071
798.2 10051
798.7 10127
799.6 10083
802.4 10083
803.6 10091
804.5 10123
806.2 10099
806.8 10147
807.3 10091
807.5 10107
808.4 10123
808.9 10103
809.2 10099
809.5 10147
809.6 10095
809.9 10067
810.6 10087
811.1 10107
812.5 10095
813.1 10119
813.4 10087
813.6 10067
814.1 10079
814.5 10063
816.5 10119
817.3 10079
817.5 10139
818.9 10063
819.3 10055
822.1 10059
822.1 10139
822.6 10055
822.6 10111
825.5 10059
825.5 10143
825.8 10111
827.6 10115
827.7 10131
827.9 10075
828.5 10143
830.1 10071
830.2 10127
830.6 10075
831.0 10131
831.1 10103
832.0 10115
832.5 10051
834.0 10071
834.3 10083
834.7 10135
836.0 10051
836.1 10103
838.4 10083
838.5 10091
841.3 10123
842.0 10095
842.9 10091
842.9 10099
843.4 10067
844.2 10147
846.1 10107
846.7 10087
847.3 10095
847.4 10147
847.7 10099
848.1 10119
848.9 10107
849.4 10087
849.8 10079
852.0 10119
852.1 10139
852.2 10127
852.3 10107
853.2 10079
853.7 10063
853.9 10055
857.0 10063
857.0 10111
857.3 10135
857.5 10059
861.6 10111
861.9 10135
864.6 10131
865.7 10143
865.8 10067
866.9 10075
866.9 10123
868.0 10115
868.1 10071
868.2 10143
869.1 10131
869.4 10067
869.9 10123
870.0 10075
870.8 10103
871.0 10115
871.3 10083
871.5 10051
871.6 10071
873.8 10103
873.9 10123
874.2 10127
874.6 10051
875.1 10091
875.1 10139
875.3 10055
875.6 10083
876.9 10099
877.9 10127
879.3 10091
879.7 10139
881.0 10095
881.6 10059
881.6 10147
884.7 10087
884.8 10147
885.0 10059
886.6 10119
887.5 10079
888.0 10087
889.4 10119
890.1 10111
890.7 10079
891.3 10063
892.1 10119
894.4 10063
895.0 10135
895.5 10055
896.1 10107
898.0 10135
898.7 10107
899.4 10099
900.5 10095
901.0 10131
901.6 10115
902.7 10067
902.9 10143
903.7 10075
906.0 10143
906.1 10051
906.7 10071
906.9 10067
907.1 10115
907.3 10083
907.5 10075
907.5 10103
909.1 10051
909.6 10071
910.2 10095
911.1 10103
911.1 10127
912.3 10083
912.3 10111
914.1 10091
915.3 10139
915.4 10123
916.4 10147
917.5 10091
918.4 10139
918.8 10123
920.6 10055
921.0 10059
922.6 10131
923.4 10055
923.8 10099
923.9 10087
924.0 10059
924.2 10079
925.8 10063
927.0 10087
927.1 10079
927.2 10131
927.7 10099
930.5 10063
931.0 10119
932.2 10107
932.5 10135
932.9 10127
934.6 10111
935.3 10135
935.7 10107
937.4 10147
937.8 10115
937.9 10127
938.6 10111
940.3 10095
940.4 10143
940.9 10147
941.2 10115
941.6 10067
941.8 10075
942.4 10071
943.1 10143
943.3 10095
943.6 10083
943.8 10051
944.8 10075
945.5 10067
946.2 10103
946.4 10071
947.2 10083
947.5 10091
948.0 10051
948.9 10103
951.5 10119
952.8 10123
954.6 10139
955.3 10123
956.2 10059
957.7 10139
958.6 10123
959.7 10131
960.2 10099
960.3 10055
960.3 10059
962.1 10087
962.8 10131
963.1 10079
963.3 10055
964.0 10099
964.3 10063
965.0 10087
965.6 10079
966.7 10055
967.4 10135
967.8 10107
967.9 10063
968.3 10127
968.8 10079
970.0 10111
970.8 10091
971.2 10135
971.4 10107
972.1 10127
972.4 10147
975.7 10067
975.8 10119
975.9 10143
976.0 10115
976.6 10095
978.1 10075
978.4 10071
978.4 10083
978.7 10051
979.1 10115
979.2 10119
979.4 10095
979.6 10143
981.1 10075
982.5 10103
982.7 10083
985.3 10075
