Name: SNr[GABA], Title: Raster plot from device '11212', Hist: False
14.8 156
14.8 196
14.8 204
14.8 208
14.9 160
14.9 164
14.9 172
14.9 176
14.9 184
14.9 192
14.9 200
15.0 168
15.0 180
15.0 188
15.0 212
16.9 156
16.9 204
17.0 160
17.0 172
17.0 184
17.0 192
17.0 196
17.0 208
17.1 164
17.1 168
17.1 176
17.1 180
17.1 188
17.1 200
17.1 212
19.1 156
19.1 204
19.2 160
19.2 172
19.2 184
19.2 192
19.2 196
19.2 208
19.3 164
19.3 168
19.3 176
19.3 180
19.3 188
19.3 200
19.3 212
65.3 160
66.1 200
66.7 204
66.8 208
66.9 188
67.0 156
67.0 168
67.1 172
67.1 180
67.2 196
67.7 164
67.7 192
67.8 212
67.9 176
68.2 160
68.3 184
68.9 200
69.1 188
69.1 208
69.3 156
69.3 168
69.3 180
69.3 204
69.4 172
69.4 196
69.9 164
69.9 192
70.0 212
70.1 176
70.7 184
70.8 160
71.5 188
71.7 200
71.7 208
72.0 172
72.3 168
72.5 156
73.2 204
106.3 196
108.4 164
108.5 192
109.3 176
139.6 196
141.0 164
141.0 192
141.5 176
141.9 196
143.8 192
143.9 164
144.8 176
145.1 196
181.7 164
182.2 192
185.4 176
214.1 164
214.8 192
218.1 176
218.3 164
218.5 192
221.7 176
415.8 212
14.8 157
14.8 165
14.8 173
14.8 185
14.8 193
14.8 197
14.8 201
14.8 205
14.8 213
14.9 161
14.9 169
14.9 181
14.9 189
15.0 177
15.2 209
16.9 157
16.9 185
16.9 193
16.9 197
16.9 205
16.9 213
17.0 161
17.0 165
17.0 169
17.0 173
17.0 181
17.0 201
17.1 177
17.1 189
17.3 209
19.1 157
19.1 185
19.1 193
19.1 197
19.1 205
19.1 213
19.2 161
19.2 165
19.2 169
19.2 173
19.2 181
19.2 201
19.3 177
19.3 189
19.5 209
65.8 201
67.1 197
67.2 177
67.3 157
67.3 189
67.4 213
67.5 193
67.7 169
67.7 173
67.7 185
67.7 209
68.1 161
68.1 181
68.5 201
68.5 205
68.6 165
69.4 197
69.5 157
69.5 177
69.5 189
69.6 213
69.8 193
69.9 169
69.9 185
70.0 209
70.1 173
70.4 161
70.4 181
71.6 201
103.9 205
104.4 157
104.4 165
105.4 213
105.9 197
106.1 189
106.5 205
106.7 193
106.8 177
107.3 165
107.7 169
108.0 209
108.1 161
109.0 185
109.5 173
110.3 189
110.4 205
139.6 213
139.8 193
140.0 177
140.1 197
140.6 157
140.7 161
141.0 169
141.0 173
141.0 209
141.2 185
142.0 213
142.2 193
142.3 177
142.5 197
143.3 161
143.4 169
143.5 209
143.8 185
144.1 173
144.3 157
145.3 177
145.3 197
145.4 189
146.1 165
178.6 189
178.8 165
179.6 157
181.3 193
181.5 189
181.6 165
181.8 213
182.2 169
182.7 161
183.4 157
184.4 185
213.8 193
213.9 213
214.1 169
215.5 161
216.6 185
217.4 213
217.8 157
217.8 193
218.8 189
219.1 161
219.8 185
244.1 169
250.3 157
251.3 189
254.5 189
277.3 157
278.4 169
283.4 169
293.1 189
310.5 157
321.7 189
325.2 189
342.2 157
376.5 157
14.7 186
14.8 158
14.8 166
14.8 178
14.9 170
14.9 174
14.9 182
14.9 190
14.9 194
14.9 198
14.9 202
14.9 214
15.0 162
15.0 206
15.0 210
16.8 186
16.9 166
16.9 178
17.0 158
17.0 170
17.0 174
17.0 190
17.0 198
17.0 202
17.0 214
17.1 182
17.1 194
17.1 206
17.2 162
17.2 210
19.0 186
19.1 166
19.1 178
19.2 158
19.2 170
19.2 174
19.2 190
19.2 198
19.2 202
19.2 214
19.3 182
19.3 194
19.3 206
19.4 162
19.4 210
66.0 166
66.3 190
66.5 170
66.9 210
67.2 182
67.3 194
67.4 158
67.4 162
67.5 214
67.7 202
67.7 206
68.2 174
68.2 198
68.5 178
68.8 166
68.8 170
68.9 186
69.0 190
69.2 210
69.4 182
69.5 194
69.7 158
69.7 162
69.8 214
69.9 202
70.0 206
70.5 198
70.7 174
71.5 170
71.8 210
71.9 166
73.1 190
102.2 178
104.1 186
104.8 178
105.7 202
106.3 206
106.6 186
107.9 162
108.2 214
108.5 158
108.5 194
110.0 198
139.7 202
140.2 206
140.5 162
141.0 178
141.0 214
141.1 194
141.3 158
141.4 198
142.0 202
142.8 206
143.1 162
143.6 214
143.8 158
143.9 194
144.1 198
144.3 186
145.6 202
146.1 206
170.6 178
177.7 186
181.2 186
182.6 158
204.3 178
215.1 158
218.4 158
219.6 186
240.0 178
243.7 178
252.8 186
255.6 186
280.0 178
313.0 178
316.7 178
351.9 178
387.3 178
390.3 178
14.7 179
14.8 195
14.8 199
14.8 203
14.9 155
14.9 163
14.9 175
14.9 187
14.9 191
14.9 211
15.0 171
15.0 183
15.0 207
15.0 215
15.1 159
15.1 167
16.9 179
16.9 199
16.9 203
17.0 155
17.0 163
17.0 175
17.0 187
17.0 195
17.0 211
17.1 183
17.1 191
17.1 207
17.2 159
17.2 167
17.2 171
17.2 215
19.1 179
19.1 199
19.1 203
19.2 155
19.2 163
19.2 175
19.2 187
19.2 195
19.2 211
19.3 183
19.3 191
19.3 207
19.4 159
19.4 167
19.4 171
19.4 215
66.0 179
66.3 203
66.4 167
66.4 215
66.5 171
66.8 199
67.2 155
67.3 191
67.5 183
67.5 211
67.8 159
67.8 187
67.9 195
68.2 163
68.2 207
68.4 175
68.4 179
68.7 167
68.8 171
69.0 203
69.1 215
69.2 199
69.4 155
69.5 191
69.8 183
69.8 211
70.0 159
70.1 187
70.2 195
70.5 207
70.6 163
71.1 167
71.2 171
71.5 179
71.5 203
71.6 215
72.3 199
103.8 175
104.8 155
104.9 211
106.3 163
106.6 175
106.6 195
106.7 159
107.0 183
107.8 191
109.4 211
110.1 207
139.1 155
140.0 191
140.2 195
140.4 183
140.7 163
141.2 159
141.5 207
141.6 155
142.5 191
142.7 195
142.8 183
143.4 163
143.9 159
144.8 207
145.8 183
147.0 211
177.7 211
180.8 163
181.5 211
182.1 159
183.7 207
214.1 163
215.6 159
217.1 163
217.6 207
218.1 159
218.6 211
221.1 207
250.6 211
254.0 163
257.9 159
282.5 211
288.6 163
289.6 159
293.2 159
316.1 211
319.8 163
320.0 211
349.7 163
362.7 211
375.7 163
393.3 211
