Name: Striatum[D1], Title: Raster plot from device '11218', Hist: False
404.0 296
404.0 300
404.0 304
404.0 308
404.0 312
404.0 316
404.0 320
404.0 324
404.0 328
404.0 332
404.0 336
404.0 340
404.0 344
404.0 348
404.0 352
404.0 356
404.0 360
404.0 364
404.0 368
404.0 372
404.0 376
404.0 380
404.0 384
404.0 388
404.0 392
406.2 296
406.2 300
406.2 304
406.2 308
406.2 312
406.2 316
406.2 320
406.2 324
406.2 328
406.2 332
406.2 336
406.2 340
406.2 344
406.2 348
406.2 352
406.2 356
406.2 360
406.2 364
406.2 368
406.2 372
406.2 376
406.2 380
406.2 384
406.2 388
406.2 392
408.3 296
408.3 300
408.3 304
408.3 308
408.3 312
408.3 316
408.3 320
408.3 324
408.3 328
408.3 332
408.3 336
408.3 340
408.3 344
408.3 348
408.3 352
408.3 356
408.3 360
408.3 364
408.3 368
408.3 372
408.3 376
408.3 380
408.3 384
408.3 388
408.3 392
410.4 296
410.4 300
410.4 304
410.4 308
410.4 312
410.4 316
410.4 320
410.4 324
410.4 328
410.4 332
410.4 336
410.4 340
410.4 344
410.4 348
410.4 352
410.4 356
410.4 360
410.4 364
410.4 368
410.4 372
410.4 376
410.4 380
410.4 384
410.4 388
410.4 392
412.5 296
412.5 300
412.5 304
412.5 308
412.5 312
412.5 316
412.5 320
412.5 324
412.5 328
412.5 332
412.5 336
412.5 340
412.5 344
412.5 348
412.5 352
412.5 356
412.5 360
412.5 364
412.5 368
412.5 372
412.5 376
412.5 380
412.5 384
412.5 388
412.5 392
414.6 296
414.6 300
414.6 304
414.6 308
414.6 312
414.6 316
414.6 320
414.6 324
414.6 328
414.6 332
414.6 336
414.6 340
414.6 344
414.6 348
414.6 352
414.6 356
414.6 360
414.6 364
414.6 368
414.6 372
414.6 376
414.6 380
414.6 384
414.6 388
414.6 392
416.7 296
416.7 300
416.7 304
416.7 308
416.7 312
416.7 316
416.7 320
416.7 324
416.7 328
416.7 332
416.7 336
416.7 340
416.7 344
416.7 348
416.7 352
416.7 356
416.7 360
416.7 364
416.7 368
416.7 372
416.7 376
416.7 380
416.7 384
416.7 388
416.7 392
418.8 296
418.8 300
418.8 304
418.8 308
418.8 312
418.8 316
418.8 320
418.8 324
418.8 328
418.8 332
418.8 336
418.8 340
418.8 344
418.8 348
418.8 352
418.8 356
418.8 360
418.8 364
418.8 368
418.8 372
418.8 376
418.8 380
418.8 384
418.8 388
418.8 392
420.9 296
420.9 300
420.9 304
420.9 308
420.9 312
420.9 316
420.9 320
420.9 324
420.9 328
420.9 332
420.9 336
420.9 340
420.9 344
420.9 348
420.9 352
420.9 356
420.9 360
420.9 364
420.9 368
420.9 372
420.9 376
420.9 380
420.9 384
420.9 388
420.9 392
423.1 296
423.1 300
423.1 304
423.1 308
423.1 312
423.1 316
423.1 320
423.1 324
423.1 328
423.1 332
423.1 336
423.1 340
423.1 344
423.1 348
423.1 352
423.1 356
423.1 360
423.1 364
423.1 368
423.1 372
423.1 376
423.1 380
423.1 384
423.1 388
423.1 392
425.2 296
425.2 300
425.2 304
425.2 308
425.2 312
425.2 316
425.2 320
425.2 324
425.2 328
425.2 332
425.2 336
425.2 340
425.2 344
425.2 348
425.2 352
425.2 356
425.2 360
425.2 364
425.2 368
425.2 372
425.2 376
425.2 380
425.2 384
425.2 388
425.2 392
427.4 296
427.4 300
427.4 304
427.4 308
427.4 312
427.4 316
427.4 320
427.4 324
427.4 328
427.4 332
427.4 336
427.4 340
427.4 344
427.4 348
427.4 352
427.4 356
427.4 360
427.4 364
427.4 368
427.4 372
427.4 376
427.4 380
427.4 384
427.4 388
427.4 392
429.5 296
429.5 300
429.5 304
429.5 308
429.5 312
429.5 316
429.5 320
429.5 324
429.5 328
429.5 332
429.5 336
429.5 340
429.5 344
429.5 348
429.5 352
429.5 356
429.5 360
429.5 364
429.5 368
429.5 372
429.5 376
429.5 380
429.5 384
429.5 388
429.5 392
431.7 296
431.7 300
431.7 304
431.7 308
431.7 312
431.7 316
431.7 320
431.7 324
431.7 328
431.7 332
431.7 336
431.7 340
431.7 344
431.7 348
431.7 352
431.7 356
431.7 360
431.7 364
431.7 368
431.7 372
431.7 376
431.7 380
431.7 384
431.7 388
431.7 392
433.9 296
433.9 300
433.9 304
433.9 308
433.9 312
433.9 316
433.9 320
433.9 324
433.9 328
433.9 332
433.9 336
433.9 340
433.9 344
433.9 348
433.9 352
433.9 356
433.9 360
433.9 364
433.9 368
433.9 372
433.9 376
433.9 380
433.9 384
433.9 388
433.9 392
436.0 296
436.0 300
436.0 304
436.0 308
436.0 312
436.0 316
436.0 320
436.0 324
436.0 328
436.0 332
436.0 336
436.0 340
436.0 344
436.0 348
436.0 352
436.0 356
436.0 360
436.0 364
436.0 368
436.0 372
436.0 376
436.0 380
436.0 384
436.0 388
436.0 392
438.1 296
438.1 300
438.1 304
438.1 308
438.1 312
438.1 316
438.1 320
438.1 324
438.1 328
438.1 332
438.1 336
438.1 340
438.1 344
438.1 348
438.1 352
438.1 356
438.1 360
438.1 364
438.1 368
438.1 372
438.1 376
438.1 380
438.1 384
438.1 388
438.1 392
440.2 296
440.2 300
440.2 304
440.2 308
440.2 312
440.2 316
440.2 320
440.2 324
440.2 328
440.2 332
440.2 336
440.2 340
440.2 344
440.2 348
440.2 352
440.2 356
440.2 360
440.2 364
440.2 368
440.2 372
440.2 376
440.2 380
440.2 384
440.2 388
440.2 392
442.3 296
442.3 300
442.3 304
442.3 308
442.3 312
442.3 316
442.3 320
442.3 324
442.3 328
442.3 332
442.3 336
442.3 340
442.3 344
442.3 348
442.3 352
442.3 356
442.3 360
442.3 364
442.3 368
442.3 372
442.3 376
442.3 380
442.3 384
442.3 388
442.3 392
444.4 296
444.4 300
444.4 304
444.4 308
444.4 312
444.4 316
444.4 320
444.4 324
444.4 328
444.4 332
444.4 336
444.4 340
444.4 344
444.4 348
444.4 352
444.4 356
444.4 360
444.4 364
444.4 368
444.4 372
444.4 376
444.4 380
444.4 384
444.4 388
444.4 392
446.5 296
446.5 300
446.5 304
446.5 308
446.5 312
446.5 316
446.5 320
446.5 324
446.5 328
446.5 332
446.5 336
446.5 340
446.5 344
446.5 348
446.5 352
446.5 356
446.5 360
446.5 364
446.5 368
446.5 372
446.5 376
446.5 380
446.5 384
446.5 388
446.5 392
448.7 296
448.7 300
448.7 304
448.7 308
448.7 312
448.7 316
448.7 320
448.7 324
448.7 328
448.7 332
448.7 336
448.7 340
448.7 344
448.7 348
448.7 352
448.7 356
448.7 360
448.7 364
448.7 368
448.7 372
448.7 376
448.7 380
448.7 384
448.7 388
448.7 392
450.8 296
450.8 300
450.8 308
450.8 312
450.8 316
450.8 320
450.8 328
450.8 332
450.8 336
450.8 344
450.8 348
450.8 352
450.8 356
450.8 360
450.8 364
450.8 368
450.8 372
450.8 376
450.8 380
450.8 384
450.8 388
450.8 392
450.9 304
450.9 324
450.9 340
452.9 296
452.9 300
452.9 308
452.9 312
452.9 316
452.9 320
452.9 328
452.9 332
452.9 336
452.9 344
452.9 348
452.9 352
452.9 356
452.9 360
452.9 364
452.9 368
452.9 372
452.9 376
452.9 380
452.9 384
452.9 388
452.9 392
453.0 304
453.0 324
453.0 340
455.0 296
455.0 300
455.0 308
455.0 312
455.0 316
455.0 320
455.0 328
455.0 332
455.0 336
455.0 344
455.0 348
455.0 352
455.0 356
455.0 360
455.0 364
455.0 368
455.0 372
455.0 376
455.0 380
455.0 384
455.0 388
455.0 392
455.1 304
455.1 324
455.1 340
457.2 296
457.2 300
457.2 304
457.2 308
457.2 312
457.2 316
457.2 320
457.2 324
457.2 328
457.2 332
457.2 336
457.2 340
457.2 344
457.2 348
457.2 352
457.2 356
457.2 360
457.2 364
457.2 368
457.2 372
457.2 376
457.2 380
457.2 384
457.2 388
457.2 392
459.3 296
459.3 300
459.3 308
459.3 316
459.3 324
459.3 328
459.3 332
459.3 336
459.3 340
459.3 344
459.3 348
459.3 356
459.3 360
459.3 364
459.3 384
459.3 392
459.4 304
459.4 312
459.4 320
459.4 352
459.4 368
459.4 372
459.4 376
459.4 380
459.4 388
461.4 296
461.4 300
461.4 308
461.4 316
461.4 324
461.4 328
461.4 332
461.4 336
461.4 340
461.4 344
461.4 348
461.4 356
461.4 360
461.4 364
461.4 384
461.4 392
461.5 304
461.5 312
461.5 320
461.5 352
461.5 368
461.5 372
461.5 376
461.5 380
461.5 388
463.6 296
463.6 300
463.6 308
463.6 316
463.6 324
463.6 328
463.6 332
463.6 336
463.6 340
463.6 344
463.6 348
463.6 356
463.6 360
463.6 364
463.6 384
463.6 392
463.7 304
463.7 312
463.7 320
463.7 352
463.7 368
463.7 372
463.7 376
463.7 380
463.7 388
465.8 296
465.8 300
465.8 308
465.8 316
465.8 324
465.8 328
465.8 332
465.8 336
465.8 340
465.8 344
465.8 348
465.8 356
465.8 360
465.8 364
465.8 384
465.8 392
465.9 304
465.9 312
465.9 320
465.9 352
465.9 368
465.9 372
465.9 376
465.9 380
465.9 388
467.9 296
467.9 300
467.9 308
467.9 316
467.9 324
467.9 328
467.9 332
467.9 336
467.9 340
467.9 344
467.9 348
467.9 356
467.9 360
467.9 364
467.9 384
467.9 392
468.0 304
468.0 312
468.0 320
468.0 352
468.0 368
468.0 372
468.0 376
468.0 380
468.0 388
470.1 296
470.1 300
470.1 308
470.1 316
470.1 324
470.1 328
470.1 332
470.1 336
470.1 340
470.1 344
470.1 348
470.1 356
470.1 360
470.1 364
470.1 384
470.1 392
470.2 304
470.2 312
470.2 320
470.2 352
470.2 368
470.2 372
470.2 376
470.2 380
470.2 388
472.2 296
472.2 300
472.2 308
472.2 316
472.2 324
472.2 328
472.2 332
472.2 336
472.2 340
472.2 344
472.2 348
472.2 356
472.2 360
472.2 364
472.2 384
472.2 392
472.3 304
472.3 312
472.3 320
472.3 352
472.3 368
472.3 372
472.3 376
472.3 380
472.3 388
474.3 296
474.3 300
474.3 308
474.3 316
474.3 324
474.3 328
474.3 332
474.3 336
474.3 340
474.3 344
474.3 348
474.3 356
474.3 360
474.3 364
474.3 384
474.3 392
474.4 304
474.4 312
474.4 320
474.4 352
474.4 368
474.4 372
474.4 376
474.4 380
474.4 388
476.4 296
476.4 300
476.4 308
476.4 316
476.4 324
476.4 328
476.4 332
476.4 336
476.4 340
476.4 344
476.4 348
476.4 356
476.4 360
476.4 364
476.4 384
476.4 392
476.5 304
476.5 312
476.5 320
476.5 352
476.5 368
476.5 372
476.5 376
476.5 380
476.5 388
478.6 296
478.6 300
478.6 308
478.6 316
478.6 324
478.6 328
478.6 332
478.6 336
478.6 340
478.6 344
478.6 348
478.6 356
478.6 360
478.6 364
478.6 384
478.6 392
478.7 304
478.7 312
478.7 320
478.7 352
478.7 368
478.7 372
478.7 376
478.7 380
478.7 388
480.7 296
480.7 300
480.7 308
480.7 316
480.7 324
480.7 328
480.7 332
480.7 336
480.7 340
480.7 344
480.7 348
480.7 356
480.7 360
480.7 364
480.7 384
480.7 392
480.8 304
480.8 312
480.8 320
480.8 352
480.8 368
480.8 372
480.8 376
480.8 380
480.8 388
482.9 296
482.9 300
482.9 304
482.9 308
482.9 312
482.9 316
482.9 324
482.9 328
482.9 332
482.9 336
482.9 340
482.9 344
482.9 348
482.9 352
482.9 356
482.9 360
482.9 364
482.9 368
482.9 372
482.9 380
482.9 384
482.9 388
482.9 392
483.0 320
483.0 376
485.0 296
485.0 300
485.0 304
485.0 308
485.0 312
485.0 316
485.0 324
485.0 328
485.0 332
485.0 336
485.0 340
485.0 344
485.0 348
485.0 352
485.0 356
485.0 360
485.0 364
485.0 368
485.0 372
485.0 380
485.0 384
485.0 388
485.0 392
485.2 320
485.2 376
487.1 344
487.2 296
487.2 300
487.2 304
487.2 308
487.2 312
487.2 316
487.2 324
487.2 328
487.2 332
487.2 336
487.2 340
487.2 348
487.2 352
487.2 356
487.2 360
487.2 364
487.2 368
487.2 372
487.2 380
487.2 384
487.2 388
487.2 392
487.4 320
487.4 376
489.3 344
489.4 296
489.4 300
489.4 304
489.4 308
489.4 312
489.4 316
489.4 324
489.4 328
489.4 332
489.4 336
489.4 340
489.4 348
489.4 352
489.4 356
489.4 360
489.4 364
489.4 368
489.4 372
489.4 380
489.4 384
489.4 388
489.4 392
489.6 320
489.6 376
491.4 344
491.5 296
491.5 300
491.5 304
491.5 308
491.5 312
491.5 316
491.5 324
491.5 328
491.5 332
491.5 336
491.5 340
491.5 348
491.5 352
491.5 356
491.5 360
491.5 364
491.5 368
491.5 372
491.5 380
491.5 384
491.5 388
491.5 392
491.7 320
491.7 376
493.6 344
493.7 296
493.7 300
493.7 304
493.7 308
493.7 312
493.7 316
493.7 324
493.7 328
493.7 332
493.7 336
493.7 340
493.7 348
493.7 352
493.7 356
493.7 360
493.7 364
493.7 368
493.7 372
493.7 380
493.7 384
493.7 388
493.7 392
493.9 320
493.9 376
495.8 344
495.9 296
495.9 300
495.9 304
495.9 308
495.9 312
495.9 316
495.9 324
495.9 328
495.9 332
495.9 336
495.9 340
495.9 348
495.9 352
495.9 356
495.9 360
495.9 364
495.9 368
495.9 372
495.9 380
495.9 384
495.9 388
495.9 392
496.0 320
496.0 376
497.9 344
498.0 296
498.0 300
498.0 304
498.0 308
498.0 312
498.0 316
498.0 324
498.0 328
498.0 332
498.0 336
498.0 340
498.0 348
498.0 352
498.0 356
498.0 360
498.0 364
498.0 368
498.0 372
498.0 380
498.0 384
498.0 388
498.0 392
498.1 320
498.1 376
500.0 344
500.1 296
500.1 300
500.1 304
500.1 308
500.1 312
500.1 316
500.1 324
500.1 328
500.1 332
500.1 336
500.1 340
500.1 348
500.1 352
500.1 356
500.1 360
500.1 364
500.1 368
500.1 372
500.1 380
500.1 384
500.1 388
500.1 392
500.2 320
500.2 376
502.2 296
502.2 300
502.2 304
502.2 308
502.2 312
502.2 316
502.2 324
502.2 328
502.2 332
502.2 336
502.2 340
502.2 344
502.2 348
502.2 352
502.2 356
502.2 360
502.2 364
502.2 368
502.2 372
502.2 380
502.2 384
502.2 388
502.2 392
502.3 320
502.3 376
504.3 296
504.3 300
504.3 304
504.3 308
504.3 312
504.3 316
504.3 324
504.3 328
504.3 332
504.3 336
504.3 340
504.3 344
504.3 348
504.3 352
504.3 356
504.3 360
504.3 364
504.3 368
504.3 372
504.3 380
504.3 384
504.3 388
504.3 392
504.4 320
504.4 376
506.5 296
506.5 300
506.5 304
506.5 308
506.5 312
506.5 316
506.5 320
506.5 324
506.5 328
506.5 332
506.5 336
506.5 340
506.5 344
506.5 348
506.5 352
506.5 356
506.5 360
506.5 364
506.5 368
506.5 372
506.5 376
506.5 380
506.5 384
506.5 388
506.5 392
508.6 296
508.6 300
508.6 304
508.6 308
508.6 312
508.6 316
508.6 320
508.6 324
508.6 328
508.6 332
508.6 336
508.6 340
508.6 344
508.6 348
508.6 352
508.6 356
508.6 360
508.6 364
508.6 368
508.6 372
508.6 376
508.6 380
508.6 384
508.6 388
508.6 392
510.7 296
510.7 300
510.7 304
510.7 308
510.7 312
510.7 316
510.7 320
510.7 324
510.7 328
510.7 332
510.7 336
510.7 340
510.7 344
510.7 348
510.7 352
510.7 356
510.7 360
510.7 364
510.7 368
510.7 372
510.7 376
510.7 380
510.7 384
510.7 388
510.7 392
512.8 296
512.8 300
512.8 304
512.8 308
512.8 312
512.8 316
512.8 320
512.8 324
512.8 328
512.8 332
512.8 336
512.8 340
512.8 344
512.8 348
512.8 352
512.8 356
512.8 360
512.8 364
512.8 368
512.8 372
512.8 376
512.8 380
512.8 384
512.8 388
512.8 392
515.0 296
515.0 300
515.0 304
515.0 308
515.0 312
515.0 316
515.0 320
515.0 324
515.0 328
515.0 332
515.0 336
515.0 340
515.0 344
515.0 348
515.0 352
515.0 356
515.0 360
515.0 364
515.0 368
515.0 372
515.0 376
515.0 380
515.0 384
515.0 388
515.0 392
517.1 296
517.1 300
517.1 304
517.1 308
517.1 312
517.1 316
517.1 320
517.1 324
517.1 328
517.1 332
517.1 336
517.1 340
517.1 344
517.1 348
517.1 352
517.1 356
517.1 360
517.1 364
517.1 368
517.1 372
517.1 376
517.1 380
517.1 384
517.1 388
517.1 392
519.2 296
519.2 300
519.2 304
519.2 308
519.2 312
519.2 316
519.2 320
519.2 324
519.2 328
519.2 332
519.2 336
519.2 340
519.2 344
519.2 348
519.2 352
519.2 356
519.2 360
519.2 364
519.2 368
519.2 372
519.2 376
519.2 380
519.2 384
519.2 388
519.2 392
521.3 296
521.3 300
521.3 304
521.3 308
521.3 312
521.3 316
521.3 320
521.3 324
521.3 328
521.3 332
521.3 336
521.3 340
521.3 344
521.3 348
521.3 352
521.3 356
521.3 360
521.3 364
521.3 368
521.3 372
521.3 376
521.3 380
521.3 384
521.3 388
521.3 392
523.4 296
523.4 300
523.4 304
523.4 308
523.4 312
523.4 316
523.4 320
523.4 324
523.4 328
523.4 332
523.4 336
523.4 340
523.4 344
523.4 348
523.4 352
523.4 356
523.4 360
523.4 364
523.4 368
523.4 372
523.4 376
523.4 380
523.4 384
523.4 388
523.4 392
525.6 296
525.6 300
525.6 304
525.6 308
525.6 312
525.6 316
525.6 320
525.6 324
525.6 328
525.6 332
525.6 336
525.6 340
525.6 344
525.6 348
525.6 352
525.6 356
525.6 360
525.6 364
525.6 368
525.6 372
525.6 376
525.6 380
525.6 384
525.6 388
525.6 392
527.8 296
527.8 300
527.8 304
527.8 308
527.8 312
527.8 316
527.8 320
527.8 324
527.8 328
527.8 332
527.8 336
527.8 340
527.8 344
527.8 348
527.8 352
527.8 356
527.8 360
527.8 364
527.8 368
527.8 372
527.8 376
527.8 380
527.8 384
527.8 388
527.8 392
529.9 296
529.9 300
529.9 304
529.9 308
529.9 312
529.9 316
529.9 320
529.9 324
529.9 328
529.9 332
529.9 336
529.9 340
529.9 344
529.9 348
529.9 352
529.9 356
529.9 360
529.9 364
529.9 368
529.9 372
529.9 376
529.9 380
529.9 384
529.9 388
529.9 392
532.0 296
532.0 300
532.0 304
532.0 308
532.0 312
532.0 316
532.0 320
532.0 324
532.0 328
532.0 332
532.0 336
532.0 340
532.0 344
532.0 348
532.0 352
532.0 356
532.0 360
532.0 364
532.0 368
532.0 372
532.0 376
532.0 380
532.0 384
532.0 388
532.0 392
534.2 296
534.2 300
534.2 304
534.2 308
534.2 312
534.2 316
534.2 320
534.2 324
534.2 328
534.2 332
534.2 336
534.2 340
534.2 344
534.2 348
534.2 352
534.2 356
534.2 360
534.2 364
534.2 368
534.2 372
534.2 376
534.2 380
534.2 384
534.2 388
534.2 392
536.3 296
536.3 300
536.3 304
536.3 308
536.3 312
536.3 316
536.3 320
536.3 324
536.3 328
536.3 332
536.3 336
536.3 340
536.3 344
536.3 348
536.3 352
536.3 356
536.3 360
536.3 364
536.3 368
536.3 372
536.3 376
536.3 380
536.3 384
536.3 388
536.3 392
538.4 296
538.4 300
538.4 304
538.4 308
538.4 312
538.4 316
538.4 320
538.4 324
538.4 328
538.4 332
538.4 336
538.4 340
538.4 344
538.4 348
538.4 352
538.4 356
538.4 360
538.4 364
538.4 368
538.4 372
538.4 376
538.4 380
538.4 384
538.4 388
538.4 392
540.5 296
540.5 300
540.5 304
540.5 308
540.5 312
540.5 316
540.5 320
540.5 324
540.5 328
540.5 332
540.5 336
540.5 340
540.5 344
540.5 348
540.5 352
540.5 356
540.5 360
540.5 364
540.5 368
540.5 372
540.5 376
540.5 380
540.5 384
540.5 388
540.5 392
542.6 296
542.6 300
542.6 304
542.6 308
542.6 312
542.6 316
542.6 320
542.6 324
542.6 328
542.6 332
542.6 336
542.6 340
542.6 344
542.6 348
542.6 352
542.6 356
542.6 360
542.6 364
542.6 368
542.6 372
542.6 376
542.6 380
542.6 384
542.6 388
542.6 392
544.7 296
544.7 300
544.7 304
544.7 308
544.7 312
544.7 316
544.7 320
544.7 324
544.7 328
544.7 332
544.7 336
544.7 340
544.7 344
544.7 348
544.7 352
544.7 356
544.7 360
544.7 364
544.7 368
544.7 372
544.7 376
544.7 380
544.7 384
544.7 388
544.7 392
546.9 296
546.9 300
546.9 304
546.9 308
546.9 312
546.9 316
546.9 320
546.9 324
546.9 328
546.9 332
546.9 336
546.9 340
546.9 344
546.9 348
546.9 352
546.9 356
546.9 360
546.9 364
546.9 368
546.9 372
546.9 376
546.9 380
546.9 384
546.9 388
546.9 392
549.0 296
549.0 300
549.0 304
549.0 308
549.0 312
549.0 316
549.0 320
549.0 324
549.0 328
549.0 332
549.0 336
549.0 340
549.0 344
549.0 348
549.0 352
549.0 356
549.0 360
549.0 364
549.0 368
549.0 372
549.0 376
549.0 380
549.0 384
549.0 388
549.0 392
551.1 296
551.1 300
551.1 304
551.1 308
551.1 312
551.1 316
551.1 320
551.1 324
551.1 328
551.1 332
551.1 336
551.1 340
551.1 344
551.1 348
551.1 352
551.1 356
551.1 360
551.1 364
551.1 368
551.1 372
551.1 376
551.1 380
551.1 384
551.1 388
551.1 392
553.3 296
553.3 300
553.3 304
553.3 308
553.3 312
553.3 316
553.3 320
553.3 324
553.3 328
553.3 332
553.3 336
553.3 340
553.3 344
553.3 348
553.3 352
553.3 356
553.3 360
553.3 364
553.3 368
553.3 372
553.3 376
553.3 380
553.3 384
553.3 388
553.3 392
555.4 296
555.4 300
555.4 304
555.4 308
555.4 312
555.4 316
555.4 320
555.4 324
555.4 328
555.4 332
555.4 336
555.4 340
555.4 344
555.4 348
555.4 352
555.4 356
555.4 360
555.4 364
555.4 368
555.4 372
555.4 376
555.4 380
555.4 384
555.4 388
555.4 392
557.5 296
557.5 300
557.5 304
557.5 308
557.5 312
557.5 316
557.5 320
557.5 324
557.5 328
557.5 332
557.5 336
557.5 340
557.5 344
557.5 348
557.5 352
557.5 356
557.5 360
557.5 364
557.5 368
557.5 372
557.5 376
557.5 380
557.5 384
557.5 388
557.5 392
559.6 296
559.6 300
559.6 304
559.6 308
559.6 312
559.6 316
559.6 320
559.6 324
559.6 328
559.6 332
559.6 336
559.6 340
559.6 344
559.6 348
559.6 352
559.6 356
559.6 360
559.6 364
559.6 368
559.6 372
559.6 376
559.6 380
559.6 384
559.6 388
559.6 392
561.8 296
561.8 300
561.8 304
561.8 308
561.8 312
561.8 316
561.8 320
561.8 324
561.8 328
561.8 332
561.8 336
561.8 340
561.8 344
561.8 348
561.8 352
561.8 356
561.8 360
561.8 364
561.8 368
561.8 372
561.8 376
561.8 380
561.8 384
561.8 388
561.8 392
563.9 296
563.9 300
563.9 304
563.9 308
563.9 312
563.9 316
563.9 320
563.9 324
563.9 328
563.9 332
563.9 336
563.9 340
563.9 344
563.9 348
563.9 352
563.9 356
563.9 360
563.9 364
563.9 368
563.9 372
563.9 376
563.9 380
563.9 384
563.9 388
563.9 392
566.1 296
566.1 300
566.1 304
566.1 308
566.1 312
566.1 316
566.1 320
566.1 324
566.1 328
566.1 332
566.1 336
566.1 340
566.1 344
566.1 348
566.1 352
566.1 356
566.1 360
566.1 364
566.1 368
566.1 372
566.1 376
566.1 380
566.1 384
566.1 388
566.1 392
568.2 296
568.2 300
568.2 304
568.2 308
568.2 312
568.2 316
568.2 320
568.2 324
568.2 328
568.2 332
568.2 336
568.2 340
568.2 344
568.2 348
568.2 352
568.2 356
568.2 360
568.2 364
568.2 368
568.2 372
568.2 376
568.2 380
568.2 384
568.2 388
568.2 392
570.3 296
570.3 300
570.3 304
570.3 308
570.3 312
570.3 316
570.3 320
570.3 324
570.3 328
570.3 332
570.3 336
570.3 340
570.3 344
570.3 348
570.3 352
570.3 356
570.3 360
570.3 364
570.3 368
570.3 372
570.3 376
570.3 380
570.3 384
570.3 388
570.3 392
572.5 296
572.5 300
572.5 304
572.5 308
572.5 312
572.5 316
572.5 320
572.5 324
572.5 328
572.5 332
572.5 336
572.5 340
572.5 344
572.5 348
572.5 352
572.5 356
572.5 360
572.5 364
572.5 368
572.5 372
572.5 376
572.5 380
572.5 384
572.5 388
572.5 392
574.6 296
574.6 300
574.6 304
574.6 308
574.6 312
574.6 316
574.6 320
574.6 324
574.6 328
574.6 332
574.6 336
574.6 340
574.6 344
574.6 348
574.6 352
574.6 356
574.6 360
574.6 364
574.6 368
574.6 372
574.6 376
574.6 380
574.6 384
574.6 388
574.6 392
576.8 296
576.8 300
576.8 304
576.8 308
576.8 312
576.8 316
576.8 320
576.8 324
576.8 328
576.8 332
576.8 336
576.8 340
576.8 344
576.8 348
576.8 352
576.8 356
576.8 360
576.8 364
576.8 368
576.8 372
576.8 376
576.8 380
576.8 384
576.8 388
576.8 392
579.0 296
579.0 300
579.0 304
579.0 308
579.0 312
579.0 316
579.0 320
579.0 324
579.0 328
579.0 332
579.0 336
579.0 340
579.0 344
579.0 348
579.0 352
579.0 356
579.0 360
579.0 364
579.0 368
579.0 372
579.0 376
579.0 380
579.0 384
579.0 388
579.0 392
581.1 296
581.1 300
581.1 304
581.1 308
581.1 312
581.1 316
581.1 320
581.1 324
581.1 328
581.1 332
581.1 336
581.1 340
581.1 344
581.1 348
581.1 352
581.1 356
581.1 360
581.1 364
581.1 368
581.1 372
581.1 376
581.1 380
581.1 384
581.1 388
581.1 392
583.2 296
583.2 300
583.2 304
583.2 308
583.2 312
583.2 316
583.2 320
583.2 324
583.2 328
583.2 332
583.2 336
583.2 340
583.2 344
583.2 348
583.2 352
583.2 356
583.2 360
583.2 364
583.2 368
583.2 372
583.2 376
583.2 380
583.2 384
583.2 388
583.2 392
585.4 296
585.4 300
585.4 304
585.4 308
585.4 312
585.4 316
585.4 320
585.4 324
585.4 328
585.4 332
585.4 336
585.4 340
585.4 344
585.4 348
585.4 352
585.4 356
585.4 360
585.4 364
585.4 368
585.4 372
585.4 376
585.4 380
585.4 384
585.4 388
585.4 392
587.5 296
587.5 300
587.5 304
587.5 308
587.5 312
587.5 316
587.5 320
587.5 324
587.5 328
587.5 332
587.5 336
587.5 340
587.5 344
587.5 348
587.5 352
587.5 356
587.5 360
587.5 364
587.5 368
587.5 372
587.5 376
587.5 380
587.5 384
587.5 388
587.5 392
589.6 296
589.6 300
589.6 304
589.6 308
589.6 312
589.6 316
589.6 320
589.6 324
589.6 328
589.6 332
589.6 336
589.6 340
589.6 344
589.6 348
589.6 352
589.6 356
589.6 360
589.6 364
589.6 368
589.6 372
589.6 376
589.6 380
589.6 384
589.6 388
589.6 392
591.7 296
591.7 300
591.7 304
591.7 308
591.7 312
591.7 316
591.7 320
591.7 324
591.7 328
591.7 332
591.7 336
591.7 340
591.7 344
591.7 348
591.7 352
591.7 356
591.7 360
591.7 364
591.7 368
591.7 372
591.7 376
591.7 380
591.7 384
591.7 388
591.7 392
593.8 296
593.8 300
593.8 304
593.8 308
593.8 312
593.8 316
593.8 320
593.8 324
593.8 328
593.8 332
593.8 336
593.8 340
593.8 344
593.8 348
593.8 352
593.8 356
593.8 360
593.8 364
593.8 368
593.8 372
593.8 376
593.8 380
593.8 384
593.8 388
593.8 392
595.9 296
595.9 300
595.9 304
595.9 308
595.9 312
595.9 316
595.9 320
595.9 324
595.9 328
595.9 332
595.9 336
595.9 340
595.9 344
595.9 348
595.9 352
595.9 356
595.9 360
595.9 364
595.9 368
595.9 372
595.9 376
595.9 380
595.9 384
595.9 388
595.9 392
598.1 296
598.1 300
598.1 304
598.1 308
598.1 312
598.1 316
598.1 320
598.1 324
598.1 328
598.1 332
598.1 336
598.1 340
598.1 344
598.1 348
598.1 352
598.1 356
598.1 360
598.1 364
598.1 368
598.1 372
598.1 376
598.1 380
598.1 384
598.1 388
598.1 392
600.3 296
600.3 300
600.3 304
600.3 308
600.3 312
600.3 316
600.3 320
600.3 324
600.3 328
600.3 332
600.3 336
600.3 340
600.3 344
600.3 348
600.3 352
600.3 356
600.3 360
600.3 364
600.3 368
600.3 372
600.3 376
600.3 380
600.3 384
600.3 388
600.3 392
602.4 296
602.4 300
602.4 304
602.4 308
602.4 312
602.4 316
602.4 320
602.4 324
602.4 328
602.4 332
602.4 336
602.4 340
602.4 344
602.4 348
602.4 352
602.4 356
602.4 360
602.4 364
602.4 368
602.4 372
602.4 376
602.4 380
602.4 384
602.4 388
602.4 392
604.9 296
604.9 300
604.9 304
604.9 308
604.9 312
604.9 316
604.9 320
604.9 324
604.9 328
604.9 332
604.9 336
604.9 340
604.9 344
604.9 348
604.9 352
604.9 356
604.9 360
604.9 364
604.9 368
604.9 372
604.9 376
604.9 380
604.9 384
604.9 388
604.9 392
404.0 297
404.0 301
404.0 305
404.0 309
404.0 313
404.0 317
404.0 321
404.0 325
404.0 329
404.0 333
404.0 337
404.0 341
404.0 345
404.0 349
404.0 353
404.0 357
404.0 361
404.0 365
404.0 369
404.0 373
404.0 377
404.0 381
404.0 385
404.0 389
404.0 393
406.2 297
406.2 301
406.2 305
406.2 309
406.2 313
406.2 317
406.2 321
406.2 325
406.2 329
406.2 333
406.2 337
406.2 341
406.2 345
406.2 349
406.2 353
406.2 357
406.2 361
406.2 365
406.2 369
406.2 373
406.2 377
406.2 381
406.2 385
406.2 389
406.2 393
408.3 297
408.3 301
408.3 305
408.3 309
408.3 313
408.3 317
408.3 321
408.3 325
408.3 329
408.3 333
408.3 337
408.3 341
408.3 345
408.3 349
408.3 353
408.3 357
408.3 361
408.3 365
408.3 369
408.3 373
408.3 377
408.3 381
408.3 385
408.3 389
408.3 393
410.4 297
410.4 301
410.4 305
410.4 309
410.4 313
410.4 317
410.4 321
410.4 325
410.4 329
410.4 333
410.4 337
410.4 341
410.4 345
410.4 349
410.4 353
410.4 357
410.4 361
410.4 365
410.4 369
410.4 373
410.4 377
410.4 381
410.4 385
410.4 389
410.4 393
412.5 297
412.5 301
412.5 305
412.5 309
412.5 313
412.5 317
412.5 321
412.5 325
412.5 329
412.5 333
412.5 337
412.5 341
412.5 345
412.5 349
412.5 353
412.5 357
412.5 361
412.5 365
412.5 369
412.5 373
412.5 377
412.5 381
412.5 385
412.5 389
412.5 393
414.6 297
414.6 301
414.6 305
414.6 309
414.6 313
414.6 317
414.6 321
414.6 325
414.6 329
414.6 333
414.6 337
414.6 341
414.6 345
414.6 349
414.6 353
414.6 357
414.6 361
414.6 365
414.6 369
414.6 373
414.6 377
414.6 381
414.6 385
414.6 389
414.6 393
416.7 297
416.7 301
416.7 305
416.7 309
416.7 313
416.7 317
416.7 321
416.7 325
416.7 329
416.7 333
416.7 337
416.7 341
416.7 345
416.7 349
416.7 353
416.7 357
416.7 361
416.7 365
416.7 369
416.7 373
416.7 377
416.7 381
416.7 385
416.7 389
416.7 393
418.8 297
418.8 301
418.8 305
418.8 309
418.8 313
418.8 317
418.8 321
418.8 325
418.8 329
418.8 333
418.8 337
418.8 341
418.8 345
418.8 349
418.8 353
418.8 357
418.8 361
418.8 365
418.8 369
418.8 373
418.8 377
418.8 381
418.8 385
418.8 389
418.8 393
420.9 297
420.9 301
420.9 305
420.9 309
420.9 313
420.9 317
420.9 321
420.9 325
420.9 329
420.9 333
420.9 337
420.9 341
420.9 345
420.9 349
420.9 353
420.9 357
420.9 361
420.9 365
420.9 369
420.9 373
420.9 377
420.9 381
420.9 385
420.9 389
420.9 393
423.1 297
423.1 301
423.1 305
423.1 309
423.1 313
423.1 317
423.1 321
423.1 325
423.1 329
423.1 333
423.1 337
423.1 341
423.1 345
423.1 349
423.1 353
423.1 357
423.1 361
423.1 365
423.1 369
423.1 373
423.1 377
423.1 381
423.1 385
423.1 389
423.1 393
425.2 297
425.2 301
425.2 305
425.2 309
425.2 313
425.2 317
425.2 321
425.2 325
425.2 329
425.2 333
425.2 337
425.2 341
425.2 345
425.2 349
425.2 353
425.2 357
425.2 361
425.2 365
425.2 369
425.2 373
425.2 377
425.2 381
425.2 385
425.2 389
425.2 393
427.4 297
427.4 301
427.4 305
427.4 309
427.4 313
427.4 317
427.4 321
427.4 325
427.4 329
427.4 333
427.4 337
427.4 341
427.4 345
427.4 349
427.4 353
427.4 357
427.4 361
427.4 365
427.4 369
427.4 373
427.4 377
427.4 381
427.4 385
427.4 389
427.4 393
429.5 297
429.5 301
429.5 305
429.5 309
429.5 313
429.5 317
429.5 321
429.5 325
429.5 329
429.5 333
429.5 337
429.5 341
429.5 345
429.5 349
429.5 353
429.5 357
429.5 361
429.5 365
429.5 369
429.5 373
429.5 377
429.5 381
429.5 385
429.5 389
429.5 393
431.7 297
431.7 301
431.7 305
431.7 309
431.7 313
431.7 317
431.7 321
431.7 325
431.7 329
431.7 333
431.7 337
431.7 341
431.7 345
431.7 349
431.7 353
431.7 357
431.7 361
431.7 365
431.7 369
431.7 373
431.7 377
431.7 381
431.7 385
431.7 389
431.7 393
433.9 297
433.9 301
433.9 305
433.9 309
433.9 313
433.9 317
433.9 321
433.9 325
433.9 329
433.9 333
433.9 337
433.9 341
433.9 345
433.9 349
433.9 353
433.9 357
433.9 361
433.9 365
433.9 369
433.9 373
433.9 377
433.9 381
433.9 385
433.9 389
433.9 393
436.0 297
436.0 301
436.0 305
436.0 309
436.0 313
436.0 317
436.0 321
436.0 325
436.0 329
436.0 333
436.0 337
436.0 341
436.0 345
436.0 349
436.0 353
436.0 357
436.0 361
436.0 365
436.0 369
436.0 373
436.0 377
436.0 381
436.0 385
436.0 389
436.0 393
438.1 297
438.1 301
438.1 305
438.1 309
438.1 313
438.1 317
438.1 321
438.1 325
438.1 329
438.1 333
438.1 337
438.1 341
438.1 345
438.1 349
438.1 353
438.1 357
438.1 361
438.1 365
438.1 369
438.1 373
438.1 377
438.1 381
438.1 385
438.1 389
438.1 393
440.2 297
440.2 301
440.2 305
440.2 309
440.2 313
440.2 317
440.2 321
440.2 325
440.2 329
440.2 333
440.2 337
440.2 341
440.2 345
440.2 349
440.2 353
440.2 357
440.2 361
440.2 365
440.2 369
440.2 373
440.2 377
440.2 381
440.2 385
440.2 389
440.2 393
442.3 297
442.3 301
442.3 305
442.3 309
442.3 313
442.3 317
442.3 321
442.3 325
442.3 329
442.3 333
442.3 337
442.3 341
442.3 345
442.3 349
442.3 353
442.3 357
442.3 361
442.3 365
442.3 369
442.3 373
442.3 377
442.3 381
442.3 385
442.3 389
442.3 393
444.4 297
444.4 301
444.4 305
444.4 309
444.4 313
444.4 317
444.4 321
444.4 325
444.4 329
444.4 333
444.4 337
444.4 341
444.4 345
444.4 349
444.4 353
444.4 357
444.4 361
444.4 365
444.4 369
444.4 373
444.4 377
444.4 381
444.4 385
444.4 389
444.4 393
446.5 297
446.5 301
446.5 305
446.5 309
446.5 313
446.5 317
446.5 321
446.5 325
446.5 329
446.5 333
446.5 337
446.5 341
446.5 345
446.5 349
446.5 353
446.5 357
446.5 361
446.5 365
446.5 369
446.5 373
446.5 377
446.5 381
446.5 385
446.5 389
446.5 393
448.7 297
448.7 301
448.7 305
448.7 309
448.7 313
448.7 317
448.7 321
448.7 325
448.7 329
448.7 333
448.7 337
448.7 341
448.7 345
448.7 349
448.7 353
448.7 357
448.7 361
448.7 365
448.7 369
448.7 373
448.7 377
448.7 381
448.7 385
448.7 389
448.7 393
450.9 297
450.9 301
450.9 305
450.9 309
450.9 313
450.9 317
450.9 321
450.9 325
450.9 329
450.9 333
450.9 337
450.9 341
450.9 345
450.9 349
450.9 353
450.9 357
450.9 361
450.9 365
450.9 369
450.9 373
450.9 377
450.9 381
450.9 385
450.9 389
450.9 393
453.0 297
453.0 301
453.0 305
453.0 309
453.0 313
453.0 317
453.0 321
453.0 325
453.0 329
453.0 333
453.0 337
453.0 341
453.0 345
453.0 349
453.0 353
453.0 357
453.0 361
453.0 365
453.0 369
453.0 373
453.0 377
453.0 381
453.0 385
453.0 389
453.0 393
455.1 297
455.1 301
455.1 305
455.1 309
455.1 313
455.1 317
455.1 321
455.1 325
455.1 329
455.1 333
455.1 337
455.1 341
455.1 345
455.1 349
455.1 353
455.1 357
455.1 361
455.1 365
455.1 369
455.1 373
455.1 377
455.1 381
455.1 385
455.1 389
455.1 393
457.2 297
457.2 301
457.2 305
457.2 309
457.2 313
457.2 317
457.2 321
457.2 325
457.2 329
457.2 333
457.2 337
457.2 341
457.2 345
457.2 349
457.2 353
457.2 357
457.2 361
457.2 365
457.2 369
457.2 373
457.2 377
457.2 381
457.2 385
457.2 389
457.2 393
459.3 305
459.3 337
459.3 361
459.3 385
459.4 297
459.4 301
459.4 309
459.4 313
459.4 317
459.4 321
459.4 325
459.4 329
459.4 333
459.4 341
459.4 345
459.4 349
459.4 353
459.4 357
459.4 365
459.4 369
459.4 373
459.4 377
459.4 381
459.4 389
459.4 393
461.4 305
461.4 337
461.4 361
461.4 385
461.5 297
461.5 301
461.5 309
461.5 313
461.5 317
461.5 321
461.5 325
461.5 329
461.5 333
461.5 341
461.5 345
461.5 349
461.5 353
461.5 357
461.5 365
461.5 369
461.5 373
461.5 377
461.5 381
461.5 389
461.5 393
463.6 305
463.6 337
463.6 361
463.6 385
463.7 297
463.7 301
463.7 309
463.7 313
463.7 317
463.7 321
463.7 325
463.7 329
463.7 333
463.7 341
463.7 345
463.7 349
463.7 353
463.7 357
463.7 365
463.7 369
463.7 373
463.7 377
463.7 381
463.7 389
463.7 393
465.8 305
465.8 337
465.8 361
465.8 385
465.9 297
465.9 301
465.9 309
465.9 313
465.9 317
465.9 321
465.9 325
465.9 329
465.9 333
465.9 341
465.9 345
465.9 349
465.9 353
465.9 357
465.9 365
465.9 369
465.9 373
465.9 377
465.9 381
465.9 389
465.9 393
467.9 305
467.9 337
467.9 361
467.9 385
468.0 297
468.0 301
468.0 309
468.0 313
468.0 317
468.0 321
468.0 325
468.0 329
468.0 333
468.0 341
468.0 345
468.0 349
468.0 353
468.0 357
468.0 365
468.0 369
468.0 373
468.0 377
468.0 381
468.0 389
468.0 393
470.1 305
470.1 337
470.1 361
470.1 385
470.2 297
470.2 301
470.2 309
470.2 313
470.2 317
470.2 321
470.2 325
470.2 329
470.2 333
470.2 341
470.2 345
470.2 349
470.2 353
470.2 357
470.2 365
470.2 369
470.2 373
470.2 377
470.2 381
470.2 389
470.2 393
472.2 305
472.2 337
472.2 361
472.2 385
472.3 297
472.3 301
472.3 309
472.3 313
472.3 317
472.3 321
472.3 325
472.3 329
472.3 333
472.3 341
472.3 345
472.3 349
472.3 353
472.3 357
472.3 365
472.3 369
472.3 373
472.3 377
472.3 381
472.3 389
472.3 393
474.3 305
474.3 337
474.3 361
474.3 385
474.4 297
474.4 301
474.4 309
474.4 313
474.4 317
474.4 321
474.4 325
474.4 329
474.4 333
474.4 341
474.4 345
474.4 349
474.4 353
474.4 357
474.4 365
474.4 369
474.4 373
474.4 377
474.4 381
474.4 389
474.4 393
476.4 305
476.4 337
476.4 361
476.4 385
476.5 297
476.5 301
476.5 309
476.5 313
476.5 317
476.5 321
476.5 325
476.5 329
476.5 333
476.5 341
476.5 345
476.5 349
476.5 353
476.5 357
476.5 365
476.5 369
476.5 373
476.5 377
476.5 381
476.5 389
476.5 393
478.6 305
478.6 337
478.6 361
478.6 385
478.7 297
478.7 301
478.7 309
478.7 313
478.7 317
478.7 321
478.7 325
478.7 329
478.7 333
478.7 341
478.7 345
478.7 349
478.7 353
478.7 357
478.7 365
478.7 369
478.7 373
478.7 377
478.7 381
478.7 389
478.7 393
480.7 305
480.7 337
480.7 361
480.7 385
480.8 297
480.8 301
480.8 309
480.8 313
480.8 317
480.8 321
480.8 325
480.8 329
480.8 333
480.8 341
480.8 345
480.8 349
480.8 353
480.8 357
480.8 365
480.8 369
480.8 373
480.8 377
480.8 381
480.8 389
480.8 393
482.9 297
482.9 301
482.9 305
482.9 309
482.9 313
482.9 317
482.9 325
482.9 329
482.9 333
482.9 337
482.9 341
482.9 345
482.9 349
482.9 357
482.9 361
482.9 365
482.9 369
482.9 373
482.9 377
482.9 381
482.9 385
482.9 389
482.9 393
483.0 321
483.0 353
485.0 297
485.0 301
485.0 305
485.0 309
485.0 313
485.0 317
485.0 325
485.0 329
485.0 333
485.0 337
485.0 341
485.0 345
485.0 349
485.0 357
485.0 361
485.0 365
485.0 369
485.0 373
485.0 377
485.0 381
485.0 385
485.0 389
485.0 393
485.2 321
485.2 353
487.2 297
487.2 301
487.2 305
487.2 309
487.2 313
487.2 317
487.2 325
487.2 329
487.2 333
487.2 337
487.2 341
487.2 345
487.2 349
487.2 357
487.2 361
487.2 365
487.2 369
487.2 373
487.2 377
487.2 381
487.2 385
487.2 389
487.2 393
487.4 321
487.4 353
489.4 297
489.4 301
489.4 305
489.4 309
489.4 313
489.4 317
489.4 325
489.4 329
489.4 333
489.4 337
489.4 341
489.4 345
489.4 349
489.4 357
489.4 361
489.4 365
489.4 369
489.4 373
489.4 377
489.4 381
489.4 385
489.4 389
489.4 393
489.6 321
489.6 353
491.5 297
491.5 301
491.5 305
491.5 309
491.5 313
491.5 317
491.5 325
491.5 329
491.5 333
491.5 337
491.5 341
491.5 345
491.5 349
491.5 357
491.5 361
491.5 365
491.5 369
491.5 373
491.5 377
491.5 381
491.5 385
491.5 389
491.5 393
491.7 321
491.7 353
493.7 297
493.7 301
493.7 305
493.7 309
493.7 313
493.7 317
493.7 325
493.7 329
493.7 333
493.7 337
493.7 341
493.7 345
493.7 349
493.7 357
493.7 361
493.7 365
493.7 369
493.7 373
493.7 377
493.7 381
493.7 385
493.7 389
493.7 393
493.9 321
493.9 353
495.9 297
495.9 301
495.9 305
495.9 309
495.9 313
495.9 317
495.9 325
495.9 329
495.9 333
495.9 337
495.9 341
495.9 345
495.9 349
495.9 357
495.9 361
495.9 365
495.9 369
495.9 373
495.9 377
495.9 381
495.9 385
495.9 389
495.9 393
496.0 321
496.0 353
498.0 297
498.0 301
498.0 305
498.0 309
498.0 313
498.0 317
498.0 325
498.0 329
498.0 333
498.0 337
498.0 341
498.0 345
498.0 349
498.0 357
498.0 361
498.0 365
498.0 369
498.0 373
498.0 377
498.0 381
498.0 385
498.0 389
498.0 393
498.1 321
498.1 353
500.1 297
500.1 301
500.1 305
500.1 309
500.1 313
500.1 317
500.1 325
500.1 329
500.1 333
500.1 337
500.1 341
500.1 345
500.1 349
500.1 357
500.1 361
500.1 365
500.1 369
500.1 373
500.1 377
500.1 381
500.1 385
500.1 389
500.1 393
500.2 321
500.2 353
502.2 297
502.2 301
502.2 305
502.2 309
502.2 313
502.2 317
502.2 325
502.2 329
502.2 333
502.2 337
502.2 341
502.2 345
502.2 349
502.2 357
502.2 361
502.2 365
502.2 369
502.2 373
502.2 377
502.2 381
502.2 385
502.2 389
502.2 393
502.3 321
502.3 353
504.3 297
504.3 301
504.3 305
504.3 309
504.3 313
504.3 317
504.3 325
504.3 329
504.3 333
504.3 337
504.3 341
504.3 345
504.3 349
504.3 357
504.3 361
504.3 365
504.3 369
504.3 373
504.3 377
504.3 381
504.3 385
504.3 389
504.3 393
504.4 321
504.4 353
506.5 297
506.5 301
506.5 305
506.5 309
506.5 313
506.5 317
506.5 321
506.5 325
506.5 329
506.5 333
506.5 337
506.5 341
506.5 345
506.5 349
506.5 353
506.5 357
506.5 361
506.5 365
506.5 369
506.5 373
506.5 377
506.5 381
506.5 385
506.5 389
506.5 393
508.6 297
508.6 301
508.6 305
508.6 309
508.6 313
508.6 317
508.6 321
508.6 325
508.6 329
508.6 333
508.6 337
508.6 341
508.6 345
508.6 349
508.6 353
508.6 357
508.6 361
508.6 365
508.6 369
508.6 373
508.6 377
508.6 381
508.6 385
508.6 389
508.6 393
510.7 297
510.7 301
510.7 305
510.7 309
510.7 313
510.7 317
510.7 321
510.7 325
510.7 329
510.7 333
510.7 337
510.7 341
510.7 345
510.7 349
510.7 353
510.7 357
510.7 361
510.7 365
510.7 369
510.7 373
510.7 377
510.7 381
510.7 385
510.7 389
510.7 393
512.8 297
512.8 301
512.8 305
512.8 309
512.8 313
512.8 317
512.8 321
512.8 325
512.8 329
512.8 333
512.8 337
512.8 341
512.8 345
512.8 349
512.8 353
512.8 357
512.8 361
512.8 365
512.8 369
512.8 373
512.8 377
512.8 381
512.8 385
512.8 389
512.8 393
515.0 297
515.0 301
515.0 305
515.0 309
515.0 313
515.0 317
515.0 321
515.0 325
515.0 329
515.0 333
515.0 337
515.0 341
515.0 345
515.0 349
515.0 353
515.0 357
515.0 361
515.0 365
515.0 369
515.0 373
515.0 377
515.0 381
515.0 385
515.0 389
515.0 393
517.1 297
517.1 301
517.1 305
517.1 309
517.1 313
517.1 317
517.1 321
517.1 325
517.1 329
517.1 333
517.1 337
517.1 341
517.1 345
517.1 349
517.1 353
517.1 357
517.1 361
517.1 365
517.1 369
517.1 373
517.1 377
517.1 381
517.1 385
517.1 389
517.1 393
519.2 297
519.2 301
519.2 305
519.2 309
519.2 313
519.2 317
519.2 321
519.2 325
519.2 329
519.2 333
519.2 337
519.2 341
519.2 345
519.2 349
519.2 353
519.2 357
519.2 361
519.2 365
519.2 369
519.2 373
519.2 377
519.2 381
519.2 385
519.2 389
519.2 393
521.3 297
521.3 301
521.3 305
521.3 309
521.3 313
521.3 317
521.3 321
521.3 325
521.3 329
521.3 333
521.3 337
521.3 341
521.3 345
521.3 349
521.3 353
521.3 357
521.3 361
521.3 365
521.3 369
521.3 373
521.3 377
521.3 381
521.3 385
521.3 389
521.3 393
523.4 297
523.4 301
523.4 305
523.4 309
523.4 313
523.4 317
523.4 321
523.4 325
523.4 329
523.4 333
523.4 337
523.4 341
523.4 345
523.4 349
523.4 353
523.4 357
523.4 361
523.4 365
523.4 369
523.4 373
523.4 377
523.4 381
523.4 385
523.4 389
523.4 393
525.6 297
525.6 301
525.6 305
525.6 309
525.6 313
525.6 317
525.6 321
525.6 325
525.6 329
525.6 333
525.6 337
525.6 341
525.6 345
525.6 349
525.6 353
525.6 357
525.6 361
525.6 365
525.6 369
525.6 373
525.6 377
525.6 381
525.6 385
525.6 389
525.6 393
527.8 297
527.8 301
527.8 305
527.8 309
527.8 313
527.8 317
527.8 321
527.8 325
527.8 329
527.8 333
527.8 337
527.8 341
527.8 345
527.8 349
527.8 353
527.8 357
527.8 361
527.8 365
527.8 369
527.8 373
527.8 377
527.8 381
527.8 385
527.8 389
527.8 393
529.9 297
529.9 301
529.9 305
529.9 309
529.9 313
529.9 317
529.9 321
529.9 325
529.9 329
529.9 333
529.9 337
529.9 341
529.9 345
529.9 353
529.9 357
529.9 361
529.9 365
529.9 369
529.9 377
529.9 381
529.9 389
529.9 393
530.0 349
530.0 373
530.0 385
532.0 297
532.0 301
532.0 305
532.0 309
532.0 313
532.0 317
532.0 321
532.0 325
532.0 329
532.0 333
532.0 337
532.0 341
532.0 345
532.0 353
532.0 357
532.0 361
532.0 365
532.0 369
532.0 377
532.0 381
532.0 389
532.0 393
532.2 349
532.2 373
532.2 385
534.2 297
534.2 301
534.2 305
534.2 309
534.2 313
534.2 317
534.2 321
534.2 325
534.2 329
534.2 333
534.2 337
534.2 341
534.2 345
534.2 353
534.2 357
534.2 361
534.2 365
534.2 369
534.2 377
534.2 381
534.2 389
534.2 393
534.4 349
534.4 373
534.4 385
536.3 297
536.3 301
536.3 305
536.3 309
536.3 313
536.3 317
536.3 321
536.3 325
536.3 329
536.3 333
536.3 337
536.3 341
536.3 345
536.3 353
536.3 357
536.3 361
536.3 365
536.3 369
536.3 377
536.3 381
536.3 389
536.3 393
536.5 349
536.5 373
536.5 385
538.4 297
538.4 301
538.4 305
538.4 309
538.4 313
538.4 317
538.4 321
538.4 325
538.4 329
538.4 333
538.4 337
538.4 341
538.4 345
538.4 353
538.4 357
538.4 361
538.4 365
538.4 369
538.4 377
538.4 381
538.4 389
538.4 393
538.6 349
538.6 373
538.6 385
540.5 297
540.5 301
540.5 305
540.5 309
540.5 313
540.5 317
540.5 321
540.5 325
540.5 329
540.5 333
540.5 337
540.5 341
540.5 345
540.5 353
540.5 357
540.5 361
540.5 365
540.5 369
540.5 377
540.5 381
540.5 389
540.5 393
540.7 349
540.7 373
540.7 385
542.6 297
542.6 301
542.6 305
542.6 309
542.6 313
542.6 317
542.6 321
542.6 325
542.6 329
542.6 333
542.6 337
542.6 341
542.6 345
542.6 353
542.6 357
542.6 361
542.6 365
542.6 369
542.6 377
542.6 381
542.6 389
542.6 393
542.8 349
542.8 373
542.8 385
544.7 297
544.7 301
544.7 305
544.7 309
544.7 313
544.7 317
544.7 321
544.7 325
544.7 329
544.7 333
544.7 337
544.7 341
544.7 345
544.7 353
544.7 357
544.7 361
544.7 365
544.7 369
544.7 377
544.7 381
544.7 389
544.7 393
544.9 349
544.9 373
544.9 385
546.9 297
546.9 301
546.9 305
546.9 309
546.9 313
546.9 317
546.9 321
546.9 325
546.9 329
546.9 333
546.9 337
546.9 341
546.9 345
546.9 353
546.9 357
546.9 361
546.9 365
546.9 369
546.9 377
546.9 381
546.9 389
546.9 393
547.1 349
547.1 373
547.1 385
549.0 297
549.0 301
549.0 305
549.0 309
549.0 313
549.0 317
549.0 321
549.0 325
549.0 329
549.0 333
549.0 337
549.0 341
549.0 345
549.0 353
549.0 357
549.0 361
549.0 365
549.0 369
549.0 377
549.0 381
549.0 389
549.0 393
549.2 349
549.2 373
549.2 385
551.1 297
551.1 301
551.1 305
551.1 309
551.1 313
551.1 317
551.1 321
551.1 325
551.1 329
551.1 333
551.1 337
551.1 341
551.1 345
551.1 353
551.1 357
551.1 361
551.1 365
551.1 369
551.1 377
551.1 381
551.1 389
551.1 393
551.3 349
551.3 373
551.3 385
553.3 297
553.3 301
553.3 305
553.3 309
553.3 313
553.3 317
553.3 321
553.3 325
553.3 329
553.3 333
553.3 337
553.3 341
553.3 345
553.3 353
553.3 357
553.3 361
553.3 365
553.3 369
553.3 377
553.3 381
553.3 389
553.3 393
553.5 349
553.5 373
553.5 385
555.4 297
555.4 301
555.4 305
555.4 309
555.4 313
555.4 317
555.4 321
555.4 325
555.4 329
555.4 333
555.4 337
555.4 341
555.4 345
555.4 353
555.4 357
555.4 361
555.4 365
555.4 369
555.4 377
555.4 381
555.4 389
555.4 393
555.6 349
555.6 373
555.6 385
557.5 297
557.5 301
557.5 305
557.5 309
557.5 321
557.5 325
557.5 329
557.5 333
557.5 341
557.5 345
557.5 353
557.5 357
557.5 361
557.5 365
557.5 369
557.5 381
557.5 389
557.5 393
557.6 313
557.6 317
557.6 337
557.6 377
557.7 349
557.7 373
557.7 385
559.6 297
559.6 301
559.6 305
559.6 309
559.6 321
559.6 325
559.6 329
559.6 333
559.6 341
559.6 345
559.6 353
559.6 357
559.6 361
559.6 365
559.6 369
559.6 381
559.6 389
559.6 393
559.7 313
559.7 317
559.7 337
559.7 377
559.8 385
559.9 349
559.9 373
561.8 297
561.8 301
561.8 305
561.8 309
561.8 321
561.8 325
561.8 329
561.8 333
561.8 341
561.8 345
561.8 353
561.8 357
561.8 361
561.8 365
561.8 369
561.8 381
561.8 389
561.8 393
561.9 313
561.9 317
561.9 337
561.9 377
562.0 349
562.0 373
562.0 385
563.9 297
563.9 301
563.9 305
563.9 309
563.9 321
563.9 325
563.9 329
563.9 333
563.9 341
563.9 345
563.9 353
563.9 357
563.9 361
563.9 365
563.9 369
563.9 381
563.9 389
563.9 393
564.0 313
564.0 317
564.0 337
564.0 377
564.1 349
564.1 373
564.1 385
566.1 297
566.1 301
566.1 305
566.1 309
566.1 321
566.1 325
566.1 329
566.1 333
566.1 341
566.1 345
566.1 353
566.1 357
566.1 361
566.1 365
566.1 369
566.1 381
566.1 389
566.1 393
566.2 313
566.2 317
566.2 337
566.2 377
566.3 349
566.3 373
566.3 385
568.2 297
568.2 301
568.2 305
568.2 309
568.2 321
568.2 325
568.2 329
568.2 333
568.2 341
568.2 345
568.2 353
568.2 357
568.2 361
568.2 365
568.2 369
568.2 381
568.2 389
568.2 393
568.3 313
568.3 317
568.3 337
568.3 377
568.5 349
568.5 373
568.5 385
570.3 297
570.3 301
570.3 305
570.3 309
570.3 321
570.3 325
570.3 329
570.3 333
570.3 341
570.3 345
570.3 353
570.3 357
570.3 361
570.3 365
570.3 369
570.3 381
570.3 389
570.3 393
570.4 313
570.4 317
570.4 337
570.4 377
570.6 349
570.6 373
570.6 385
572.5 297
572.5 301
572.5 305
572.5 309
572.5 321
572.5 325
572.5 329
572.5 333
572.5 341
572.5 345
572.5 353
572.5 357
572.5 361
572.5 365
572.5 369
572.5 381
572.5 389
572.5 393
572.6 313
572.6 317
572.6 337
572.6 377
572.8 349
572.8 373
572.8 385
574.6 297
574.6 301
574.6 305
574.6 309
574.6 321
574.6 325
574.6 329
574.6 333
574.6 341
574.6 345
574.6 353
574.6 357
574.6 361
574.6 365
574.6 369
574.6 381
574.6 389
574.6 393
574.7 313
574.7 317
574.7 337
574.7 377
574.9 349
574.9 373
574.9 385
576.8 297
576.8 301
576.8 305
576.8 309
576.8 321
576.8 325
576.8 329
576.8 333
576.8 341
576.8 345
576.8 353
576.8 357
576.8 361
576.8 365
576.8 369
576.8 381
576.8 389
576.8 393
576.9 313
576.9 317
576.9 337
576.9 377
577.0 349
577.0 373
577.0 385
579.0 297
579.0 301
579.0 305
579.0 309
579.0 321
579.0 325
579.0 329
579.0 333
579.0 341
579.0 345
579.0 353
579.0 357
579.0 361
579.0 365
579.0 369
579.0 381
579.0 389
579.0 393
579.2 313
579.2 317
579.2 337
579.2 349
579.2 373
579.2 377
579.2 385
581.1 297
581.1 301
581.1 305
581.1 309
581.1 321
581.1 325
581.1 329
581.1 333
581.1 341
581.1 345
581.1 353
581.1 357
581.1 361
581.1 365
581.1 369
581.1 381
581.1 389
581.1 393
581.3 313
581.3 317
581.3 337
581.3 349
581.3 373
581.3 377
581.3 385
583.2 297
583.2 301
583.2 305
583.2 309
583.2 321
583.2 325
583.2 329
583.2 333
583.2 341
583.2 345
583.2 353
583.2 357
583.2 361
583.2 365
583.2 369
583.2 381
583.2 389
583.2 393
583.5 313
583.5 317
583.5 337
583.5 349
583.5 373
583.5 377
583.5 385
585.4 297
585.4 301
585.4 305
585.4 309
585.4 321
585.4 325
585.4 329
585.4 333
585.4 341
585.4 345
585.4 353
585.4 357
585.4 361
585.4 365
585.4 369
585.4 381
585.4 389
585.4 393
585.6 313
585.6 317
585.6 337
585.6 349
585.6 373
585.6 377
585.6 385
587.5 297
587.5 301
587.5 305
587.5 309
587.5 321
587.5 325
587.5 329
587.5 333
587.5 341
587.5 345
587.5 353
587.5 357
587.5 361
587.5 365
587.5 369
587.5 381
587.5 389
587.5 393
587.7 313
587.7 317
587.7 337
587.7 349
587.7 373
587.7 377
587.7 385
589.6 297
589.6 301
589.6 305
589.6 309
589.6 321
589.6 325
589.6 329
589.6 333
589.6 341
589.6 345
589.6 353
589.6 357
589.6 361
589.6 365
589.6 369
589.6 381
589.6 389
589.6 393
589.8 313
589.8 317
589.8 337
589.8 349
589.8 373
589.8 377
589.8 385
591.7 297
591.7 301
591.7 305
591.7 309
591.7 321
591.7 325
591.7 329
591.7 333
591.7 341
591.7 345
591.7 353
591.7 357
591.7 361
591.7 365
591.7 369
591.7 381
591.7 389
591.7 393
591.9 313
591.9 317
591.9 337
591.9 349
591.9 373
591.9 377
591.9 385
593.8 297
593.8 301
593.8 305
593.8 309
593.8 321
593.8 325
593.8 329
593.8 333
593.8 341
593.8 345
593.8 353
593.8 357
593.8 361
593.8 365
593.8 369
593.8 381
593.8 389
593.8 393
594.1 313
594.1 317
594.1 337
594.1 349
594.1 373
594.1 377
594.1 385
595.9 297
595.9 301
595.9 305
595.9 309
595.9 321
595.9 325
595.9 329
595.9 333
595.9 341
595.9 345
595.9 353
595.9 357
595.9 361
595.9 365
595.9 369
595.9 381
595.9 389
595.9 393
596.2 313
596.2 317
596.2 337
596.2 349
596.2 373
596.2 377
596.2 385
598.1 297
598.1 301
598.1 305
598.1 309
598.1 321
598.1 325
598.1 329
598.1 333
598.1 341
598.1 345
598.1 353
598.1 357
598.1 361
598.1 365
598.1 369
598.1 381
598.1 389
598.1 393
598.5 313
598.5 317
598.5 337
598.5 349
598.5 373
598.5 377
598.5 385
600.3 297
600.3 301
600.3 305
600.3 309
600.3 321
600.3 325
600.3 329
600.3 333
600.3 341
600.3 345
600.3 353
600.3 357
600.3 361
600.3 365
600.3 369
600.3 381
600.3 389
600.3 393
600.6 313
600.6 317
600.6 337
600.6 349
600.6 373
600.6 377
600.6 385
602.4 297
602.4 301
602.4 305
602.4 309
602.4 321
602.4 325
602.4 329
602.4 333
602.4 341
602.4 345
602.4 353
602.4 357
602.4 361
602.4 365
602.4 369
602.4 381
602.4 389
602.4 393
602.7 313
602.7 317
602.7 337
602.7 349
602.7 373
602.7 377
602.7 385
604.9 297
604.9 301
604.9 305
604.9 309
604.9 321
604.9 325
604.9 329
604.9 333
604.9 341
604.9 345
604.9 353
604.9 357
604.9 361
604.9 365
604.9 369
604.9 381
604.9 389
604.9 393
605.4 313
605.4 317
605.4 337
605.4 349
605.4 373
605.4 377
605.4 385
404.0 298
404.0 302
404.0 306
404.0 310
404.0 314
404.0 318
404.0 322
404.0 326
404.0 330
404.0 334
404.0 338
404.0 342
404.0 346
404.0 350
404.0 354
404.0 358
404.0 362
404.0 366
404.0 370
404.0 374
404.0 378
404.0 382
404.0 386
404.0 390
404.0 394
406.2 298
406.2 302
406.2 306
406.2 310
406.2 314
406.2 318
406.2 322
406.2 326
406.2 330
406.2 334
406.2 338
406.2 342
406.2 346
406.2 350
406.2 354
406.2 358
406.2 362
406.2 366
406.2 370
406.2 374
406.2 378
406.2 382
406.2 386
406.2 390
406.2 394
408.3 298
408.3 302
408.3 306
408.3 310
408.3 314
408.3 318
408.3 322
408.3 326
408.3 330
408.3 334
408.3 338
408.3 342
408.3 346
408.3 350
408.3 354
408.3 358
408.3 362
408.3 366
408.3 370
408.3 374
408.3 378
408.3 382
408.3 386
408.3 390
408.3 394
410.4 298
410.4 302
410.4 306
410.4 310
410.4 314
410.4 318
410.4 322
410.4 326
410.4 330
410.4 334
410.4 338
410.4 342
410.4 346
410.4 350
410.4 354
410.4 358
410.4 362
410.4 366
410.4 370
410.4 374
410.4 378
410.4 382
410.4 386
410.4 390
410.4 394
412.5 298
412.5 302
412.5 306
412.5 310
412.5 314
412.5 318
412.5 322
412.5 326
412.5 330
412.5 334
412.5 338
412.5 342
412.5 346
412.5 350
412.5 354
412.5 358
412.5 362
412.5 366
412.5 370
412.5 374
412.5 378
412.5 382
412.5 386
412.5 390
412.5 394
414.6 298
414.6 302
414.6 306
414.6 310
414.6 314
414.6 318
414.6 322
414.6 326
414.6 330
414.6 334
414.6 338
414.6 342
414.6 346
414.6 350
414.6 354
414.6 358
414.6 362
414.6 366
414.6 370
414.6 374
414.6 378
414.6 382
414.6 386
414.6 390
414.6 394
416.7 298
416.7 302
416.7 306
416.7 310
416.7 314
416.7 318
416.7 322
416.7 326
416.7 330
416.7 334
416.7 338
416.7 342
416.7 346
416.7 350
416.7 354
416.7 358
416.7 362
416.7 366
416.7 370
416.7 374
416.7 378
416.7 382
416.7 386
416.7 390
416.7 394
418.8 298
418.8 302
418.8 306
418.8 310
418.8 318
418.8 330
418.8 334
418.8 338
418.8 342
418.8 346
418.8 350
418.8 366
418.8 370
418.8 382
418.8 386
418.8 394
404.0 295
404.0 299
404.0 303
404.0 307
404.0 311
404.0 315
404.0 319
404.0 323
404.0 327
404.0 331
404.0 335
404.0 339
404.0 343
404.0 347
404.0 351
404.0 355
404.0 359
404.0 363
404.0 367
404.0 371
404.0 375
404.0 379
404.0 383
404.0 387
404.0 391
406.2 295
406.2 299
406.2 303
406.2 307
406.2 311
406.2 315
406.2 319
406.2 323
406.2 327
406.2 331
406.2 335
406.2 339
406.2 343
406.2 347
406.2 351
406.2 355
406.2 359
406.2 363
406.2 367
406.2 371
406.2 375
406.2 379
406.2 383
406.2 387
406.2 391
408.3 295
408.3 299
408.3 303
408.3 307
408.3 311
408.3 315
408.3 319
408.3 323
408.3 327
408.3 331
408.3 335
408.3 339
408.3 343
408.3 347
408.3 351
408.3 355
408.3 359
408.3 363
408.3 367
408.3 371
408.3 375
408.3 379
408.3 383
408.3 387
408.3 391
410.4 295
410.4 299
410.4 303
410.4 307
410.4 311
410.4 315
410.4 319
410.4 323
410.4 327
410.4 331
410.4 335
410.4 339
410.4 343
410.4 347
410.4 351
410.4 355
410.4 359
410.4 363
410.4 367
410.4 371
410.4 375
410.4 379
410.4 383
410.4 387
410.4 391
412.5 295
412.5 299
412.5 303
412.5 307
412.5 311
412.5 315
412.5 319
412.5 323
412.5 327
412.5 331
412.5 335
412.5 339
412.5 343
412.5 347
412.5 351
412.5 355
412.5 359
412.5 363
412.5 367
412.5 371
412.5 375
412.5 379
412.5 383
412.5 387
412.5 391
414.6 295
414.6 299
414.6 303
414.6 307
414.6 311
414.6 315
414.6 319
414.6 323
414.6 327
414.6 331
414.6 335
414.6 339
414.6 343
414.6 347
414.6 351
414.6 355
414.6 359
414.6 363
414.6 367
414.6 371
414.6 375
414.6 379
414.6 383
414.6 387
414.6 391
416.7 295
416.7 299
416.7 303
416.7 307
416.7 311
416.7 315
416.7 319
416.7 323
416.7 327
416.7 331
416.7 335
416.7 339
416.7 343
416.7 347
416.7 351
416.7 355
416.7 359
416.7 363
416.7 367
416.7 371
416.7 375
416.7 379
416.7 383
416.7 387
416.7 391
418.8 295
418.8 299
418.8 303
418.8 307
418.8 311
418.8 315
418.8 319
418.8 323
418.8 327
418.8 331
418.8 335
418.8 339
418.8 343
418.8 347
418.8 351
418.8 355
418.8 359
418.8 363
418.8 367
418.8 371
418.8 375
418.8 379
418.8 383
418.8 387
418.8 391
420.9 295
420.9 299
420.9 303
420.9 307
420.9 311
420.9 315
420.9 319
420.9 323
420.9 327
420.9 331
420.9 335
420.9 339
420.9 343
420.9 347
420.9 351
420.9 355
420.9 359
420.9 363
420.9 367
420.9 371
420.9 375
420.9 379
420.9 383
420.9 387
420.9 391
423.1 295
423.1 299
423.1 303
423.1 307
423.1 311
423.1 315
423.1 319
423.1 323
423.1 327
423.1 331
423.1 335
423.1 339
423.1 343
423.1 347
423.1 351
423.1 355
423.1 359
423.1 363
423.1 367
423.1 371
423.1 375
423.1 379
423.1 383
423.1 387
423.1 391
425.2 295
425.2 299
425.2 303
425.2 307
425.2 311
425.2 315
425.2 319
425.2 323
425.2 327
425.2 331
425.2 335
425.2 339
425.2 343
425.2 347
425.2 351
425.2 355
425.2 359
425.2 363
425.2 367
425.2 371
425.2 375
425.2 379
425.2 383
425.2 387
425.2 391
427.4 295
427.4 299
427.4 303
427.4 307
427.4 311
427.4 315
427.4 319
427.4 323
427.4 327
427.4 331
427.4 335
427.4 339
427.4 343
427.4 347
427.4 351
427.4 355
427.4 359
427.4 363
427.4 367
427.4 371
427.4 375
427.4 379
427.4 383
427.4 387
427.4 391
429.5 295
429.5 299
429.5 303
429.5 307
429.5 311
429.5 315
429.5 319
429.5 323
429.5 327
429.5 331
429.5 335
429.5 339
429.5 343
429.5 347
429.5 351
429.5 355
429.5 359
429.5 363
429.5 367
429.5 371
429.5 375
429.5 379
429.5 383
429.5 387
429.5 391
431.7 295
431.7 299
431.7 303
431.7 307
431.7 311
431.7 315
431.7 319
431.7 323
431.7 327
431.7 331
431.7 335
431.7 339
431.7 343
431.7 347
431.7 351
431.7 355
431.7 359
431.7 363
431.7 367
431.7 371
431.7 375
431.7 379
431.7 383
431.7 387
431.7 391
433.9 295
433.9 299
433.9 303
433.9 307
433.9 311
433.9 315
433.9 319
433.9 323
433.9 327
433.9 331
433.9 335
433.9 339
433.9 343
433.9 347
433.9 351
433.9 355
433.9 359
433.9 363
433.9 367
433.9 371
433.9 375
433.9 379
433.9 383
433.9 387
433.9 391
436.0 295
436.0 299
436.0 303
436.0 307
436.0 311
436.0 315
436.0 319
436.0 323
436.0 327
436.0 331
436.0 335
436.0 339
436.0 343
436.0 347
436.0 351
436.0 355
436.0 359
436.0 363
436.0 367
436.0 371
436.0 375
436.0 379
436.0 383
436.0 387
436.0 391
438.1 295
438.1 299
438.1 303
438.1 307
438.1 311
438.1 315
438.1 319
438.1 323
438.1 327
438.1 331
438.1 335
438.1 339
438.1 343
438.1 347
438.1 351
438.1 355
438.1 359
438.1 363
438.1 367
438.1 371
438.1 375
438.1 379
438.1 383
438.1 387
438.1 391
440.2 295
440.2 299
440.2 303
440.2 307
440.2 311
440.2 315
440.2 319
440.2 323
440.2 327
440.2 331
440.2 335
440.2 339
440.2 343
440.2 347
440.2 351
440.2 355
440.2 359
440.2 363
440.2 367
440.2 371
440.2 375
440.2 379
440.2 383
440.2 387
440.2 391
442.3 295
442.3 299
442.3 303
442.3 307
442.3 311
442.3 315
442.3 319
442.3 323
442.3 327
442.3 331
442.3 335
442.3 339
442.3 343
442.3 347
442.3 351
442.3 355
442.3 359
442.3 363
442.3 367
442.3 371
442.3 375
442.3 379
442.3 383
442.3 387
442.3 391
444.4 295
444.4 299
444.4 303
444.4 307
444.4 311
444.4 315
444.4 319
444.4 323
444.4 327
444.4 331
444.4 335
444.4 339
444.4 343
444.4 347
444.4 351
444.4 355
444.4 359
444.4 363
444.4 367
444.4 371
444.4 375
444.4 379
444.4 383
444.4 387
444.4 391
446.5 295
446.5 299
446.5 303
446.5 307
446.5 311
446.5 315
446.5 319
446.5 323
446.5 327
446.5 331
446.5 335
446.5 339
446.5 343
446.5 347
446.5 351
446.5 355
446.5 359
446.5 363
446.5 367
446.5 371
446.5 375
446.5 379
446.5 383
446.5 387
446.5 391
448.7 295
448.7 299
448.7 303
448.7 307
448.7 311
448.7 315
448.7 319
448.7 323
448.7 327
448.7 331
448.7 335
448.7 339
448.7 343
448.7 347
448.7 351
448.7 355
448.7 359
448.7 363
448.7 367
448.7 371
448.7 375
448.7 379
448.7 383
448.7 387
448.7 391
450.8 295
450.8 299
450.8 303
450.8 311
450.8 319
450.8 327
450.8 343
450.8 347
450.8 351
450.8 355
450.8 367
450.8 371
450.8 375
450.8 379
450.8 383
450.8 387
450.9 307
450.9 315
450.9 323
450.9 331
450.9 335
450.9 339
450.9 359
450.9 363
450.9 391
452.9 295
452.9 299
452.9 303
452.9 311
452.9 319
452.9 327
452.9 343
452.9 347
452.9 351
452.9 355
452.9 367
452.9 371
452.9 375
452.9 379
452.9 383
452.9 387
453.0 307
453.0 315
453.0 323
453.0 331
453.0 335
453.0 339
453.0 359
453.0 363
453.0 391
455.0 295
455.0 299
455.0 303
455.0 311
455.0 319
455.0 327
455.0 343
455.0 347
455.0 351
455.0 355
455.0 367
455.0 371
455.0 375
455.0 379
455.0 383
455.0 387
455.1 307
455.1 315
455.1 323
455.1 331
455.1 335
455.1 339
455.1 359
455.1 363
455.1 391
457.2 295
457.2 299
457.2 303
457.2 307
457.2 311
457.2 315
457.2 319
457.2 323
457.2 327
457.2 331
457.2 335
457.2 339
457.2 343
457.2 347
457.2 351
457.2 355
457.2 359
457.2 363
457.2 367
457.2 371
457.2 375
457.2 379
457.2 383
457.2 387
457.2 391
459.3 295
459.3 299
459.3 303
459.3 307
459.3 311
459.3 315
459.3 319
459.3 323
459.3 327
459.3 331
459.3 335
459.3 339
459.3 343
459.3 347
459.3 351
459.3 355
459.3 359
459.3 363
459.3 367
459.3 371
459.3 375
459.3 379
459.3 383
459.3 387
459.3 391
461.4 295
461.4 299
461.4 303
461.4 307
461.4 311
461.4 315
461.4 319
461.4 323
461.4 327
461.4 331
461.4 335
461.4 339
461.4 343
461.4 347
461.4 351
461.4 355
461.4 359
461.4 363
461.4 367
461.4 371
461.4 375
461.4 379
461.4 383
461.4 387
461.4 391
463.6 295
463.6 299
463.6 303
463.6 307
463.6 311
463.6 315
463.6 319
463.6 323
463.6 327
463.6 331
463.6 335
463.6 339
463.6 343
463.6 347
463.6 351
463.6 355
463.6 359
463.6 363
463.6 367
463.6 371
463.6 375
463.6 379
463.6 383
463.6 387
463.6 391
465.7 347
465.7 359
465.8 295
465.8 299
465.8 303
465.8 307
465.8 311
465.8 315
465.8 319
465.8 323
465.8 327
465.8 331
465.8 335
465.8 339
465.8 343
465.8 351
465.8 355
465.8 363
465.8 367
465.8 371
465.8 375
465.8 379
465.8 383
465.8 387
465.8 391
467.8 347
467.8 359
467.9 295
467.9 299
467.9 303
467.9 307
467.9 311
467.9 315
467.9 319
467.9 323
467.9 327
467.9 331
467.9 335
467.9 339
467.9 343
467.9 351
467.9 355
467.9 363
467.9 367
467.9 371
467.9 375
467.9 379
467.9 383
467.9 387
467.9 391
470.0 347
470.0 359
470.1 295
470.1 299
470.1 303
470.1 307
470.1 311
470.1 315
470.1 319
470.1 323
470.1 327
470.1 331
470.1 335
470.1 339
470.1 343
470.1 351
470.1 355
470.1 363
470.1 367
470.1 371
470.1 375
470.1 379
470.1 383
470.1 387
470.1 391
472.1 347
472.1 359
472.2 295
472.2 299
472.2 303
472.2 307
472.2 311
472.2 315
472.2 319
472.2 323
472.2 327
472.2 331
472.2 335
472.2 339
472.2 343
472.2 351
472.2 355
472.2 363
472.2 367
472.2 371
472.2 375
472.2 379
472.2 383
472.2 387
472.2 391
474.2 347
474.2 359
474.3 295
474.3 299
474.3 303
474.3 307
474.3 311
474.3 315
474.3 319
474.3 323
474.3 327
474.3 331
474.3 335
474.3 339
474.3 343
474.3 351
474.3 355
474.3 363
474.3 367
474.3 371
474.3 375
474.3 379
474.3 383
474.3 387
474.3 391
476.4 295
476.4 299
476.4 303
476.4 307
476.4 311
476.4 315
476.4 319
476.4 323
476.4 327
476.4 331
476.4 335
476.4 339
476.4 343
476.4 347
476.4 351
476.4 355
476.4 359
476.4 363
476.4 367
476.4 371
476.4 375
476.4 379
476.4 383
476.4 387
476.4 391
478.6 295
478.6 299
478.6 303
478.6 307
478.6 311
478.6 315
478.6 319
478.6 323
478.6 327
478.6 331
478.6 335
478.6 339
478.6 343
478.6 347
478.6 351
478.6 355
478.6 359
478.6 363
478.6 367
478.6 371
478.6 375
478.6 379
478.6 383
478.6 387
478.6 391
480.7 295
480.7 299
480.7 303
480.7 307
480.7 311
480.7 315
480.7 319
480.7 323
480.7 327
480.7 331
480.7 335
480.7 339
480.7 343
480.7 347
480.7 351
480.7 355
480.7 359
480.7 363
480.7 367
480.7 371
480.7 375
480.7 379
480.7 383
480.7 387
480.7 391
482.9 295
482.9 299
482.9 303
482.9 307
482.9 311
482.9 315
482.9 319
482.9 323
482.9 327
482.9 331
482.9 335
482.9 339
482.9 343
482.9 347
482.9 351
482.9 355
482.9 359
482.9 363
482.9 367
482.9 371
482.9 375
482.9 379
482.9 383
482.9 387
482.9 391
485.0 295
485.0 299
485.0 303
485.0 307
485.0 311
485.0 315
485.0 319
485.0 323
485.0 327
485.0 331
485.0 335
485.0 339
485.0 343
485.0 347
485.0 351
485.0 355
485.0 359
485.0 363
485.0 367
485.0 371
485.0 375
485.0 379
485.0 383
485.0 387
485.0 391
487.1 351
487.2 295
487.2 299
487.2 303
487.2 307
487.2 311
487.2 315
487.2 319
487.2 323
487.2 327
487.2 331
487.2 335
487.2 339
487.2 343
487.2 347
487.2 355
487.2 359
487.2 363
487.2 367
487.2 371
487.2 375
487.2 379
487.2 383
487.2 387
487.2 391
489.3 351
489.4 295
489.4 299
489.4 303
489.4 307
489.4 311
489.4 315
489.4 319
489.4 323
489.4 327
489.4 331
489.4 335
489.4 339
489.4 343
489.4 347
489.4 355
489.4 359
489.4 363
489.4 367
489.4 371
489.4 375
489.4 379
489.4 383
489.4 387
489.4 391
491.4 351
491.5 295
491.5 299
491.5 303
491.5 307
491.5 311
491.5 315
491.5 319
491.5 323
491.5 327
491.5 331
491.5 335
491.5 339
491.5 343
491.5 347
491.5 355
491.5 359
491.5 363
491.5 367
491.5 371
491.5 375
491.5 379
491.5 383
491.5 387
491.5 391
493.6 351
493.7 295
493.7 299
493.7 303
493.7 307
493.7 311
493.7 315
493.7 319
493.7 323
493.7 327
493.7 331
493.7 335
493.7 339
493.7 343
493.7 347
493.7 355
493.7 359
493.7 363
493.7 367
493.7 371
493.7 375
493.7 379
493.7 383
493.7 387
493.7 391
495.8 351
495.9 295
495.9 299
495.9 303
495.9 307
495.9 311
495.9 315
495.9 319
495.9 323
495.9 327
495.9 331
495.9 335
495.9 339
495.9 343
495.9 347
495.9 355
495.9 359
495.9 363
495.9 367
495.9 371
495.9 375
495.9 379
495.9 383
495.9 387
495.9 391
497.9 351
498.0 295
498.0 299
498.0 303
498.0 307
498.0 311
498.0 319
498.0 323
498.0 331
498.0 343
498.0 347
498.0 355
498.0 359
498.0 375
498.0 383
498.0 391
500.0 351
500.1 295
500.1 299
500.1 303
500.1 307
500.1 311
500.1 319
500.1 323
500.1 331
500.1 343
500.1 347
500.1 355
500.1 359
500.1 375
500.1 383
500.1 391
502.2 295
502.2 299
502.2 303
502.2 307
502.2 311
502.2 319
502.2 323
502.2 331
502.2 343
502.2 347
502.2 351
502.2 355
502.2 359
502.2 375
502.2 383
502.2 391
504.3 295
504.3 299
504.3 303
504.3 307
504.3 311
504.3 319
504.3 323
504.3 331
504.3 343
504.3 347
504.3 351
504.3 355
504.3 359
504.3 375
504.3 383
504.3 391
506.5 295
506.5 299
506.5 303
506.5 307
506.5 311
506.5 319
506.5 323
506.5 331
506.5 343
506.5 347
506.5 351
506.5 355
506.5 359
506.5 375
506.5 383
506.5 391
508.6 295
508.6 299
508.6 303
508.6 307
508.6 311
508.6 319
508.6 323
508.6 331
508.6 343
508.6 347
508.6 351
508.6 355
508.6 359
508.6 375
508.6 383
508.6 391
510.7 295
510.7 299
510.7 303
510.7 307
510.7 311
510.7 319
510.7 323
510.7 331
510.7 343
510.7 347
510.7 351
510.7 355
510.7 359
510.7 375
510.7 383
510.7 391
512.8 295
512.8 299
512.8 303
512.8 307
512.8 311
512.8 319
512.8 323
512.8 331
512.8 343
512.8 347
512.8 351
512.8 355
512.8 359
512.8 375
512.8 383
512.8 391
515.0 295
515.0 299
515.0 303
515.0 307
515.0 311
515.0 319
515.0 323
515.0 331
515.0 343
515.0 347
515.0 351
515.0 355
515.0 359
515.0 375
515.0 383
515.0 391
517.1 295
517.1 299
517.1 303
517.1 307
517.1 311
517.1 319
517.1 323
517.1 331
517.1 343
517.1 347
517.1 351
517.1 355
517.1 359
517.1 375
517.1 383
517.1 391
519.2 295
519.2 299
519.2 303
519.2 307
519.2 311
519.2 319
519.2 323
519.2 331
519.2 343
519.2 347
519.2 351
519.2 355
519.2 359
519.2 375
519.2 383
519.2 391
521.3 295
521.3 299
521.3 303
521.3 307
521.3 311
521.3 319
521.3 323
521.3 331
521.3 343
521.3 347
521.3 351
521.3 355
521.3 359
521.3 375
521.3 383
521.3 391
523.4 295
523.4 299
523.4 303
523.4 307
523.4 311
523.4 319
523.4 323
523.4 331
523.4 343
523.4 347
523.4 351
523.4 355
523.4 359
523.4 375
523.4 383
523.4 391
525.6 295
525.6 299
525.6 303
525.6 307
525.6 311
525.6 319
525.6 323
525.6 331
525.6 343
525.6 347
525.6 351
525.6 355
525.6 359
525.6 375
525.6 383
525.6 391
527.8 295
527.8 299
527.8 303
527.8 307
527.8 311
527.8 319
527.8 323
527.8 331
527.8 343
527.8 347
527.8 351
527.8 355
527.8 359
527.8 375
527.8 383
527.8 391
529.9 295
529.9 299
529.9 303
529.9 307
529.9 311
529.9 319
529.9 323
529.9 331
529.9 343
529.9 347
529.9 351
529.9 355
529.9 359
529.9 375
529.9 383
529.9 391
532.0 295
532.0 299
532.0 303
532.0 307
532.0 311
532.0 319
532.0 323
532.0 331
532.0 343
532.0 347
532.0 351
532.0 355
532.0 359
532.0 375
532.0 383
532.0 391
534.2 295
534.2 299
534.2 303
534.2 307
534.2 311
534.2 319
534.2 323
534.2 331
534.2 343
534.2 347
534.2 351
534.2 355
534.2 359
534.2 375
534.2 383
534.2 391
536.3 295
536.3 299
536.3 303
536.3 307
536.3 311
536.3 319
536.3 323
536.3 331
536.3 343
536.3 347
536.3 351
536.3 355
536.3 359
536.3 375
536.3 383
536.3 391
538.4 295
538.4 299
538.4 303
538.4 307
538.4 311
538.4 319
538.4 323
538.4 331
538.4 343
538.4 347
538.4 351
538.4 355
538.4 359
538.4 375
538.4 383
538.4 391
540.5 295
540.5 299
540.5 303
540.5 307
540.5 311
540.5 319
540.5 323
540.5 331
540.5 343
540.5 347
540.5 351
540.5 355
540.5 359
540.5 375
540.5 383
540.5 391
542.6 295
542.6 299
542.6 303
542.6 307
542.6 311
542.6 319
542.6 323
542.6 331
542.6 343
542.6 347
542.6 351
542.6 355
542.6 359
542.6 375
542.6 383
542.6 391
544.7 295
544.7 299
544.7 303
544.7 307
544.7 311
544.7 319
544.7 323
544.7 331
544.7 343
544.7 347
544.7 351
544.7 355
544.7 359
544.7 375
544.7 383
544.7 391
546.9 295
546.9 299
546.9 303
546.9 307
546.9 311
546.9 319
546.9 323
546.9 331
546.9 343
546.9 347
546.9 351
546.9 355
546.9 359
546.9 375
546.9 383
546.9 391
549.0 295
549.0 299
549.0 303
549.0 307
549.0 311
549.0 319
549.0 323
549.0 331
549.0 343
549.0 347
549.0 351
549.0 355
549.0 359
549.0 375
549.0 383
549.0 391
551.1 295
551.1 299
551.1 303
551.1 307
551.1 311
551.1 319
551.1 323
551.1 331
551.1 343
551.1 347
551.1 351
551.1 355
551.1 359
551.1 375
551.1 383
551.1 391
553.3 295
553.3 299
553.3 303
553.3 307
553.3 311
553.3 319
553.3 323
553.3 331
553.3 343
553.3 347
553.3 351
553.3 355
553.3 359
553.3 375
553.3 383
553.3 391
555.4 295
555.4 299
555.4 303
555.4 307
555.4 311
555.4 319
555.4 323
555.4 331
555.4 343
555.4 347
555.4 351
555.4 355
555.4 359
555.4 375
555.4 383
555.4 391
557.5 295
557.5 299
557.5 303
557.5 307
557.5 311
557.5 319
557.5 323
557.5 331
557.5 343
557.5 347
557.5 351
557.5 355
557.5 359
557.5 375
557.5 383
557.5 391
559.6 295
559.6 299
559.6 303
559.6 307
559.6 311
559.6 319
559.6 323
559.6 331
559.6 343
559.6 347
559.6 351
559.6 355
559.6 359
559.6 375
559.6 383
559.6 391
561.8 295
561.8 299
561.8 303
561.8 307
561.8 311
561.8 319
561.8 323
561.8 331
561.8 343
561.8 347
561.8 351
561.8 355
561.8 359
561.8 375
561.8 383
561.8 391
563.9 295
563.9 299
563.9 303
563.9 307
563.9 311
563.9 319
563.9 323
563.9 331
563.9 343
563.9 347
563.9 351
563.9 355
563.9 359
563.9 375
563.9 383
563.9 391
566.1 295
566.1 299
566.1 303
566.1 307
566.1 311
566.1 319
566.1 323
566.1 331
566.1 343
566.1 347
566.1 351
566.1 355
566.1 359
566.1 375
566.1 383
566.1 391
568.2 295
568.2 299
568.2 303
568.2 307
568.2 311
568.2 319
568.2 323
568.2 331
568.2 343
568.2 347
568.2 351
568.2 355
568.2 359
568.2 375
568.2 383
568.2 391
570.3 295
570.3 299
570.3 303
570.3 307
570.3 311
570.3 319
570.3 323
570.3 331
570.3 343
570.3 347
570.3 351
570.3 355
570.3 359
570.3 375
570.3 383
570.3 391
572.5 295
572.5 299
572.5 303
572.5 307
572.5 311
572.5 319
572.5 323
572.5 331
572.5 343
572.5 347
572.5 351
572.5 355
572.5 359
572.5 375
572.5 383
572.5 391
574.6 295
574.6 299
574.6 303
574.6 307
574.6 311
574.6 319
574.6 323
574.6 331
574.6 343
574.6 347
574.6 351
574.6 355
574.6 359
574.6 375
574.6 383
574.6 391
576.8 295
576.8 299
576.8 303
576.8 307
576.8 311
576.8 319
576.8 323
576.8 331
576.8 343
576.8 347
576.8 351
576.8 355
576.8 359
576.8 375
576.8 383
576.8 391
579.0 295
579.0 299
579.0 303
579.0 307
579.0 311
579.0 319
579.0 323
579.0 331
579.0 343
579.0 347
579.0 351
579.0 355
579.0 359
579.0 375
579.0 383
579.0 391
581.1 295
581.1 299
581.1 303
581.1 307
581.1 311
581.1 319
581.1 323
581.1 331
581.1 343
581.1 347
581.1 351
581.1 355
581.1 359
581.1 375
581.1 383
581.1 391
583.2 295
583.2 299
583.2 303
583.2 307
583.2 311
583.2 319
583.2 323
583.2 331
583.2 343
583.2 347
583.2 351
583.2 355
583.2 359
583.2 375
583.2 383
583.2 391
585.4 295
585.4 299
585.4 303
585.4 307
585.4 311
585.4 319
585.4 323
585.4 331
585.4 343
585.4 347
585.4 351
585.4 355
585.4 359
585.4 375
585.4 383
585.4 391
587.5 295
587.5 299
587.5 303
587.5 307
587.5 311
587.5 319
587.5 323
587.5 331
587.5 343
587.5 347
587.5 351
587.5 355
587.5 359
587.5 375
587.5 383
587.5 391
589.6 295
589.6 299
589.6 303
589.6 307
589.6 311
589.6 319
589.6 323
589.6 331
589.6 343
589.6 347
589.6 351
589.6 355
589.6 359
589.6 375
589.6 383
589.6 391
591.7 295
591.7 299
591.7 303
591.7 307
591.7 311
591.7 319
591.7 323
591.7 331
591.7 343
591.7 347
591.7 351
591.7 355
591.7 359
591.7 375
591.7 383
591.7 391
593.8 295
593.8 299
593.8 303
593.8 307
593.8 311
593.8 319
593.8 323
593.8 331
593.8 343
593.8 347
593.8 351
593.8 355
593.8 359
593.8 375
593.8 383
593.8 391
595.9 295
595.9 299
595.9 303
595.9 307
595.9 311
595.9 319
595.9 323
595.9 331
595.9 343
595.9 347
595.9 351
595.9 355
595.9 359
595.9 375
595.9 383
595.9 391
598.1 295
598.1 299
598.1 303
598.1 307
598.1 311
598.1 319
598.1 323
598.1 331
598.1 343
598.1 347
598.1 351
598.1 355
598.1 359
598.1 375
598.1 383
598.1 391
600.3 295
600.3 299
600.3 303
600.3 307
600.3 311
600.3 319
600.3 323
600.3 331
600.3 343
600.3 347
600.3 351
600.3 355
600.3 359
600.3 375
600.3 383
600.3 391
602.4 295
602.4 299
602.4 303
602.4 307
602.4 311
602.4 319
602.4 323
602.4 331
602.4 343
602.4 347
602.4 351
602.4 355
602.4 359
602.4 375
602.4 383
602.4 391
604.9 295
604.9 299
604.9 303
604.9 307
604.9 311
604.9 319
604.9 323
604.9 331
604.9 343
604.9 347
604.9 351
604.9 355
604.9 359
604.9 375
604.9 383
604.9 391
