Name: Motor[motivation], Title: Raster plot from device '11221', Hist: False
12.9 3264
17.6 3312
20.0 3264
23.8 3244
23.8 3312
24.8 3316
25.1 3292
27.6 3312
32.7 3312
33.0 3240
35.3 3316
36.3 3296
37.8 3260
39.2 3312
39.6 3240
44.2 3312
46.4 3240
46.4 3316
48.0 3292
55.9 3312
57.5 3260
59.3 3244
60.0 3296
61.4 3240
61.8 3312
64.8 3240
67.7 3312
71.1 3240
72.0 3312
74.9 3240
76.5 3260
77.1 3244
80.7 3312
81.2 3260
83.5 3240
85.1 3312
86.1 3292
89.4 3312
90.2 3316
93.0 3244
93.4 3240
95.9 3312
98.1 3296
98.2 3292
100.2 3240
100.8 3316
102.9 3312
105.9 3260
106.4 3240
108.4 3244
108.7 3312
110.1 3316
111.2 3240
114.6 3312
117.3 3240
118.1 3264
121.9 3244
122.8 3296
123.0 3240
123.8 3316
126.2 3312
130.3 3312
132.5 3260
136.6 3316
136.7 3296
137.7 3260
137.9 3312
138.0 3240
138.2 3264
138.7 3292
143.1 3312
144.3 3240
147.2 3260
148.8 3240
151.4 3316
153.1 3312
153.3 3244
153.8 3240
155.2 3296
157.4 3312
161.8 3316
166.4 3312
169.2 3292
169.7 3244
169.8 3240
170.2 3296
173.0 3264
173.5 3260
173.8 3244
175.0 3316
175.1 3312
177.2 3240
180.8 3316
181.3 3296
183.6 3292
183.7 3240
184.7 3260
184.7 3312
191.0 3260
193.4 3316
194.8 3240
196.5 3312
196.8 3244
205.4 3240
206.3 3264
207.5 3312
208.0 3292
212.5 3296
212.8 3260
214.7 3240
215.5 3316
223.6 3264
224.7 3240
227.8 3244
227.8 3316
229.8 3240
232.1 3264
233.0 3260
235.1 3240
238.7 3244
243.7 3292
244.2 3312
244.8 3240
248.4 3260
248.7 3312
249.7 3264
251.1 3296
251.8 3292
254.1 3260
255.0 3312
257.5 3244
260.3 3312
261.1 3296
261.9 3240
262.9 3260
269.7 3264
269.7 3312
271.1 3316
271.3 3240
272.4 3244
276.8 3312
278.0 3240
278.7 3260
282.9 3264
283.4 3240
283.9 3312
290.6 3244
291.7 3240
294.4 3312
294.5 3316
296.3 3240
296.6 3260
299.3 3312
302.2 3240
305.1 3264
305.8 3312
310.2 3292
311.2 3316
312.1 3312
312.4 3240
315.5 3296
316.0 3260
319.3 3240
319.6 3312
319.7 3316
320.3 3244
323.7 3312
325.7 3264
326.8 3296
330.0 3244
331.2 3312
332.0 3316
333.0 3264
334.0 3240
339.2 3264
340.5 3244
341.0 3312
341.6 3296
343.8 3240
346.6 3312
350.6 3316
351.0 3240
351.3 3244
352.5 3264
353.9 3292
355.2 3240
356.9 3312
361.9 3312
364.8 3240
365.6 3296
370.1 3260
370.6 3292
371.3 3244
372.4 3264
372.9 3240
374.1 3312
375.5 3316
380.6 3244
381.8 3292
382.3 3260
384.2 3240
384.7 3244
387.9 3312
390.2 3244
390.2 3292
394.1 3240
395.3 3312
397.7 3316
398.9 3240
400.1 3292
402.6 3312
402.7 3296
405.0 3244
408.1 3312
409.6 3240
409.8 3260
411.2 3296
413.5 3264
416.5 3292
416.8 3312
418.7 3240
420.1 3312
421.2 3296
421.5 3244
426.6 3312
427.2 3292
427.8 3316
428.8 3244
433.8 3244
435.9 3316
436.8 3296
437.4 3312
440.5 3240
441.4 3292
441.8 3312
442.2 3296
442.3 3260
443.4 3244
443.9 3264
446.1 3240
448.2 3316
449.6 3240
449.8 3312
450.1 3292
453.7 3240
455.7 3312
457.5 3240
460.4 3260
461.1 3292
462.4 3240
463.6 3312
466.4 3244
467.5 3240
467.5 3312
467.7 3264
467.9 3296
468.3 3260
469.9 3292
472.1 3316
473.2 3312
474.4 3240
475.6 3296
476.3 3244
479.3 3240
481.9 3264
484.6 3312
486.1 3260
486.7 3240
489.3 3296
490.2 3312
490.7 3240
490.9 3292
497.4 3312
497.9 3244
498.1 3240
498.4 3292
501.9 3312
502.6 3260
506.1 3292
507.0 3296
508.2 3316
508.6 3244
514.8 3316
517.8 3296
520.1 3260
525.3 3240
526.1 3312
526.6 3292
528.4 3244
531.7 3296
532.3 3312
534.5 3240
535.2 3244
540.2 3260
540.7 3296
541.3 3316
543.8 3240
544.7 3244
547.0 3264
548.0 3240
549.4 3260
550.6 3312
557.3 3264
558.1 3240
558.2 3312
558.5 3244
561.6 3296
562.0 3240
562.9 3292
563.5 3316
564.6 3312
565.9 3244
569.5 3292
569.9 3244
572.3 3296
572.5 3260
572.7 3240
572.8 3312
576.1 3260
579.1 3312
581.2 3240
585.4 3264
587.0 3240
589.4 3260
589.8 3312
592.0 3292
592.7 3240
596.4 3296
600.4 3264
602.9 3316
604.0 3312
605.5 3240
607.5 3296
607.6 3244
609.5 3316
611.2 3244
611.7 3240
616.2 3240
617.5 3312
617.8 3316
619.9 3260
620.1 3240
620.4 3264
623.0 3296
623.7 3316
625.2 3312
625.8 3240
627.5 3296
630.1 3240
631.8 3316
632.3 3264
635.3 3240
637.3 3244
637.3 3292
637.7 3296
642.0 3312
642.4 3240
645.7 3292
646.6 3264
647.7 3240
648.1 3312
649.6 3260
653.6 3312
654.8 3264
655.2 3244
655.7 3240
659.3 3296
661.5 3240
661.8 3312
664.5 3316
669.1 3312
670.1 3240
670.3 3244
672.1 3296
675.8 3312
679.3 3312
679.7 3240
681.8 3292
683.8 3264
683.9 3316
686.3 3260
687.1 3296
687.1 3312
687.9 3240
688.5 3244
691.4 3312
693.3 3240
693.5 3316
695.1 3312
698.2 3240
698.3 3292
702.3 3240
707.1 3312
707.4 3240
710.5 3296
710.9 3312
718.5 3244
720.8 3316
722.5 3292
725.1 3312
726.5 3240
729.9 3296
732.0 3312
734.1 3240
736.6 3244
737.3 3316
738.1 3312
738.6 3296
740.2 3292
741.7 3312
746.7 3244
747.8 3240
748.0 3316
752.6 3296
753.6 3316
754.1 3292
756.4 3312
757.2 3260
758.5 3244
759.0 3264
760.6 3312
765.3 3312
766.0 3240
769.2 3312
769.6 3292
771.6 3264
773.0 3240
776.7 3240
778.5 3312
781.4 3264
788.0 3264
788.4 3260
789.9 3312
792.0 3264
793.5 3240
797.9 3260
799.4 3316
801.2 3244
807.3 3264
808.1 3240
808.3 3244
809.0 3260
809.4 3296
813.2 3244
814.4 3240
818.5 3244
819.5 3312
820.4 3316
823.2 3312
826.6 3240
828.8 3260
831.9 3292
831.9 3312
836.0 3312
838.1 3240
840.9 3244
842.6 3312
844.2 3240
845.2 3296
846.5 3292
848.0 3312
849.5 3240
851.3 3260
856.4 3244
858.2 3312
858.6 3296
858.7 3316
864.2 3292
865.9 3260
867.4 3316
867.7 3244
869.7 3264
872.8 3240
873.1 3244
875.7 3312
876.1 3240
878.0 3316
879.6 3292
879.9 3264
880.5 3240
880.5 3260
883.1 3312
885.3 3240
887.9 3260
891.0 3240
891.8 3312
893.5 3316
894.8 3296
899.9 3312
905.1 3260
905.4 3292
906.3 3244
909.8 3312
909.9 3240
910.1 3260
911.2 3316
914.3 3244
917.1 3240
921.5 3316
925.1 3296
926.4 3260
927.1 3312
927.4 3292
928.0 3240
933.0 3292
933.3 3316
935.4 3312
936.2 3260
940.9 3260
945.1 3240
946.5 3260
948.0 3316
949.1 3312
952.2 3240
954.8 3312
958.6 3312
959.1 3264
959.3 3260
962.2 3244
963.4 3240
963.9 3312
965.6 3316
969.1 3264
969.2 3240
969.3 3296
969.8 3292
970.1 3312
973.8 3296
974.2 3244
976.6 3312
978.7 3240
979.3 3296
14.0 3245
14.1 3313
15.0 3305
18.4 3313
19.2 3237
20.7 3285
20.9 3233
24.8 3297
25.1 3229
25.7 3301
25.9 3305
26.2 3313
28.6 3233
28.9 3273
29.2 3237
30.0 3285
30.5 3301
31.3 3313
32.0 3297
32.2 3305
32.3 3245
33.2 3257
35.2 3297
35.6 3301
36.6 3229
37.9 3237
38.9 3297
39.6 3257
41.7 3245
42.1 3237
42.4 3301
42.8 3297
43.2 3285
44.1 3253
45.1 3233
45.3 3241
45.9 3305
46.7 3313
49.1 3237
50.0 3297
50.8 3273
52.8 3301
53.7 3241
55.1 3313
57.1 3245
57.7 3297
58.0 3305
60.6 3257
61.3 3261
61.8 3297
62.2 3229
63.2 3273
63.3 3301
64.9 3237
65.1 3245
65.2 3297
65.2 3305
65.9 3257
69.0 3297
69.5 3237
69.9 3301
70.2 3285
74.8 3297
74.9 3261
75.2 3313
75.4 3257
78.1 3305
78.3 3297
78.6 3237
80.1 3301
82.0 3257
82.4 3297
82.6 3305
82.8 3253
83.9 3229
84.2 3241
84.9 3237
85.2 3261
86.3 3285
86.3 3305
86.6 3301
88.8 3297
90.2 3245
91.2 3233
91.4 3313
92.2 3297
93.2 3305
95.6 3241
97.5 3237
98.9 3297
101.9 3245
102.5 3305
103.0 3297
103.5 3301
106.5 3261
107.7 3305
107.8 3233
109.3 3245
110.5 3253
111.2 3241
111.8 3297
112.5 3305
112.5 3313
114.6 3237
115.0 3301
115.1 3273
116.7 3229
117.4 3297
121.0 3297
122.1 3237
122.9 3313
124.6 3233
124.9 3257
125.1 3229
126.8 3305
131.4 3301
131.9 3297
132.5 3233
132.5 3305
134.0 3237
135.4 3245
136.7 3285
137.3 3297
137.5 3253
137.7 3229
138.7 3305
140.0 3237
140.0 3313
142.3 3241
143.3 3305
144.4 3233
145.7 3245
146.4 3297
147.4 3301
147.7 3285
148.5 3253
149.0 3305
152.5 3241
154.2 3237
156.7 3297
157.8 3229
158.1 3237
158.7 3313
160.9 3305
161.8 3241
164.4 3297
165.0 3305
167.9 3257
168.2 3237
171.4 3229
175.1 3297
176.2 3241
179.8 3297
180.0 3253
180.7 3229
182.2 3237
183.7 3297
184.9 3285
185.0 3313
185.5 3305
185.7 3233
185.8 3301
186.3 3241
187.4 3237
188.8 3261
190.3 3305
190.8 3297
192.1 3261
193.3 3237
193.3 3301
194.6 3305
194.7 3253
196.8 3297
196.9 3257
197.8 3285
198.1 3305
199.1 3245
202.2 3305
203.1 3237
203.5 3297
204.5 3301
204.9 3245
204.9 3273
205.8 3233
206.3 3305
206.9 3237
210.9 3261
211.5 3297
212.9 3301
215.0 3245
215.5 3233
216.4 3261
216.5 3297
218.0 3305
218.6 3237
219.0 3313
222.8 3257
223.4 3301
224.0 3297
224.8 3261
225.0 3305
225.7 3313
226.0 3237
228.3 3273
228.8 3285
230.8 3237
231.4 3297
231.8 3305
234.4 3261
234.5 3285
235.9 3237
236.1 3229
236.2 3245
238.1 3305
238.8 3285
240.3 3233
243.0 3301
244.0 3257
244.7 3297
246.4 3273
247.4 3237
247.9 3313
248.5 3241
249.3 3305
250.0 3229
253.5 3297
253.8 3233
254.7 3237
254.7 3305
255.3 3261
256.6 3285
257.4 3229
257.8 3273
258.3 3297
259.9 3253
262.8 3301
264.5 3245
265.9 3233
266.4 3237
267.7 3257
267.7 3273
268.2 3305
269.7 3253
269.7 3261
271.7 3233
271.8 3313
272.2 3305
272.4 3229
272.4 3237
273.1 3297
275.1 3253
278.3 3297
279.5 3237
281.3 3301
281.5 3229
281.5 3273
281.6 3313
282.2 3305
282.3 3297
283.1 3261
283.4 3233
284.4 3237
288.1 3313
288.4 3273
288.6 3241
288.7 3285
290.1 3305
291.9 3297
292.3 3229
293.8 3233
293.9 3237
297.2 3261
299.6 3305
299.9 3313
303.1 3273
303.5 3297
305.4 3245
308.2 3313
308.5 3305
309.4 3285
310.1 3297
310.4 3233
312.3 3273
313.2 3237
313.2 3301
318.2 3305
318.3 3313
321.7 3301
321.9 3245
322.3 3257
322.4 3237
323.1 3253
323.2 3241
323.5 3233
325.3 3297
325.8 3301
329.4 3297
330.7 3237
330.9 3305
334.7 3297
336.3 3301
337.3 3305
338.9 3237
339.1 3313
340.1 3273
340.3 3245
343.0 3237
343.0 3253
344.8 3233
345.1 3285
345.7 3305
346.4 3241
346.6 3297
349.9 3233
350.0 3313
351.3 3229
351.6 3245
352.3 3297
355.1 3305
355.3 3273
355.5 3261
356.4 3245
357.0 3237
359.3 3241
360.6 3257
362.3 3301
362.8 3233
363.2 3237
364.5 3297
366.4 3305
366.7 3285
367.7 3237
368.3 3233
369.8 3313
371.8 3301
373.2 3305
375.9 3297
376.1 3233
376.7 3253
378.5 3301
379.3 3237
379.5 3313
379.6 3273
381.4 3285
382.4 3233
382.5 3245
382.7 3229
383.6 3273
384.2 3297
385.9 3237
386.6 3305
386.8 3301
390.6 3229
391.2 3297
391.7 3237
392.2 3245
393.2 3233
394.2 3261
394.6 3305
396.7 3297
397.6 3237
398.9 3241
401.0 3261
401.5 3245
402.6 3313
403.9 3301
404.3 3285
404.4 3229
408.3 3305
409.0 3297
410.4 3237
411.4 3261
413.2 3257
413.9 3305
415.1 3245
416.4 3297
417.5 3233
417.8 3273
418.2 3301
418.6 3241
418.6 3313
422.0 3313
422.3 3237
422.6 3261
423.0 3305
426.3 3229
426.4 3253
426.6 3273
427.7 3313
428.7 3305
430.0 3297
430.6 3237
432.0 3261
436.3 3237
437.8 3297
438.6 3305
440.5 3273
441.1 3237
441.5 3313
442.6 3301
443.4 3241
445.0 3297
446.5 3285
446.9 3257
450.6 3237
450.8 3305
451.8 3261
454.0 3229
454.7 3245
455.4 3237
456.4 3297
458.2 3285
458.4 3233
459.2 3301
460.9 3305
462.4 3237
462.5 3313
463.6 3297
464.9 3233
465.4 3257
466.8 3301
467.4 3297
467.5 3229
469.4 3285
469.8 3233
470.1 3237
470.2 3313
472.7 3297
473.3 3261
473.7 3301
474.9 3257
475.9 3253
478.2 3297
478.6 3241
478.7 3237
478.9 3245
479.5 3313
479.8 3305
481.6 3261
483.1 3241
484.2 3305
484.3 3237
484.5 3297
487.6 3233
487.7 3257
488.7 3261
490.6 3237
492.7 3233
494.1 3313
495.2 3237
499.3 3257
500.4 3297
501.3 3233
501.5 3285
501.7 3313
502.3 3241
502.8 3273
505.5 3261
508.2 3237
508.8 3297
509.2 3305
510.2 3273
511.3 3233
512.9 3285
513.4 3245
514.1 3257
514.1 3313
515.1 3237
515.7 3273
517.5 3285
517.6 3305
517.8 3233
518.3 3229
518.6 3297
518.7 3313
520.8 3261
522.1 3305
524.2 3313
526.9 3253
527.3 3285
530.7 3237
531.9 3257
532.4 3305
533.4 3297
533.5 3233
535.2 3245
535.7 3253
536.4 3305
537.6 3241
537.8 3301
539.4 3237
540.3 3229
540.6 3273
540.8 3305
541.5 3253
542.4 3245
542.8 3241
543.0 3297
543.6 3257
544.1 3313
547.4 3241
548.3 3237
549.4 3305
549.5 3301
549.8 3297
552.2 3229
553.1 3305
553.7 3237
557.1 3233
557.2 3241
557.8 3273
558.0 3261
558.5 3257
558.8 3237
560.3 3229
562.0 3261
562.5 3285
564.9 3257
565.3 3237
567.6 3253
567.8 3297
569.2 3273
570.9 3305
572.5 3241
572.8 3313
573.2 3253
573.4 3237
575.6 3301
577.1 3305
577.8 3229
581.7 3305
583.1 3237
583.6 3229
585.2 3245
587.7 3313
588.3 3237
588.4 3297
588.8 3305
589.5 3253
590.9 3257
594.4 3253
596.0 3233
596.0 3301
596.4 3273
596.9 3237
598.0 3297
599.3 3229
602.3 3273
602.3 3305
602.4 3245
604.2 3233
604.2 3253
604.4 3261
604.6 3237
605.9 3297
607.0 3313
608.2 3257
609.8 3237
610.2 3305
613.4 3301
614.1 3233
614.4 3245
614.5 3297
615.8 3305
616.5 3241
617.0 3261
617.1 3257
617.5 3229
619.1 3237
619.5 3301
620.6 3305
621.7 3297
622.5 3233
622.8 3261
623.1 3229
623.8 3237
623.9 3273
627.5 3245
628.6 3237
631.2 3261
632.0 3285
632.1 3297
633.9 3301
635.3 3237
635.4 3241
636.3 3305
637.1 3229
638.5 3253
639.3 3261
639.6 3245
641.0 3237
642.1 3305
642.7 3301
643.0 3297
643.3 3241
647.5 3297
647.7 3305
648.9 3285
649.6 3301
649.9 3229
651.4 3313
652.5 3237
653.0 3253
656.7 3285
657.1 3305
658.4 3297
658.6 3257
662.5 3237
662.6 3273
663.0 3285
665.0 3297
666.1 3261
666.5 3253
668.5 3297
669.8 3257
670.0 3241
670.7 3305
674.8 3237
676.7 3245
676.7 3313
677.0 3241
678.7 3305
680.4 3301
682.3 3245
682.4 3237
683.7 3285
684.3 3257
684.3 3297
688.1 3305
688.2 3297
688.7 3261
690.0 3241
692.7 3237
692.8 3305
693.1 3273
693.2 3297
694.8 3301
698.2 3297
698.8 3285
698.9 3233
700.3 3305
700.7 3257
703.8 3241
704.8 3297
704.9 3253
705.2 3237
706.8 3305
707.8 3245
711.9 3305
712.0 3229
713.4 3233
713.4 3297
713.9 3261
714.3 3245
715.5 3237
716.6 3285
717.3 3229
718.2 3233
719.2 3273
720.3 3253
722.3 3305
722.9 3301
723.1 3237
723.6 3313
724.8 3297
727.0 3285
727.8 3237
727.8 3273
728.8 3305
730.6 3285
731.7 3297
731.9 3305
732.3 3257
732.7 3273
733.6 3237
733.8 3241
734.2 3233
735.6 3297
735.7 3253
736.7 3301
739.5 3313
740.6 3273
742.0 3285
742.4 3305
743.0 3297
744.1 3245
744.9 3253
745.7 3229
747.7 3237
750.3 3301
751.4 3305
752.4 3237
754.6 3257
755.5 3297
756.4 3273
756.8 3241
756.8 3301
760.1 3229
761.0 3253
762.1 3273
762.6 3285
764.1 3245
764.5 3261
764.8 3237
765.5 3305
765.9 3257
769.2 3305
770.4 3297
770.7 3237
770.8 3233
771.5 3229
771.5 3257
771.5 3313
774.3 3301
774.4 3285
774.8 3273
775.5 3253
775.9 3305
776.5 3261
776.5 3297
777.8 3229
778.5 3241
778.9 3313
780.1 3273
782.2 3245
784.8 3285
785.5 3305
786.2 3273
787.1 3237
787.2 3297
787.7 3229
787.8 3257
790.9 3261
792.8 3297
794.7 3313
795.1 3305
797.5 3297
798.0 3237
798.2 3261
802.4 3253
803.5 3301
804.3 3285
804.6 3305
806.8 3297
808.7 3233
810.3 3237
810.5 3229
810.7 3245
812.2 3241
812.5 3273
814.1 3305
816.1 3229
817.6 3297
818.2 3305
818.7 3301
819.1 3313
820.2 3237
820.3 3241
822.8 3245
824.4 3305
824.7 3237
825.3 3253
830.2 3297
831.0 3245
831.1 3241
831.3 3237
831.3 3305
832.4 3273
833.4 3301
835.4 3237
836.3 3305
837.8 3253
839.4 3229
840.6 3297
842.2 3305
843.6 3245
844.3 3285
845.2 3305
845.4 3237
845.5 3297
846.6 3301
848.8 3237
848.8 3313
852.1 3245
853.0 3305
853.3 3301
853.7 3241
855.5 3273
859.4 3245
860.4 3241
860.7 3297
860.7 3313
861.3 3301
863.1 3229
865.8 3305
866.7 3237
867.2 3285
868.8 3297
869.8 3305
870.4 3313
871.2 3237
872.9 3273
873.3 3229
874.4 3297
877.6 3257
878.4 3253
879.8 3261
881.8 3241
882.1 3305
882.6 3237
882.6 3313
884.9 3297
886.2 3273
887.5 3245
887.9 3301
888.7 3305
894.1 3233
894.8 3253
895.0 3285
896.1 3241
897.6 3297
897.7 3273
897.8 3237
898.7 3285
898.8 3305
898.9 3261
900.4 3233
904.7 3305
905.0 3297
906.2 3273
907.3 3237
907.4 3241
908.8 3229
908.8 3313
910.5 3257
912.5 3237
913.0 3245
913.8 3253
915.9 3313
916.3 3301
917.8 3237
918.6 3285
921.4 3305
922.6 3245
923.4 3301
924.6 3257
925.0 3313
925.5 3241
925.9 3237
927.8 3305
928.4 3297
928.5 3233
929.4 3301
930.5 3261
932.6 3313
933.3 3237
933.3 3253
935.8 3297
936.0 3257
940.4 3273
940.7 3237
940.7 3245
940.7 3297
940.9 3261
943.0 3305
945.0 3285
945.7 3241
946.7 3229
946.7 3237
948.9 3313
949.1 3297
950.4 3245
950.8 3237
952.3 3257
955.8 3241
956.1 3253
956.4 3297
960.2 3305
961.8 3245
961.9 3241
964.2 3253
964.3 3297
967.2 3257
967.8 3305
970.0 3229
971.0 3237
971.3 3253
973.2 3305
974.5 3241
974.7 3237
977.1 3257
977.5 3305
978.6 3261
979.4 3237
14.7 3286
19.9 3222
21.5 3278
22.6 3230
25.4 3254
26.5 3270
26.5 3286
27.3 3278
32.8 3278
33.1 3222
34.4 3254
38.8 3286
39.7 3230
43.9 3254
44.3 3278
44.7 3246
46.2 3286
49.9 3254
50.6 3278
57.2 3278
57.8 3230
58.6 3250
64.7 3246
66.5 3278
66.5 3286
68.8 3222
71.2 3250
72.0 3246
72.9 3230
73.8 3278
80.2 3286
82.9 3250
84.9 3254
85.2 3270
86.8 3278
90.6 3222
99.0 3246
99.6 3250
102.6 3278
104.6 3250
105.3 3270
108.7 3230
108.8 3246
109.0 3278
115.2 3222
116.4 3250
116.4 3270
117.7 3246
117.7 3278
120.7 3222
121.8 3254
123.6 3246
123.8 3278
127.7 3278
132.0 3230
135.7 3286
136.6 3246
138.0 3230
138.0 3278
139.5 3254
142.6 3222
148.0 3230
149.0 3270
149.2 3278
149.8 3246
151.1 3286
152.1 3250
159.7 3278
165.1 3246
165.3 3250
165.7 3270
166.9 3254
167.2 3278
167.3 3230
172.4 3254
172.8 3278
174.8 3246
176.8 3230
178.5 3250
180.5 3278
183.5 3278
187.0 3270
187.4 3230
190.3 3222
192.5 3246
193.4 3278
199.3 3222
200.4 3278
202.1 3230
204.6 3246
205.5 3278
208.4 3254
211.8 3270
212.5 3246
213.6 3278
215.5 3230
217.5 3250
221.9 3278
223.4 3230
227.1 3250
227.7 3246
229.1 3278
229.7 3222
233.9 3278
234.0 3270
239.4 3278
239.5 3254
240.5 3286
241.6 3230
242.9 3222
244.3 3250
246.0 3270
247.8 3246
248.7 3230
253.3 3246
254.3 3278
255.2 3270
255.6 3254
257.9 3230
258.1 3250
261.1 3254
266.3 3278
269.2 3246
271.2 3278
272.0 3254
276.2 3278
276.7 3246
277.0 3222
278.0 3230
280.2 3278
283.8 3250
289.6 3278
290.2 3254
290.5 3270
294.2 3250
297.2 3278
302.8 3286
303.6 3246
310.7 3230
311.2 3254
314.5 3278
315.8 3286
316.9 3230
318.4 3270
321.0 3278
321.5 3230
322.2 3270
322.3 3250
326.3 3230
327.0 3246
332.9 3246
333.9 3286
334.2 3254
335.8 3278
337.5 3230
339.1 3250
343.0 3278
344.1 3250
345.3 3222
346.2 3246
350.0 3278
354.5 3270
355.1 3278
356.9 3246
363.9 3222
369.6 3254
371.0 3250
371.3 3278
378.9 3246
382.0 3270
384.5 3278
386.2 3222
388.0 3254
392.1 3250
394.5 3230
395.6 3254
397.1 3222
401.9 3278
402.4 3230
405.6 3270
407.1 3254
408.0 3250
408.5 3246
409.7 3278
414.1 3286
415.1 3222
418.7 3254
419.0 3250
424.0 3278
425.4 3254
426.2 3270
428.7 3230
432.7 3286
434.0 3246
434.3 3222
436.5 3278
440.8 3278
444.6 3246
445.8 3250
447.5 3286
450.0 3230
451.4 3278
452.0 3254
454.2 3222
460.8 3270
462.5 3286
463.0 3254
464.2 3278
466.3 3250
469.3 3278
472.3 3286
472.8 3278
478.0 3286
478.6 3230
480.1 3278
484.5 3270
485.2 3250
487.4 3286
488.2 3254
490.0 3222
491.7 3278
498.5 3246
500.9 3230
505.4 3246
506.1 3278
506.8 3286
507.7 3230
507.7 3250
512.3 3278
516.2 3286
517.0 3278
518.2 3246
526.1 3222
526.6 3278
530.1 3246
531.5 3278
532.0 3250
533.4 3286
534.1 3246
535.1 3222
535.9 3254
537.4 3230
539.5 3278
542.9 3230
543.3 3270
545.5 3286
546.4 3254
547.8 3250
550.3 3286
552.9 3278
555.5 3246
559.4 3278
564.5 3222
565.7 3254
568.0 3250
568.8 3286
569.9 3270
570.9 3278
572.0 3254
575.7 3278
577.6 3254
577.8 3222
578.3 3246
579.2 3278
580.9 3230
581.6 3270
583.2 3254
584.7 3222
585.2 3250
586.6 3278
587.6 3286
590.9 3278
591.1 3246
592.6 3286
596.4 3250
598.6 3278
599.8 3254
602.4 3222
607.4 3278
607.7 3250
609.6 3230
611.4 3270
611.9 3246
617.0 3278
620.4 3278
622.3 3246
623.8 3250
624.6 3286
626.1 3278
629.9 3278
630.5 3270
635.6 3286
639.5 3250
641.4 3246
646.6 3222
646.6 3278
647.1 3270
649.2 3254
652.0 3250
652.5 3222
652.7 3278
653.7 3254
659.1 3246
659.5 3278
663.2 3278
670.6 3254
671.0 3278
674.3 3230
674.4 3286
676.8 3270
677.7 3246
679.6 3278
681.2 3222
683.7 3278
684.5 3254
690.9 3250
692.7 3254
693.1 3270
693.9 3278
695.5 3230
698.7 3286
706.3 3278
708.5 3286
710.2 3230
710.4 3278
711.2 3254
712.8 3250
715.6 3278
716.6 3222
717.4 3246
717.6 3250
724.9 3278
725.8 3286
727.5 3270
727.9 3222
731.1 3246
734.8 3254
734.8 3286
734.9 3278
737.7 3230
738.0 3222
740.6 3270
741.7 3246
743.6 3278
744.3 3286
745.9 3222
747.6 3230
747.7 3246
752.4 3222
753.3 3270
755.6 3286
757.1 3246
760.0 3278
764.7 3286
766.3 3278
767.9 3222
772.3 3278
772.7 3246
778.3 3270
778.9 3250
786.5 3278
786.6 3254
787.3 3286
787.7 3230
791.2 3250
792.1 3278
795.4 3254
796.4 3286
798.1 3250
799.4 3230
800.9 3278
807.7 3230
809.0 3250
813.5 3278
816.1 3250
818.4 3230
821.3 3278
822.9 3254
823.8 3270
824.5 3246
826.2 3222
826.4 3278
828.7 3254
830.4 3250
830.4 3278
835.5 3254
837.4 3246
837.4 3250
837.8 3278
839.4 3270
842.4 3278
843.8 3230
852.4 3222
853.4 3286
854.3 3246
858.8 3270
863.6 3278
863.9 3246
865.7 3286
869.0 3278
873.0 3278
873.7 3246
875.4 3270
875.9 3222
876.8 3250
877.0 3286
879.6 3278
881.9 3270
885.9 3254
887.0 3278
889.7 3286
890.7 3250
891.8 3278
892.5 3222
898.6 3246
899.4 3230
900.1 3278
901.4 3270
901.9 3254
905.2 3286
907.2 3278
908.8 3222
916.7 3278
920.4 3222
923.4 3278
923.6 3254
925.8 3270
926.6 3286
929.7 3230
930.3 3278
935.2 3250
936.3 3278
943.9 3230
944.8 3222
948.6 3278
949.9 3270
952.8 3246
954.6 3278
955.5 3250
958.1 3278
960.2 3222
960.3 3286
961.3 3246
962.9 3270
968.3 3254
970.0 3278
972.3 3250
974.0 3270
974.0 3278
975.4 3222
978.9 3278
12.2 3231
14.5 3299
14.7 3287
15.3 3271
19.6 3303
20.4 3223
22.6 3271
25.1 3287
27.2 3311
28.9 3271
31.7 3287
31.7 3299
32.8 3231
33.0 3223
35.1 3271
38.0 3311
38.4 3223
40.9 3303
44.5 3223
44.6 3311
46.0 3271
51.7 3271
54.0 3223
54.9 3287
58.5 3303
59.0 3271
59.2 3299
61.8 3287
63.4 3271
65.3 3287
66.5 3223
69.4 3287
71.4 3271
73.6 3311
75.7 3223
76.5 3287
76.7 3271
79.1 3231
81.5 3287
82.6 3223
84.3 3271
86.4 3287
86.8 3303
91.9 3287
92.2 3271
94.3 3223
97.3 3303
99.3 3271
101.2 3287
101.3 3223
106.1 3223
106.2 3271
110.8 3223
110.8 3287
115.0 3271
115.0 3299
115.9 3311
116.4 3223
118.2 3287
121.7 3231
121.9 3271
123.5 3287
124.1 3311
129.8 3271
130.5 3287
132.1 3223
133.9 3303
138.6 3223
140.9 3311
143.0 3223
143.0 3271
144.8 3287
147.9 3223
151.3 3271
153.1 3303
153.7 3231
154.6 3311
155.3 3271
155.4 3223
156.9 3287
159.5 3271
160.2 3223
160.2 3299
161.1 3303
162.9 3287
165.8 3223
166.5 3231
169.1 3287
171.1 3223
175.3 3311
176.5 3299
176.6 3223
178.6 3271
180.8 3231
182.3 3287
185.2 3271
186.4 3299
189.9 3223
191.2 3311
191.9 3271
192.1 3287
193.5 3299
194.0 3223
196.3 3271
200.8 3231
201.3 3287
201.4 3311
204.0 3223
204.0 3271
205.2 3231
206.8 3287
208.8 3231
210.1 3223
211.0 3271
211.7 3299
214.6 3223
216.5 3299
216.6 3271
221.8 3271
224.1 3223
228.7 3299
229.3 3231
229.8 3311
230.3 3303
233.0 3287
234.8 3271
238.7 3223
239.1 3303
239.2 3231
243.3 3287
244.0 3311
244.8 3223
246.1 3303
251.1 3223
253.7 3271
253.9 3231
256.2 3303
256.7 3299
257.0 3287
257.4 3271
260.9 3299
261.1 3223
262.6 3287
264.9 3299
266.5 3271
266.9 3303
269.4 3223
270.8 3287
274.5 3287
274.6 3311
275.7 3271
277.9 3223
282.7 3223
282.9 3303
283.0 3287
283.5 3271
284.0 3311
287.1 3223
287.4 3231
287.9 3287
292.4 3223
293.2 3231
294.8 3271
295.6 3287
296.7 3311
299.3 3271
300.0 3287
304.7 3271
304.9 3223
304.9 3299
305.8 3231
308.0 3271
309.2 3223
312.6 3271
312.9 3287
317.9 3231
318.5 3299
320.3 3271
320.5 3287
321.7 3223
321.8 3231
322.9 3311
324.2 3287
326.5 3271
326.5 3303
327.7 3299
328.9 3287
331.0 3231
332.1 3271
334.4 3287
334.4 3311
334.8 3223
337.0 3271
338.3 3287
340.5 3223
342.9 3287
343.2 3231
343.7 3271
346.5 3271
349.9 3299
351.1 3223
352.2 3287
352.9 3271
357.5 3299
357.8 3311
359.0 3287
362.8 3223
364.5 3271
366.0 3299
366.3 3287
369.0 3223
369.0 3311
372.6 3287
373.0 3271
374.7 3303
376.1 3223
378.6 3299
378.7 3287
379.3 3311
384.1 3299
384.5 3223
384.6 3271
386.5 3231
390.5 3287
391.0 3271
392.6 3223
392.7 3303
396.3 3223
398.5 3287
399.2 3271
399.8 3311
400.6 3223
403.2 3287
408.3 3271
410.4 3311
412.0 3287
413.0 3299
413.4 3271
414.6 3223
414.6 3303
416.8 3287
417.2 3231
420.4 3287
421.8 3271
426.2 3287
431.1 3223
431.2 3271
431.6 3287
436.2 3271
437.7 3299
438.6 3287
438.8 3311
440.8 3271
441.4 3223
445.9 3287
447.2 3271
448.9 3303
452.7 3287
453.4 3223
453.7 3231
455.9 3299
458.0 3287
458.1 3303
458.8 3223
459.2 3271
462.9 3287
464.1 3223
464.4 3311
466.0 3271
469.5 3287
470.5 3223
471.0 3271
475.4 3271
475.8 3303
476.4 3223
479.4 3271
480.2 3287
485.8 3231
486.1 3223
486.8 3287
492.2 3311
493.2 3271
493.2 3299
493.9 3223
496.0 3303
499.9 3231
500.8 3271
502.7 3287
502.7 3311
507.7 3271
509.8 3223
510.2 3299
513.4 3311
513.5 3287
513.6 3271
515.5 3231
519.8 3287
520.2 3271
522.6 3299
523.2 3303
524.6 3287
525.8 3223
526.7 3299
529.9 3287
531.2 3223
531.4 3271
535.9 3303
536.2 3223
541.3 3271
541.5 3287
542.3 3223
545.5 3311
545.6 3299
547.0 3303
547.6 3271
549.0 3223
550.6 3287
551.1 3311
551.9 3299
553.0 3231
554.9 3271
558.2 3311
559.6 3287
560.8 3303
562.5 3271
566.5 3223
567.0 3287
567.9 3271
568.8 3303
572.3 3231
572.4 3223
572.6 3287
574.0 3299
574.9 3311
578.8 3271
579.3 3223
579.9 3303
580.0 3287
584.4 3271
585.3 3287
586.0 3223
586.8 3231
587.8 3271
590.2 3223
591.5 3287
591.7 3311
593.0 3299
595.6 3287
598.6 3303
600.7 3271
603.1 3287
606.1 3303
612.5 3287
616.1 3223
617.2 3271
617.9 3287
619.4 3303
624.5 3223
624.6 3287
624.7 3271
628.7 3311
630.5 3271
632.5 3287
634.3 3231
634.9 3271
636.6 3223
637.7 3287
638.6 3299
640.1 3271
641.5 3303
643.4 3287
645.2 3223
646.4 3311
654.4 3271
654.8 3231
657.1 3287
657.3 3223
659.9 3271
662.2 3287
663.8 3311
664.2 3271
665.1 3223
667.3 3287
668.0 3271
672.4 3287
672.5 3223
672.6 3311
674.2 3271
680.3 3271
680.8 3231
681.0 3223
685.1 3287
685.7 3223
687.7 3271
689.8 3287
690.7 3223
695.2 3223
695.2 3311
697.3 3271
698.3 3287
700.9 3299
703.6 3231
705.7 3287
705.9 3223
706.6 3271
713.1 3271
713.3 3223
714.9 3231
716.4 3311
718.9 3271
720.4 3223
724.0 3311
728.9 3271
729.2 3287
731.6 3223
735.0 3299
735.8 3231
736.3 3223
739.8 3287
743.7 3223
744.1 3287
745.5 3271
747.9 3311
752.7 3287
754.0 3303
757.5 3223
760.4 3299
760.6 3271
763.5 3223
764.3 3271
764.4 3231
764.4 3287
774.6 3287
774.8 3271
774.9 3223
774.9 3311
777.7 3299
779.2 3303
780.4 3287
780.7 3271
785.7 3223
789.1 3287
791.0 3271
794.4 3311
795.7 3287
797.6 3223
801.1 3287
801.5 3231
801.8 3303
803.4 3299
807.6 3223
810.1 3287
810.4 3303
812.7 3299
813.9 3223
815.4 3287
816.7 3271
816.8 3311
817.5 3223
820.2 3287
822.0 3271
823.4 3223
826.0 3299
826.6 3303
827.7 3311
828.1 3223
831.1 3271
832.1 3287
834.7 3223
835.3 3271
837.6 3287
840.5 3231
843.0 3299
843.4 3271
844.2 3223
846.2 3303
847.8 3287
848.7 3271
851.5 3231
855.6 3271
855.7 3303
858.5 3287
859.5 3223
860.1 3299
863.1 3223
867.9 3287
870.4 3271
872.3 3223
873.2 3231
874.9 3271
876.6 3223
878.6 3287
880.5 3271
881.1 3303
884.3 3287
885.1 3223
885.1 3231
888.4 3287
889.0 3271
892.7 3223
893.5 3271
897.3 3303
899.1 3271
903.4 3271
905.5 3287
905.8 3223
912.7 3287
914.3 3271
918.9 3287
921.8 3271
926.2 3231
926.8 3223
927.0 3287
929.8 3311
930.8 3299
930.9 3231
932.5 3287
933.6 3271
934.3 3223
938.1 3299
938.3 3303
939.3 3311
940.8 3287
942.5 3223
945.6 3271
949.6 3287
950.2 3223
950.8 3231
951.5 3271
952.8 3303
954.2 3299
955.6 3271
955.8 3231
956.3 3287
959.1 3311
959.5 3223
961.6 3287
964.1 3303
964.6 3271
966.2 3299
966.9 3223
968.6 3287
968.9 3271
971.0 3223
971.9 3303
975.1 3231
975.2 3271
975.8 3223
978.3 3311
979.0 3271
