Name: Prefrontal[Glu0], Title: Raster plot from device '11222', Hist: False
404.2 9504
404.2 9508
404.2 9512
404.2 9516
404.2 9520
404.2 9524
404.2 9528
404.2 9532
404.2 9536
404.2 9540
404.2 9544
404.2 9548
404.2 9552
404.2 9556
404.2 9560
404.2 9564
404.2 9568
404.2 9572
404.2 9576
404.2 9580
404.2 9584
404.2 9588
404.2 9592
404.2 9596
404.2 9600
406.5 9504
406.5 9508
406.5 9512
406.5 9516
406.5 9520
406.5 9524
406.5 9528
406.5 9532
406.5 9536
406.5 9540
406.5 9544
406.5 9548
406.5 9552
406.5 9556
406.5 9560
406.5 9564
406.5 9568
406.5 9572
406.5 9576
406.5 9580
406.5 9584
406.5 9588
406.5 9592
406.5 9596
406.5 9600
408.6 9504
408.6 9508
408.6 9512
408.6 9516
408.6 9520
408.6 9524
408.6 9528
408.6 9532
408.6 9536
408.6 9540
408.6 9544
408.6 9548
408.6 9552
408.6 9556
408.6 9560
408.6 9564
408.6 9568
408.6 9572
408.6 9576
408.6 9580
408.6 9584
408.6 9588
408.6 9592
408.6 9596
408.6 9600
410.7 9504
410.7 9508
410.7 9512
410.7 9516
410.7 9520
410.7 9524
410.7 9528
410.7 9532
410.7 9536
410.7 9540
410.7 9544
410.7 9548
410.7 9552
410.7 9556
410.7 9560
410.7 9564
410.7 9568
410.7 9572
410.7 9576
410.7 9580
410.7 9584
410.7 9588
410.7 9592
410.7 9596
410.7 9600
412.8 9504
412.8 9508
412.8 9512
412.8 9516
412.8 9520
412.8 9524
412.8 9528
412.8 9532
412.8 9536
412.8 9540
412.8 9544
412.8 9548
412.8 9552
412.8 9556
412.8 9560
412.8 9564
412.8 9568
412.8 9572
412.8 9576
412.8 9580
412.8 9584
412.8 9588
412.8 9592
412.8 9596
412.8 9600
414.9 9504
414.9 9508
414.9 9512
414.9 9516
414.9 9520
414.9 9524
414.9 9528
414.9 9532
414.9 9536
414.9 9540
414.9 9544
414.9 9548
414.9 9552
414.9 9556
414.9 9560
414.9 9564
414.9 9568
414.9 9572
414.9 9576
414.9 9580
414.9 9584
414.9 9588
414.9 9592
414.9 9596
414.9 9600
417.0 9504
417.0 9508
417.0 9512
417.0 9516
417.0 9520
417.0 9524
417.0 9528
417.0 9532
417.0 9536
417.0 9540
417.0 9544
417.0 9548
417.0 9552
417.0 9556
417.0 9560
417.0 9564
417.0 9568
417.0 9572
417.0 9576
417.0 9580
417.0 9584
417.0 9588
417.0 9592
417.0 9596
417.0 9600
419.1 9504
419.1 9508
419.1 9512
419.1 9516
419.1 9520
419.1 9524
419.1 9528
419.1 9532
419.1 9536
419.1 9540
419.1 9544
419.1 9548
419.1 9552
419.1 9556
419.1 9560
419.1 9564
419.1 9568
419.1 9572
419.1 9576
419.1 9580
419.1 9584
419.1 9588
419.1 9592
419.1 9596
419.1 9600
421.3 9504
421.3 9508
421.3 9512
421.3 9516
421.3 9520
421.3 9524
421.3 9528
421.3 9532
421.3 9536
421.3 9540
421.3 9544
421.3 9548
421.3 9552
421.3 9556
421.3 9560
421.3 9564
421.3 9568
421.3 9572
421.3 9576
421.3 9580
421.3 9584
421.3 9588
421.3 9592
421.3 9596
421.3 9600
423.5 9504
423.5 9508
423.5 9512
423.5 9516
423.5 9520
423.5 9524
423.5 9528
423.5 9532
423.5 9536
423.5 9540
423.5 9544
423.5 9548
423.5 9552
423.5 9556
423.5 9560
423.5 9564
423.5 9568
423.5 9572
423.5 9576
423.5 9580
423.5 9584
423.5 9588
423.5 9592
423.5 9596
423.5 9600
425.7 9504
425.7 9508
425.7 9512
425.7 9516
425.7 9520
425.7 9524
425.7 9528
425.7 9532
425.7 9536
425.7 9540
425.7 9544
425.7 9548
425.7 9552
425.7 9556
425.7 9560
425.7 9564
425.7 9568
425.7 9572
425.7 9576
425.7 9580
425.7 9584
425.7 9588
425.7 9592
425.7 9596
425.7 9600
428.0 9508
428.0 9560
428.1 9504
428.1 9512
428.1 9516
428.1 9520
428.1 9524
428.1 9528
428.1 9532
428.1 9536
428.1 9540
428.1 9544
428.1 9548
428.1 9552
428.1 9556
428.1 9564
428.1 9568
428.1 9572
428.1 9576
428.1 9580
428.1 9584
428.1 9588
428.1 9592
428.1 9596
428.1 9600
430.2 9508
430.2 9560
430.3 9504
430.3 9512
430.3 9516
430.3 9520
430.3 9524
430.3 9528
430.3 9532
430.3 9536
430.3 9540
430.3 9544
430.3 9548
430.3 9552
430.3 9556
430.3 9564
430.3 9568
430.3 9572
430.3 9576
430.3 9580
430.3 9584
430.3 9588
430.3 9592
430.3 9596
430.3 9600
432.4 9504
432.4 9508
432.4 9512
432.4 9516
432.4 9520
432.4 9524
432.4 9528
432.4 9532
432.4 9536
432.4 9540
432.4 9544
432.4 9548
432.4 9552
432.4 9556
432.4 9560
432.4 9564
432.4 9568
432.4 9572
432.4 9576
432.4 9580
432.4 9584
432.4 9588
432.4 9592
432.4 9596
432.4 9600
434.5 9504
434.5 9508
434.5 9512
434.5 9516
434.5 9520
434.5 9524
434.5 9528
434.5 9532
434.5 9536
434.5 9540
434.5 9544
434.5 9548
434.5 9552
434.5 9556
434.5 9560
434.5 9564
434.5 9568
434.5 9572
434.5 9576
434.5 9580
434.5 9584
434.5 9588
434.5 9592
434.5 9596
434.5 9600
436.7 9504
436.7 9508
436.7 9512
436.7 9516
436.7 9520
436.7 9524
436.7 9528
436.7 9532
436.7 9536
436.7 9540
436.7 9544
436.7 9548
436.7 9552
436.7 9556
436.7 9560
436.7 9564
436.7 9568
436.7 9572
436.7 9576
436.7 9580
436.7 9584
436.7 9588
436.7 9592
436.7 9596
436.7 9600
438.9 9504
438.9 9508
438.9 9512
438.9 9516
438.9 9520
438.9 9524
438.9 9528
438.9 9532
438.9 9536
438.9 9540
438.9 9544
438.9 9548
438.9 9552
438.9 9556
438.9 9560
438.9 9564
438.9 9568
438.9 9572
438.9 9576
438.9 9580
438.9 9584
438.9 9588
438.9 9592
438.9 9596
438.9 9600
441.1 9504
441.1 9508
441.1 9512
441.1 9516
441.1 9520
441.1 9524
441.1 9528
441.1 9532
441.1 9536
441.1 9540
441.1 9544
441.1 9548
441.1 9552
441.1 9556
441.1 9560
441.1 9564
441.1 9568
441.1 9572
441.1 9576
441.1 9580
441.1 9584
441.1 9588
441.1 9592
441.1 9596
441.1 9600
443.3 9504
443.3 9508
443.3 9512
443.3 9516
443.3 9520
443.3 9524
443.3 9528
443.3 9532
443.3 9536
443.3 9540
443.3 9544
443.3 9548
443.3 9552
443.3 9556
443.3 9560
443.3 9564
443.3 9568
443.3 9572
443.3 9576
443.3 9580
443.3 9584
443.3 9588
443.3 9592
443.3 9596
443.3 9600
445.5 9504
445.5 9508
445.5 9512
445.5 9516
445.5 9520
445.5 9524
445.5 9528
445.5 9532
445.5 9536
445.5 9540
445.5 9544
445.5 9548
445.5 9552
445.5 9556
445.5 9560
445.5 9564
445.5 9568
445.5 9572
445.5 9576
445.5 9580
445.5 9584
445.5 9588
445.5 9592
445.5 9596
445.5 9600
447.7 9504
447.7 9508
447.7 9512
447.7 9516
447.7 9520
447.7 9524
447.7 9528
447.7 9532
447.7 9536
447.7 9540
447.7 9544
447.7 9548
447.7 9552
447.7 9556
447.7 9560
447.7 9564
447.7 9568
447.7 9572
447.7 9576
447.7 9580
447.7 9584
447.7 9588
447.7 9592
447.7 9596
447.7 9600
450.1 9504
450.1 9508
450.1 9512
450.1 9516
450.1 9520
450.1 9524
450.1 9528
450.1 9532
450.1 9536
450.1 9540
450.1 9544
450.1 9548
450.1 9552
450.1 9556
450.1 9560
450.1 9564
450.1 9568
450.1 9572
450.1 9576
450.1 9580
450.1 9584
450.1 9588
450.1 9592
450.1 9596
450.1 9600
452.5 9504
452.5 9508
452.5 9512
452.5 9516
452.5 9520
452.5 9524
452.5 9528
452.5 9532
452.5 9536
452.5 9540
452.5 9544
452.5 9548
452.5 9552
452.5 9556
452.5 9560
452.5 9564
452.5 9568
452.5 9572
452.5 9576
452.5 9580
452.5 9584
452.5 9588
452.5 9592
452.5 9596
452.5 9600
454.6 9504
454.6 9508
454.6 9512
454.6 9516
454.6 9520
454.6 9524
454.6 9528
454.6 9532
454.6 9536
454.6 9540
454.6 9544
454.6 9548
454.6 9552
454.6 9556
454.6 9560
454.6 9564
454.6 9568
454.6 9572
454.6 9576
454.6 9580
454.6 9584
454.6 9588
454.6 9592
454.6 9596
454.6 9600
456.8 9504
456.8 9508
456.8 9512
456.8 9516
456.8 9520
456.8 9524
456.8 9528
456.8 9532
456.8 9536
456.8 9540
456.8 9544
456.8 9548
456.8 9552
456.8 9556
456.8 9560
456.8 9564
456.8 9568
456.8 9572
456.8 9576
456.8 9580
456.8 9584
456.8 9588
456.8 9592
456.8 9596
456.8 9600
459.0 9504
459.0 9508
459.0 9512
459.0 9516
459.0 9520
459.0 9524
459.0 9528
459.0 9532
459.0 9536
459.0 9540
459.0 9544
459.0 9548
459.0 9552
459.0 9556
459.0 9560
459.0 9564
459.0 9568
459.0 9572
459.0 9576
459.0 9580
459.0 9584
459.0 9588
459.0 9592
459.0 9596
459.0 9600
461.1 9508
461.1 9512
461.1 9516
461.1 9532
461.1 9536
461.1 9540
461.1 9560
461.1 9564
461.1 9568
461.1 9572
461.1 9576
461.1 9580
461.1 9596
461.2 9504
461.2 9520
461.2 9524
461.2 9528
461.2 9544
461.2 9548
461.2 9552
461.2 9556
461.2 9584
461.2 9588
461.2 9592
461.2 9600
463.3 9508
463.3 9512
463.3 9516
463.3 9532
463.3 9536
463.3 9540
463.3 9560
463.3 9564
463.3 9568
463.3 9572
463.3 9576
463.3 9580
463.3 9596
463.4 9504
463.4 9520
463.4 9524
463.4 9528
463.4 9544
463.4 9548
463.4 9552
463.4 9556
463.4 9584
463.4 9588
463.4 9592
463.4 9600
465.5 9508
465.5 9512
465.5 9516
465.5 9532
465.5 9536
465.5 9540
465.5 9560
465.5 9564
465.5 9568
465.5 9572
465.5 9576
465.5 9580
465.5 9596
465.6 9504
465.6 9520
465.6 9524
465.6 9528
465.6 9544
465.6 9548
465.6 9552
465.6 9556
465.6 9584
465.6 9588
465.6 9592
465.6 9600
467.6 9508
467.6 9512
467.6 9516
467.6 9532
467.6 9536
467.6 9540
467.6 9560
467.6 9564
467.6 9568
467.6 9572
467.6 9576
467.6 9580
467.6 9596
467.7 9504
467.7 9520
467.7 9524
467.7 9528
467.7 9544
467.7 9548
467.7 9552
467.7 9556
467.7 9584
467.7 9588
467.7 9592
467.7 9600
470.0 9508
470.0 9512
470.0 9516
470.0 9532
470.0 9536
470.0 9540
470.0 9560
470.0 9564
470.0 9568
470.0 9572
470.0 9576
470.0 9580
470.0 9596
470.1 9504
470.1 9520
470.1 9524
470.1 9528
470.1 9544
470.1 9548
470.1 9552
470.1 9556
470.1 9584
470.1 9588
470.1 9592
470.1 9600
472.2 9508
472.2 9512
472.2 9516
472.2 9532
472.2 9536
472.2 9540
472.2 9560
472.2 9564
472.2 9568
472.2 9572
472.2 9576
472.2 9580
472.2 9596
472.3 9504
472.3 9520
472.3 9524
472.3 9528
472.3 9544
472.3 9548
472.3 9552
472.3 9556
472.3 9584
472.3 9588
472.3 9592
472.3 9600
474.4 9508
474.4 9512
474.4 9516
474.4 9532
474.4 9536
474.4 9540
474.4 9560
474.4 9564
474.4 9568
474.4 9572
474.4 9576
474.4 9580
474.4 9596
474.5 9504
474.5 9520
474.5 9524
474.5 9528
474.5 9544
474.5 9548
474.5 9552
474.5 9556
474.5 9584
474.5 9588
474.5 9592
474.5 9600
476.6 9508
476.6 9512
476.6 9516
476.6 9532
476.6 9536
476.6 9540
476.6 9560
476.6 9564
476.6 9568
476.6 9572
476.6 9576
476.6 9580
476.6 9596
476.7 9504
476.7 9520
476.7 9524
476.7 9528
476.7 9544
476.7 9548
476.7 9552
476.7 9556
476.7 9584
476.7 9588
476.7 9592
476.7 9600
478.8 9508
478.8 9512
478.8 9516
478.8 9532
478.8 9536
478.8 9540
478.8 9560
478.8 9564
478.8 9568
478.8 9572
478.8 9576
478.8 9580
478.8 9596
478.9 9528
478.9 9544
478.9 9556
478.9 9584
478.9 9588
478.9 9592
478.9 9600
479.0 9504
479.0 9520
479.0 9524
479.0 9548
479.0 9552
481.0 9508
481.0 9512
481.0 9516
481.0 9532
481.0 9536
481.0 9540
481.0 9560
481.0 9564
481.0 9568
481.0 9572
481.0 9576
481.0 9580
481.0 9596
481.1 9528
481.1 9544
481.1 9556
481.1 9584
481.1 9588
481.1 9592
481.1 9600
481.2 9504
481.2 9520
481.2 9524
481.2 9548
481.2 9552
483.3 9508
483.3 9512
483.3 9516
483.3 9532
483.3 9536
483.3 9540
483.3 9560
483.3 9564
483.3 9568
483.3 9572
483.3 9576
483.3 9580
483.3 9596
483.4 9504
483.4 9520
483.4 9524
483.4 9528
483.4 9544
483.4 9548
483.4 9552
483.4 9556
483.4 9584
483.4 9588
483.4 9592
483.4 9600
485.5 9508
485.5 9512
485.5 9516
485.5 9532
485.5 9536
485.5 9540
485.5 9560
485.5 9564
485.5 9568
485.5 9572
485.5 9576
485.5 9580
485.5 9596
485.6 9504
485.6 9520
485.6 9524
485.6 9528
485.6 9544
485.6 9548
485.6 9552
485.6 9556
485.6 9584
485.6 9588
485.6 9592
485.6 9600
487.7 9508
487.7 9512
487.7 9516
487.7 9532
487.7 9536
487.7 9540
487.7 9560
487.7 9564
487.7 9568
487.7 9572
487.7 9576
487.7 9580
487.7 9596
487.8 9504
487.8 9520
487.8 9524
487.8 9528
487.8 9544
487.8 9548
487.8 9552
487.8 9556
487.8 9584
487.8 9588
487.8 9592
487.8 9600
489.9 9508
489.9 9512
489.9 9516
489.9 9532
489.9 9536
489.9 9540
489.9 9560
489.9 9564
489.9 9568
489.9 9572
489.9 9576
489.9 9580
489.9 9596
490.0 9504
490.0 9520
490.0 9524
490.0 9528
490.0 9544
490.0 9548
490.0 9552
490.0 9556
490.0 9584
490.0 9588
490.0 9592
490.0 9600
492.1 9508
492.1 9512
492.1 9516
492.1 9532
492.1 9536
492.1 9540
492.1 9560
492.1 9564
492.1 9568
492.1 9572
492.1 9576
492.1 9580
492.1 9596
492.2 9504
492.2 9520
492.2 9524
492.2 9528
492.2 9544
492.2 9548
492.2 9552
492.2 9556
492.2 9584
492.2 9588
492.2 9592
492.2 9600
494.2 9508
494.2 9512
494.2 9516
494.2 9536
494.2 9540
494.2 9560
494.2 9564
494.2 9568
494.2 9572
494.2 9576
494.2 9580
494.2 9596
494.3 9532
494.4 9504
494.4 9520
494.4 9524
494.4 9528
494.4 9544
494.4 9548
494.4 9552
494.4 9556
494.4 9584
494.4 9588
494.4 9592
494.4 9600
496.4 9508
496.4 9512
496.4 9516
496.4 9536
496.4 9540
496.4 9560
496.4 9564
496.4 9568
496.4 9572
496.4 9576
496.4 9580
496.4 9596
496.5 9532
496.6 9504
496.6 9520
496.6 9524
496.6 9528
496.6 9544
496.6 9548
496.6 9552
496.6 9556
496.6 9584
496.6 9588
496.6 9592
496.6 9600
498.7 9508
498.7 9512
498.7 9516
498.7 9532
498.7 9536
498.7 9540
498.7 9560
498.7 9564
498.7 9568
498.7 9572
498.7 9576
498.7 9580
498.7 9596
498.8 9504
498.8 9520
498.8 9524
498.8 9528
498.8 9544
498.8 9548
498.8 9552
498.8 9556
498.8 9584
498.8 9588
498.8 9592
498.8 9600
500.9 9508
500.9 9512
500.9 9516
500.9 9532
500.9 9536
500.9 9540
500.9 9560
500.9 9564
500.9 9568
500.9 9572
500.9 9576
500.9 9580
500.9 9596
501.0 9504
501.0 9520
501.0 9524
501.0 9528
501.0 9544
501.0 9548
501.0 9552
501.0 9556
501.0 9584
501.0 9588
501.0 9592
501.0 9600
503.0 9508
503.0 9512
503.0 9516
503.0 9532
503.0 9536
503.0 9540
503.0 9560
503.0 9564
503.0 9568
503.0 9572
503.0 9576
503.0 9580
503.0 9596
503.1 9504
503.1 9520
503.1 9524
503.1 9528
503.1 9544
503.1 9548
503.1 9552
503.1 9556
503.1 9584
503.1 9588
503.1 9592
503.1 9600
505.2 9508
505.2 9512
505.2 9516
505.2 9532
505.2 9536
505.2 9540
505.2 9560
505.2 9564
505.2 9568
505.2 9572
505.2 9576
505.2 9580
505.2 9596
505.3 9504
505.3 9520
505.3 9524
505.3 9528
505.3 9544
505.3 9548
505.3 9552
505.3 9556
505.3 9584
505.3 9588
505.3 9592
505.3 9600
507.6 9508
507.6 9512
507.6 9516
507.6 9532
507.6 9536
507.6 9540
507.6 9560
507.6 9564
507.6 9568
507.6 9572
507.6 9576
507.6 9580
507.6 9596
507.7 9504
507.7 9520
507.7 9524
507.7 9528
507.7 9544
507.7 9548
507.7 9552
507.7 9556
507.7 9584
507.7 9588
507.7 9592
507.7 9600
509.7 9508
509.7 9512
509.7 9516
509.7 9532
509.7 9536
509.7 9540
509.7 9560
509.7 9564
509.7 9568
509.7 9572
509.7 9576
509.7 9580
509.7 9596
509.8 9504
509.8 9520
509.8 9524
509.8 9528
509.8 9544
509.8 9548
509.8 9552
509.8 9556
509.8 9584
509.8 9588
509.8 9592
509.8 9600
511.9 9508
511.9 9512
511.9 9516
511.9 9532
511.9 9536
511.9 9540
511.9 9560
511.9 9564
511.9 9568
511.9 9572
511.9 9576
511.9 9580
511.9 9596
512.0 9504
512.0 9520
512.0 9524
512.0 9528
512.0 9544
512.0 9548
512.0 9552
512.0 9556
512.0 9584
512.0 9588
512.0 9592
512.0 9600
514.3 9508
514.3 9512
514.3 9516
514.3 9532
514.3 9536
514.3 9540
514.3 9560
514.3 9564
514.3 9568
514.3 9572
514.3 9576
514.3 9580
514.3 9596
514.4 9504
514.4 9520
514.4 9524
514.4 9528
514.4 9544
514.4 9548
514.4 9552
514.4 9556
514.4 9584
514.4 9588
514.4 9592
514.4 9600
516.6 9508
516.6 9512
516.6 9516
516.6 9532
516.6 9536
516.6 9540
516.6 9560
516.6 9564
516.6 9568
516.6 9572
516.6 9576
516.6 9580
516.6 9596
516.7 9504
516.7 9520
516.7 9524
516.7 9528
516.7 9544
516.7 9548
516.7 9552
516.7 9556
516.7 9584
516.7 9588
516.7 9592
516.7 9600
518.8 9508
518.8 9512
518.8 9516
518.8 9532
518.8 9536
518.8 9540
518.8 9560
518.8 9564
518.8 9568
518.8 9572
518.8 9576
518.8 9580
518.8 9596
518.9 9504
518.9 9520
518.9 9524
518.9 9528
518.9 9544
518.9 9548
518.9 9552
518.9 9556
518.9 9584
518.9 9588
518.9 9592
518.9 9600
521.0 9504
521.0 9508
521.0 9512
521.0 9516
521.0 9520
521.0 9524
521.0 9528
521.0 9532
521.0 9536
521.0 9540
521.0 9544
521.0 9548
521.0 9552
521.0 9556
521.0 9560
521.0 9564
521.0 9568
521.0 9572
521.0 9576
521.0 9580
521.0 9584
521.0 9588
521.0 9592
521.0 9596
521.0 9600
523.1 9504
523.1 9508
523.1 9512
523.1 9516
523.1 9520
523.1 9524
523.1 9528
523.1 9532
523.1 9536
523.1 9540
523.1 9544
523.1 9548
523.1 9552
523.1 9556
523.1 9560
523.1 9564
523.1 9568
523.1 9572
523.1 9576
523.1 9580
523.1 9584
523.1 9588
523.1 9592
523.1 9596
523.1 9600
525.4 9504
525.4 9508
525.4 9512
525.4 9516
525.4 9520
525.4 9524
525.4 9528
525.4 9532
525.4 9536
525.4 9540
525.4 9544
525.4 9548
525.4 9552
525.4 9556
525.4 9560
525.4 9564
525.4 9568
525.4 9572
525.4 9576
525.4 9580
525.4 9584
525.4 9588
525.4 9592
525.4 9596
525.4 9600
527.6 9504
527.6 9508
527.6 9512
527.6 9516
527.6 9520
527.6 9524
527.6 9528
527.6 9532
527.6 9536
527.6 9540
527.6 9544
527.6 9548
527.6 9552
527.6 9556
527.6 9560
527.6 9564
527.6 9568
527.6 9572
527.6 9576
527.6 9580
527.6 9584
527.6 9588
527.6 9592
527.6 9596
527.6 9600
529.8 9504
529.8 9508
529.8 9512
529.8 9516
529.8 9520
529.8 9524
529.8 9528
529.8 9532
529.8 9536
529.8 9540
529.8 9544
529.8 9548
529.8 9552
529.8 9556
529.8 9560
529.8 9564
529.8 9568
529.8 9572
529.8 9576
529.8 9580
529.8 9584
529.8 9588
529.8 9592
529.8 9596
529.8 9600
532.0 9504
532.0 9508
532.0 9512
532.0 9516
532.0 9520
532.0 9524
532.0 9528
532.0 9532
532.0 9536
532.0 9540
532.0 9544
532.0 9548
532.0 9552
532.0 9556
532.0 9560
532.0 9564
532.0 9568
532.0 9572
532.0 9576
532.0 9580
532.0 9584
532.0 9588
532.0 9592
532.0 9596
532.0 9600
534.2 9504
534.2 9508
534.2 9512
534.2 9516
534.2 9520
534.2 9524
534.2 9528
534.2 9532
534.2 9536
534.2 9540
534.2 9544
534.2 9548
534.2 9552
534.2 9556
534.2 9560
534.2 9564
534.2 9568
534.2 9572
534.2 9576
534.2 9580
534.2 9584
534.2 9588
534.2 9592
534.2 9596
534.2 9600
536.4 9504
536.4 9508
536.4 9512
536.4 9516
536.4 9520
536.4 9524
536.4 9528
536.4 9532
536.4 9536
536.4 9540
536.4 9544
536.4 9548
536.4 9552
536.4 9556
536.4 9560
536.4 9564
536.4 9568
536.4 9572
536.4 9576
536.4 9580
536.4 9584
536.4 9588
536.4 9592
536.4 9596
536.4 9600
538.6 9504
538.6 9508
538.6 9512
538.6 9516
538.6 9520
538.6 9524
538.6 9528
538.6 9532
538.6 9536
538.6 9540
538.6 9544
538.6 9548
538.6 9552
538.6 9556
538.6 9560
538.6 9564
538.6 9568
538.6 9572
538.6 9576
538.6 9580
538.6 9584
538.6 9588
538.6 9592
538.6 9596
538.6 9600
540.8 9504
540.8 9508
540.8 9512
540.8 9516
540.8 9520
540.8 9524
540.8 9528
540.8 9532
540.8 9536
540.8 9540
540.8 9544
540.8 9548
540.8 9552
540.8 9556
540.8 9560
540.8 9564
540.8 9568
540.8 9572
540.8 9576
540.8 9580
540.8 9584
540.8 9588
540.8 9592
540.8 9596
540.8 9600
543.0 9504
543.0 9508
543.0 9512
543.0 9516
543.0 9520
543.0 9524
543.0 9528
543.0 9532
543.0 9536
543.0 9540
543.0 9544
543.0 9548
543.0 9552
543.0 9556
543.0 9560
543.0 9564
543.0 9568
543.0 9572
543.0 9576
543.0 9580
543.0 9584
543.0 9588
543.0 9592
543.0 9596
543.0 9600
545.1 9504
545.1 9508
545.1 9512
545.1 9516
545.1 9520
545.1 9524
545.1 9528
545.1 9532
545.1 9536
545.1 9540
545.1 9544
545.1 9548
545.1 9552
545.1 9556
545.1 9560
545.1 9564
545.1 9568
545.1 9572
545.1 9576
545.1 9580
545.1 9584
545.1 9588
545.1 9592
545.1 9596
545.1 9600
547.3 9504
547.3 9508
547.3 9512
547.3 9516
547.3 9520
547.3 9524
547.3 9528
547.3 9532
547.3 9536
547.3 9540
547.3 9544
547.3 9548
547.3 9552
547.3 9556
547.3 9560
547.3 9564
547.3 9568
547.3 9572
547.3 9576
547.3 9580
547.3 9584
547.3 9588
547.3 9592
547.3 9596
547.3 9600
549.5 9504
549.5 9508
549.5 9512
549.5 9516
549.5 9520
549.5 9524
549.5 9528
549.5 9532
549.5 9536
549.5 9540
549.5 9544
549.5 9548
549.5 9552
549.5 9556
549.5 9560
549.5 9564
549.5 9568
549.5 9572
549.5 9576
549.5 9580
549.5 9584
549.5 9588
549.5 9592
549.5 9596
549.5 9600
551.7 9504
551.7 9508
551.7 9512
551.7 9516
551.7 9520
551.7 9524
551.7 9528
551.7 9532
551.7 9536
551.7 9540
551.7 9544
551.7 9548
551.7 9552
551.7 9556
551.7 9560
551.7 9564
551.7 9568
551.7 9572
551.7 9576
551.7 9580
551.7 9584
551.7 9588
551.7 9592
551.7 9596
551.7 9600
554.4 9504
554.4 9508
554.4 9512
554.4 9516
554.4 9520
554.4 9524
554.4 9528
554.4 9532
554.4 9536
554.4 9540
554.4 9544
554.4 9548
554.4 9552
554.4 9556
554.4 9560
554.4 9564
554.4 9568
554.4 9572
554.4 9576
554.4 9580
554.4 9584
554.4 9588
554.4 9592
554.4 9596
554.4 9600
556.6 9504
556.6 9508
556.6 9512
556.6 9516
556.6 9520
556.6 9524
556.6 9528
556.6 9532
556.6 9536
556.6 9540
556.6 9544
556.6 9548
556.6 9552
556.6 9556
556.6 9560
556.6 9564
556.6 9568
556.6 9572
556.6 9576
556.6 9580
556.6 9584
556.6 9588
556.6 9592
556.6 9596
556.6 9600
558.8 9504
558.8 9508
558.8 9512
558.8 9516
558.8 9520
558.8 9524
558.8 9528
558.8 9532
558.8 9536
558.8 9540
558.8 9544
558.8 9548
558.8 9552
558.8 9556
558.8 9560
558.8 9564
558.8 9568
558.8 9572
558.8 9576
558.8 9580
558.8 9584
558.8 9588
558.8 9592
558.8 9596
558.8 9600
561.1 9504
561.1 9508
561.1 9512
561.1 9516
561.1 9520
561.1 9524
561.1 9528
561.1 9532
561.1 9536
561.1 9540
561.1 9544
561.1 9548
561.1 9552
561.1 9556
561.1 9560
561.1 9564
561.1 9568
561.1 9572
561.1 9576
561.1 9580
561.1 9584
561.1 9588
561.1 9592
561.1 9596
561.1 9600
563.3 9504
563.3 9508
563.3 9512
563.3 9516
563.3 9520
563.3 9524
563.3 9528
563.3 9532
563.3 9536
563.3 9540
563.3 9544
563.3 9548
563.3 9552
563.3 9556
563.3 9560
563.3 9564
563.3 9568
563.3 9572
563.3 9576
563.3 9580
563.3 9584
563.3 9588
563.3 9592
563.3 9596
563.3 9600
565.5 9504
565.5 9508
565.5 9512
565.5 9516
565.5 9520
565.5 9524
565.5 9528
565.5 9532
565.5 9536
565.5 9540
565.5 9544
565.5 9548
565.5 9552
565.5 9556
565.5 9560
565.5 9564
565.5 9568
565.5 9572
565.5 9576
565.5 9580
565.5 9584
565.5 9588
565.5 9592
565.5 9596
565.5 9600
567.7 9504
567.7 9508
567.7 9512
567.7 9516
567.7 9520
567.7 9524
567.7 9528
567.7 9532
567.7 9536
567.7 9540
567.7 9544
567.7 9548
567.7 9552
567.7 9556
567.7 9560
567.7 9564
567.7 9568
567.7 9572
567.7 9576
567.7 9580
567.7 9584
567.7 9588
567.7 9592
567.7 9596
567.7 9600
569.8 9504
569.8 9508
569.8 9512
569.8 9516
569.8 9520
569.8 9524
569.8 9528
569.8 9532
569.8 9536
569.8 9540
569.8 9544
569.8 9548
569.8 9552
569.8 9556
569.8 9560
569.8 9564
569.8 9568
569.8 9572
569.8 9576
569.8 9580
569.8 9584
569.8 9588
569.8 9592
569.8 9596
569.8 9600
572.0 9504
572.0 9508
572.0 9512
572.0 9516
572.0 9520
572.0 9524
572.0 9528
572.0 9532
572.0 9536
572.0 9540
572.0 9544
572.0 9548
572.0 9552
572.0 9556
572.0 9560
572.0 9564
572.0 9568
572.0 9572
572.0 9576
572.0 9580
572.0 9584
572.0 9588
572.0 9592
572.0 9596
572.0 9600
574.2 9504
574.2 9508
574.2 9512
574.2 9516
574.2 9520
574.2 9524
574.2 9528
574.2 9532
574.2 9536
574.2 9540
574.2 9544
574.2 9548
574.2 9552
574.2 9556
574.2 9560
574.2 9564
574.2 9568
574.2 9572
574.2 9576
574.2 9580
574.2 9584
574.2 9588
574.2 9592
574.2 9596
574.2 9600
576.5 9504
576.5 9508
576.5 9512
576.5 9516
576.5 9520
576.5 9524
576.5 9528
576.5 9532
576.5 9536
576.5 9540
576.5 9544
576.5 9548
576.5 9552
576.5 9556
576.5 9560
576.5 9564
576.5 9568
576.5 9572
576.5 9576
576.5 9580
576.5 9584
576.5 9588
576.5 9592
576.5 9596
576.5 9600
578.7 9504
578.7 9508
578.7 9512
578.7 9516
578.7 9520
578.7 9524
578.7 9528
578.7 9532
578.7 9536
578.7 9540
578.7 9544
578.7 9548
578.7 9552
578.7 9556
578.7 9560
578.7 9564
578.7 9568
578.7 9572
578.7 9576
578.7 9580
578.7 9584
578.7 9588
578.7 9592
578.7 9596
578.7 9600
580.9 9504
580.9 9508
580.9 9512
580.9 9516
580.9 9520
580.9 9524
580.9 9528
580.9 9532
580.9 9536
580.9 9540
580.9 9544
580.9 9548
580.9 9552
580.9 9556
580.9 9560
580.9 9564
580.9 9568
580.9 9572
580.9 9576
580.9 9580
580.9 9584
580.9 9588
580.9 9592
580.9 9596
580.9 9600
583.1 9504
583.1 9508
583.1 9512
583.1 9516
583.1 9520
583.1 9524
583.1 9528
583.1 9532
583.1 9536
583.1 9540
583.1 9544
583.1 9548
583.1 9552
583.1 9556
583.1 9560
583.1 9564
583.1 9568
583.1 9572
583.1 9576
583.1 9580
583.1 9584
583.1 9588
583.1 9592
583.1 9596
583.1 9600
585.5 9504
585.5 9508
585.5 9512
585.5 9516
585.5 9520
585.5 9524
585.5 9528
585.5 9532
585.5 9536
585.5 9540
585.5 9544
585.5 9548
585.5 9552
585.5 9556
585.5 9560
585.5 9564
585.5 9568
585.5 9572
585.5 9576
585.5 9580
585.5 9584
585.5 9588
585.5 9592
585.5 9596
585.5 9600
587.7 9504
587.7 9508
587.7 9512
587.7 9516
587.7 9520
587.7 9524
587.7 9528
587.7 9532
587.7 9536
587.7 9540
587.7 9544
587.7 9548
587.7 9552
587.7 9556
587.7 9560
587.7 9564
587.7 9568
587.7 9572
587.7 9576
587.7 9580
587.7 9584
587.7 9588
587.7 9592
587.7 9596
587.7 9600
589.8 9504
589.8 9508
589.8 9512
589.8 9516
589.8 9520
589.8 9524
589.8 9528
589.8 9532
589.8 9536
589.8 9540
589.8 9544
589.8 9548
589.8 9552
589.8 9556
589.8 9560
589.8 9564
589.8 9568
589.8 9572
589.8 9576
589.8 9580
589.8 9584
589.8 9588
589.8 9592
589.8 9596
589.8 9600
592.0 9504
592.0 9508
592.0 9512
592.0 9516
592.0 9520
592.0 9524
592.0 9528
592.0 9532
592.0 9536
592.0 9540
592.0 9544
592.0 9548
592.0 9552
592.0 9556
592.0 9560
592.0 9564
592.0 9568
592.0 9572
592.0 9576
592.0 9580
592.0 9584
592.0 9588
592.0 9592
592.0 9596
592.0 9600
594.3 9504
594.3 9508
594.3 9512
594.3 9516
594.3 9520
594.3 9524
594.3 9528
594.3 9532
594.3 9536
594.3 9540
594.3 9544
594.3 9548
594.3 9552
594.3 9556
594.3 9560
594.3 9564
594.3 9568
594.3 9572
594.3 9576
594.3 9580
594.3 9584
594.3 9588
594.3 9592
594.3 9596
594.3 9600
596.5 9504
596.5 9508
596.5 9512
596.5 9516
596.5 9520
596.5 9524
596.5 9528
596.5 9532
596.5 9536
596.5 9540
596.5 9544
596.5 9548
596.5 9552
596.5 9556
596.5 9560
596.5 9564
596.5 9568
596.5 9572
596.5 9576
596.5 9580
596.5 9584
596.5 9588
596.5 9592
596.5 9596
596.5 9600
598.8 9504
598.8 9508
598.8 9512
598.8 9516
598.8 9520
598.8 9524
598.8 9528
598.8 9532
598.8 9536
598.8 9540
598.8 9544
598.8 9548
598.8 9552
598.8 9556
598.8 9560
598.8 9564
598.8 9568
598.8 9572
598.8 9576
598.8 9580
598.8 9584
598.8 9588
598.8 9592
598.8 9596
598.8 9600
601.1 9504
601.1 9508
601.1 9512
601.1 9516
601.1 9520
601.1 9524
601.1 9528
601.1 9532
601.1 9536
601.1 9540
601.1 9544
601.1 9548
601.1 9552
601.1 9556
601.1 9560
601.1 9564
601.1 9568
601.1 9572
601.1 9576
601.1 9580
601.1 9584
601.1 9588
601.1 9592
601.1 9596
601.1 9600
603.3 9504
603.3 9508
603.3 9512
603.3 9516
603.3 9520
603.3 9524
603.3 9528
603.3 9532
603.3 9536
603.3 9540
603.3 9544
603.3 9548
603.3 9552
603.3 9556
603.3 9560
603.3 9564
603.3 9568
603.3 9572
603.3 9576
603.3 9580
603.3 9584
603.3 9588
603.3 9592
603.3 9596
603.3 9600
404.2 9501
404.2 9505
404.2 9509
404.2 9513
404.2 9517
404.2 9521
404.2 9525
404.2 9529
404.2 9533
404.2 9537
404.2 9541
404.2 9545
404.2 9549
404.2 9553
404.2 9557
404.2 9561
404.2 9565
404.2 9569
404.2 9573
404.2 9577
404.2 9581
404.2 9585
404.2 9589
404.2 9593
404.2 9597
406.5 9501
406.5 9505
406.5 9509
406.5 9513
406.5 9517
406.5 9521
406.5 9525
406.5 9529
406.5 9533
406.5 9537
406.5 9541
406.5 9545
406.5 9549
406.5 9553
406.5 9557
406.5 9561
406.5 9565
406.5 9569
406.5 9573
406.5 9577
406.5 9581
406.5 9585
406.5 9589
406.5 9593
406.5 9597
408.6 9501
408.6 9505
408.6 9509
408.6 9513
408.6 9517
408.6 9521
408.6 9525
408.6 9529
408.6 9533
408.6 9537
408.6 9541
408.6 9545
408.6 9549
408.6 9553
408.6 9557
408.6 9561
408.6 9565
408.6 9569
408.6 9573
408.6 9577
408.6 9581
408.6 9585
408.6 9589
408.6 9593
408.6 9597
410.7 9501
410.7 9505
410.7 9509
410.7 9513
410.7 9517
410.7 9521
410.7 9525
410.7 9529
410.7 9533
410.7 9537
410.7 9541
410.7 9545
410.7 9549
410.7 9553
410.7 9557
410.7 9561
410.7 9565
410.7 9569
410.7 9573
410.7 9577
410.7 9581
410.7 9585
410.7 9589
410.7 9593
410.7 9597
412.8 9501
412.8 9505
412.8 9509
412.8 9513
412.8 9517
412.8 9521
412.8 9525
412.8 9529
412.8 9533
412.8 9537
412.8 9541
412.8 9545
412.8 9549
412.8 9553
412.8 9557
412.8 9561
412.8 9565
412.8 9569
412.8 9573
412.8 9577
412.8 9581
412.8 9585
412.8 9589
412.8 9593
412.8 9597
414.9 9501
414.9 9505
414.9 9509
414.9 9513
414.9 9517
414.9 9521
414.9 9525
414.9 9529
414.9 9533
414.9 9537
414.9 9541
414.9 9545
414.9 9549
414.9 9553
414.9 9557
414.9 9561
414.9 9565
414.9 9569
414.9 9573
414.9 9577
414.9 9581
414.9 9585
414.9 9589
414.9 9593
414.9 9597
417.0 9501
417.0 9505
417.0 9509
417.0 9513
417.0 9517
417.0 9521
417.0 9525
417.0 9529
417.0 9533
417.0 9537
417.0 9541
417.0 9545
417.0 9549
417.0 9553
417.0 9557
417.0 9561
417.0 9565
417.0 9569
417.0 9573
417.0 9577
417.0 9581
417.0 9585
417.0 9589
417.0 9593
417.0 9597
419.1 9501
419.1 9505
419.1 9509
419.1 9513
419.1 9517
419.1 9521
419.1 9525
419.1 9529
419.1 9533
419.1 9537
419.1 9541
419.1 9545
419.1 9549
419.1 9553
419.1 9557
419.1 9561
419.1 9565
419.1 9569
419.1 9573
419.1 9577
419.1 9581
419.1 9585
419.1 9589
419.1 9593
419.1 9597
421.3 9501
421.3 9505
421.3 9509
421.3 9513
421.3 9517
421.3 9521
421.3 9525
421.3 9529
421.3 9533
421.3 9537
421.3 9541
421.3 9545
421.3 9549
421.3 9553
421.3 9557
421.3 9561
421.3 9565
421.3 9569
421.3 9573
421.3 9577
421.3 9581
421.3 9585
421.3 9589
421.3 9593
421.3 9597
423.5 9501
423.5 9505
423.5 9509
423.5 9513
423.5 9517
423.5 9521
423.5 9525
423.5 9529
423.5 9533
423.5 9537
423.5 9541
423.5 9545
423.5 9549
423.5 9553
423.5 9557
423.5 9561
423.5 9565
423.5 9569
423.5 9573
423.5 9577
423.5 9581
423.5 9585
423.5 9589
423.5 9593
423.5 9597
425.7 9501
425.7 9505
425.7 9509
425.7 9513
425.7 9517
425.7 9521
425.7 9525
425.7 9529
425.7 9533
425.7 9537
425.7 9541
425.7 9545
425.7 9549
425.7 9553
425.7 9557
425.7 9561
425.7 9565
425.7 9569
425.7 9573
425.7 9577
425.7 9581
425.7 9585
425.7 9589
425.7 9593
425.7 9597
428.1 9501
428.1 9505
428.1 9509
428.1 9513
428.1 9517
428.1 9521
428.1 9525
428.1 9529
428.1 9533
428.1 9537
428.1 9541
428.1 9545
428.1 9549
428.1 9553
428.1 9557
428.1 9561
428.1 9565
428.1 9569
428.1 9573
428.1 9577
428.1 9581
428.1 9585
428.1 9589
428.1 9593
428.1 9597
430.3 9501
430.3 9513
430.3 9521
430.3 9525
430.3 9541
430.3 9549
430.3 9553
430.3 9557
430.3 9561
430.3 9565
430.3 9569
430.3 9573
430.3 9581
430.3 9585
430.3 9593
430.4 9505
430.4 9509
430.4 9517
430.4 9529
430.4 9533
430.4 9537
430.4 9545
430.4 9577
430.4 9589
430.4 9597
432.4 9501
432.4 9513
432.4 9521
432.4 9525
432.4 9541
432.4 9549
432.4 9553
432.4 9557
432.4 9561
432.4 9565
432.4 9569
432.4 9573
432.4 9581
432.4 9585
432.4 9593
432.5 9505
432.5 9509
432.5 9517
432.5 9529
432.5 9533
432.5 9537
432.5 9545
432.5 9577
432.5 9589
432.5 9597
434.5 9501
434.5 9513
434.5 9521
434.5 9525
434.5 9541
434.5 9549
434.5 9553
434.5 9557
434.5 9561
434.5 9565
434.5 9569
434.5 9573
434.5 9581
434.5 9585
434.5 9593
434.6 9505
434.6 9509
434.6 9517
434.6 9529
434.6 9533
434.6 9537
434.6 9545
434.6 9577
434.6 9589
434.6 9597
436.7 9501
436.7 9513
436.7 9521
436.7 9525
436.7 9541
436.7 9549
436.7 9553
436.7 9557
436.7 9561
436.7 9565
436.7 9569
436.7 9573
436.7 9581
436.7 9585
436.7 9593
436.8 9505
436.8 9509
436.8 9517
436.8 9529
436.8 9533
436.8 9537
436.8 9545
436.8 9577
436.8 9589
436.8 9597
438.9 9501
438.9 9513
438.9 9521
438.9 9525
438.9 9541
438.9 9549
438.9 9553
438.9 9557
438.9 9561
438.9 9565
438.9 9569
438.9 9573
438.9 9581
438.9 9585
438.9 9593
439.0 9505
439.0 9509
439.0 9517
439.0 9529
439.0 9533
439.0 9537
439.0 9545
439.0 9577
439.0 9589
439.0 9597
441.1 9501
441.1 9513
441.1 9521
441.1 9525
441.1 9541
441.1 9549
441.1 9553
441.1 9557
441.1 9561
441.1 9565
441.1 9569
441.1 9573
441.1 9581
441.1 9585
441.1 9593
441.2 9505
441.2 9509
441.2 9517
441.2 9529
441.2 9533
441.2 9537
441.2 9545
441.2 9577
441.2 9589
441.2 9597
443.3 9501
443.3 9513
443.3 9521
443.3 9525
443.3 9541
443.3 9549
443.3 9553
443.3 9557
443.3 9561
443.3 9565
443.3 9569
443.3 9573
443.3 9581
443.3 9585
443.3 9593
443.4 9505
443.4 9509
443.4 9517
443.4 9529
443.4 9533
443.4 9537
443.4 9545
443.4 9577
443.4 9589
443.4 9597
445.5 9501
445.5 9513
445.5 9521
445.5 9525
445.5 9541
445.5 9549
445.5 9553
445.5 9557
445.5 9561
445.5 9565
445.5 9569
445.5 9573
445.5 9581
445.5 9585
445.5 9593
445.6 9505
445.6 9509
445.6 9517
445.6 9529
445.6 9533
445.6 9537
445.6 9545
445.6 9577
445.6 9589
445.6 9597
447.7 9501
447.7 9513
447.7 9521
447.7 9525
447.7 9541
447.7 9549
447.7 9553
447.7 9557
447.7 9561
447.7 9565
447.7 9569
447.7 9573
447.7 9581
447.7 9585
447.7 9593
447.8 9505
447.8 9509
447.8 9517
447.8 9529
447.8 9533
447.8 9537
447.8 9545
447.8 9577
447.8 9589
447.8 9597
450.1 9501
450.1 9513
450.1 9521
450.1 9525
450.1 9541
450.1 9549
450.1 9553
450.1 9557
450.1 9561
450.1 9565
450.1 9569
450.1 9573
450.1 9581
450.1 9585
450.1 9593
450.2 9505
450.2 9509
450.2 9517
450.2 9529
450.2 9533
450.2 9537
450.2 9545
450.2 9577
450.2 9589
450.2 9597
452.4 9565
452.4 9569
452.5 9501
452.5 9513
452.5 9521
452.5 9525
452.5 9541
452.5 9549
452.5 9553
452.5 9557
452.5 9561
452.5 9573
452.5 9581
452.5 9585
452.5 9593
452.6 9505
452.6 9509
452.6 9517
452.6 9529
452.6 9533
452.6 9537
452.6 9545
452.6 9577
452.6 9589
452.6 9597
454.6 9501
454.6 9513
454.6 9521
454.6 9525
454.6 9541
454.6 9549
454.6 9553
454.6 9557
454.6 9561
454.6 9565
454.6 9569
454.6 9573
454.6 9581
454.6 9585
454.6 9593
454.7 9505
454.7 9509
454.7 9517
454.7 9529
454.7 9533
454.7 9537
454.7 9545
454.7 9577
454.7 9589
454.7 9597
456.8 9501
456.8 9513
456.8 9521
456.8 9525
456.8 9541
456.8 9549
456.8 9553
456.8 9557
456.8 9561
456.8 9565
456.8 9569
456.8 9573
456.8 9581
456.8 9585
456.8 9593
456.9 9505
456.9 9509
456.9 9517
456.9 9529
456.9 9533
456.9 9537
456.9 9545
456.9 9577
456.9 9589
456.9 9597
459.0 9501
459.0 9513
459.0 9521
459.0 9525
459.0 9541
459.0 9549
459.0 9553
459.0 9557
459.0 9561
459.0 9565
459.0 9569
459.0 9573
459.0 9581
459.0 9585
459.0 9593
459.1 9505
459.1 9509
459.1 9517
459.1 9529
459.1 9533
459.1 9537
459.1 9545
459.1 9577
459.1 9589
459.1 9597
461.1 9521
461.1 9525
461.1 9541
461.1 9549
461.1 9557
461.1 9569
461.1 9581
461.1 9593
461.2 9501
461.2 9505
461.2 9509
461.2 9513
461.2 9517
461.2 9529
461.2 9533
461.2 9537
461.2 9545
461.2 9553
461.2 9561
461.2 9565
461.2 9573
461.2 9577
461.2 9585
461.2 9589
461.2 9597
463.3 9521
463.3 9525
463.3 9541
463.3 9549
463.3 9557
463.3 9569
463.3 9581
463.3 9593
463.4 9501
463.4 9505
463.4 9509
463.4 9513
463.4 9517
463.4 9529
463.4 9533
463.4 9537
463.4 9545
463.4 9553
463.4 9561
463.4 9565
463.4 9573
463.4 9577
463.4 9585
463.4 9589
463.4 9597
465.5 9521
465.5 9525
465.5 9541
465.5 9549
465.5 9557
465.5 9569
465.5 9581
465.5 9593
465.6 9501
465.6 9505
465.6 9509
465.6 9513
465.6 9517
465.6 9529
465.6 9533
465.6 9537
465.6 9545
465.6 9553
465.6 9561
465.6 9565
465.6 9573
465.6 9577
465.6 9585
465.6 9589
465.6 9597
467.6 9521
467.6 9525
467.6 9541
467.6 9549
467.6 9557
467.6 9569
467.6 9581
467.6 9593
467.7 9501
467.7 9505
467.7 9509
467.7 9513
467.7 9517
467.7 9529
467.7 9533
467.7 9537
467.7 9545
467.7 9553
467.7 9561
467.7 9565
467.7 9573
467.7 9577
467.7 9585
467.7 9589
467.7 9597
470.0 9521
470.0 9525
470.0 9541
470.0 9549
470.0 9557
470.0 9569
470.0 9581
470.0 9593
470.1 9501
470.1 9505
470.1 9509
470.1 9513
470.1 9517
470.1 9529
470.1 9533
470.1 9537
470.1 9545
470.1 9553
470.1 9561
470.1 9565
470.1 9573
470.1 9577
470.1 9585
470.1 9589
470.1 9597
472.2 9521
472.2 9525
472.2 9541
472.2 9549
472.2 9557
472.2 9569
472.2 9581
472.2 9593
472.3 9501
472.3 9505
472.3 9509
472.3 9513
472.3 9517
472.3 9529
472.3 9533
472.3 9537
472.3 9545
472.3 9553
472.3 9561
472.3 9565
472.3 9573
472.3 9577
472.3 9585
472.3 9589
472.3 9597
474.4 9521
474.4 9525
474.4 9541
474.4 9549
474.4 9557
474.4 9569
474.4 9581
474.4 9593
474.5 9501
474.5 9505
474.5 9509
474.5 9513
474.5 9517
474.5 9529
474.5 9533
474.5 9537
474.5 9545
474.5 9553
474.5 9561
474.5 9565
474.5 9573
474.5 9577
474.5 9585
474.5 9589
474.5 9597
476.6 9521
476.6 9525
476.6 9541
476.6 9549
476.6 9557
476.6 9569
476.6 9581
476.6 9593
476.7 9501
476.7 9505
476.7 9509
476.7 9513
476.7 9517
476.7 9529
476.7 9533
476.7 9537
476.7 9545
476.7 9553
476.7 9561
476.7 9565
476.7 9573
476.7 9577
476.7 9585
476.7 9589
476.7 9597
478.8 9521
478.8 9525
478.8 9541
478.8 9549
478.8 9557
478.8 9569
478.8 9581
478.8 9593
478.9 9513
478.9 9517
478.9 9553
478.9 9561
478.9 9565
478.9 9573
479.0 9501
479.0 9505
479.0 9509
479.0 9529
479.0 9533
479.0 9537
479.0 9545
479.0 9577
479.0 9585
479.0 9589
479.0 9597
481.0 9521
481.0 9525
481.0 9541
481.0 9549
481.0 9557
481.0 9569
481.0 9581
481.0 9593
481.1 9513
481.1 9517
481.1 9553
481.1 9561
481.1 9565
481.1 9573
481.2 9501
481.2 9505
481.2 9509
481.2 9529
481.2 9533
481.2 9537
481.2 9545
481.2 9577
481.2 9585
481.2 9589
481.2 9597
483.3 9521
483.3 9525
483.3 9541
483.3 9549
483.3 9557
483.3 9569
483.3 9581
483.3 9593
483.4 9501
483.4 9505
483.4 9509
483.4 9513
483.4 9517
483.4 9529
483.4 9533
483.4 9537
483.4 9545
483.4 9553
483.4 9561
483.4 9565
483.4 9573
483.4 9577
483.4 9585
483.4 9589
483.4 9597
485.5 9521
485.5 9525
485.5 9541
485.5 9549
485.5 9557
485.5 9569
485.5 9581
485.5 9593
485.6 9501
485.6 9505
485.6 9509
485.6 9513
485.6 9517
485.6 9529
485.6 9533
485.6 9537
485.6 9545
485.6 9553
485.6 9561
485.6 9565
485.6 9573
485.6 9577
485.6 9585
485.6 9589
485.6 9597
487.7 9521
487.7 9525
487.7 9541
487.7 9549
487.7 9557
487.7 9569
487.7 9581
487.7 9593
487.8 9501
487.8 9505
487.8 9509
487.8 9513
487.8 9517
487.8 9529
487.8 9533
487.8 9537
487.8 9545
487.8 9553
487.8 9561
487.8 9565
487.8 9573
487.8 9577
487.8 9585
487.8 9589
487.8 9597
489.9 9521
489.9 9525
489.9 9541
489.9 9549
489.9 9557
489.9 9569
489.9 9581
489.9 9593
490.0 9501
490.0 9505
490.0 9509
490.0 9513
490.0 9517
490.0 9529
490.0 9533
490.0 9537
490.0 9545
490.0 9553
490.0 9561
490.0 9565
490.0 9573
490.0 9577
490.0 9585
490.0 9589
490.0 9597
492.1 9521
492.1 9525
492.1 9541
492.1 9549
492.1 9557
492.1 9569
492.1 9581
492.1 9593
492.2 9501
492.2 9505
492.2 9509
492.2 9513
492.2 9517
492.2 9529
492.2 9533
492.2 9537
492.2 9545
492.2 9553
492.2 9561
492.2 9565
492.2 9573
492.2 9577
492.2 9585
492.2 9589
492.2 9597
494.2 9521
494.2 9541
494.2 9549
494.2 9569
494.2 9581
494.2 9593
494.3 9525
494.3 9557
494.4 9501
494.4 9505
494.4 9509
494.4 9513
494.4 9517
494.4 9529
494.4 9533
494.4 9537
494.4 9545
494.4 9553
494.4 9561
494.4 9565
494.4 9573
494.4 9577
494.4 9585
494.4 9589
494.4 9597
496.4 9521
496.4 9541
496.4 9549
496.4 9569
496.4 9581
496.4 9593
496.5 9525
496.5 9557
496.6 9501
496.6 9505
496.6 9509
496.6 9513
496.6 9517
496.6 9529
496.6 9533
496.6 9537
496.6 9545
496.6 9553
496.6 9561
496.6 9565
496.6 9573
496.6 9577
496.6 9585
496.6 9589
496.6 9597
498.7 9521
498.7 9525
498.7 9541
498.7 9549
498.7 9557
498.7 9569
498.7 9581
498.7 9593
498.8 9501
498.8 9505
498.8 9509
498.8 9513
498.8 9517
498.8 9529
498.8 9533
498.8 9537
498.8 9545
498.8 9553
498.8 9561
498.8 9565
498.8 9573
498.8 9577
498.8 9585
498.8 9589
498.8 9597
500.9 9521
500.9 9525
500.9 9541
500.9 9549
500.9 9557
500.9 9569
500.9 9581
500.9 9593
501.0 9501
501.0 9505
501.0 9513
501.0 9517
501.0 9529
501.0 9533
501.0 9537
501.0 9545
501.0 9553
501.0 9561
501.0 9565
501.0 9573
501.0 9577
501.0 9585
501.0 9589
501.0 9597
501.1 9509
503.0 9521
503.0 9525
503.0 9541
503.0 9549
503.0 9557
503.0 9569
503.0 9581
503.0 9593
503.1 9501
503.1 9505
503.1 9513
503.1 9517
503.1 9529
503.1 9533
503.1 9537
503.1 9545
503.1 9553
503.1 9561
503.1 9565
503.1 9573
503.1 9577
503.1 9585
503.1 9589
503.1 9597
503.3 9509
505.2 9521
505.2 9525
505.2 9541
505.2 9549
505.2 9557
505.2 9569
505.2 9581
505.2 9593
505.3 9501
505.3 9505
505.3 9513
505.3 9517
505.3 9529
505.3 9533
505.3 9537
505.3 9545
505.3 9553
505.3 9561
505.3 9565
505.3 9573
505.3 9577
505.3 9585
505.3 9589
505.3 9597
505.4 9509
507.6 9521
507.6 9525
507.6 9541
507.6 9549
507.6 9557
507.6 9569
507.6 9581
507.6 9593
507.7 9501
507.7 9505
507.7 9509
507.7 9513
507.7 9517
507.7 9529
507.7 9533
507.7 9537
507.7 9545
507.7 9553
507.7 9561
507.7 9565
507.7 9573
507.7 9577
507.7 9585
507.7 9589
507.7 9597
509.7 9521
509.7 9525
509.7 9541
509.7 9549
509.7 9557
509.7 9569
509.7 9581
509.7 9593
509.8 9501
509.8 9505
509.8 9509
509.8 9513
509.8 9517
509.8 9529
509.8 9533
509.8 9537
509.8 9545
509.8 9553
509.8 9561
509.8 9565
509.8 9573
509.8 9577
509.8 9585
509.8 9589
509.8 9597
511.9 9521
511.9 9525
511.9 9541
511.9 9549
511.9 9557
511.9 9569
511.9 9581
511.9 9593
512.0 9501
512.0 9505
512.0 9509
512.0 9513
512.0 9517
512.0 9529
512.0 9533
512.0 9537
512.0 9545
512.0 9553
512.0 9561
512.0 9565
512.0 9573
512.0 9577
512.0 9585
512.0 9589
512.0 9597
514.3 9521
514.3 9525
514.3 9541
514.3 9549
514.3 9557
514.3 9569
514.3 9581
514.3 9593
514.4 9501
514.4 9505
514.4 9509
514.4 9513
514.4 9517
514.4 9529
514.4 9533
514.4 9537
514.4 9545
514.4 9553
514.4 9561
514.4 9565
514.4 9573
514.4 9577
514.4 9585
514.4 9589
514.4 9597
516.6 9521
516.6 9525
516.6 9541
516.6 9549
516.6 9557
516.6 9569
516.6 9581
516.6 9593
516.7 9501
516.7 9505
516.7 9509
516.7 9513
516.7 9517
516.7 9529
516.7 9533
516.7 9537
516.7 9545
516.7 9553
516.7 9561
516.7 9565
516.7 9573
516.7 9577
516.7 9585
516.7 9589
516.7 9597
518.8 9521
518.8 9525
518.8 9541
518.8 9549
518.8 9557
518.8 9569
518.8 9581
518.8 9593
518.9 9501
518.9 9505
518.9 9509
518.9 9513
518.9 9517
518.9 9529
518.9 9533
518.9 9537
518.9 9545
518.9 9553
518.9 9561
518.9 9565
518.9 9573
518.9 9577
518.9 9585
518.9 9589
518.9 9597
521.0 9501
521.0 9505
521.0 9509
521.0 9513
521.0 9517
521.0 9521
521.0 9525
521.0 9529
521.0 9533
521.0 9537
521.0 9541
521.0 9545
521.0 9549
521.0 9553
521.0 9557
521.0 9561
521.0 9565
521.0 9569
521.0 9573
521.0 9577
521.0 9581
521.0 9585
521.0 9589
521.0 9593
521.0 9597
523.1 9501
523.1 9505
523.1 9509
523.1 9513
523.1 9517
523.1 9521
523.1 9525
523.1 9529
523.1 9533
523.1 9537
523.1 9541
523.1 9545
523.1 9549
523.1 9553
523.1 9557
523.1 9561
523.1 9565
523.1 9569
523.1 9573
523.1 9577
523.1 9581
523.1 9585
523.1 9589
523.1 9593
523.1 9597
525.4 9501
525.4 9505
525.4 9509
525.4 9513
525.4 9517
525.4 9521
525.4 9525
525.4 9529
525.4 9533
525.4 9537
525.4 9541
525.4 9545
525.4 9549
525.4 9553
525.4 9557
525.4 9561
525.4 9565
525.4 9569
525.4 9573
525.4 9577
525.4 9581
525.4 9585
525.4 9589
525.4 9593
525.4 9597
527.6 9501
527.6 9505
527.6 9509
527.6 9513
527.6 9517
527.6 9521
527.6 9525
527.6 9529
527.6 9533
527.6 9537
527.6 9541
527.6 9545
527.6 9549
527.6 9553
527.6 9557
527.6 9561
527.6 9565
527.6 9569
527.6 9573
527.6 9577
527.6 9581
527.6 9585
527.6 9589
527.6 9593
527.6 9597
529.8 9501
529.8 9505
529.8 9509
529.8 9513
529.8 9517
529.8 9521
529.8 9525
529.8 9529
529.8 9533
529.8 9537
529.8 9541
529.8 9545
529.8 9549
529.8 9553
529.8 9557
529.8 9561
529.8 9565
529.8 9569
529.8 9573
529.8 9577
529.8 9581
529.8 9585
529.8 9589
529.8 9593
529.8 9597
532.0 9501
532.0 9505
532.0 9509
532.0 9513
532.0 9517
532.0 9521
532.0 9525
532.0 9529
532.0 9533
532.0 9537
532.0 9541
532.0 9545
532.0 9549
532.0 9553
532.0 9557
532.0 9561
532.0 9565
532.0 9569
532.0 9573
532.0 9577
532.0 9581
532.0 9585
532.0 9589
532.0 9593
532.0 9597
534.2 9501
534.2 9505
534.2 9509
534.2 9513
534.2 9517
534.2 9521
534.2 9525
534.2 9529
534.2 9533
534.2 9537
534.2 9541
534.2 9545
534.2 9549
534.2 9553
534.2 9557
534.2 9561
534.2 9565
534.2 9569
534.2 9573
534.2 9577
534.2 9581
534.2 9585
534.2 9589
534.2 9593
534.2 9597
536.4 9501
536.4 9505
536.4 9509
536.4 9513
536.4 9517
536.4 9521
536.4 9525
536.4 9529
536.4 9533
536.4 9537
536.4 9541
536.4 9545
536.4 9549
536.4 9553
536.4 9557
536.4 9561
536.4 9565
536.4 9569
536.4 9573
536.4 9577
536.4 9581
536.4 9585
536.4 9589
536.4 9593
536.4 9597
538.6 9501
538.6 9505
538.6 9509
538.6 9513
538.6 9517
538.6 9521
538.6 9525
538.6 9529
538.6 9533
538.6 9537
538.6 9541
538.6 9545
538.6 9549
538.6 9553
538.6 9557
538.6 9561
538.6 9565
538.6 9569
538.6 9573
538.6 9577
538.6 9581
538.6 9585
538.6 9589
538.6 9593
538.6 9597
540.8 9501
540.8 9505
540.8 9509
540.8 9513
540.8 9517
540.8 9521
540.8 9525
540.8 9529
540.8 9533
540.8 9537
540.8 9541
540.8 9545
540.8 9549
540.8 9553
540.8 9557
540.8 9561
540.8 9565
540.8 9569
540.8 9573
540.8 9577
540.8 9581
540.8 9585
540.8 9589
540.8 9593
540.8 9597
543.0 9501
543.0 9505
543.0 9509
543.0 9513
543.0 9517
543.0 9521
543.0 9525
543.0 9529
543.0 9533
543.0 9537
543.0 9541
543.0 9545
543.0 9549
543.0 9553
543.0 9557
543.0 9561
543.0 9565
543.0 9569
543.0 9573
543.0 9577
543.0 9581
543.0 9585
543.0 9589
543.0 9593
543.0 9597
545.1 9501
545.1 9505
545.1 9509
545.1 9513
545.1 9517
545.1 9521
545.1 9525
545.1 9529
545.1 9533
545.1 9537
545.1 9541
545.1 9545
545.1 9549
545.1 9553
545.1 9557
545.1 9561
545.1 9565
545.1 9569
545.1 9573
545.1 9577
545.1 9581
545.1 9585
545.1 9589
545.1 9593
545.1 9597
547.3 9501
547.3 9505
547.3 9509
547.3 9513
547.3 9517
547.3 9521
547.3 9525
547.3 9529
547.3 9533
547.3 9537
547.3 9541
547.3 9545
547.3 9549
547.3 9553
547.3 9557
547.3 9561
547.3 9565
547.3 9569
547.3 9573
547.3 9577
547.3 9581
547.3 9585
547.3 9589
547.3 9593
547.3 9597
549.5 9501
549.5 9505
549.5 9509
549.5 9513
549.5 9517
549.5 9521
549.5 9525
549.5 9529
549.5 9533
549.5 9537
549.5 9541
549.5 9545
549.5 9549
549.5 9553
549.5 9557
549.5 9561
549.5 9565
549.5 9569
549.5 9573
549.5 9577
549.5 9581
549.5 9585
549.5 9589
549.5 9593
549.5 9597
551.7 9501
551.7 9505
551.7 9509
551.7 9513
551.7 9517
551.7 9521
551.7 9525
551.7 9529
551.7 9533
551.7 9537
551.7 9541
551.7 9545
551.7 9549
551.7 9553
551.7 9557
551.7 9561
551.7 9565
551.7 9569
551.7 9573
551.7 9577
551.7 9581
551.7 9585
551.7 9589
551.7 9593
551.7 9597
554.4 9501
554.4 9505
554.4 9509
554.4 9513
554.4 9517
554.4 9521
554.4 9525
554.4 9529
554.4 9533
554.4 9537
554.4 9541
554.4 9545
554.4 9549
554.4 9553
554.4 9557
554.4 9561
554.4 9565
554.4 9569
554.4 9573
554.4 9577
554.4 9581
554.4 9585
554.4 9589
554.4 9593
554.4 9597
556.6 9501
556.6 9505
556.6 9509
556.6 9513
556.6 9517
556.6 9521
556.6 9525
556.6 9529
556.6 9533
556.6 9537
556.6 9541
556.6 9545
556.6 9549
556.6 9553
556.6 9557
556.6 9561
556.6 9565
556.6 9569
556.6 9573
556.6 9577
556.6 9581
556.6 9585
556.6 9589
556.6 9593
556.6 9597
558.8 9501
558.8 9505
558.8 9509
558.8 9513
558.8 9517
558.8 9521
558.8 9525
558.8 9529
558.8 9533
558.8 9537
558.8 9541
558.8 9545
558.8 9549
558.8 9553
558.8 9557
558.8 9561
558.8 9565
558.8 9569
558.8 9573
558.8 9577
558.8 9581
558.8 9585
558.8 9589
558.8 9593
558.8 9597
561.1 9501
561.1 9505
561.1 9509
561.1 9513
561.1 9517
561.1 9521
561.1 9525
561.1 9529
561.1 9533
561.1 9537
561.1 9541
561.1 9545
561.1 9549
561.1 9553
561.1 9557
561.1 9561
561.1 9565
561.1 9569
561.1 9573
561.1 9577
561.1 9581
561.1 9585
561.1 9589
561.1 9593
561.1 9597
563.3 9501
563.3 9505
563.3 9509
563.3 9513
563.3 9517
563.3 9521
563.3 9525
563.3 9529
563.3 9533
563.3 9537
563.3 9541
563.3 9545
563.3 9549
563.3 9553
563.3 9557
563.3 9561
563.3 9565
563.3 9569
563.3 9573
563.3 9577
563.3 9581
563.3 9585
563.3 9589
563.3 9593
563.3 9597
565.5 9501
565.5 9505
565.5 9509
565.5 9513
565.5 9517
565.5 9521
565.5 9525
565.5 9529
565.5 9533
565.5 9537
565.5 9541
565.5 9545
565.5 9549
565.5 9553
565.5 9557
565.5 9561
565.5 9565
565.5 9569
565.5 9573
565.5 9577
565.5 9581
565.5 9585
565.5 9589
565.5 9593
565.5 9597
567.7 9501
567.7 9505
567.7 9509
567.7 9513
567.7 9517
567.7 9521
567.7 9525
567.7 9529
567.7 9533
567.7 9537
567.7 9541
567.7 9545
567.7 9549
567.7 9553
567.7 9557
567.7 9561
567.7 9565
567.7 9569
567.7 9573
567.7 9577
567.7 9581
567.7 9585
567.7 9589
567.7 9593
567.7 9597
569.8 9501
569.8 9505
569.8 9509
569.8 9513
569.8 9517
569.8 9521
569.8 9525
569.8 9529
569.8 9533
569.8 9537
569.8 9541
569.8 9545
569.8 9549
569.8 9553
569.8 9557
569.8 9561
569.8 9565
569.8 9569
569.8 9573
569.8 9577
569.8 9581
569.8 9585
569.8 9589
569.8 9593
569.8 9597
572.0 9501
572.0 9505
572.0 9509
572.0 9513
572.0 9517
572.0 9521
572.0 9525
572.0 9529
572.0 9533
572.0 9537
572.0 9541
572.0 9545
572.0 9549
572.0 9553
572.0 9557
572.0 9561
572.0 9565
572.0 9569
572.0 9573
572.0 9577
572.0 9581
572.0 9585
572.0 9589
572.0 9593
572.0 9597
574.2 9501
574.2 9505
574.2 9509
574.2 9513
574.2 9517
574.2 9521
574.2 9525
574.2 9529
574.2 9533
574.2 9537
574.2 9541
574.2 9545
574.2 9549
574.2 9553
574.2 9557
574.2 9561
574.2 9565
574.2 9569
574.2 9573
574.2 9577
574.2 9581
574.2 9585
574.2 9589
574.2 9593
574.2 9597
576.5 9501
576.5 9505
576.5 9509
576.5 9513
576.5 9517
576.5 9521
576.5 9525
576.5 9529
576.5 9533
576.5 9537
576.5 9541
576.5 9545
576.5 9549
576.5 9553
576.5 9557
576.5 9561
576.5 9565
576.5 9569
576.5 9573
576.5 9577
576.5 9581
576.5 9585
576.5 9589
576.5 9593
576.5 9597
578.7 9501
578.7 9505
578.7 9509
578.7 9513
578.7 9517
578.7 9521
578.7 9525
578.7 9529
578.7 9533
578.7 9537
578.7 9541
578.7 9545
578.7 9549
578.7 9553
578.7 9557
578.7 9561
578.7 9565
578.7 9569
578.7 9573
578.7 9577
578.7 9581
578.7 9585
578.7 9589
578.7 9593
578.7 9597
580.9 9501
580.9 9505
580.9 9509
580.9 9513
580.9 9517
580.9 9521
580.9 9525
580.9 9529
580.9 9533
580.9 9537
580.9 9541
580.9 9545
580.9 9549
580.9 9553
580.9 9557
580.9 9561
580.9 9565
580.9 9569
580.9 9573
580.9 9577
580.9 9581
580.9 9585
580.9 9589
580.9 9593
580.9 9597
583.1 9501
583.1 9505
583.1 9509
583.1 9513
583.1 9517
583.1 9521
583.1 9525
583.1 9529
583.1 9533
583.1 9537
583.1 9541
583.1 9545
583.1 9549
583.1 9553
583.1 9557
583.1 9561
583.1 9565
583.1 9569
583.1 9573
583.1 9577
583.1 9581
583.1 9585
583.1 9589
583.1 9593
583.1 9597
585.5 9501
585.5 9505
585.5 9509
585.5 9513
585.5 9517
585.5 9521
585.5 9525
585.5 9529
585.5 9533
585.5 9537
585.5 9541
585.5 9545
585.5 9549
585.5 9553
585.5 9557
585.5 9561
585.5 9565
585.5 9569
585.5 9573
585.5 9577
585.5 9581
585.5 9585
585.5 9589
585.5 9593
585.5 9597
587.7 9501
587.7 9505
587.7 9509
587.7 9513
587.7 9517
587.7 9521
587.7 9525
587.7 9529
587.7 9533
587.7 9537
587.7 9541
587.7 9545
587.7 9549
587.7 9553
587.7 9557
587.7 9561
587.7 9565
587.7 9569
587.7 9573
587.7 9577
587.7 9581
587.7 9585
587.7 9589
587.7 9593
587.7 9597
589.8 9501
589.8 9505
589.8 9509
589.8 9513
589.8 9517
589.8 9521
589.8 9525
589.8 9529
589.8 9533
589.8 9537
589.8 9541
589.8 9545
589.8 9549
589.8 9553
589.8 9557
589.8 9561
589.8 9565
589.8 9569
589.8 9573
589.8 9577
589.8 9581
589.8 9585
589.8 9589
589.8 9593
589.8 9597
592.0 9501
592.0 9505
592.0 9509
592.0 9513
592.0 9517
592.0 9521
592.0 9525
592.0 9529
592.0 9533
592.0 9537
592.0 9541
592.0 9545
592.0 9549
592.0 9553
592.0 9557
592.0 9561
592.0 9565
592.0 9569
592.0 9573
592.0 9577
592.0 9581
592.0 9585
592.0 9589
592.0 9593
592.0 9597
594.3 9501
594.3 9505
594.3 9509
594.3 9513
594.3 9517
594.3 9521
594.3 9525
594.3 9529
594.3 9533
594.3 9537
594.3 9541
594.3 9545
594.3 9549
594.3 9553
594.3 9557
594.3 9561
594.3 9565
594.3 9569
594.3 9573
594.3 9577
594.3 9581
594.3 9585
594.3 9589
594.3 9593
594.3 9597
596.5 9501
596.5 9505
596.5 9509
596.5 9513
596.5 9517
596.5 9521
596.5 9525
596.5 9529
596.5 9533
596.5 9537
596.5 9541
596.5 9545
596.5 9549
596.5 9553
596.5 9557
596.5 9561
596.5 9565
596.5 9569
596.5 9573
596.5 9577
596.5 9581
596.5 9585
596.5 9589
596.5 9593
596.5 9597
598.8 9501
598.8 9505
598.8 9509
598.8 9513
598.8 9517
598.8 9521
598.8 9525
598.8 9529
598.8 9533
598.8 9537
598.8 9541
598.8 9545
598.8 9549
598.8 9553
598.8 9557
598.8 9561
598.8 9565
598.8 9569
598.8 9573
598.8 9577
598.8 9581
598.8 9585
598.8 9589
598.8 9593
598.8 9597
601.1 9501
601.1 9505
601.1 9509
601.1 9513
601.1 9517
601.1 9521
601.1 9525
601.1 9529
601.1 9533
601.1 9537
601.1 9541
601.1 9545
601.1 9549
601.1 9553
601.1 9557
601.1 9561
601.1 9565
601.1 9569
601.1 9573
601.1 9577
601.1 9581
601.1 9585
601.1 9589
601.1 9593
601.1 9597
603.3 9501
603.3 9505
603.3 9509
603.3 9513
603.3 9517
603.3 9521
603.3 9525
603.3 9529
603.3 9533
603.3 9537
603.3 9541
603.3 9545
603.3 9549
603.3 9553
603.3 9557
603.3 9561
603.3 9565
603.3 9569
603.3 9573
603.3 9577
603.3 9581
603.3 9585
603.3 9589
603.3 9593
603.3 9597
404.2 9502
404.2 9506
404.2 9510
404.2 9514
404.2 9518
404.2 9522
404.2 9526
404.2 9530
404.2 9534
404.2 9538
404.2 9542
404.2 9546
404.2 9550
404.2 9554
404.2 9558
404.2 9562
404.2 9566
404.2 9570
404.2 9574
404.2 9578
404.2 9582
404.2 9586
404.2 9590
404.2 9594
404.2 9598
406.5 9502
406.5 9506
406.5 9510
406.5 9514
406.5 9518
406.5 9522
406.5 9526
406.5 9530
406.5 9534
406.5 9538
406.5 9542
406.5 9546
406.5 9550
406.5 9554
406.5 9558
406.5 9562
406.5 9566
406.5 9570
406.5 9574
406.5 9578
406.5 9582
406.5 9586
406.5 9590
406.5 9594
406.5 9598
408.6 9502
408.6 9506
408.6 9510
408.6 9514
408.6 9518
408.6 9522
408.6 9526
408.6 9530
408.6 9534
408.6 9538
408.6 9542
408.6 9546
408.6 9550
408.6 9554
408.6 9558
408.6 9562
408.6 9566
408.6 9570
408.6 9574
408.6 9578
408.6 9582
408.6 9586
408.6 9590
408.6 9594
408.6 9598
410.7 9502
410.7 9506
410.7 9510
410.7 9514
410.7 9518
410.7 9522
410.7 9526
410.7 9530
410.7 9534
410.7 9538
410.7 9542
410.7 9546
410.7 9550
410.7 9554
410.7 9558
410.7 9562
410.7 9566
410.7 9570
410.7 9574
410.7 9578
410.7 9582
410.7 9586
410.7 9590
410.7 9594
410.7 9598
412.8 9502
412.8 9506
412.8 9510
412.8 9514
412.8 9518
412.8 9522
412.8 9526
412.8 9530
412.8 9534
412.8 9538
412.8 9542
412.8 9546
412.8 9550
412.8 9554
412.8 9558
412.8 9562
412.8 9566
412.8 9570
412.8 9574
412.8 9578
412.8 9582
412.8 9586
412.8 9590
412.8 9594
412.8 9598
414.9 9502
414.9 9506
414.9 9510
414.9 9514
414.9 9518
414.9 9522
414.9 9526
414.9 9530
414.9 9534
414.9 9538
414.9 9542
414.9 9546
414.9 9550
414.9 9554
414.9 9558
414.9 9562
414.9 9566
414.9 9570
414.9 9574
414.9 9578
414.9 9582
414.9 9586
414.9 9590
414.9 9594
414.9 9598
417.0 9502
417.0 9506
417.0 9510
417.0 9514
417.0 9518
417.0 9522
417.0 9526
417.0 9530
417.0 9534
417.0 9538
417.0 9542
417.0 9546
417.0 9550
417.0 9554
417.0 9558
417.0 9562
417.0 9566
417.0 9570
417.0 9574
417.0 9578
417.0 9582
417.0 9586
417.0 9590
417.0 9594
417.0 9598
419.1 9502
419.1 9510
419.1 9522
419.1 9546
419.1 9570
419.1 9578
419.1 9590
419.1 9594
421.3 9510
421.3 9546
421.3 9570
421.3 9578
421.3 9594
404.2 9503
404.2 9507
404.2 9511
404.2 9515
404.2 9519
404.2 9523
404.2 9527
404.2 9531
404.2 9535
404.2 9539
404.2 9543
404.2 9547
404.2 9551
404.2 9555
404.2 9559
404.2 9563
404.2 9567
404.2 9571
404.2 9575
404.2 9579
404.2 9583
404.2 9587
404.2 9591
404.2 9595
404.2 9599
406.5 9503
406.5 9507
406.5 9511
406.5 9515
406.5 9519
406.5 9523
406.5 9527
406.5 9531
406.5 9535
406.5 9539
406.5 9543
406.5 9547
406.5 9551
406.5 9555
406.5 9559
406.5 9563
406.5 9567
406.5 9571
406.5 9575
406.5 9579
406.5 9583
406.5 9587
406.5 9591
406.5 9595
406.5 9599
408.6 9503
408.6 9507
408.6 9511
408.6 9515
408.6 9519
408.6 9523
408.6 9527
408.6 9531
408.6 9535
408.6 9539
408.6 9543
408.6 9547
408.6 9551
408.6 9555
408.6 9559
408.6 9563
408.6 9567
408.6 9571
408.6 9575
408.6 9579
408.6 9583
408.6 9587
408.6 9591
408.6 9595
408.6 9599
410.7 9503
410.7 9507
410.7 9511
410.7 9515
410.7 9519
410.7 9523
410.7 9527
410.7 9531
410.7 9535
410.7 9539
410.7 9543
410.7 9547
410.7 9551
410.7 9555
410.7 9559
410.7 9563
410.7 9567
410.7 9571
410.7 9575
410.7 9579
410.7 9583
410.7 9587
410.7 9591
410.7 9595
410.7 9599
412.8 9503
412.8 9507
412.8 9511
412.8 9515
412.8 9519
412.8 9523
412.8 9527
412.8 9531
412.8 9535
412.8 9539
412.8 9543
412.8 9547
412.8 9551
412.8 9555
412.8 9559
412.8 9563
412.8 9567
412.8 9571
412.8 9575
412.8 9579
412.8 9583
412.8 9587
412.8 9591
412.8 9595
412.8 9599
414.9 9503
414.9 9507
414.9 9511
414.9 9515
414.9 9519
414.9 9523
414.9 9527
414.9 9531
414.9 9535
414.9 9539
414.9 9543
414.9 9547
414.9 9551
414.9 9555
414.9 9559
414.9 9563
414.9 9567
414.9 9571
414.9 9575
414.9 9579
414.9 9583
414.9 9587
414.9 9591
414.9 9595
414.9 9599
417.0 9503
417.0 9507
417.0 9511
417.0 9515
417.0 9519
417.0 9523
417.0 9527
417.0 9531
417.0 9535
417.0 9539
417.0 9543
417.0 9547
417.0 9551
417.0 9555
417.0 9559
417.0 9563
417.0 9567
417.0 9571
417.0 9575
417.0 9579
417.0 9583
417.0 9587
417.0 9591
417.0 9595
417.0 9599
419.1 9503
419.1 9507
419.1 9511
419.1 9515
419.1 9519
419.1 9523
419.1 9527
419.1 9531
419.1 9535
419.1 9539
419.1 9543
419.1 9547
419.1 9551
419.1 9555
419.1 9559
419.1 9563
419.1 9567
419.1 9571
419.1 9575
419.1 9579
419.1 9583
419.1 9587
419.1 9591
419.1 9595
419.1 9599
421.3 9503
421.3 9507
421.3 9511
421.3 9515
421.3 9519
421.3 9523
421.3 9527
421.3 9531
421.3 9535
421.3 9539
421.3 9543
421.3 9547
421.3 9551
421.3 9555
421.3 9559
421.3 9563
421.3 9567
421.3 9571
421.3 9575
421.3 9579
421.3 9583
421.3 9587
421.3 9591
421.3 9595
421.3 9599
423.5 9503
423.5 9507
423.5 9511
423.5 9515
423.5 9519
423.5 9523
423.5 9527
423.5 9531
423.5 9535
423.5 9539
423.5 9543
423.5 9547
423.5 9551
423.5 9555
423.5 9559
423.5 9563
423.5 9567
423.5 9571
423.5 9575
423.5 9579
423.5 9583
423.5 9587
423.5 9591
423.5 9595
423.5 9599
425.7 9503
425.7 9507
425.7 9511
425.7 9515
425.7 9519
425.7 9523
425.7 9527
425.7 9531
425.7 9535
425.7 9539
425.7 9543
425.7 9547
425.7 9551
425.7 9555
425.7 9559
425.7 9563
425.7 9567
425.7 9571
425.7 9575
425.7 9579
425.7 9583
425.7 9587
425.7 9591
425.7 9595
425.7 9599
428.1 9503
428.1 9507
428.1 9511
428.1 9515
428.1 9519
428.1 9523
428.1 9527
428.1 9531
428.1 9535
428.1 9539
428.1 9543
428.1 9547
428.1 9551
428.1 9555
428.1 9559
428.1 9563
428.1 9567
428.1 9571
428.1 9575
428.1 9579
428.1 9583
428.1 9587
428.1 9591
428.1 9595
428.1 9599
430.3 9507
430.3 9515
430.3 9519
430.3 9523
430.3 9527
430.3 9535
430.3 9539
430.3 9547
430.3 9551
430.3 9555
430.3 9559
430.3 9567
430.3 9575
430.3 9579
430.3 9583
430.3 9587
430.3 9595
430.3 9599
430.4 9503
430.4 9511
430.4 9531
430.4 9543
430.4 9563
430.4 9571
430.4 9591
432.4 9507
432.4 9515
432.4 9519
432.4 9523
432.4 9527
432.4 9535
432.4 9539
432.4 9547
432.4 9551
432.4 9555
432.4 9559
432.4 9567
432.4 9575
432.4 9579
432.4 9583
432.4 9587
432.4 9595
432.4 9599
432.5 9503
432.5 9511
432.5 9531
432.5 9543
432.5 9563
432.5 9571
432.5 9591
434.5 9507
434.5 9515
434.5 9519
434.5 9523
434.5 9527
434.5 9535
434.5 9539
434.5 9547
434.5 9551
434.5 9555
434.5 9559
434.5 9567
434.5 9575
434.5 9579
434.5 9583
434.5 9587
434.5 9595
434.5 9599
434.6 9503
434.6 9511
434.6 9531
434.6 9543
434.6 9563
434.6 9571
434.6 9591
436.7 9507
436.7 9515
436.7 9519
436.7 9523
436.7 9527
436.7 9535
436.7 9539
436.7 9547
436.7 9551
436.7 9555
436.7 9559
436.7 9567
436.7 9575
436.7 9579
436.7 9583
436.7 9587
436.7 9595
436.7 9599
436.8 9503
436.8 9511
436.8 9531
436.8 9543
436.8 9563
436.8 9571
436.8 9591
438.9 9507
438.9 9515
438.9 9519
438.9 9523
438.9 9527
438.9 9535
438.9 9539
438.9 9547
438.9 9551
438.9 9555
438.9 9559
438.9 9567
438.9 9575
438.9 9579
438.9 9583
438.9 9587
438.9 9595
438.9 9599
439.0 9503
439.0 9511
439.0 9531
439.0 9543
439.0 9563
439.0 9571
439.0 9591
441.1 9507
441.1 9515
441.1 9519
441.1 9523
441.1 9527
441.1 9535
441.1 9539
441.1 9547
441.1 9551
441.1 9555
441.1 9559
441.1 9567
441.1 9575
441.1 9579
441.1 9583
441.1 9587
441.1 9595
441.1 9599
441.2 9503
441.2 9511
441.2 9531
441.2 9543
441.2 9563
441.2 9571
441.2 9591
443.3 9507
443.3 9515
443.3 9519
443.3 9523
443.3 9527
443.3 9535
443.3 9539
443.3 9547
443.3 9551
443.3 9555
443.3 9559
443.3 9567
443.3 9575
443.3 9579
443.3 9583
443.3 9587
443.3 9595
443.3 9599
443.4 9503
443.4 9511
443.4 9531
443.4 9543
443.4 9563
443.4 9571
443.4 9591
445.5 9507
445.5 9515
445.5 9519
445.5 9523
445.5 9527
445.5 9535
445.5 9539
445.5 9547
445.5 9551
445.5 9555
445.5 9559
445.5 9567
445.5 9575
445.5 9579
445.5 9583
445.5 9587
445.5 9595
445.5 9599
445.6 9503
445.6 9511
445.6 9531
445.6 9543
445.6 9563
445.6 9571
445.6 9591
447.7 9507
447.7 9515
447.7 9519
447.7 9523
447.7 9527
447.7 9535
447.7 9539
447.7 9547
447.7 9551
447.7 9555
447.7 9559
447.7 9567
447.7 9575
447.7 9579
447.7 9583
447.7 9587
447.7 9595
447.7 9599
447.8 9503
447.8 9511
447.8 9531
447.8 9543
447.8 9563
447.8 9571
447.8 9591
450.1 9507
450.1 9515
450.1 9519
450.1 9523
450.1 9527
450.1 9535
450.1 9539
450.1 9547
450.1 9551
450.1 9555
450.1 9559
450.1 9567
450.1 9575
450.1 9579
450.1 9583
450.1 9587
450.1 9595
450.1 9599
450.2 9503
450.2 9511
450.2 9531
450.2 9543
450.2 9563
450.2 9571
450.2 9591
452.5 9507
452.5 9515
452.5 9519
452.5 9523
452.5 9527
452.5 9535
452.5 9539
452.5 9547
452.5 9551
452.5 9555
452.5 9559
452.5 9567
452.5 9575
452.5 9579
452.5 9583
452.5 9587
452.5 9595
452.5 9599
452.6 9503
452.6 9511
452.6 9531
452.6 9543
452.6 9563
452.6 9571
452.6 9591
454.6 9507
454.6 9515
454.6 9519
454.6 9523
454.6 9527
454.6 9535
454.6 9539
454.6 9547
454.6 9551
454.6 9555
454.6 9559
454.6 9567
454.6 9575
454.6 9579
454.6 9583
454.6 9587
454.6 9595
454.6 9599
454.7 9503
454.7 9511
454.7 9531
454.7 9543
454.7 9563
454.7 9571
454.7 9591
456.8 9507
456.8 9515
456.8 9519
456.8 9523
456.8 9527
456.8 9535
456.8 9539
456.8 9547
456.8 9551
456.8 9555
456.8 9559
456.8 9567
456.8 9575
456.8 9579
456.8 9583
456.8 9587
456.8 9595
456.8 9599
456.9 9503
456.9 9511
456.9 9531
456.9 9543
456.9 9563
456.9 9571
456.9 9591
459.0 9507
459.0 9515
459.0 9519
459.0 9523
459.0 9527
459.0 9535
459.0 9539
459.0 9547
459.0 9551
459.0 9555
459.0 9559
459.0 9567
459.0 9575
459.0 9579
459.0 9583
459.0 9587
459.0 9595
459.0 9599
459.1 9503
459.1 9511
459.1 9531
459.1 9543
459.1 9563
459.1 9571
459.1 9591
461.1 9547
461.1 9567
461.1 9575
461.1 9587
461.1 9599
461.2 9503
461.2 9507
461.2 9511
461.2 9515
461.2 9519
461.2 9523
461.2 9527
461.2 9531
461.2 9535
461.2 9539
461.2 9543
461.2 9551
461.2 9555
461.2 9559
461.2 9563
461.2 9571
461.2 9579
461.2 9583
461.2 9591
461.2 9595
463.3 9547
463.3 9567
463.3 9575
463.3 9587
463.3 9599
463.4 9503
463.4 9507
463.4 9511
463.4 9515
463.4 9519
463.4 9523
463.4 9527
463.4 9531
463.4 9535
463.4 9539
463.4 9543
463.4 9551
463.4 9555
463.4 9559
463.4 9563
463.4 9571
463.4 9579
463.4 9583
463.4 9591
463.4 9595
465.5 9547
465.5 9567
465.5 9575
465.5 9587
465.5 9599
465.6 9503
465.6 9507
465.6 9511
465.6 9515
465.6 9519
465.6 9523
465.6 9527
465.6 9531
465.6 9535
465.6 9539
465.6 9543
465.6 9551
465.6 9555
465.6 9559
465.6 9563
465.6 9571
465.6 9579
465.6 9583
465.6 9591
465.6 9595
467.6 9547
467.6 9567
467.6 9575
467.6 9587
467.6 9599
467.7 9503
467.7 9507
467.7 9511
467.7 9515
467.7 9519
467.7 9523
467.7 9527
467.7 9531
467.7 9535
467.7 9539
467.7 9543
467.7 9551
467.7 9555
467.7 9559
467.7 9563
467.7 9571
467.7 9579
467.7 9583
467.7 9591
467.7 9595
470.0 9547
470.0 9567
470.0 9575
470.0 9587
470.0 9599
470.1 9503
470.1 9507
470.1 9511
470.1 9515
470.1 9519
470.1 9523
470.1 9527
470.1 9531
470.1 9535
470.1 9539
470.1 9543
470.1 9551
470.1 9555
470.1 9559
470.1 9563
470.1 9571
470.1 9579
470.1 9583
470.1 9591
470.1 9595
472.2 9547
472.2 9567
472.2 9575
472.2 9587
472.2 9599
472.3 9503
472.3 9507
472.3 9511
472.3 9515
472.3 9519
472.3 9523
472.3 9527
472.3 9531
472.3 9535
472.3 9539
472.3 9543
472.3 9551
472.3 9555
472.3 9559
472.3 9563
472.3 9571
472.3 9579
472.3 9583
472.3 9591
472.3 9595
474.4 9547
474.4 9567
474.4 9575
474.4 9587
474.4 9599
474.5 9503
474.5 9507
474.5 9511
474.5 9515
474.5 9519
474.5 9523
474.5 9527
474.5 9531
474.5 9535
474.5 9539
474.5 9543
474.5 9551
474.5 9555
474.5 9559
474.5 9563
474.5 9571
474.5 9579
474.5 9583
474.5 9591
474.5 9595
476.6 9547
476.6 9567
476.6 9575
476.6 9587
476.6 9599
476.7 9503
476.7 9507
476.7 9511
476.7 9515
476.7 9519
476.7 9523
476.7 9527
476.7 9531
476.7 9535
476.7 9539
476.7 9543
476.7 9551
476.7 9555
476.7 9559
476.7 9563
476.7 9571
476.7 9579
476.7 9583
476.7 9591
476.7 9595
478.8 9547
478.8 9567
478.8 9575
478.8 9587
478.8 9599
478.9 9519
478.9 9551
479.0 9503
479.0 9507
479.0 9511
479.0 9515
479.0 9523
479.0 9527
479.0 9531
479.0 9535
479.0 9539
479.0 9543
479.0 9555
479.0 9559
479.0 9563
479.0 9571
479.0 9579
479.0 9583
479.0 9591
479.0 9595
481.0 9547
481.0 9567
481.0 9575
481.0 9587
481.0 9599
481.1 9519
481.1 9551
481.2 9503
481.2 9507
481.2 9511
481.2 9515
481.2 9523
481.2 9527
481.2 9531
481.2 9535
481.2 9539
481.2 9543
481.2 9555
481.2 9559
481.2 9563
481.2 9571
481.2 9579
481.2 9583
481.2 9591
481.2 9595
483.3 9547
483.3 9567
483.3 9575
483.3 9587
483.3 9599
483.4 9503
483.4 9507
483.4 9511
483.4 9515
483.4 9519
483.4 9523
483.4 9527
483.4 9531
483.4 9535
483.4 9539
483.4 9543
483.4 9551
483.4 9555
483.4 9559
483.4 9563
483.4 9571
483.4 9579
483.4 9583
483.4 9591
483.4 9595
485.5 9547
485.5 9567
485.5 9575
485.5 9587
485.5 9599
485.6 9503
485.6 9507
485.6 9511
485.6 9515
485.6 9519
485.6 9523
485.6 9527
485.6 9531
485.6 9535
485.6 9539
485.6 9543
485.6 9551
485.6 9555
485.6 9559
485.6 9563
485.6 9571
485.6 9579
485.6 9583
485.6 9591
485.6 9595
487.7 9547
487.7 9567
487.7 9575
487.7 9587
487.7 9599
487.8 9503
487.8 9507
487.8 9511
487.8 9515
487.8 9519
487.8 9523
487.8 9527
487.8 9531
487.8 9535
487.8 9539
487.8 9543
487.8 9551
487.8 9555
487.8 9559
487.8 9563
487.8 9571
487.8 9579
487.8 9583
487.8 9591
487.8 9595
489.9 9547
489.9 9567
489.9 9575
489.9 9587
489.9 9599
490.0 9503
490.0 9507
490.0 9511
490.0 9515
490.0 9519
490.0 9523
490.0 9527
490.0 9531
490.0 9535
490.0 9539
490.0 9543
490.0 9551
490.0 9555
490.0 9559
490.0 9563
490.0 9571
490.0 9579
490.0 9583
490.0 9591
490.0 9595
492.1 9547
492.1 9567
492.1 9575
492.1 9587
492.1 9599
492.2 9503
492.2 9507
492.2 9511
492.2 9515
492.2 9519
492.2 9523
492.2 9527
492.2 9531
492.2 9535
492.2 9539
492.2 9543
492.2 9551
492.2 9555
492.2 9559
492.2 9563
492.2 9571
492.2 9579
492.2 9583
492.2 9591
492.2 9595
494.2 9567
494.2 9575
494.2 9587
494.2 9599
494.3 9547
494.4 9503
494.4 9507
494.4 9511
494.4 9515
494.4 9519
494.4 9523
494.4 9527
494.4 9531
494.4 9535
494.4 9539
494.4 9543
494.4 9551
494.4 9555
494.4 9559
494.4 9563
494.4 9571
494.4 9579
494.4 9583
494.4 9591
494.4 9595
496.4 9567
496.4 9575
496.4 9587
496.4 9599
496.5 9547
496.6 9503
496.6 9507
496.6 9511
496.6 9515
496.6 9519
496.6 9523
496.6 9527
496.6 9531
496.6 9535
496.6 9539
496.6 9543
496.6 9551
496.6 9555
496.6 9559
496.6 9563
496.6 9571
496.6 9579
496.6 9583
496.6 9591
496.6 9595
498.7 9547
498.7 9567
498.7 9575
498.7 9587
498.7 9599
498.8 9503
498.8 9507
498.8 9511
498.8 9515
498.8 9519
498.8 9523
498.8 9527
498.8 9531
498.8 9535
498.8 9539
498.8 9543
498.8 9551
498.8 9555
498.8 9559
498.8 9563
498.8 9571
498.8 9579
498.8 9583
498.8 9591
498.8 9595
500.9 9547
500.9 9567
500.9 9575
500.9 9587
500.9 9599
501.0 9503
501.0 9507
501.0 9511
501.0 9519
501.0 9527
501.0 9531
501.0 9535
501.0 9551
501.0 9555
501.0 9559
501.0 9563
501.0 9571
501.0 9579
501.0 9583
501.0 9591
501.0 9595
501.1 9515
501.1 9523
501.1 9539
501.1 9543
503.0 9547
503.0 9567
503.0 9575
503.0 9587
503.0 9599
503.1 9503
503.1 9507
503.1 9511
503.1 9519
503.1 9527
503.1 9531
503.1 9535
503.1 9551
503.1 9555
503.1 9559
503.1 9563
503.1 9571
503.1 9579
503.1 9583
503.1 9591
503.1 9595
503.2 9515
503.2 9523
503.2 9539
503.2 9543
505.2 9547
505.2 9567
505.2 9575
505.2 9587
505.2 9599
505.3 9503
505.3 9507
505.3 9511
505.3 9515
505.3 9519
505.3 9523
505.3 9527
505.3 9531
505.3 9535
505.3 9539
505.3 9543
505.3 9551
505.3 9555
505.3 9559
505.3 9563
505.3 9571
505.3 9579
505.3 9583
505.3 9591
505.3 9595
507.6 9547
507.6 9567
507.6 9575
507.6 9587
507.6 9599
507.7 9503
507.7 9507
507.7 9511
507.7 9515
507.7 9519
507.7 9523
507.7 9527
507.7 9531
507.7 9535
507.7 9539
507.7 9543
507.7 9551
507.7 9555
507.7 9559
507.7 9563
507.7 9571
507.7 9579
507.7 9583
507.7 9591
507.7 9595
509.7 9547
509.7 9567
509.7 9575
509.7 9587
509.7 9599
509.8 9503
509.8 9507
509.8 9511
509.8 9515
509.8 9519
509.8 9523
509.8 9527
509.8 9531
509.8 9535
509.8 9539
509.8 9543
509.8 9551
509.8 9555
509.8 9559
509.8 9563
509.8 9571
509.8 9579
509.8 9583
509.8 9591
509.8 9595
511.9 9547
511.9 9567
511.9 9575
511.9 9587
511.9 9599
512.0 9503
512.0 9507
512.0 9511
512.0 9515
512.0 9519
512.0 9523
512.0 9527
512.0 9531
512.0 9535
512.0 9539
512.0 9543
512.0 9551
512.0 9555
512.0 9559
512.0 9563
512.0 9571
512.0 9579
512.0 9583
512.0 9591
512.0 9595
514.3 9547
514.3 9567
514.3 9575
514.3 9587
514.3 9599
514.4 9503
514.4 9507
514.4 9511
514.4 9515
514.4 9519
514.4 9523
514.4 9527
514.4 9531
514.4 9535
514.4 9539
514.4 9543
514.4 9551
514.4 9555
514.4 9559
514.4 9563
514.4 9571
514.4 9579
514.4 9583
514.4 9591
514.4 9595
516.6 9547
516.6 9567
516.6 9575
516.6 9587
516.6 9599
516.7 9503
516.7 9507
516.7 9511
516.7 9515
516.7 9519
516.7 9523
516.7 9527
516.7 9531
516.7 9535
516.7 9539
516.7 9543
516.7 9551
516.7 9555
516.7 9559
516.7 9563
516.7 9571
516.7 9579
516.7 9583
516.7 9591
516.7 9595
518.8 9547
518.8 9567
518.8 9575
518.8 9587
518.8 9599
518.9 9503
518.9 9507
518.9 9511
518.9 9515
518.9 9519
518.9 9523
518.9 9527
518.9 9531
518.9 9535
518.9 9539
518.9 9543
518.9 9551
518.9 9555
518.9 9559
518.9 9563
518.9 9571
518.9 9579
518.9 9583
518.9 9591
518.9 9595
521.0 9503
521.0 9507
521.0 9511
521.0 9515
521.0 9519
521.0 9523
521.0 9527
521.0 9531
521.0 9535
521.0 9539
521.0 9543
521.0 9547
521.0 9551
521.0 9555
521.0 9559
521.0 9563
521.0 9567
521.0 9571
521.0 9575
521.0 9579
521.0 9583
521.0 9587
521.0 9591
521.0 9595
521.0 9599
523.1 9503
523.1 9507
523.1 9511
523.1 9515
523.1 9519
523.1 9523
523.1 9527
523.1 9531
523.1 9535
523.1 9539
523.1 9543
523.1 9547
523.1 9551
523.1 9555
523.1 9559
523.1 9563
523.1 9567
523.1 9571
523.1 9575
523.1 9579
523.1 9583
523.1 9587
523.1 9591
523.1 9595
523.1 9599
525.4 9503
525.4 9507
525.4 9511
525.4 9515
525.4 9519
525.4 9523
525.4 9527
525.4 9531
525.4 9535
525.4 9539
525.4 9543
525.4 9547
525.4 9551
525.4 9555
525.4 9559
525.4 9563
525.4 9567
525.4 9571
525.4 9575
525.4 9579
525.4 9583
525.4 9587
525.4 9591
525.4 9595
525.4 9599
527.6 9503
527.6 9507
527.6 9511
527.6 9515
527.6 9519
527.6 9523
527.6 9527
527.6 9531
527.6 9535
527.6 9539
527.6 9543
527.6 9547
527.6 9551
527.6 9555
527.6 9559
527.6 9563
527.6 9567
527.6 9571
527.6 9575
527.6 9579
527.6 9583
527.6 9587
527.6 9591
527.6 9595
527.6 9599
529.8 9503
529.8 9507
529.8 9511
529.8 9515
529.8 9519
529.8 9523
529.8 9527
529.8 9531
529.8 9535
529.8 9539
529.8 9543
529.8 9547
529.8 9551
529.8 9555
529.8 9559
529.8 9563
529.8 9567
529.8 9571
529.8 9575
529.8 9579
529.8 9583
529.8 9587
529.8 9591
529.8 9595
529.8 9599
532.0 9503
532.0 9507
532.0 9511
532.0 9515
532.0 9519
532.0 9523
532.0 9527
532.0 9531
532.0 9535
532.0 9539
532.0 9543
532.0 9547
532.0 9551
532.0 9555
532.0 9559
532.0 9563
532.0 9567
532.0 9571
532.0 9575
532.0 9579
532.0 9583
532.0 9587
532.0 9591
532.0 9595
532.0 9599
534.2 9503
534.2 9507
534.2 9511
534.2 9515
534.2 9519
534.2 9523
534.2 9527
534.2 9531
534.2 9535
534.2 9539
534.2 9543
534.2 9547
534.2 9551
534.2 9555
534.2 9559
534.2 9563
534.2 9567
534.2 9571
534.2 9575
534.2 9579
534.2 9583
534.2 9587
534.2 9591
534.2 9595
534.2 9599
536.4 9503
536.4 9507
536.4 9511
536.4 9515
536.4 9519
536.4 9523
536.4 9527
536.4 9531
536.4 9535
536.4 9539
536.4 9543
536.4 9547
536.4 9551
536.4 9555
536.4 9559
536.4 9563
536.4 9567
536.4 9571
536.4 9575
536.4 9579
536.4 9583
536.4 9587
536.4 9591
536.4 9595
536.4 9599
538.6 9503
538.6 9507
538.6 9511
538.6 9515
538.6 9519
538.6 9523
538.6 9527
538.6 9531
538.6 9535
538.6 9539
538.6 9543
538.6 9547
538.6 9551
538.6 9555
538.6 9559
538.6 9563
538.6 9567
538.6 9571
538.6 9575
538.6 9579
538.6 9583
538.6 9587
538.6 9591
538.6 9595
538.6 9599
540.8 9503
540.8 9507
540.8 9511
540.8 9515
540.8 9519
540.8 9523
540.8 9527
540.8 9531
540.8 9535
540.8 9539
540.8 9543
540.8 9547
540.8 9551
540.8 9555
540.8 9559
540.8 9563
540.8 9567
540.8 9571
540.8 9575
540.8 9579
540.8 9583
540.8 9587
540.8 9591
540.8 9595
540.8 9599
543.0 9503
543.0 9507
543.0 9511
543.0 9515
543.0 9519
543.0 9523
543.0 9527
543.0 9531
543.0 9535
543.0 9539
543.0 9543
543.0 9547
543.0 9551
543.0 9555
543.0 9559
543.0 9563
543.0 9567
543.0 9571
543.0 9575
543.0 9579
543.0 9583
543.0 9587
543.0 9591
543.0 9595
543.0 9599
545.1 9503
545.1 9507
545.1 9511
545.1 9515
545.1 9519
545.1 9523
545.1 9527
545.1 9531
545.1 9535
545.1 9539
545.1 9543
545.1 9547
545.1 9551
545.1 9555
545.1 9559
545.1 9563
545.1 9567
545.1 9571
545.1 9575
545.1 9579
545.1 9583
545.1 9587
545.1 9591
545.1 9595
545.1 9599
547.3 9503
547.3 9507
547.3 9511
547.3 9515
547.3 9519
547.3 9523
547.3 9527
547.3 9531
547.3 9535
547.3 9539
547.3 9543
547.3 9547
547.3 9551
547.3 9555
547.3 9559
547.3 9563
547.3 9567
547.3 9571
547.3 9575
547.3 9579
547.3 9583
547.3 9587
547.3 9591
547.3 9595
547.3 9599
549.5 9503
549.5 9507
549.5 9511
549.5 9515
549.5 9519
549.5 9523
549.5 9527
549.5 9531
549.5 9535
549.5 9539
549.5 9543
549.5 9547
549.5 9551
549.5 9555
549.5 9559
549.5 9563
549.5 9567
549.5 9571
549.5 9575
549.5 9579
549.5 9583
549.5 9587
549.5 9591
549.5 9595
549.5 9599
551.7 9503
551.7 9507
551.7 9511
551.7 9515
551.7 9519
551.7 9523
551.7 9527
551.7 9531
551.7 9535
551.7 9539
551.7 9543
551.7 9547
551.7 9551
551.7 9555
551.7 9559
551.7 9563
551.7 9567
551.7 9571
551.7 9575
551.7 9579
551.7 9583
551.7 9587
551.7 9591
551.7 9595
551.7 9599
554.4 9503
554.4 9507
554.4 9511
554.4 9515
554.4 9519
554.4 9523
554.4 9527
554.4 9531
554.4 9535
554.4 9539
554.4 9543
554.4 9547
554.4 9551
554.4 9555
554.4 9559
554.4 9563
554.4 9567
554.4 9571
554.4 9575
554.4 9579
554.4 9583
554.4 9587
554.4 9591
554.4 9595
554.4 9599
556.6 9503
556.6 9507
556.6 9511
556.6 9515
556.6 9519
556.6 9523
556.6 9527
556.6 9531
556.6 9535
556.6 9539
556.6 9543
556.6 9547
556.6 9551
556.6 9555
556.6 9559
556.6 9563
556.6 9567
556.6 9571
556.6 9575
556.6 9579
556.6 9583
556.6 9587
556.6 9591
556.6 9595
556.6 9599
558.8 9503
558.8 9507
558.8 9511
558.8 9515
558.8 9519
558.8 9523
558.8 9527
558.8 9531
558.8 9535
558.8 9539
558.8 9543
558.8 9547
558.8 9551
558.8 9555
558.8 9559
558.8 9563
558.8 9567
558.8 9571
558.8 9575
558.8 9579
558.8 9583
558.8 9587
558.8 9591
558.8 9595
558.8 9599
561.1 9503
561.1 9507
561.1 9511
561.1 9515
561.1 9519
561.1 9523
561.1 9527
561.1 9531
561.1 9535
561.1 9539
561.1 9543
561.1 9547
561.1 9551
561.1 9555
561.1 9559
561.1 9563
561.1 9567
561.1 9571
561.1 9575
561.1 9579
561.1 9583
561.1 9587
561.1 9591
561.1 9595
561.1 9599
563.3 9503
563.3 9507
563.3 9511
563.3 9515
563.3 9519
563.3 9523
563.3 9527
563.3 9531
563.3 9535
563.3 9539
563.3 9543
563.3 9547
563.3 9551
563.3 9555
563.3 9559
563.3 9563
563.3 9567
563.3 9571
563.3 9575
563.3 9579
563.3 9583
563.3 9587
563.3 9591
563.3 9595
563.3 9599
565.5 9503
565.5 9507
565.5 9511
565.5 9515
565.5 9519
565.5 9523
565.5 9527
565.5 9531
565.5 9535
565.5 9539
565.5 9543
565.5 9547
565.5 9551
565.5 9555
565.5 9559
565.5 9563
565.5 9567
565.5 9571
565.5 9575
565.5 9579
565.5 9583
565.5 9587
565.5 9591
565.5 9595
565.5 9599
567.7 9503
567.7 9507
567.7 9511
567.7 9515
567.7 9519
567.7 9523
567.7 9527
567.7 9531
567.7 9535
567.7 9539
567.7 9543
567.7 9547
567.7 9551
567.7 9555
567.7 9559
567.7 9563
567.7 9567
567.7 9571
567.7 9575
567.7 9579
567.7 9583
567.7 9587
567.7 9591
567.7 9595
567.7 9599
569.8 9503
569.8 9507
569.8 9511
569.8 9515
569.8 9519
569.8 9523
569.8 9527
569.8 9531
569.8 9535
569.8 9539
569.8 9547
569.8 9551
569.8 9555
569.8 9559
569.8 9563
569.8 9567
569.8 9571
569.8 9575
569.8 9579
569.8 9583
569.8 9587
569.8 9591
569.8 9595
569.8 9599
569.9 9543
572.0 9503
572.0 9507
572.0 9511
572.0 9515
572.0 9519
572.0 9523
572.0 9527
572.0 9531
572.0 9535
572.0 9539
572.0 9547
572.0 9551
572.0 9555
572.0 9559
572.0 9563
572.0 9567
572.0 9571
572.0 9575
572.0 9579
572.0 9583
572.0 9587
572.0 9591
572.0 9595
572.0 9599
572.2 9543
574.2 9503
574.2 9507
574.2 9511
574.2 9515
574.2 9519
574.2 9523
574.2 9527
574.2 9531
574.2 9535
574.2 9539
574.2 9547
574.2 9551
574.2 9555
574.2 9559
574.2 9563
574.2 9567
574.2 9571
574.2 9575
574.2 9579
574.2 9583
574.2 9587
574.2 9591
574.2 9595
574.2 9599
574.4 9543
576.5 9503
576.5 9507
576.5 9511
576.5 9515
576.5 9519
576.5 9523
576.5 9527
576.5 9531
576.5 9535
576.5 9539
576.5 9547
576.5 9551
576.5 9555
576.5 9559
576.5 9563
576.5 9567
576.5 9571
576.5 9575
576.5 9579
576.5 9583
576.5 9587
576.5 9591
576.5 9595
576.5 9599
576.6 9543
578.7 9503
578.7 9507
578.7 9511
578.7 9515
578.7 9519
578.7 9523
578.7 9527
578.7 9531
578.7 9535
578.7 9539
578.7 9547
578.7 9551
578.7 9555
578.7 9559
578.7 9563
578.7 9567
578.7 9571
578.7 9575
578.7 9579
578.7 9583
578.7 9587
578.7 9591
578.7 9595
578.7 9599
578.9 9543
580.9 9503
580.9 9507
580.9 9511
580.9 9515
580.9 9519
580.9 9523
580.9 9527
580.9 9531
580.9 9535
580.9 9539
580.9 9547
580.9 9551
580.9 9555
580.9 9559
580.9 9563
580.9 9567
580.9 9571
580.9 9575
580.9 9579
580.9 9583
580.9 9587
580.9 9591
580.9 9595
580.9 9599
581.0 9543
583.1 9503
583.1 9507
583.1 9511
583.1 9515
583.1 9519
583.1 9523
583.1 9527
583.1 9531
583.1 9535
583.1 9539
583.1 9547
583.1 9551
583.1 9555
583.1 9559
583.1 9563
583.1 9567
583.1 9571
583.1 9575
583.1 9579
583.1 9583
583.1 9587
583.1 9591
583.1 9595
583.1 9599
583.2 9543
585.5 9503
585.5 9507
585.5 9511
585.5 9515
585.5 9519
585.5 9523
585.5 9527
585.5 9531
585.5 9535
585.5 9539
585.5 9547
585.5 9551
585.5 9555
585.5 9559
585.5 9563
585.5 9567
585.5 9571
585.5 9575
585.5 9579
585.5 9583
585.5 9587
585.5 9591
585.5 9595
585.5 9599
585.6 9543
587.7 9503
587.7 9507
587.7 9511
587.7 9515
587.7 9519
587.7 9523
587.7 9527
587.7 9531
587.7 9535
587.7 9539
587.7 9547
587.7 9551
587.7 9555
587.7 9559
587.7 9563
587.7 9567
587.7 9571
587.7 9575
587.7 9579
587.7 9583
587.7 9587
587.7 9591
587.7 9595
587.7 9599
587.8 9543
589.8 9503
589.8 9507
589.8 9511
589.8 9515
589.8 9519
589.8 9523
589.8 9527
589.8 9531
589.8 9535
589.8 9539
589.8 9547
589.8 9551
589.8 9555
589.8 9559
589.8 9563
589.8 9567
589.8 9571
589.8 9575
589.8 9579
589.8 9583
589.8 9587
589.8 9591
589.8 9595
589.8 9599
590.0 9543
592.0 9503
592.0 9507
592.0 9511
592.0 9515
592.0 9519
592.0 9523
592.0 9527
592.0 9531
592.0 9535
592.0 9539
592.0 9547
592.0 9551
592.0 9555
592.0 9559
592.0 9563
592.0 9567
592.0 9571
592.0 9575
592.0 9579
592.0 9583
592.0 9587
592.0 9591
592.0 9595
592.0 9599
592.1 9543
594.3 9503
594.3 9507
594.3 9511
594.3 9515
594.3 9519
594.3 9523
594.3 9527
594.3 9531
594.3 9535
594.3 9539
594.3 9547
594.3 9551
594.3 9555
594.3 9559
594.3 9563
594.3 9567
594.3 9571
594.3 9575
594.3 9579
594.3 9583
594.3 9587
594.3 9591
594.3 9595
594.3 9599
594.4 9543
596.5 9503
596.5 9507
596.5 9511
596.5 9515
596.5 9519
596.5 9523
596.5 9527
596.5 9531
596.5 9535
596.5 9539
596.5 9547
596.5 9551
596.5 9555
596.5 9559
596.5 9563
596.5 9567
596.5 9571
596.5 9575
596.5 9579
596.5 9583
596.5 9587
596.5 9591
596.5 9595
596.5 9599
596.6 9543
598.8 9503
598.8 9507
598.8 9511
598.8 9515
598.8 9519
598.8 9523
598.8 9527
598.8 9531
598.8 9535
598.8 9539
598.8 9543
598.8 9547
598.8 9551
598.8 9555
598.8 9559
598.8 9563
598.8 9567
598.8 9571
598.8 9575
598.8 9579
598.8 9583
598.8 9587
598.8 9591
598.8 9595
598.8 9599
601.1 9503
601.1 9507
601.1 9511
601.1 9515
601.1 9519
601.1 9523
601.1 9527
601.1 9531
601.1 9535
601.1 9539
601.1 9543
601.1 9547
601.1 9551
601.1 9555
601.1 9559
601.1 9563
601.1 9567
601.1 9571
601.1 9575
601.1 9579
601.1 9583
601.1 9587
601.1 9591
601.1 9595
601.1 9599
603.3 9503
603.3 9507
603.3 9511
603.3 9515
603.3 9519
603.3 9523
603.3 9527
603.3 9531
603.3 9535
603.3 9539
603.3 9543
603.3 9547
603.3 9551
603.3 9555
603.3 9559
603.3 9563
603.3 9567
603.3 9571
603.3 9575
603.3 9579
603.3 9583
603.3 9587
603.3 9591
603.3 9595
603.3 9599
