Name: Motor[action], Title: Raster plot from device '11220', Hist: False
419.6 8260
419.6 8264
419.6 8292
419.6 8304
419.6 8312
419.6 8320
419.6 8324
419.6 8340
419.7 8252
419.7 8268
419.7 8272
419.7 8280
419.7 8284
419.7 8288
419.7 8300
419.7 8308
419.7 8316
419.7 8328
419.7 8332
419.7 8336
419.7 8344
419.8 8248
419.8 8256
419.8 8276
419.8 8296
421.9 8304
422.0 8260
422.0 8264
422.0 8292
422.0 8336
422.0 8340
422.0 8344
422.1 8248
422.1 8256
422.1 8272
422.1 8276
422.1 8284
422.1 8288
422.1 8312
422.1 8316
422.1 8320
422.1 8328
422.2 8252
422.2 8280
422.2 8300
422.2 8324
422.3 8268
422.3 8296
422.3 8308
422.3 8332
424.4 8256
424.5 8304
424.5 8340
424.6 8260
424.6 8276
424.6 8284
424.6 8316
424.6 8336
424.6 8344
424.8 8248
424.8 8288
424.8 8292
424.8 8328
425.0 8264
425.1 8272
425.1 8296
425.1 8320
425.3 8280
425.4 8268
425.5 8300
425.8 8312
425.8 8332
425.9 8308
453.6 8252
453.6 8324
457.1 8324
457.2 8252
460.8 8292
461.5 8336
461.6 8296
461.7 8320
461.9 8308
462.1 8272
462.1 8312
462.2 8280
462.4 8328
462.7 8260
462.9 8284
462.9 8340
463.1 8316
463.1 8332
463.2 8256
463.4 8344
463.5 8248
463.5 8264
464.1 8300
464.8 8304
464.9 8288
465.0 8276
465.3 8268
465.4 8308
465.8 8280
465.8 8336
465.9 8272
466.1 8284
466.2 8260
466.4 8332
466.4 8340
466.5 8344
466.9 8248
484.0 8292
486.0 8320
486.6 8296
487.0 8328
488.3 8292
488.3 8316
488.6 8256
489.1 8312
489.4 8264
489.4 8288
489.5 8268
489.8 8296
489.8 8304
489.8 8324
490.0 8300
490.0 8328
490.1 8276
490.4 8252
490.7 8316
491.0 8256
491.3 8312
491.7 8264
491.7 8288
491.8 8268
492.1 8304
492.1 8324
492.2 8300
492.3 8276
492.6 8252
492.8 8280
492.9 8344
493.0 8336
493.1 8316
493.3 8256
493.5 8332
493.6 8284
493.6 8312
493.7 8272
493.9 8264
494.0 8288
494.1 8268
494.3 8304
494.3 8308
494.3 8324
494.4 8300
494.5 8248
494.5 8260
494.5 8276
494.8 8252
495.3 8340
495.3 8344
495.6 8280
495.6 8336
496.4 8284
496.4 8332
496.7 8308
496.8 8272
497.5 8248
497.6 8260
498.6 8344
499.1 8340
515.0 8320
516.5 8328
518.1 8320
519.8 8296
520.3 8292
523.2 8292
528.6 8336
528.8 8316
528.9 8308
529.1 8284
529.2 8332
529.4 8280
529.6 8272
529.8 8248
530.1 8304
530.2 8260
530.5 8256
530.6 8252
530.7 8344
530.8 8268
530.8 8340
530.9 8324
531.0 8264
531.0 8336
531.2 8308
531.2 8312
531.3 8284
531.4 8332
531.7 8280
531.7 8316
531.8 8276
531.9 8272
532.1 8248
532.5 8260
532.5 8288
533.1 8300
533.1 8340
533.4 8304
533.5 8336
533.7 8284
533.7 8308
533.8 8324
533.8 8332
533.8 8344
533.9 8268
534.1 8280
534.2 8264
534.3 8272
534.5 8248
535.1 8260
535.1 8312
535.4 8276
535.7 8252
535.8 8340
536.3 8288
548.4 8328
549.6 8296
550.8 8328
551.9 8296
553.1 8328
553.2 8320
553.5 8256
554.4 8296
555.4 8292
556.8 8320
557.5 8256
559.2 8292
560.6 8300
563.3 8300
563.7 8316
565.3 8324
565.5 8344
565.9 8268
566.0 8252
566.0 8312
566.1 8300
566.1 8316
566.2 8276
566.2 8304
566.4 8264
566.8 8288
567.1 8332
567.6 8284
567.9 8248
567.9 8324
568.1 8344
568.4 8268
568.4 8312
568.6 8252
568.6 8304
568.6 8336
568.8 8264
568.8 8276
569.1 8308
569.5 8288
569.7 8280
571.3 8344
571.4 8264
571.4 8312
571.5 8324
571.6 8304
571.7 8308
572.2 8268
572.2 8272
572.3 8336
572.6 8248
572.6 8260
574.7 8340
577.1 8272
589.2 8328
589.7 8256
590.2 8284
590.2 8332
590.3 8320
590.6 8296
591.0 8292
592.5 8256
593.3 8320
593.5 8292
593.9 8296
594.3 8284
594.6 8280
598.2 8280
598.7 8260
599.2 8340
599.3 8316
601.1 8260
601.2 8252
601.4 8344
601.9 8316
601.9 8340
602.6 8248
602.7 8276
603.2 8308
603.6 8288
603.6 8336
603.7 8252
603.7 8260
604.7 8324
605.0 8276
605.1 8248
605.2 8316
605.2 8344
605.6 8308
605.9 8288
605.9 8336
607.0 8252
607.0 8264
607.7 8276
607.9 8268
608.6 8300
608.7 8308
608.8 8324
609.0 8272
609.1 8312
609.6 8288
610.0 8336
611.0 8328
611.6 8264
612.1 8272
616.9 8332
619.4 8332
625.6 8256
625.6 8284
626.6 8296
627.2 8292
627.3 8320
628.2 8256
628.5 8328
629.1 8296
629.2 8284
629.7 8280
629.9 8292
630.0 8320
631.3 8268
633.0 8280
633.0 8300
633.2 8296
634.1 8312
635.2 8340
635.7 8300
637.1 8248
637.7 8344
638.2 8340
638.7 8312
639.5 8324
639.8 8248
640.4 8316
640.5 8344
641.0 8260
642.3 8308
642.6 8264
643.0 8252
643.1 8344
643.4 8336
643.5 8324
644.0 8316
644.8 8272
645.2 8264
645.2 8308
645.6 8288
648.1 8272
648.1 8332
649.3 8264
649.8 8276
654.3 8328
656.6 8268
660.0 8268
661.5 8256
662.9 8292
663.9 8320
664.0 8284
665.3 8256
665.6 8292
665.9 8260
666.0 8280
666.1 8336
666.6 8284
666.6 8320
666.8 8252
668.9 8340
669.3 8280
669.4 8292
669.5 8260
670.0 8300
670.1 8252
670.9 8288
671.3 8312
672.6 8340
672.9 8248
673.1 8300
674.1 8288
674.2 8332
674.4 8312
674.5 8276
674.9 8316
675.3 8324
675.9 8248
675.9 8296
676.7 8332
677.0 8276
677.3 8344
677.4 8308
678.0 8324
678.1 8328
678.6 8316
679.5 8332
679.6 8276
679.8 8308
680.4 8296
680.6 8328
682.1 8272
683.0 8308
683.4 8264
684.6 8272
686.9 8336
688.0 8272
693.2 8268
695.5 8344
696.4 8260
697.9 8256
700.7 8256
700.8 8320
701.1 8284
701.8 8252
703.1 8280
703.3 8320
703.7 8284
704.7 8252
705.2 8292
705.7 8288
705.8 8300
706.0 8336
706.0 8340
706.1 8280
708.3 8312
709.4 8300
709.4 8340
709.9 8248
711.1 8264
711.2 8324
711.4 8296
711.5 8316
711.6 8312
711.8 8328
712.5 8248
713.4 8264
713.6 8324
713.9 8296
714.2 8316
714.2 8332
714.5 8328
715.3 8248
715.4 8268
715.7 8308
715.9 8264
717.0 8296
718.6 8268
720.3 8344
720.4 8276
722.2 8260
723.3 8344
725.1 8260
727.3 8272
731.5 8292
731.8 8288
733.5 8256
733.6 8284
734.1 8336
734.2 8292
734.7 8288
735.2 8320
736.3 8256
736.6 8336
737.7 8332
737.9 8320
738.2 8252
738.4 8280
739.1 8336
741.0 8308
741.3 8332
742.3 8252
742.7 8300
743.4 8340
743.5 8280
743.9 8308
744.8 8276
744.9 8312
745.4 8324
745.8 8300
746.2 8340
746.3 8316
747.0 8328
747.5 8276
747.8 8312
750.3 8324
750.4 8296
750.6 8328
751.2 8268
751.3 8272
751.4 8316
753.7 8268
753.7 8344
754.0 8272
754.1 8248
754.4 8264
755.7 8284
756.4 8344
756.9 8272
757.8 8260
759.0 8284
759.4 8248
760.5 8260
767.9 8256
768.3 8292
768.8 8288
770.9 8256
770.9 8292
771.5 8320
771.8 8288
773.6 8252
773.8 8332
774.7 8320
774.8 8296
776.3 8332
776.6 8280
777.5 8308
777.7 8296
778.1 8252
778.1 8336
778.9 8300
778.9 8340
779.0 8276
779.3 8280
779.5 8328
779.8 8312
780.1 8264
780.2 8308
782.1 8324
782.2 8340
783.1 8316
783.5 8264
784.4 8312
785.2 8324
786.1 8316
787.6 8268
788.1 8284
788.5 8344
791.2 8344
791.3 8248
791.4 8268
793.7 8260
794.0 8248
794.6 8344
796.3 8272
796.7 8260
797.0 8248
800.9 8336
801.7 8300
802.2 8256
803.0 8276
804.6 8328
804.7 8300
805.4 8256
805.4 8288
805.9 8292
806.6 8276
807.2 8328
808.4 8320
808.6 8288
808.8 8292
810.1 8252
810.1 8296
810.2 8332
810.9 8320
811.3 8308
812.6 8284
812.7 8296
812.9 8252
813.0 8332
813.7 8280
814.2 8320
814.4 8308
815.4 8336
815.8 8340
816.2 8284
816.9 8280
817.2 8324
818.4 8312
818.8 8264
818.9 8316
819.1 8340
821.1 8312
821.6 8316
821.8 8264
821.9 8272
822.0 8324
824.0 8268
824.1 8344
824.3 8260
824.4 8272
827.1 8268
827.6 8272
834.6 8256
835.0 8248
835.8 8300
837.0 8276
840.0 8328
840.5 8300
840.6 8276
840.9 8288
841.2 8336
841.8 8292
842.5 8328
843.7 8288
843.9 8296
843.9 8344
844.3 8292
845.0 8336
845.3 8308
845.4 8252
846.4 8332
847.0 8284
848.2 8252
848.4 8308
848.5 8296
849.2 8332
849.9 8280
849.9 8284
850.6 8260
851.2 8324
851.3 8340
852.3 8316
852.8 8332
853.3 8280
854.4 8260
854.6 8340
855.5 8312
856.7 8316
857.7 8264
859.1 8312
859.6 8256
860.1 8248
860.2 8268
860.6 8264
862.6 8248
862.6 8256
862.8 8268
862.9 8272
866.0 8248
868.7 8344
872.1 8344
872.4 8276
872.9 8300
873.7 8328
875.4 8276
875.8 8300
876.1 8336
876.3 8324
876.6 8284
876.8 8288
876.8 8328
878.5 8292
879.2 8324
879.3 8308
880.0 8288
880.0 8336
880.4 8296
881.0 8252
881.3 8260
881.4 8292
882.7 8308
883.7 8252
884.0 8296
886.5 8340
887.1 8280
887.8 8332
888.8 8316
889.0 8272
889.2 8340
889.8 8280
891.9 8316
892.5 8332
892.9 8272
893.5 8312
895.0 8264
896.0 8256
896.2 8312
896.4 8268
897.8 8264
898.7 8256
899.3 8268
900.8 8344
903.0 8284
903.1 8248
906.7 8284
907.6 8276
907.7 8260
907.9 8300
908.0 8328
909.4 8324
910.2 8276
910.7 8260
910.9 8300
911.3 8336
911.5 8328
912.2 8288
912.8 8324
913.8 8308
914.0 8296
914.5 8336
915.2 8288
916.3 8292
916.6 8308
917.6 8252
918.7 8292
920.3 8252
920.8 8344
921.5 8332
921.5 8340
922.3 8316
922.6 8280
924.8 8332
925.2 8272
925.3 8280
925.6 8316
927.9 8248
927.9 8272
928.1 8312
929.2 8264
930.7 8248
930.9 8256
931.6 8268
931.7 8312
932.8 8264
935.0 8268
936.9 8296
938.9 8284
940.4 8296
942.3 8300
942.4 8284
942.9 8340
943.4 8276
943.5 8260
943.5 8328
943.6 8344
944.9 8324
945.3 8300
946.0 8276
946.3 8340
946.5 8260
946.5 8328
947.0 8336
947.1 8308
948.3 8324
948.4 8288
949.7 8336
952.2 8344
952.7 8256
953.0 8288
953.1 8292
953.2 8252
955.5 8332
955.6 8292
955.9 8252
956.6 8316
957.9 8280
958.0 8256
958.7 8332
959.9 8316
960.9 8280
961.4 8272
963.0 8248
963.7 8312
964.1 8272
965.6 8264
966.0 8248
966.6 8312
967.6 8268
969.0 8264
970.6 8268
971.3 8296
972.3 8308
974.6 8296
975.2 8308
975.5 8284
977.1 8300
978.1 8284
978.3 8324
978.8 8328
978.9 8260
979.7 8276
979.7 8340
980.0 8344
980.1 8300
981.4 8328
981.6 8324
982.2 8260
982.3 8340
982.6 8276
982.7 8336
983.0 8344
985.9 8336
986.1 8288
419.6 8253
419.6 8261
419.6 8277
419.6 8309
419.6 8321
419.6 8337
419.7 8245
419.7 8249
419.7 8257
419.7 8265
419.7 8269
419.7 8281
419.7 8285
419.7 8289
419.7 8293
419.7 8297
419.7 8317
419.7 8325
419.7 8329
419.7 8333
419.7 8341
419.8 8273
419.8 8301
419.8 8305
419.8 8313
422.0 8261
422.1 8245
422.1 8265
422.1 8273
422.1 8277
422.1 8281
422.1 8309
422.1 8317
422.1 8321
422.1 8337
422.2 8253
422.2 8285
422.2 8289
422.2 8297
422.2 8329
422.2 8341
422.3 8249
422.3 8257
422.3 8269
422.3 8293
422.3 8301
422.3 8305
422.3 8313
422.3 8325
422.3 8333
424.5 8261
424.6 8245
424.6 8309
424.7 8269
424.7 8281
424.7 8321
424.7 8333
424.7 8337
424.8 8265
424.8 8301
424.9 8273
424.9 8317
424.9 8329
425.0 8285
425.1 8305
425.2 8297
425.2 8325
425.3 8293
425.4 8313
425.7 8257
425.8 8289
426.3 8277
453.5 8253
453.5 8341
454.6 8249
456.3 8341
456.8 8253
461.7 8289
461.7 8321
461.9 8329
461.9 8333
462.1 8317
462.2 8285
462.2 8325
462.4 8257
462.4 8261
462.4 8309
462.6 8273
462.6 8281
463.0 8269
463.2 8277
463.5 8293
463.9 8301
464.2 8297
464.4 8313
464.5 8337
465.0 8309
465.2 8305
465.4 8245
465.4 8257
465.4 8325
466.0 8265
466.0 8317
466.1 8329
466.5 8281
466.6 8269
467.8 8301
470.3 8305
482.5 8249
484.9 8249
485.6 8289
485.8 8285
487.1 8337
487.2 8333
487.4 8277
487.6 8293
488.7 8245
488.7 8321
488.9 8273
489.3 8253
489.5 8297
489.7 8261
490.0 8313
490.2 8333
490.3 8277
490.3 8293
490.5 8265
490.9 8337
491.0 8341
491.1 8273
491.1 8321
491.2 8245
491.6 8253
491.8 8261
491.8 8297
492.2 8313
492.7 8265
493.2 8269
493.2 8341
493.3 8309
493.3 8321
493.4 8273
493.7 8305
493.8 8253
493.8 8281
493.9 8245
493.9 8317
494.0 8261
494.0 8297
494.0 8329
494.1 8301
494.2 8257
494.2 8325
494.4 8313
494.9 8265
495.3 8341
495.8 8309
496.5 8281
496.6 8269
496.7 8317
496.7 8325
496.8 8257
497.0 8261
497.5 8301
497.5 8329
497.7 8341
513.0 8285
515.4 8289
517.8 8305
518.0 8289
520.6 8249
521.4 8305
522.8 8277
522.9 8337
523.1 8333
523.3 8249
524.8 8293
528.9 8325
529.0 8317
529.0 8329
529.1 8269
529.1 8281
529.6 8301
529.7 8309
529.8 8313
529.9 8257
530.3 8297
530.9 8265
530.9 8321
531.3 8253
531.3 8269
531.3 8317
531.3 8325
531.3 8329
531.4 8281
531.5 8245
531.9 8301
532.0 8309
532.1 8257
532.1 8285
532.6 8273
533.2 8297
533.4 8313
533.7 8269
533.8 8325
533.8 8329
533.9 8281
533.9 8317
534.0 8253
534.0 8261
534.3 8321
534.4 8265
534.4 8309
534.5 8245
534.5 8257
534.5 8301
535.3 8285
535.6 8341
537.0 8273
549.6 8293
549.7 8277
550.1 8337
550.5 8333
551.8 8305
552.1 8277
552.5 8289
552.6 8337
553.0 8293
553.0 8333
554.5 8305
554.9 8277
555.3 8337
555.8 8333
556.3 8289
558.1 8249
561.8 8249
561.9 8265
562.1 8261
563.3 8341
564.4 8261
564.5 8313
564.7 8297
565.4 8265
565.6 8245
565.6 8341
565.8 8285
565.9 8321
566.3 8253
566.4 8269
566.7 8261
567.1 8297
567.5 8273
567.5 8313
567.6 8309
567.9 8341
568.0 8245
568.0 8281
568.2 8285
568.2 8321
568.7 8253
569.1 8257
569.2 8301
569.2 8317
569.2 8325
569.5 8297
569.5 8329
570.0 8273
570.6 8245
570.9 8321
571.4 8253
571.7 8281
572.2 8257
573.1 8273
573.4 8301
573.6 8317
574.1 8329
583.5 8293
588.4 8305
589.3 8289
590.8 8305
591.0 8277
591.2 8269
591.8 8289
592.9 8337
593.7 8309
594.3 8249
594.9 8289
595.0 8325
595.1 8305
595.5 8269
596.7 8309
597.4 8249
597.4 8333
597.8 8325
598.9 8265
599.4 8285
600.3 8313
601.5 8265
602.3 8285
602.5 8317
603.1 8281
603.4 8297
603.4 8313
603.8 8257
604.0 8301
604.4 8329
605.0 8261
605.1 8293
605.4 8281
606.2 8317
606.3 8257
606.5 8301
607.1 8329
607.2 8253
607.5 8245
608.2 8281
608.3 8293
610.2 8321
611.4 8273
615.4 8277
617.4 8337
620.1 8277
620.9 8337
621.7 8333
624.2 8333
627.0 8269
628.5 8297
628.6 8261
629.3 8309
629.8 8269
630.1 8325
631.0 8305
631.1 8245
631.2 8253
631.8 8261
631.9 8297
632.1 8289
632.3 8249
632.3 8309
633.0 8325
634.3 8285
634.7 8245
634.9 8249
635.1 8321
635.5 8253
635.8 8265
636.9 8285
637.2 8273
637.8 8257
637.8 8321
638.3 8313
638.4 8265
639.4 8329
639.5 8317
639.6 8273
639.9 8301
640.2 8293
640.5 8257
640.8 8313
641.8 8265
641.9 8317
642.1 8329
642.3 8273
642.5 8301
642.8 8293
643.1 8281
645.6 8293
648.3 8281
651.1 8277
652.8 8305
653.0 8337
653.9 8277
656.0 8333
656.1 8305
656.4 8337
658.2 8289
661.4 8289
661.6 8269
664.5 8297
664.7 8261
664.9 8269
665.4 8253
665.4 8309
665.4 8325
667.0 8297
667.1 8245
667.5 8261
668.2 8309
668.4 8285
668.6 8325
668.7 8249
669.5 8245
670.1 8313
670.1 8321
671.4 8249
671.9 8285
673.2 8321
673.5 8245
674.1 8257
674.5 8329
674.8 8317
675.2 8265
676.1 8301
676.7 8257
677.0 8329
677.8 8317
678.1 8293
678.6 8281
678.6 8301
679.0 8265
679.6 8333
680.2 8329
680.6 8273
681.4 8281
681.6 8293
683.1 8333
685.3 8277
687.4 8337
688.0 8305
689.6 8277
690.5 8305
691.2 8253
692.3 8337
694.2 8253
694.2 8289
696.9 8313
697.4 8269
699.7 8297
699.7 8313
699.9 8261
700.1 8325
700.2 8269
700.4 8309
702.5 8285
702.7 8297
703.2 8261
703.2 8309
703.2 8321
703.5 8249
703.7 8325
704.8 8273
707.0 8285
707.3 8321
707.4 8249
707.8 8245
709.3 8273
709.4 8257
710.8 8265
711.1 8317
711.9 8301
712.4 8257
712.5 8281
712.7 8333
713.0 8293
713.2 8265
713.5 8317
714.5 8301
715.0 8281
715.7 8293
716.0 8333
716.4 8317
716.8 8289
719.5 8329
719.8 8289
720.4 8277
722.7 8305
723.6 8277
724.1 8337
724.6 8329
725.7 8305
726.7 8253
727.6 8337
730.2 8253
731.6 8297
731.8 8313
732.9 8269
733.7 8245
734.6 8313
734.7 8325
734.8 8261
735.7 8269
735.8 8309
736.2 8245
737.5 8261
737.7 8325
738.0 8321
738.3 8285
738.5 8249
738.8 8309
739.1 8245
739.6 8273
741.4 8321
741.5 8285
744.5 8257
744.8 8333
745.7 8265
747.2 8293
748.9 8281
748.9 8301
749.0 8257
749.1 8265
749.9 8293
750.2 8289
751.1 8317
751.4 8281
751.6 8301
753.3 8289
755.0 8277
755.3 8297
755.5 8329
757.7 8277
757.8 8305
758.0 8329
758.7 8297
760.7 8305
762.2 8253
762.8 8337
762.9 8249
763.2 8273
765.6 8337
765.7 8269
766.6 8249
766.9 8253
767.8 8313
769.8 8261
769.9 8333
770.0 8325
770.2 8309
770.9 8269
771.3 8285
772.4 8313
772.6 8261
772.9 8333
773.0 8245
773.4 8321
773.5 8325
774.4 8285
775.7 8317
776.2 8321
776.8 8245
779.1 8317
780.6 8257
782.3 8265
783.6 8293
783.7 8257
783.9 8281
784.2 8289
785.3 8301
785.9 8265
786.1 8293
786.7 8281
787.3 8297
787.4 8273
787.6 8289
788.3 8277
788.5 8301
790.7 8273
791.7 8329
793.5 8305
794.3 8309
794.3 8329
796.1 8305
796.7 8337
796.9 8269
798.0 8249
798.0 8329
798.6 8253
799.1 8309
800.0 8337
801.8 8253
802.1 8249
804.7 8313
804.9 8261
805.5 8333
805.8 8325
806.3 8285
807.4 8313
807.8 8261
807.9 8245
808.0 8333
808.5 8325
809.2 8285
809.7 8321
810.8 8245
811.1 8317
811.8 8297
812.2 8321
812.7 8277
813.8 8317
815.1 8265
815.7 8277
816.5 8297
817.7 8257
818.0 8293
819.0 8281
819.2 8265
819.4 8289
820.2 8257
821.7 8281
822.0 8301
822.3 8289
823.3 8269
823.5 8257
823.6 8273
824.6 8301
826.3 8269
826.3 8273
829.7 8305
830.0 8309
831.0 8337
833.0 8253
833.0 8305
833.7 8309
834.4 8249
835.7 8329
836.4 8253
837.2 8249
838.8 8285
840.9 8261
841.1 8325
841.6 8333
841.8 8285
841.8 8293
841.8 8313
843.0 8245
843.8 8325
844.2 8333
844.4 8261
844.4 8313
845.2 8293
845.4 8321
845.6 8297
846.2 8245
846.3 8277
846.7 8317
847.3 8325
847.9 8321
848.0 8265
850.1 8277
850.1 8317
850.2 8297
851.7 8265
853.6 8289
855.4 8281
855.6 8269
856.5 8289
857.0 8337
858.4 8301
858.5 8281
858.9 8273
859.6 8337
860.6 8329
860.7 8257
860.9 8301
861.9 8273
863.1 8329
863.4 8337
864.6 8305
866.7 8309
867.7 8253
868.1 8305
869.2 8309
870.8 8253
870.9 8249
872.7 8285
873.6 8249
875.8 8285
876.4 8261
876.4 8333
877.3 8293
878.5 8245
879.4 8313
879.5 8261
879.9 8333
880.3 8297
880.4 8293
880.6 8269
881.2 8245
881.6 8321
882.1 8313
883.0 8277
883.2 8269
883.4 8317
884.1 8257
884.3 8321
884.4 8265
885.1 8297
885.5 8277
885.6 8325
886.0 8317
886.7 8289
887.0 8265
887.2 8257
888.3 8281
888.9 8277
891.0 8289
894.3 8301
895.0 8273
897.0 8329
897.6 8301
898.0 8337
898.6 8273
899.3 8305
899.4 8329
899.8 8309
901.6 8253
902.0 8337
903.3 8305
905.3 8253
907.7 8249
907.8 8285
910.0 8293
910.5 8249
910.5 8325
910.8 8245
910.9 8285
911.1 8261
911.7 8333
913.2 8281
913.4 8325
914.4 8261
914.5 8333
914.9 8313
915.2 8297
915.4 8269
916.3 8281
916.3 8321
918.2 8269
918.2 8313
918.8 8297
919.0 8321
919.8 8317
920.4 8265
921.0 8257
921.3 8289
922.4 8317
922.9 8265
923.5 8257
924.2 8289
924.3 8309
928.1 8309
931.0 8273
932.1 8301
932.4 8337
933.1 8329
933.7 8245
934.5 8273
935.0 8293
935.0 8337
935.2 8301
936.2 8305
936.2 8329
936.8 8245
938.1 8253
938.9 8305
940.9 8253
943.1 8285
944.4 8253
944.7 8249
944.9 8261
945.1 8333
945.7 8285
946.0 8269
946.1 8325
946.7 8281
946.7 8297
947.4 8249
948.7 8261
949.0 8325
949.5 8333
949.8 8281
950.7 8269
952.4 8313
952.6 8321
954.9 8265
954.9 8313
955.5 8321
956.3 8317
957.6 8289
957.7 8257
957.7 8265
959.6 8293
959.7 8317
960.8 8257
961.1 8289
961.9 8309
962.8 8293
964.5 8309
966.2 8273
966.5 8329
968.1 8301
968.5 8337
968.9 8305
969.5 8273
970.0 8297
970.1 8245
970.2 8329
971.3 8301
971.3 8337
972.5 8245
972.7 8305
973.1 8297
977.4 8285
978.3 8261
979.5 8269
979.5 8325
980.3 8333
980.5 8285
980.6 8249
980.8 8281
981.7 8261
983.3 8325
983.4 8249
983.4 8281
983.5 8269
983.5 8333
985.0 8253
985.8 8313
419.6 8250
419.6 8274
419.6 8278
419.6 8298
419.6 8326
419.6 8330
419.7 8246
419.7 8254
419.7 8262
419.7 8266
419.7 8270
419.7 8282
419.7 8286
419.7 8290
419.7 8294
419.7 8306
419.7 8310
419.7 8314
419.7 8318
419.7 8322
419.7 8334
419.7 8342
419.8 8258
419.8 8302
419.8 8338
421.9 8278
422.0 8250
422.0 8266
422.0 8310
422.0 8314
422.0 8330
422.0 8334
422.1 8254
422.1 8258
422.1 8262
422.1 8274
422.1 8282
422.1 8290
422.1 8298
422.1 8306
422.1 8326
422.2 8270
422.2 8294
422.2 8302
422.2 8322
422.2 8338
422.2 8342
422.3 8246
422.3 8286
422.3 8318
424.5 8254
424.5 8262
424.5 8338
424.6 8250
424.6 8258
424.6 8302
424.6 8314
424.7 8278
424.7 8334
424.8 8290
424.8 8298
424.8 8306
424.9 8266
424.9 8342
425.0 8246
425.0 8282
425.0 8310
425.2 8270
425.2 8274
425.3 8326
425.3 8330
425.5 8294
425.6 8286
425.6 8322
453.2 8318
456.1 8318
461.0 8310
461.7 8294
462.0 8302
462.1 8266
462.1 8290
462.3 8270
462.4 8326
462.4 8338
462.6 8330
462.7 8282
462.7 8298
462.7 8322
462.7 8342
462.9 8278
462.9 8334
463.0 8246
463.0 8274
463.1 8258
463.2 8262
463.3 8254
463.8 8250
465.1 8302
465.7 8266
465.7 8274
465.8 8286
465.8 8306
465.8 8314
466.3 8334
466.4 8330
466.7 8342
466.9 8262
466.9 8282
466.9 8326
486.9 8310
487.0 8306
487.4 8290
487.6 8294
487.7 8258
487.7 8278
487.8 8298
488.1 8246
488.1 8254
488.6 8322
489.2 8270
489.2 8338
489.3 8250
489.5 8318
490.2 8290
490.2 8310
490.3 8286
490.3 8294
490.3 8298
490.5 8246
490.6 8254
490.7 8258
490.7 8278
490.8 8314
491.0 8322
491.1 8306
491.4 8270
491.4 8338
491.6 8250
491.9 8318
492.5 8286
492.7 8298
492.8 8246
492.9 8294
493.0 8314
493.3 8254
493.3 8266
493.4 8322
493.5 8274
493.6 8270
493.6 8338
493.7 8334
493.9 8250
493.9 8278
494.0 8258
494.0 8282
494.2 8302
494.2 8318
494.4 8342
494.6 8326
494.6 8330
494.7 8262
494.7 8286
495.2 8314
496.1 8266
496.2 8274
496.7 8302
496.9 8282
497.0 8334
497.3 8330
497.4 8342
497.5 8262
497.7 8338
497.8 8326
498.4 8314
521.8 8334
522.5 8306
522.8 8290
526.5 8310
528.3 8266
528.7 8274
529.2 8326
529.3 8342
529.4 8330
529.5 8258
529.5 8302
529.7 8282
530.0 8262
530.1 8322
530.4 8318
530.7 8266
531.2 8278
531.3 8274
531.4 8250
531.4 8294
531.6 8326
531.7 8270
531.7 8330
531.7 8342
531.8 8302
532.0 8282
532.2 8246
532.3 8254
532.4 8262
532.4 8286
532.4 8298
532.6 8258
533.2 8338
533.5 8266
533.7 8322
533.8 8278
534.0 8250
534.0 8274
534.1 8318
534.2 8330
534.4 8302
534.4 8342
534.5 8294
534.6 8270
534.6 8326
534.7 8262
534.8 8282
535.4 8286
536.2 8246
546.5 8306
550.1 8290
551.3 8310
552.8 8290
552.8 8334
553.9 8310
555.1 8334
556.0 8254
556.4 8290
556.5 8298
557.6 8334
559.7 8338
560.3 8254
560.3 8298
563.2 8338
564.1 8258
564.7 8322
565.3 8318
565.4 8294
565.9 8278
566.0 8270
566.1 8250
566.6 8258
566.8 8246
566.8 8286
567.1 8266
567.1 8322
567.8 8294
567.8 8318
568.0 8326
568.1 8262
568.3 8278
568.4 8270
568.4 8274
568.4 8306
568.5 8250
568.5 8342
568.9 8282
569.2 8246
569.3 8286
569.8 8258
570.1 8302
570.8 8270
570.8 8294
570.9 8250
570.9 8262
571.0 8306
571.0 8326
571.1 8278
571.2 8330
571.8 8274
571.8 8318
572.2 8342
572.3 8282
572.8 8246
586.5 8310
589.5 8310
591.5 8266
591.7 8254
592.0 8338
592.1 8298
593.6 8334
595.2 8298
595.3 8254
596.0 8302
596.5 8266
597.2 8330
597.7 8338
598.0 8290
599.4 8302
600.0 8322
600.0 8330
601.3 8326
601.5 8262
602.8 8322
602.8 8330
603.0 8286
603.1 8306
603.4 8274
603.7 8342
604.0 8282
604.1 8262
604.2 8318
605.1 8258
605.3 8286
605.4 8294
605.5 8326
605.6 8306
606.0 8274
606.2 8250
606.3 8342
606.4 8282
607.0 8262
608.0 8278
608.4 8286
608.8 8306
609.2 8246
609.3 8342
609.6 8294
619.5 8334
623.2 8310
623.7 8334
623.8 8290
625.7 8310
626.0 8338
626.2 8290
626.9 8298
627.2 8266
627.5 8250
627.9 8318
628.3 8310
628.8 8254
629.1 8290
629.4 8258
629.4 8338
630.1 8298
630.4 8266
631.5 8254
631.7 8318
632.0 8302
632.6 8258
632.8 8322
634.4 8278
634.9 8246
635.0 8302
637.4 8246
637.4 8278
637.8 8322
637.9 8326
638.9 8274
640.1 8282
640.4 8326
640.5 8246
640.9 8294
641.3 8274
641.5 8262
642.0 8286
642.2 8306
642.5 8282
643.0 8326
643.5 8294
644.2 8262
644.3 8342
645.2 8282
648.8 8342
651.8 8250
654.9 8250
655.3 8298
656.0 8334
660.9 8258
661.6 8338
662.2 8266
662.7 8310
663.9 8254
664.0 8318
664.0 8338
664.6 8322
665.2 8266
665.7 8258
665.7 8302
666.7 8286
667.0 8318
667.2 8254
667.3 8338
668.0 8278
669.4 8306
669.5 8302
671.0 8286
671.9 8306
672.5 8290
673.5 8274
675.5 8294
676.5 8246
676.5 8274
676.8 8334
677.1 8262
678.4 8294
678.4 8326
679.5 8342
679.8 8262
680.2 8246
680.6 8334
681.9 8298
682.9 8342
683.1 8282
684.5 8250
684.9 8298
685.9 8310
687.0 8282
688.3 8250
689.8 8322
692.9 8322
694.5 8258
694.6 8278
695.5 8266
697.2 8278
697.9 8290
698.6 8318
698.9 8254
700.0 8266
700.2 8290
700.4 8338
700.5 8278
700.9 8302
701.6 8254
701.8 8286
702.1 8318
702.3 8326
702.7 8290
704.2 8302
704.6 8338
705.0 8306
705.7 8286
706.4 8326
707.6 8306
707.6 8334
708.3 8310
710.1 8274
710.9 8294
711.7 8310
712.4 8342
712.6 8246
713.1 8274
713.2 8262
713.5 8334
713.7 8294
715.6 8246
716.1 8262
716.8 8298
718.5 8282
719.2 8250
719.8 8298
720.1 8258
721.3 8282
722.2 8250
723.1 8258
724.9 8322
728.5 8322
731.3 8266
732.0 8254
734.1 8318
734.2 8266
736.2 8254
736.3 8342
736.4 8302
736.4 8338
736.6 8278
737.1 8326
737.7 8286
737.7 8318
738.4 8306
738.9 8342
739.0 8338
739.2 8302
740.2 8326
740.7 8286
740.9 8290
743.6 8310
744.4 8334
745.2 8274
746.1 8310
746.2 8294
747.2 8334
748.1 8274
749.1 8294
749.4 8246
749.6 8262
752.1 8246
752.3 8298
752.6 8262
753.9 8282
754.3 8250
755.0 8298
756.5 8282
756.8 8250
757.1 8258
759.7 8322
759.8 8258
760.0 8250
761.5 8278
763.1 8322
763.9 8306
764.4 8278
765.2 8290
766.4 8254
766.6 8266
767.4 8306
768.6 8290
769.6 8318
769.8 8266
770.7 8338
771.1 8254
771.3 8342
771.8 8302
772.2 8318
772.2 8326
772.8 8286
773.7 8338
774.5 8302
774.5 8342
774.7 8326
776.4 8286
779.1 8310
779.4 8334
780.5 8274
782.8 8310
783.4 8274
783.4 8334
783.6 8294
786.6 8246
786.6 8294
786.7 8262
787.8 8298
787.9 8282
789.4 8246
789.7 8262
791.0 8298
792.4 8282
793.2 8258
794.0 8322
794.9 8278
795.9 8258
796.5 8250
796.8 8322
797.8 8306
799.1 8278
799.6 8266
801.3 8290
801.6 8254
803.6 8266
803.9 8290
804.2 8254
805.9 8338
805.9 8342
806.0 8318
806.0 8326
808.4 8302
808.9 8338
808.9 8342
809.5 8318
809.9 8286
810.2 8326
810.8 8310
811.0 8302
812.8 8286
815.5 8334
816.0 8274
818.6 8334
818.8 8250
818.8 8274
820.8 8294
822.2 8250
822.4 8246
822.5 8298
822.7 8306
823.2 8334
823.4 8294
824.0 8262
825.1 8246
825.1 8282
825.3 8306
826.2 8298
826.5 8322
827.3 8262
828.3 8282
828.6 8258
828.7 8278
831.6 8258
831.8 8322
832.6 8310
834.8 8254
835.1 8266
835.3 8290
838.1 8266
839.0 8342
840.4 8318
840.8 8302
841.2 8338
842.0 8326
842.0 8342
843.6 8338
843.8 8318
844.8 8326
846.9 8286
849.5 8286
851.9 8274
852.9 8250
854.3 8278
854.7 8274
855.6 8250
855.8 8294
856.8 8334
857.0 8278
857.4 8310
858.5 8298
858.8 8246
859.4 8262
859.4 8306
859.6 8282
860.0 8334
860.1 8290
860.5 8310
860.6 8254
861.2 8322
861.3 8298
861.4 8246
861.9 8306
862.1 8262
863.0 8258
863.0 8282
863.1 8290
863.5 8254
864.7 8322
866.0 8258
866.8 8302
869.6 8302
871.4 8266
871.4 8342
874.4 8266
874.4 8342
875.1 8338
875.7 8318
878.4 8338
878.5 8326
879.1 8318
880.1 8294
881.3 8326
883.0 8286
883.3 8294
885.7 8286
888.2 8274
888.5 8286
888.7 8250
891.5 8278
891.6 8250
891.6 8274
892.2 8310
893.3 8322
893.5 8298
893.5 8306
893.6 8334
894.7 8246
894.7 8278
894.9 8310
895.8 8282
896.0 8262
896.4 8306
896.5 8334
897.0 8298
897.1 8254
897.1 8290
897.1 8322
897.5 8246
898.4 8258
898.6 8262
898.7 8282
899.6 8290
900.6 8254
901.5 8258
902.7 8302
903.1 8266
905.3 8302
906.5 8342
908.2 8302
909.0 8338
909.3 8342
912.0 8318
913.3 8326
913.6 8338
914.9 8294
915.9 8318
915.9 8326
918.0 8294
923.3 8250
923.7 8274
925.2 8298
925.8 8322
926.3 8262
926.4 8250
926.4 8274
927.3 8266
927.4 8310
927.7 8278
928.0 8286
929.5 8334
929.8 8298
930.1 8310
930.6 8266
930.6 8306
930.9 8278
931.9 8246
932.7 8282
933.0 8334
933.2 8254
933.2 8290
933.7 8306
934.7 8258
935.0 8246
935.4 8282
935.8 8254
935.9 8290
937.7 8258
942.0 8342
944.6 8338
944.8 8342
946.4 8326
946.8 8302
947.5 8338
947.6 8318
947.7 8294
950.5 8322
951.7 8318
952.0 8286
952.6 8262
953.2 8322
955.1 8262
955.6 8286
957.3 8250
959.1 8262
959.3 8266
960.5 8298
961.0 8274
961.8 8306
962.9 8310
963.1 8278
963.3 8298
963.5 8274
964.5 8266
965.5 8334
965.7 8310
965.8 8278
966.9 8246
967.3 8282
967.9 8290
968.8 8254
969.2 8334
970.1 8246
971.2 8258
971.2 8282
971.4 8254
971.4 8302
971.6 8326
973.1 8294
974.4 8258
974.4 8326
974.7 8302
976.4 8294
977.9 8342
978.7 8338
980.5 8342
982.0 8338
982.2 8250
983.5 8322
984.6 8318
984.7 8250
419.6 8259
419.6 8267
419.6 8279
419.6 8283
419.6 8287
419.6 8291
419.6 8307
419.6 8311
419.6 8339
419.7 8247
419.7 8255
419.7 8275
419.7 8295
419.7 8299
419.7 8303
419.7 8315
419.7 8327
419.7 8335
419.7 8343
419.8 8251
419.8 8263
419.8 8271
419.8 8323
419.8 8331
419.9 8319
421.9 8267
421.9 8279
422.0 8259
422.0 8283
422.0 8287
422.0 8291
422.0 8311
422.0 8339
422.1 8251
422.1 8271
422.1 8295
422.1 8303
422.1 8307
422.1 8335
422.1 8343
422.2 8247
422.2 8263
422.2 8315
422.2 8327
422.3 8255
422.3 8275
422.3 8299
422.3 8323
422.3 8331
422.4 8319
424.5 8303
424.5 8307
424.6 8267
424.6 8279
424.7 8251
424.7 8283
424.7 8291
424.7 8311
424.7 8315
424.8 8259
424.8 8271
424.8 8323
424.9 8327
425.0 8263
425.0 8287
425.0 8335
425.0 8343
425.1 8295
425.1 8339
425.2 8247
425.3 8331
425.5 8319
426.1 8275
452.3 8255
453.3 8299
455.7 8255
455.8 8299
459.5 8299
461.6 8267
461.8 8263
461.9 8271
461.9 8283
462.0 8307
462.4 8287
462.5 8303
462.5 8315
462.6 8251
462.6 8259
462.6 8335
462.9 8291
463.0 8295
463.2 8331
463.3 8311
463.3 8339
463.4 8279
463.8 8327
464.2 8275
464.2 8343
464.3 8319
464.6 8323
465.6 8247
465.7 8251
465.8 8315
466.0 8307
466.4 8311
466.5 8283
466.5 8339
466.8 8295
467.0 8287
467.0 8291
467.5 8279
469.4 8331
484.4 8263
485.0 8327
485.7 8267
487.4 8335
487.7 8271
488.0 8343
489.2 8267
489.3 8275
489.3 8323
489.4 8319
489.5 8255
489.5 8303
489.9 8259
490.2 8247
490.2 8271
490.2 8335
490.8 8343
491.6 8319
491.6 8323
491.7 8255
491.7 8275
491.7 8303
492.1 8259
492.4 8247
492.6 8271
492.7 8335
492.9 8299
493.3 8307
493.5 8283
493.6 8339
493.9 8255
493.9 8303
493.9 8315
493.9 8319
493.9 8323
494.0 8275
494.3 8259
494.3 8287
494.3 8311
494.4 8251
494.4 8291
494.6 8247
494.6 8295
494.9 8279
495.2 8299
495.2 8331
495.8 8307
496.2 8283
496.3 8339
496.8 8315
497.0 8251
497.6 8291
497.7 8279
497.8 8259
497.9 8303
497.9 8311
498.5 8295
498.6 8331
509.3 8263
515.4 8327
518.1 8327
518.6 8287
520.0 8267
521.8 8343
523.1 8267
527.3 8339
528.6 8299
529.0 8283
529.2 8251
529.2 8307
529.2 8315
529.5 8331
529.9 8323
530.0 8295
530.1 8291
530.4 8279
530.5 8311
530.5 8319
530.5 8339
530.9 8299
531.2 8263
531.3 8271
531.3 8275
531.4 8283
531.4 8315
531.5 8307
531.5 8335
531.7 8251
531.9 8255
532.1 8331
532.3 8295
532.4 8247
532.5 8291
532.6 8323
532.7 8279
532.8 8311
533.2 8319
533.6 8299
533.8 8307
533.9 8263
534.0 8275
534.0 8315
534.2 8283
534.7 8251
534.7 8331
534.8 8303
534.9 8295
535.1 8279
535.1 8311
535.2 8291
535.5 8335
535.6 8255
535.8 8247
537.1 8275
545.6 8287
548.8 8343
551.4 8327
552.0 8343
552.7 8271
554.0 8327
556.8 8271
557.3 8267
560.0 8267
564.2 8303
564.6 8323
565.0 8339
565.2 8255
565.2 8319
565.3 8335
566.1 8263
566.2 8247
566.4 8303
567.1 8331
567.2 8287
567.2 8307
567.2 8323
567.5 8339
567.7 8255
567.7 8319
567.7 8335
568.3 8315
568.6 8263
568.6 8303
569.1 8247
569.2 8311
569.8 8283
570.0 8287
570.4 8291
570.4 8319
570.6 8307
570.7 8299
570.7 8335
570.8 8279
571.1 8339
571.4 8251
571.4 8295
571.5 8263
572.2 8303
572.8 8331
573.4 8311
573.9 8291
574.8 8275
575.3 8279
582.9 8343
586.5 8327
587.2 8271
588.6 8343
589.3 8327
589.9 8271
592.3 8267
592.9 8315
594.4 8299
595.2 8267
595.7 8283
596.3 8315
597.1 8251
597.1 8295
598.4 8283
599.8 8323
599.9 8251
600.0 8295
600.5 8275
600.7 8247
600.9 8255
601.5 8287
601.7 8307
602.4 8323
602.5 8251
603.1 8275
603.1 8331
603.5 8255
604.0 8247
604.0 8287
604.2 8311
604.3 8307
604.5 8335
604.8 8291
605.5 8275
605.6 8331
606.5 8279
606.8 8339
607.2 8311
607.4 8255
607.5 8319
607.6 8263
607.9 8291
608.0 8335
608.1 8287
609.2 8331
609.6 8279
613.5 8299
620.3 8343
620.9 8327
622.4 8271
622.9 8343
625.0 8271
625.1 8267
625.5 8327
627.1 8283
627.2 8315
629.3 8267
630.7 8319
630.7 8339
632.3 8263
633.8 8295
635.1 8323
635.3 8339
635.7 8263
635.7 8319
637.1 8295
637.8 8307
637.9 8247
638.4 8323
639.0 8299
639.2 8255
639.8 8335
640.2 8251
640.3 8307
640.6 8247
640.7 8311
641.1 8291
641.4 8279
641.7 8299
642.4 8287
642.6 8335
643.1 8311
643.3 8247
643.4 8255
643.5 8291
644.3 8279
644.5 8275
644.9 8331
645.4 8335
645.8 8311
645.9 8299
646.3 8291
650.2 8315
652.0 8283
653.4 8315
654.2 8327
656.2 8283
656.9 8343
658.8 8271
660.4 8343
660.8 8267
662.3 8271
663.5 8267
664.1 8339
664.5 8319
664.7 8251
665.2 8287
667.0 8263
667.6 8251
668.4 8319
669.3 8275
670.7 8331
670.9 8263
671.0 8295
671.6 8323
672.1 8275
673.3 8307
673.5 8331
673.9 8295
674.1 8323
674.7 8255
676.5 8299
676.5 8307
677.4 8255
677.6 8279
678.7 8327
679.7 8299
680.1 8279
680.3 8311
680.8 8335
681.9 8327
682.6 8291
683.5 8315
684.2 8247
684.7 8335
684.8 8311
686.6 8283
686.6 8315
688.5 8339
689.8 8287
691.7 8339
691.7 8343
694.1 8271
694.7 8343
695.5 8287
697.0 8267
697.5 8271
699.8 8267
700.0 8251
700.7 8319
701.3 8263
702.9 8251
703.4 8319
704.8 8275
706.3 8331
707.2 8295
707.6 8275
708.4 8307
709.4 8247
709.4 8255
709.4 8291
709.6 8323
710.6 8295
710.9 8283
711.2 8307
711.8 8247
711.8 8291
712.1 8323
713.1 8255
713.4 8279
713.6 8299
714.1 8283
714.2 8327
714.3 8335
714.4 8291
714.6 8247
714.9 8323
715.2 8311
716.1 8315
716.2 8299
716.3 8279
716.8 8327
717.2 8335
719.2 8315
720.4 8311
722.6 8339
724.9 8263
726.2 8339
727.3 8287
728.1 8263
728.1 8343
729.4 8271
731.2 8267
731.2 8287
731.2 8331
731.2 8343
733.0 8271
734.4 8331
735.1 8267
736.7 8251
737.1 8319
738.9 8275
739.3 8251
739.6 8319
741.5 8307
742.9 8275
743.5 8295
745.8 8255
745.9 8307
746.1 8283
747.8 8327
748.0 8335
748.7 8299
749.9 8255
750.3 8247
750.8 8279
750.9 8283
751.0 8315
751.3 8335
751.6 8299
751.8 8327
752.6 8311
753.4 8279
753.5 8315
755.2 8323
755.3 8311
757.9 8263
758.4 8311
758.7 8339
759.9 8291
761.2 8343
761.7 8271
762.0 8339
762.1 8287
762.7 8263
764.1 8343
765.1 8287
765.8 8267
765.9 8271
767.2 8331
768.8 8267
769.8 8295
770.3 8331
772.4 8251
772.6 8295
774.3 8307
774.3 8319
774.7 8247
775.0 8251
775.5 8275
775.5 8295
776.9 8319
777.6 8247
778.2 8275
780.0 8323
780.3 8255
780.5 8283
780.9 8327
782.9 8323
783.1 8291
783.4 8335
784.0 8299
784.5 8283
784.8 8327
784.9 8255
785.4 8315
786.1 8291
786.5 8335
787.2 8279
787.4 8299
787.9 8315
790.1 8279
792.3 8263
793.4 8339
793.7 8311
793.7 8343
794.3 8279
795.2 8267
795.3 8263
795.9 8339
797.2 8271
797.4 8311
797.4 8343
799.5 8287
799.8 8307
800.5 8271
802.4 8287
803.2 8331
803.4 8307
805.9 8331
806.1 8287
807.2 8251
810.1 8247
810.5 8275
810.6 8319
810.7 8251
812.5 8327
813.1 8319
813.3 8247
813.6 8275
816.3 8255
816.4 8319
818.4 8323
818.8 8283
819.5 8335
819.6 8255
819.7 8291
820.1 8299
821.0 8267
821.2 8323
821.7 8283
821.9 8315
822.5 8335
822.6 8291
822.8 8299
823.9 8267
824.6 8315
825.8 8263
828.5 8339
829.0 8263
829.4 8343
829.7 8311
830.3 8279
831.0 8339
832.1 8343
832.2 8311
833.4 8271
833.8 8307
834.0 8339
836.3 8271
838.6 8327
839.6 8287
839.8 8331
841.4 8327
842.4 8331
843.1 8251
845.1 8327
845.3 8247
845.6 8251
847.6 8275
848.1 8247
849.5 8251
850.7 8275
851.2 8255
852.1 8283
854.5 8323
854.6 8255
855.2 8291
855.3 8335
856.0 8279
856.7 8267
856.8 8299
857.2 8323
857.4 8315
857.5 8283
858.0 8335
858.5 8291
858.7 8307
859.1 8279
859.2 8299
859.5 8267
860.2 8263
860.2 8315
861.2 8307
861.4 8319
862.0 8335
862.1 8299
863.9 8263
864.2 8307
864.5 8343
864.7 8311
865.5 8287
867.1 8343
868.2 8287
868.4 8311
868.4 8339
868.6 8271
871.8 8271
872.6 8339
873.6 8331
876.0 8331
880.2 8331
881.1 8247
883.4 8319
883.5 8275
883.9 8247
885.8 8251
886.1 8275
886.1 8319
887.3 8255
888.5 8283
888.9 8291
890.1 8255
891.4 8267
891.4 8323
893.7 8279
894.2 8267
894.4 8323
894.4 8335
894.9 8315
896.3 8263
897.0 8279
897.8 8315
898.0 8335
899.0 8263
899.4 8343
900.1 8307
900.2 8311
900.3 8287
902.6 8343
902.7 8263
903.0 8287
904.1 8339
904.2 8271
904.6 8311
906.9 8339
907.2 8271
908.3 8251
911.6 8283
912.9 8251
913.1 8291
915.2 8283
916.6 8247
917.0 8291
917.1 8319
917.9 8275
919.3 8247
919.9 8319
920.6 8331
920.8 8275
923.3 8255
924.6 8323
924.9 8307
925.9 8255
925.9 8267
927.9 8307
928.6 8323
929.0 8279
930.0 8267
930.1 8315
931.8 8335
932.8 8279
934.0 8315
934.5 8335
935.0 8343
935.6 8287
936.6 8311
937.8 8263
938.0 8343
938.6 8271
938.7 8287
939.1 8339
940.1 8311
941.2 8331
941.9 8251
942.0 8339
942.7 8271
943.5 8291
943.9 8283
949.4 8319
951.7 8247
953.1 8319
953.9 8275
954.4 8247
956.6 8275
957.7 8255
960.5 8255
960.5 8323
960.6 8307
961.8 8263
961.9 8267
963.1 8307
963.4 8323
964.4 8331
964.5 8267
964.7 8279
964.9 8315
965.5 8263
966.4 8323
967.5 8279
967.7 8335
967.8 8315
968.0 8251
968.6 8287
968.9 8343
970.2 8283
970.5 8335
970.7 8291
970.9 8251
971.6 8271
972.0 8311
972.0 8343
972.4 8287
972.9 8283
973.6 8291
975.2 8339
975.8 8311
978.1 8339
980.0 8331
985.1 8319
