Name: SNc[DA], Title: Raster plot from device '11225', Hist: False
402.9 11188
405.6 11188
408.0 11188
408.6 11192
410.7 11188
413.1 11192
413.6 11188
414.9 11196
416.2 11188
418.1 11192
418.7 11196
419.5 11188
422.5 11188
424.9 11188
427.6 11192
428.3 11188
431.0 11188
431.9 11192
433.6 11188
434.8 11196
435.8 11192
436.1 11188
438.7 11188
440.0 11196
441.4 11188
443.9 11196
444.0 11188
446.7 11188
449.3 11188
451.5 11196
451.8 11188
454.4 11188
457.1 11188
457.2 11192
459.7 11188
462.6 11188
465.1 11188
465.4 11192
466.5 11196
468.0 11188
470.1 11196
470.5 11188
473.0 11188
475.7 11188
478.2 11188
481.0 11188
483.1 11192
483.7 11188
486.6 11188
489.3 11192
489.4 11188
493.4 11188
494.4 11196
496.2 11188
497.9 11196
499.1 11188
502.0 11188
504.7 11188
505.7 11196
506.4 11192
507.4 11188
509.5 11196
509.8 11188
511.0 11192
512.2 11188
515.9 11188
516.5 11196
518.0 11192
519.1 11188
521.5 11188
524.5 11188
525.5 11192
527.2 11196
527.4 11188
529.9 11188
529.9 11192
532.4 11188
535.0 11188
536.9 11192
537.6 11196
537.8 11188
540.7 11192
540.9 11188
543.4 11188
544.0 11196
546.5 11188
549.9 11188
550.8 11192
552.6 11188
555.3 11188
559.5 11188
560.9 11196
561.4 11192
562.3 11188
565.3 11188
568.5 11188
570.3 11192
570.3 11196
571.4 11188
574.4 11188
579.5 11188
582.6 11192
584.2 11196
584.3 11188
586.7 11188
587.4 11192
589.4 11188
590.6 11196
591.4 11192
591.9 11188
594.3 11188
594.6 11192
596.8 11188
600.3 11188
600.4 11196
404.4 11189
411.6 11201
412.0 11189
415.3 11201
418.3 11201
434.7 11189
438.0 11189
440.6 11201
442.6 11189
444.2 11201
445.9 11189
449.3 11189
452.6 11189
454.8 11201
456.3 11189
457.6 11201
460.4 11189
464.4 11189
465.5 11201
468.0 11189
469.7 11201
474.2 11201
476.2 11189
488.2 11189
489.7 11201
494.3 11189
496.8 11201
501.6 11201
507.1 11189
509.7 11201
512.5 11189
514.6 11201
517.5 11189
518.4 11201
521.5 11201
527.4 11201
533.7 11189
534.0 11201
545.2 11201
547.9 11201
551.7 11201
553.3 11189
560.0 11189
566.5 11201
571.9 11189
573.7 11201
578.7 11201
585.0 11201
586.2 11189
588.8 11201
590.1 11189
599.3 11189
402.8 11194
406.8 11194
407.9 11190
409.8 11194
411.1 11190
412.4 11194
415.5 11194
416.3 11190
418.1 11194
419.4 11190
421.0 11194
423.8 11194
427.3 11194
428.8 11190
430.6 11194
432.9 11190
433.9 11194
436.7 11190
437.0 11194
440.3 11194
443.0 11194
443.1 11190
445.6 11194
446.2 11190
448.3 11194
451.2 11194
451.5 11190
454.6 11194
455.6 11190
457.4 11194
460.3 11190
460.6 11194
463.4 11194
466.4 11194
468.2 11190
471.0 11190
471.8 11194
474.7 11194
478.1 11194
478.2 11190
482.2 11194
484.1 11190
486.7 11194
490.0 11194
490.3 11190
492.9 11194
494.3 11190
496.1 11194
497.9 11190
500.0 11194
501.5 11190
502.6 11194
505.4 11190
505.4 11194
508.0 11194
508.4 11190
511.0 11194
511.3 11190
514.5 11194
518.1 11190
518.6 11194
522.7 11194
523.0 11190
525.4 11194
527.8 11190
529.4 11194
531.8 11190
534.3 11194
536.5 11190
537.6 11194
539.5 11190
540.4 11194
544.1 11190
546.3 11194
549.6 11194
550.2 11190
552.4 11194
555.5 11194
558.4 11194
558.5 11190
561.2 11194
561.3 11190
564.2 11190
564.8 11194
568.6 11194
574.2 11194
574.3 11190
576.8 11194
578.1 11190
580.1 11194
583.1 11194
587.6 11194
590.5 11190
592.0 11194
594.6 11194
594.7 11190
597.9 11190
599.2 11194
602.2 11194
404.1 11199
407.3 11199
410.8 11199
414.9 11191
416.3 11199
418.0 11191
425.1 11191
437.6 11199
437.7 11191
441.1 11199
456.1 11199
459.7 11199
460.7 11191
472.6 11191
474.1 11199
479.2 11191
481.6 11199
484.8 11199
487.0 11191
495.1 11199
498.3 11191
501.5 11199
503.7 11191
507.1 11199
507.3 11191
511.6 11191
514.0 11199
517.6 11199
518.6 11191
530.6 11199
535.1 11191
542.1 11199
550.5 11199
556.5 11199
556.9 11191
562.1 11191
572.4 11199
573.4 11191
576.3 11199
580.1 11199
585.4 11199
587.3 11191
590.0 11199
593.5 11199
597.5 11199
599.9 11191
