Name: STN[Glu], Title: Raster plot from device '11214', Hist: False
13.5 140
13.6 128
13.6 148
13.7 136
13.7 152
13.8 132
13.8 144
15.6 140
15.7 128
15.7 148
15.8 136
15.8 152
15.9 132
15.9 144
17.7 140
17.8 128
17.8 148
17.9 136
17.9 152
18.0 132
18.0 144
20.0 140
20.2 128
20.2 136
20.2 148
20.2 152
20.3 132
20.3 144
61.7 128
66.6 152
67.1 132
67.4 148
67.6 136
67.7 144
68.1 140
70.0 148
70.1 152
70.4 132
70.8 136
70.9 144
83.7 128
88.3 128
91.5 140
94.6 140
101.8 132
101.8 136
102.5 152
102.6 148
105.0 144
105.8 132
105.8 148
106.2 152
107.8 144
122.8 128
125.7 128
126.0 136
127.6 140
129.9 136
131.0 140
137.4 148
138.8 132
139.7 152
140.2 148
140.8 144
141.5 132
144.1 152
145.4 144
155.7 128
162.5 136
164.3 140
165.1 148
165.4 136
168.0 140
174.5 132
177.8 152
178.9 128
179.3 144
180.6 152
182.0 144
191.1 132
191.1 148
198.7 128
199.8 136
203.0 136
203.5 140
205.3 148
206.2 140
209.8 140
212.9 132
215.0 152
216.6 144
218.4 152
219.4 144
223.6 128
226.5 128
228.1 148
233.4 148
238.7 132
239.2 136
241.5 132
242.1 136
249.2 140
250.2 144
252.7 140
252.8 152
253.5 144
255.6 152
262.3 128
265.2 128
265.3 148
268.0 128
269.3 132
270.5 148
274.9 136
278.0 136
286.8 144
287.1 140
289.7 144
290.1 140
290.4 152
291.0 132
293.9 152
302.4 148
305.3 148
309.4 128
312.0 136
312.3 128
315.2 136
316.7 132
319.5 132
321.7 144
323.4 140
326.9 152
330.9 152
338.6 128
339.1 148
340.5 144
342.0 148
344.6 128
345.8 148
346.0 136
346.1 140
350.4 140
350.5 136
352.1 132
356.3 132
366.3 144
366.3 152
369.1 152
369.3 144
372.7 152
379.3 128
380.1 140
381.1 148
382.0 128
385.1 140
385.2 136
387.3 132
388.0 136
391.3 132
400.4 144
403.9 148
404.0 144
404.1 128
404.1 132
404.1 136
404.1 152
404.2 140
406.4 144
406.4 148
406.6 128
406.6 132
406.6 136
406.6 152
406.7 140
408.7 144
408.7 148
409.0 128
409.0 132
409.0 136
409.0 140
409.0 152
411.1 144
411.1 148
411.4 128
411.4 132
411.4 136
411.4 140
411.4 152
413.3 144
413.3 148
413.6 128
413.6 132
413.6 136
413.6 140
413.6 152
415.7 144
415.7 148
416.0 128
416.0 132
416.0 136
416.0 140
416.0 152
417.9 144
417.9 148
418.2 128
418.2 132
418.2 136
418.2 140
418.2 152
420.1 144
420.1 148
420.4 128
420.4 132
420.4 136
420.4 140
420.4 152
422.4 144
422.4 148
422.8 132
422.8 136
422.8 140
422.9 128
422.9 152
425.0 144
425.0 148
425.2 132
425.2 136
425.2 140
425.3 128
425.3 152
427.6 144
427.6 148
427.9 132
427.9 136
427.9 140
428.1 128
428.2 152
429.9 144
429.9 148
430.2 132
430.2 136
430.2 140
430.4 128
430.6 152
432.2 144
432.2 148
432.5 132
432.5 136
432.5 140
432.8 128
433.0 152
434.6 144
434.6 148
434.8 132
434.8 136
434.8 140
435.1 128
435.3 152
436.9 144
436.9 148
437.1 132
437.1 136
437.1 140
437.3 128
437.5 152
439.1 144
439.1 148
439.3 132
439.3 136
439.3 140
439.5 128
439.7 152
441.4 144
441.4 148
441.5 132
441.5 136
441.5 140
441.7 128
441.9 152
443.7 144
443.7 148
443.8 132
443.8 136
443.8 140
444.0 128
444.2 152
445.9 144
445.9 148
446.1 132
446.1 136
446.1 140
446.3 128
446.6 152
448.1 144
448.1 148
448.4 132
448.4 136
448.4 140
448.6 128
449.0 152
450.4 144
450.4 148
450.6 132
450.6 136
450.6 140
450.9 128
451.4 152
452.6 144
452.6 148
452.8 132
452.8 136
452.8 140
453.1 128
453.7 152
455.2 144
455.2 148
455.5 132
455.5 136
455.5 140
455.6 128
455.9 152
457.4 144
457.4 148
457.7 132
457.7 136
457.7 140
457.8 128
458.2 152
459.7 144
459.7 148
460.1 132
460.1 136
460.1 140
460.2 128
460.8 152
461.8 144
461.8 148
462.3 132
462.3 136
462.3 140
462.4 128
463.2 152
464.2 144
464.2 148
464.6 132
464.6 136
464.6 140
464.7 128
465.6 152
466.5 144
466.5 148
466.8 132
466.8 136
466.8 140
466.9 128
467.8 152
469.0 144
469.0 148
469.1 132
469.1 136
469.1 140
469.2 128
470.1 152
471.3 132
471.3 136
471.3 140
471.3 144
471.3 148
471.4 128
472.3 152
473.7 128
473.7 132
473.7 136
473.7 140
473.7 144
473.7 148
474.6 152
475.9 128
475.9 132
475.9 136
475.9 140
475.9 144
475.9 148
476.9 152
478.3 128
478.3 132
478.3 136
478.3 140
478.3 144
478.3 148
479.3 152
480.6 128
480.6 132
480.6 136
480.6 140
480.6 144
480.6 148
482.1 152
482.9 128
482.9 132
482.9 136
482.9 140
482.9 144
482.9 148
484.4 152
485.2 128
485.2 132
485.2 136
485.2 140
485.2 144
485.2 148
486.8 152
487.8 128
487.8 132
487.8 136
487.8 140
487.8 144
487.8 148
489.2 152
490.3 128
490.3 132
490.3 136
490.3 140
490.3 144
490.3 148
491.4 152
492.7 128
492.7 132
492.7 136
492.7 140
492.7 144
492.7 148
494.1 152
495.1 128
495.1 132
495.1 136
495.1 140
495.1 144
495.1 148
496.3 152
497.3 128
497.3 132
497.3 136
497.3 140
497.3 144
497.3 148
498.6 152
499.5 128
499.5 132
499.5 136
499.5 140
499.5 144
499.5 148
500.9 152
501.9 128
501.9 132
501.9 136
501.9 140
501.9 144
501.9 148
503.1 152
504.1 128
504.1 132
504.1 136
504.1 140
504.1 144
504.1 148
505.5 152
506.5 128
506.5 132
506.5 136
506.5 140
506.5 144
506.5 148
507.7 152
508.6 128
508.6 132
508.6 136
508.6 140
508.6 144
508.6 148
509.9 152
510.8 128
510.8 132
510.8 136
510.8 140
510.8 144
510.8 148
512.1 152
513.0 128
513.0 132
513.0 136
513.0 140
513.0 144
513.0 148
514.4 152
515.3 128
515.3 132
515.3 136
515.3 140
515.3 144
515.3 148
516.8 152
517.6 128
517.6 132
517.6 136
517.6 140
517.6 144
517.6 148
519.0 152
519.7 128
519.7 132
519.7 136
519.7 140
519.7 144
519.7 148
521.3 152
522.4 128
522.4 132
522.4 136
522.4 140
522.4 144
522.4 148
523.8 152
524.7 128
524.7 132
524.7 136
524.7 140
524.7 144
524.7 148
526.2 152
526.9 128
526.9 132
526.9 136
526.9 140
526.9 144
526.9 148
528.5 152
529.1 128
529.1 132
529.1 136
529.1 140
529.1 144
529.1 148
530.8 152
531.3 128
531.3 132
531.3 136
531.3 140
531.3 144
531.3 148
533.1 152
533.6 128
533.6 132
533.6 136
533.6 140
533.6 144
533.6 148
535.3 152
535.8 128
535.8 132
535.8 136
535.8 140
535.8 144
535.8 148
537.7 152
538.1 128
538.1 132
538.1 136
538.1 140
538.1 144
538.1 148
540.1 152
540.6 128
540.6 132
540.6 136
540.6 140
540.6 144
540.6 148
542.3 152
542.9 128
542.9 132
542.9 136
542.9 140
542.9 144
542.9 148
544.7 152
545.2 128
545.2 132
545.2 136
545.2 140
545.2 144
545.2 148
547.1 152
547.5 128
547.5 132
547.5 136
547.5 140
547.5 144
547.5 148
549.5 152
550.1 128
550.1 132
550.1 136
550.1 140
550.1 144
550.1 148
551.7 152
552.3 128
552.3 132
552.3 136
552.3 140
552.3 144
552.3 148
553.9 152
554.5 128
554.5 132
554.5 136
554.5 140
554.5 144
554.5 148
556.5 152
556.7 128
556.7 132
556.7 136
556.7 140
556.7 144
556.7 148
558.9 152
559.2 128
559.2 132
559.2 136
559.2 140
559.2 144
559.2 148
561.2 152
561.5 128
561.5 132
561.5 136
561.5 140
561.5 144
561.5 148
563.4 152
563.7 128
563.7 132
563.7 136
563.7 140
563.7 144
563.7 148
565.8 152
566.0 128
566.0 132
566.0 136
566.0 140
566.0 144
566.0 148
568.2 152
568.5 128
568.5 132
568.5 136
568.5 140
568.5 144
568.5 148
570.6 152
571.1 128
571.1 132
571.1 136
571.1 140
571.1 144
571.1 148
572.9 152
573.4 128
573.4 132
573.4 136
573.4 140
573.4 144
573.4 148
575.1 152
575.5 128
575.5 132
575.5 136
575.5 140
575.5 144
575.5 148
577.5 152
577.9 128
577.9 132
577.9 136
577.9 140
577.9 144
577.9 148
579.8 152
580.2 128
580.2 132
580.2 136
580.2 140
580.2 144
580.2 148
582.1 152
582.7 128
582.7 132
582.7 136
582.7 140
582.7 144
582.7 148
584.4 152
585.2 128
585.2 132
585.2 136
585.2 140
585.2 144
585.2 148
586.6 152
587.4 128
587.4 132
587.4 136
587.4 140
587.4 144
587.4 148
588.8 152
589.7 128
589.7 132
589.7 136
589.7 140
589.7 144
589.7 148
591.1 152
591.9 128
591.9 132
591.9 136
591.9 140
591.9 144
591.9 148
593.3 152
594.3 128
594.3 132
594.3 136
594.3 140
594.3 144
594.3 148
595.6 152
596.5 128
596.5 132
596.5 136
596.5 140
596.5 144
596.5 148
598.0 152
598.8 128
598.8 132
598.8 136
598.8 140
598.8 144
598.8 148
600.4 152
601.0 128
601.0 132
601.0 136
601.0 140
601.0 144
601.0 148
602.8 152
603.4 128
603.4 132
603.4 136
603.4 140
603.4 144
603.4 148
668.2 132
669.8 128
672.2 140
672.3 152
672.9 132
672.9 148
673.1 128
695.4 136
695.8 144
696.2 140
696.2 152
697.5 148
698.0 136
698.1 144
698.5 140
698.6 152
699.7 148
700.0 132
700.6 144
700.7 136
700.9 140
701.0 152
701.7 128
702.1 148
705.4 128
722.3 132
725.6 132
734.3 148
735.3 144
735.9 136
736.3 128
736.5 152
738.9 140
739.0 136
739.2 128
739.4 152
739.7 144
742.4 140
753.9 132
757.5 148
757.8 132
760.6 148
768.7 136
770.3 152
771.0 128
771.7 144
772.8 136
773.1 152
773.2 140
774.1 144
774.7 128
776.4 140
776.5 152
777.1 144
787.2 132
790.0 132
790.4 148
793.5 148
802.9 136
805.2 128
805.9 136
808.2 140
808.4 128
810.7 140
812.9 152
813.5 144
817.7 144
818.1 148
818.5 132
822.3 132
835.1 152
836.8 136
838.6 152
838.7 128
840.1 136
840.6 140
843.4 148
844.2 128
845.1 140
846.3 148
848.0 144
850.9 144
851.2 132
867.1 132
869.2 152
872.0 140
872.1 152
873.3 136
874.9 128
875.8 140
876.2 136
877.0 148
877.9 128
879.0 144
880.7 148
892.4 132
895.0 132
903.6 144
903.7 152
904.8 140
906.0 144
906.5 152
907.0 136
908.6 140
908.6 144
909.6 128
910.0 136
911.1 148
912.8 128
914.1 148
924.7 132
927.5 132
938.1 152
940.8 140
940.8 152
942.6 148
942.8 128
942.9 136
943.7 140
944.0 144
945.7 136
946.2 128
948.6 136
956.1 132
965.3 148
965.8 144
968.2 148
969.3 144
972.2 152
974.4 140
975.3 152
977.0 128
977.5 140
978.8 132
979.8 128
983.1 132
983.3 136
13.5 129
13.5 133
13.5 153
13.6 141
13.6 149
13.7 137
13.7 145
15.6 129
15.6 133
15.6 153
15.7 141
15.7 149
15.8 137
15.8 145
17.7 129
17.7 133
17.7 153
17.8 141
17.8 149
17.9 137
17.9 145
20.0 129
20.0 133
20.0 153
20.1 141
20.1 149
20.2 137
20.3 145
65.4 129
65.6 133
66.4 141
66.7 145
66.8 153
67.0 149
67.1 137
68.2 129
69.9 137
69.9 141
69.9 145
69.9 153
70.2 149
70.4 133
96.9 145
99.8 141
101.1 129
101.2 149
102.1 137
102.3 133
102.7 153
104.8 129
105.2 137
105.4 133
105.4 149
106.6 153
120.4 145
124.5 141
127.5 141
137.9 133
138.2 129
138.7 137
139.3 149
140.3 153
141.0 133
141.9 149
142.1 137
142.7 129
143.4 153
145.6 145
149.7 145
163.0 141
165.7 141
166.2 129
168.6 141
169.2 133
174.8 153
174.9 137
176.7 149
178.6 153
178.7 137
180.1 149
184.6 145
185.7 129
187.3 145
194.0 133
199.7 133
207.3 129
209.0 153
210.9 141
211.6 129
212.4 137
213.2 153
213.4 149
213.9 141
216.7 137
218.2 149
219.6 145
224.2 145
228.2 133
241.6 153
241.8 129
247.1 141
247.6 137
248.7 149
249.8 133
251.5 141
255.2 145
259.3 129
262.7 153
270.7 137
272.0 149
274.3 133
274.5 129
274.8 149
277.4 133
279.4 145
280.1 141
282.7 145
285.5 153
290.0 153
294.7 137
301.8 129
304.9 129
306.4 141
309.2 149
309.3 141
311.7 133
312.4 141
313.0 149
316.0 137
316.4 133
317.8 145
320.6 137
320.6 145
322.7 153
323.3 145
337.4 129
340.3 129
345.6 153
346.3 149
346.6 133
348.3 141
348.9 153
349.4 149
350.6 133
352.8 149
353.4 137
356.5 137
366.2 145
369.1 145
369.4 141
373.4 141
374.8 129
377.6 129
383.5 153
386.0 133
386.3 153
389.2 133
391.5 149
391.6 137
394.9 137
395.0 149
403.2 145
404.0 141
404.1 129
404.1 133
404.1 137
404.1 149
404.1 153
405.5 145
406.6 129
406.6 133
406.6 137
406.6 149
406.6 153
406.7 141
408.1 145
409.0 129
409.0 133
409.0 137
409.0 141
409.0 149
409.0 153
410.5 145
411.4 129
411.4 133
411.4 137
411.4 141
411.4 149
411.4 153
412.7 145
413.6 129
413.6 133
413.6 137
413.6 141
413.6 149
413.6 153
414.9 145
416.0 129
416.0 133
416.0 137
416.0 141
416.0 149
416.0 153
417.1 145
418.2 129
418.2 133
418.2 137
418.2 141
418.2 149
418.2 153
419.3 145
420.4 129
420.4 133
420.4 137
420.4 141
420.4 149
420.4 153
421.6 145
422.8 137
422.8 149
422.8 153
422.9 129
422.9 133
422.9 141
424.0 145
425.2 137
425.2 149
425.2 153
425.3 129
425.3 133
425.3 141
426.3 145
427.9 137
427.9 149
427.9 153
428.1 133
428.2 129
428.2 141
428.7 145
430.2 137
430.2 149
430.2 153
430.4 133
430.6 129
430.6 141
431.3 145
432.5 137
432.5 149
432.5 153
432.8 133
433.0 129
433.0 141
433.7 145
434.8 137
434.8 149
434.8 153
435.1 133
435.3 129
435.3 141
435.9 145
437.1 137
437.1 149
437.1 153
437.3 133
437.5 129
437.5 141
438.1 145
439.3 137
439.3 149
439.3 153
439.5 133
439.7 129
439.7 141
440.4 145
441.5 137
441.5 149
441.5 153
441.7 133
441.9 129
441.9 141
442.6 145
443.8 137
443.8 149
443.8 153
444.0 133
444.2 129
444.2 141
444.9 145
446.1 137
446.1 149
446.1 153
446.3 133
446.6 129
446.6 141
447.1 145
448.4 137
448.4 149
448.4 153
448.6 133
449.0 129
449.0 141
449.5 145
450.6 137
450.6 149
450.6 153
450.9 133
451.4 129
451.4 141
452.2 145
452.8 137
452.8 149
452.8 153
453.1 133
453.7 129
453.7 141
454.6 145
455.5 137
455.5 149
455.5 153
455.6 133
455.9 129
455.9 141
456.8 145
457.7 137
457.7 149
457.7 153
457.8 133
458.2 129
458.2 141
459.0 145
460.1 137
460.1 149
460.1 153
460.2 133
460.8 129
460.8 141
461.3 145
462.3 137
462.3 149
462.3 153
462.4 133
463.2 129
463.2 141
463.7 145
464.6 137
464.6 149
464.6 153
464.7 133
465.6 129
465.6 141
466.1 145
466.8 137
466.8 149
466.8 153
466.9 133
467.8 129
467.8 141
468.4 145
469.1 137
469.1 149
469.1 153
469.2 133
470.1 129
470.1 141
470.8 145
471.3 137
471.3 149
471.3 153
471.4 133
472.3 129
472.3 141
473.0 145
473.7 133
473.7 137
473.7 149
473.7 153
474.6 129
474.6 141
475.3 145
475.9 133
475.9 137
475.9 149
475.9 153
476.9 129
476.9 141
477.5 145
478.3 133
478.3 137
478.3 149
478.3 153
479.3 129
479.3 141
479.7 145
480.6 133
480.6 137
480.6 149
480.6 153
482.1 129
482.1 141
482.2 145
482.9 133
482.9 137
482.9 149
482.9 153
484.4 129
484.4 141
484.5 145
485.2 133
485.2 137
485.2 149
485.2 153
486.8 129
486.8 141
487.0 145
487.8 133
487.8 137
487.8 149
487.8 153
489.2 129
489.2 141
489.4 145
490.3 133
490.3 137
490.3 149
490.3 153
491.4 129
491.4 141
491.6 145
492.7 133
492.7 137
492.7 149
492.7 153
494.1 129
494.2 141
494.2 145
495.1 133
495.1 137
495.1 149
495.1 153
496.3 129
496.4 141
496.4 145
497.3 133
497.3 137
497.3 149
497.3 153
498.6 129
498.8 141
498.8 145
499.5 133
499.5 137
499.5 149
499.5 153
500.9 129
501.1 141
501.1 145
501.9 133
501.9 137
501.9 149
501.9 153
503.1 129
503.3 141
503.3 145
504.1 133
504.1 137
504.1 149
504.1 153
505.5 129
505.8 141
505.8 145
506.5 133
506.5 137
506.5 149
506.5 153
507.7 129
508.1 141
508.1 145
508.6 133
508.6 137
508.6 149
508.6 153
509.9 129
510.4 141
510.4 145
510.8 133
510.8 137
510.8 149
510.8 153
512.1 129
512.6 141
512.6 145
513.0 133
513.0 137
513.0 149
513.0 153
514.4 129
515.1 141
515.1 145
515.3 133
515.3 137
515.3 149
515.3 153
516.8 129
517.4 141
517.4 145
517.6 133
517.6 137
517.6 149
517.6 153
519.0 129
519.6 141
519.6 145
519.7 133
519.7 137
519.7 149
519.7 153
521.3 129
522.2 141
522.2 145
522.4 133
522.4 137
522.4 149
522.4 153
523.8 129
524.5 141
524.5 145
524.7 133
524.7 137
524.7 149
524.7 153
526.2 129
526.7 141
526.7 145
526.9 133
526.9 137
526.9 149
526.9 153
528.5 129
528.9 141
528.9 145
529.1 133
529.1 137
529.1 149
529.1 153
530.8 129
531.1 141
531.1 145
531.3 133
531.3 137
531.3 149
531.3 153
533.1 129
533.5 141
533.5 145
533.6 133
533.6 137
533.6 149
533.6 153
535.3 129
535.7 141
535.7 145
535.8 133
535.8 137
535.8 149
535.8 153
537.7 129
538.0 141
538.0 145
538.1 133
538.1 137
538.1 149
538.1 153
540.1 129
540.5 141
540.5 145
540.6 133
540.6 137
540.6 149
540.6 153
542.3 129
542.8 141
542.8 145
542.9 133
542.9 137
542.9 149
542.9 153
544.7 129
545.2 133
545.2 137
545.2 141
545.2 145
545.2 149
545.2 153
547.1 129
547.5 133
547.5 137
547.5 141
547.5 145
547.5 149
547.5 153
549.5 129
550.1 133
550.1 137
550.1 141
550.1 145
550.1 149
550.1 153
551.7 129
552.3 133
552.3 137
552.3 141
552.3 145
552.3 149
552.3 153
553.9 129
554.5 133
554.5 137
554.5 141
554.5 145
554.5 149
554.5 153
556.5 129
556.7 133
556.7 137
556.7 141
556.7 145
556.7 149
556.7 153
558.9 129
559.2 133
559.2 137
559.2 141
559.2 145
559.2 149
559.2 153
561.2 129
561.5 133
561.5 137
561.5 141
561.5 145
561.5 149
561.5 153
563.4 129
563.7 133
563.7 137
563.7 141
563.7 145
563.7 149
563.7 153
565.8 129
566.0 133
566.0 137
566.0 141
566.0 145
566.0 149
566.0 153
568.2 129
568.5 133
568.5 137
568.5 141
568.5 145
568.5 149
568.5 153
570.6 129
571.1 133
571.1 137
571.1 141
571.1 145
571.1 149
571.1 153
572.9 129
573.4 133
573.4 137
573.4 141
573.4 145
573.4 149
573.4 153
575.1 129
575.5 133
575.5 137
575.5 141
575.5 145
575.5 149
575.5 153
577.5 129
577.9 133
577.9 137
577.9 141
577.9 145
577.9 149
577.9 153
579.8 129
580.2 133
580.2 137
580.2 141
580.2 145
580.2 149
580.2 153
582.1 129
582.7 133
582.7 137
582.7 141
582.7 145
582.7 149
582.7 153
584.4 129
585.2 133
585.2 137
585.2 141
585.2 145
585.2 149
585.2 153
586.6 129
587.4 133
587.4 137
587.4 141
587.4 145
587.4 149
587.4 153
588.8 129
589.7 133
589.7 137
589.7 141
589.7 145
589.7 149
589.7 153
591.1 129
591.9 133
591.9 137
591.9 141
591.9 145
591.9 149
591.9 153
593.3 129
594.3 133
594.3 137
594.3 141
594.3 145
594.3 149
594.3 153
595.6 129
596.5 133
596.5 137
596.5 141
596.5 145
596.5 149
596.5 153
598.0 129
598.8 133
598.8 137
598.8 141
598.8 145
598.8 149
598.8 153
600.4 129
601.0 133
601.0 137
601.0 141
601.0 145
601.0 149
601.0 153
602.8 129
603.4 133
603.4 137
603.4 141
603.4 145
603.4 149
603.4 153
671.1 129
672.0 137
672.2 153
672.6 149
674.0 129
675.0 153
695.7 137
696.3 145
696.7 133
696.7 141
697.1 149
698.2 137
698.6 145
699.1 133
699.3 149
699.6 141
700.7 129
700.7 137
701.1 145
701.4 133
701.6 149
701.9 141
703.9 129
706.9 153
709.7 153
728.5 129
735.2 149
735.7 133
735.9 141
737.1 145
737.7 153
738.0 149
738.8 133
739.0 141
739.5 137
741.6 145
743.1 137
751.3 129
754.5 129
760.9 153
763.7 149
764.4 153
769.6 133
771.4 141
772.4 145
772.7 133
773.7 137
774.2 141
774.9 145
778.0 129
778.0 137
778.0 145
787.9 149
791.9 149
793.0 153
797.2 153
798.7 129
803.8 133
806.4 133
806.8 141
808.5 137
809.6 141
810.8 145
811.3 137
812.7 141
815.3 129
817.6 149
827.6 153
830.3 153
834.6 145
835.2 129
837.6 145
838.0 133
840.1 149
841.0 133
843.1 137
843.8 149
845.9 137
847.4 141
848.7 129
851.9 141
862.0 153
865.3 153
868.0 145
870.5 133
872.0 145
873.4 149
873.6 129
874.1 133
876.5 149
877.6 129
878.0 137
880.7 141
880.8 137
884.8 141
890.3 153
902.2 145
904.0 133
905.4 145
905.9 149
906.8 129
906.9 133
909.4 149
909.7 129
912.9 153
913.6 137
916.5 137
916.6 141
919.2 141
923.3 141
934.3 153
936.5 145
939.3 133
940.0 153
940.6 129
940.8 145
941.3 149
942.2 133
943.5 129
944.2 149
948.6 137
951.6 137
957.5 141
964.5 153
965.7 149
965.9 129
968.6 145
968.9 133
972.0 145
979.1 141
980.9 137
981.8 141
13.5 134
13.5 138
13.5 142
13.6 130
13.6 146
13.6 150
13.7 154
13.8 126
15.6 134
15.6 138
15.6 142
15.7 130
15.7 146
15.7 150
15.8 154
15.9 126
17.7 134
17.7 138
17.7 142
17.8 130
17.8 146
17.8 150
17.9 154
18.0 126
20.0 138
20.1 130
20.1 134
20.1 142
20.1 150
20.2 146
20.2 154
20.3 126
64.2 142
65.7 134
65.9 130
66.8 126
67.1 138
67.4 150
68.3 146
68.9 134
69.3 130
69.3 154
69.7 126
70.1 142
70.4 150
71.1 138
93.5 146
94.4 154
96.3 146
97.1 154
98.4 142
100.0 154
101.9 134
102.7 142
103.1 150
103.9 126
103.9 130
104.2 138
105.9 150
106.1 134
106.6 130
106.8 126
107.5 138
129.3 146
132.7 146
136.1 142
138.6 142
139.4 150
139.8 134
139.9 130
140.1 154
141.6 126
141.8 138
142.2 150
142.7 134
142.7 154
143.1 130
144.5 138
144.6 126
165.8 146
168.8 142
169.0 146
175.4 150
177.9 126
178.2 130
179.2 150
179.6 134
179.8 138
179.9 154
180.9 126
181.3 130
182.3 134
182.5 138
182.6 154
184.8 134
185.0 154
193.6 142
196.8 142
202.6 146
206.5 146
211.2 130
215.4 150
215.6 130
216.1 126
216.4 138
218.2 150
219.0 126
220.0 138
225.7 134
225.7 154
228.4 142
229.0 154
229.4 134
233.2 142
238.8 146
243.3 146
247.1 130
252.2 150
252.3 126
253.1 138
255.3 150
255.4 126
256.8 138
259.1 150
263.3 154
263.5 134
265.5 142
266.0 134
266.3 154
268.5 142
268.9 134
270.8 130
274.4 130
277.2 146
280.0 146
286.6 126
289.6 138
289.8 126
293.0 138
298.6 150
299.7 154
299.8 142
301.0 150
303.7 154
304.7 142
307.7 130
307.9 134
311.6 130
312.9 134
314.7 146
317.6 146
325.3 126
326.6 138
328.4 126
330.6 138
331.4 126
333.3 150
336.8 154
337.5 142
337.8 150
340.2 154
340.3 142
346.0 130
346.5 134
349.1 130
349.1 134
349.3 146
352.6 146
365.9 138
368.8 138
369.8 150
371.7 138
373.1 150
373.4 126
375.0 142
375.0 154
376.3 126
378.0 154
378.6 142
383.9 134
385.4 130
387.7 134
387.9 146
388.5 130
390.9 146
403.5 150
404.1 126
404.1 130
404.1 134
404.1 138
404.1 142
404.1 146
404.2 154
405.8 150
406.6 130
406.6 134
406.6 142
406.6 146
406.7 126
406.7 138
406.7 154
408.1 150
409.0 126
409.0 130
409.0 134
409.0 138
409.0 142
409.0 146
409.0 154
410.5 150
411.3 126
411.4 130
411.4 134
411.4 138
411.4 142
411.4 146
411.4 154
412.7 150
413.5 126
413.6 130
413.6 134
413.6 138
413.6 142
413.6 146
413.6 154
414.9 150
416.0 126
416.0 130
416.0 134
416.0 138
416.0 142
416.0 146
416.0 154
417.1 150
418.2 126
418.2 130
418.2 134
418.2 138
418.2 142
418.2 146
418.2 154
419.3 150
420.4 126
420.4 138
421.6 150
13.6 127
13.6 143
13.7 131
13.7 151
13.8 135
13.9 139
13.9 147
15.7 127
15.7 143
15.8 131
15.8 151
15.9 135
16.0 139
16.0 147
17.8 127
17.8 143
17.9 131
17.9 151
18.0 135
18.1 139
18.1 147
20.1 127
20.1 143
20.2 131
20.2 151
20.3 135
20.4 139
20.4 147
63.6 143
66.9 151
67.3 147
67.4 127
67.7 139
67.9 143
68.0 135
68.5 131
70.3 151
70.4 127
70.4 139
70.4 147
89.9 135
91.4 131
92.6 135
94.4 131
101.8 139
101.8 143
104.2 151
104.7 127
104.7 143
106.0 147
107.6 127
107.6 151
108.1 143
109.4 147
110.5 127
116.5 131
123.3 139
126.1 135
126.2 139
129.6 135
139.3 151
142.4 151
142.7 131
143.7 147
146.5 143
146.8 131
146.8 147
147.6 127
151.4 127
163.3 139
165.2 135
166.4 139
167.9 135
169.0 143
172.4 143
176.0 151
179.9 147
180.3 151
181.3 131
182.7 147
184.4 131
185.4 127
188.8 127
199.0 135
199.6 139
202.0 135
204.3 139
204.7 131
206.4 143
210.3 143
212.4 151
216.6 151
218.4 147
221.3 147
221.9 127
222.6 131
224.7 127
236.3 135
237.5 139
237.9 131
239.3 135
240.6 139
241.1 143
245.8 143
249.1 151
252.4 151
255.6 147
258.8 147
260.4 127
263.3 127
266.0 131
269.1 131
274.6 139
274.7 135
277.6 139
277.8 135
280.2 143
283.1 143
283.6 151
286.8 151
291.4 147
295.0 147
297.1 127
299.8 127
304.4 131
307.2 131
309.3 135
310.6 131
313.1 135
313.3 139
315.4 143
315.9 139
318.3 151
318.5 139
318.5 143
321.8 151
330.6 147
332.8 127
334.0 147
347.4 135
349.6 131
349.9 151
350.3 135
350.4 143
353.0 127
353.5 131
359.5 139
362.3 139
366.5 147
369.1 147
371.8 151
372.2 143
375.0 127
375.9 151
376.6 131
384.8 131
385.3 135
388.4 135
393.8 127
397.5 139
397.5 143
400.6 143
400.7 139
403.7 147
404.0 127
404.0 139
404.0 143
404.1 131
404.1 135
404.2 151
406.4 147
406.5 127
406.5 139
406.5 143
406.6 135
406.7 131
406.7 151
408.7 147
408.9 127
408.9 139
408.9 143
409.0 131
409.0 135
409.0 151
411.1 147
411.2 127
411.2 139
411.2 143
411.4 131
411.4 135
411.4 151
413.3 147
413.4 127
413.4 139
413.4 143
413.6 131
413.6 135
413.6 151
415.7 147
415.9 127
415.9 139
415.9 143
416.0 131
416.0 135
416.0 151
417.9 147
418.1 127
418.1 139
418.1 143
418.2 131
418.2 135
418.2 151
420.1 147
420.3 127
420.3 139
420.3 143
420.4 131
420.4 135
420.4 151
422.4 147
422.7 127
422.7 139
422.7 143
422.8 135
422.9 131
422.9 151
425.0 147
425.1 127
425.1 139
425.1 143
425.2 135
425.3 131
425.3 151
427.6 147
427.7 127
427.7 139
427.7 143
427.9 135
428.2 131
428.2 151
429.9 147
430.0 127
430.0 139
430.0 143
430.2 135
430.6 131
430.6 151
432.2 147
432.3 127
432.3 139
432.3 143
432.5 135
433.0 131
433.0 151
434.6 147
434.7 127
434.7 139
434.7 143
434.8 135
435.2 151
435.3 131
436.9 147
437.0 127
437.0 139
437.0 143
437.1 135
437.4 151
437.5 131
439.1 147
439.2 127
439.2 139
439.2 143
439.3 135
439.6 151
439.7 131
441.4 147
441.5 127
441.5 135
441.5 139
441.5 143
441.8 151
441.9 131
443.7 147
443.8 127
443.8 135
443.8 139
443.8 143
444.1 151
444.2 131
445.9 147
446.1 127
446.1 135
446.1 139
446.1 143
446.5 151
446.6 131
448.1 147
448.4 127
448.4 135
448.4 139
448.4 143
448.9 151
449.0 131
450.4 147
450.6 127
450.6 135
450.6 139
450.6 143
451.2 151
451.4 131
452.6 147
452.8 127
452.8 135
452.8 139
452.8 143
453.4 151
453.7 131
455.2 147
455.5 127
455.5 135
455.5 139
455.5 143
455.7 151
455.9 131
457.4 147
457.7 127
457.7 135
457.7 139
457.7 143
458.0 151
458.2 131
459.7 147
460.1 127
460.1 135
460.1 139
460.1 143
460.6 151
460.8 131
461.8 147
462.3 127
462.3 135
462.3 139
462.3 143
462.9 151
463.2 131
464.2 147
464.6 127
464.6 135
464.6 139
464.6 143
465.4 151
465.6 131
466.5 147
466.8 127
466.8 135
466.8 139
466.8 143
467.6 151
467.8 131
469.0 147
469.1 127
469.1 135
469.1 139
469.1 143
469.8 151
470.1 131
471.3 127
471.3 135
471.3 139
471.3 143
471.3 147
472.1 151
472.3 131
473.7 127
473.7 135
473.7 139
473.7 143
473.7 147
474.3 151
474.6 131
475.9 127
475.9 135
475.9 139
475.9 143
475.9 147
476.6 151
476.9 131
478.3 127
478.3 135
478.3 139
478.3 143
478.3 147
479.3 131
479.3 151
480.6 127
480.6 135
480.6 139
480.6 143
480.6 147
482.1 131
482.1 151
482.9 127
482.9 135
482.9 139
482.9 143
482.9 147
484.4 131
484.4 151
485.2 127
485.2 135
485.2 139
485.2 143
485.2 147
486.8 131
486.8 151
487.8 127
487.8 135
487.8 139
487.8 143
487.8 147
489.2 131
489.2 151
490.3 127
490.3 135
490.3 139
490.3 143
490.3 147
491.4 131
491.4 151
492.7 127
492.7 135
492.7 139
492.7 143
492.7 147
494.1 131
494.1 151
495.1 127
495.1 135
495.1 139
495.1 143
495.1 147
496.3 131
496.3 151
497.3 127
497.3 135
497.3 139
497.3 143
497.3 147
498.6 131
498.6 151
499.5 127
499.5 135
499.5 139
499.5 143
499.5 147
500.9 131
500.9 151
501.9 127
501.9 135
501.9 139
501.9 143
501.9 147
503.1 131
503.1 151
504.1 127
504.1 135
504.1 139
504.1 143
504.1 147
505.5 131
505.5 151
506.5 127
506.5 135
506.5 139
506.5 143
506.5 147
507.7 131
507.7 151
508.6 127
508.6 135
508.6 139
508.6 143
508.6 147
509.9 131
509.9 151
510.8 127
510.8 135
510.8 139
510.8 143
510.8 147
512.1 131
512.1 151
513.0 127
513.0 135
513.0 139
513.0 143
513.0 147
514.4 131
514.4 151
515.3 127
515.3 135
515.3 139
515.3 143
515.3 147
516.8 131
516.8 151
517.6 127
517.6 135
517.6 139
517.6 143
517.6 147
519.0 131
519.0 151
519.7 127
519.7 135
519.7 139
519.7 143
519.7 147
521.3 131
521.3 151
522.4 127
522.4 135
522.4 139
522.4 143
522.4 147
523.8 131
523.8 151
524.7 127
524.7 135
524.7 139
524.7 143
524.7 147
526.2 131
526.2 151
526.9 127
526.9 135
526.9 139
526.9 143
526.9 147
528.5 131
528.5 151
529.1 127
529.1 135
529.1 139
529.1 143
529.1 147
530.8 131
530.8 151
531.3 127
531.3 135
531.3 139
531.3 143
531.3 147
533.1 131
533.1 151
533.6 127
533.6 135
533.6 139
533.6 143
533.6 147
535.3 131
535.3 151
535.8 127
535.8 135
535.8 139
535.8 143
535.8 147
537.7 131
537.7 151
538.1 127
538.1 135
538.1 139
538.1 143
538.1 147
540.1 131
540.1 151
540.6 127
540.6 135
540.6 139
540.6 143
540.6 147
542.3 131
542.3 151
542.9 127
542.9 135
542.9 139
542.9 143
542.9 147
544.7 131
544.7 151
545.2 127
545.2 135
545.2 139
545.2 143
545.2 147
547.1 131
547.1 151
547.5 127
547.5 135
547.5 139
547.5 143
547.5 147
549.5 131
549.5 151
550.1 127
550.1 135
550.1 139
550.1 143
550.1 147
551.7 131
551.7 151
552.3 127
552.3 135
552.3 139
552.3 143
552.3 147
553.9 131
553.9 151
554.5 127
554.5 135
554.5 139
554.5 143
554.5 147
556.5 131
556.5 151
556.7 127
556.7 135
556.7 139
556.7 143
556.7 147
558.9 131
558.9 151
559.2 127
559.2 135
559.2 139
559.2 143
559.2 147
561.2 131
561.2 151
561.5 127
561.5 135
561.5 139
561.5 143
561.5 147
563.4 131
563.4 151
563.7 127
563.7 135
563.7 139
563.7 143
563.7 147
565.8 131
565.8 151
566.0 127
566.0 135
566.0 139
566.0 143
566.0 147
568.2 131
568.2 151
568.5 127
568.5 135
568.5 139
568.5 143
568.5 147
570.6 131
570.6 151
571.1 127
571.1 135
571.1 139
571.1 143
571.1 147
572.9 131
572.9 151
573.4 127
573.4 135
573.4 139
573.4 143
573.4 147
575.1 131
575.1 151
575.5 127
575.5 135
575.5 139
575.5 143
575.5 147
577.5 131
577.5 151
577.9 127
577.9 135
577.9 139
577.9 143
577.9 147
579.8 131
579.8 151
580.2 127
580.2 135
580.2 139
580.2 143
580.2 147
582.1 131
582.1 151
582.7 127
582.7 135
582.7 139
582.7 143
582.7 147
584.4 131
584.4 151
585.2 127
585.2 135
585.2 139
585.2 143
585.2 147
586.6 131
586.6 151
587.4 127
587.4 135
587.4 139
587.4 143
587.4 147
588.8 131
588.8 151
589.7 127
589.7 135
589.7 139
589.7 143
589.7 147
591.1 131
591.1 151
591.9 127
591.9 135
591.9 139
591.9 143
591.9 147
593.3 131
593.3 151
594.3 127
594.3 135
594.3 139
594.3 143
594.3 147
595.6 131
595.6 151
596.5 127
596.5 135
596.5 139
596.5 143
596.5 147
598.0 131
598.0 151
598.8 127
598.8 135
598.8 139
598.8 143
598.8 147
600.4 131
600.4 151
601.0 127
601.0 135
601.0 139
601.0 143
601.0 147
602.8 131
602.8 151
603.4 127
603.4 135
603.4 139
603.4 143
603.4 147
671.5 143
672.2 147
672.7 135
673.1 131
691.3 143
695.8 139
696.2 143
696.4 151
696.5 147
696.7 127
697.7 131
698.0 139
698.5 135
698.8 147
698.9 151
699.0 127
699.9 131
700.7 139
700.8 135
701.1 147
701.3 151
701.4 127
702.2 131
703.1 135
725.6 143
729.2 143
731.5 151
733.0 131
733.0 147
734.4 139
737.6 147
737.7 127
738.0 139
741.1 135
741.4 131
744.5 135
754.3 151
757.0 127
757.1 151
758.6 143
763.7 143
769.8 139
770.0 147
770.2 131
772.7 147
773.0 139
773.7 131
775.0 135
776.3 147
778.1 131
778.1 135
778.5 127
781.9 127
788.2 151
790.9 151
791.2 143
794.9 143
804.6 139
807.3 139
808.0 131
809.5 147
811.0 135
812.9 147
813.8 135
814.4 127
816.6 135
817.5 127
820.1 151
822.5 131
823.1 151
827.1 143
829.8 143
832.9 143
836.8 139
838.9 131
843.4 147
846.5 147
848.0 127
850.8 127
853.5 151
856.7 151
857.6 135
859.8 139
860.5 135
862.9 139
865.5 131
868.1 131
869.5 143
872.7 143
877.6 147
880.3 147
882.4 127
886.3 127
886.3 151
889.6 151
893.0 135
894.3 139
896.1 135
897.0 139
899.6 131
900.5 139
903.6 131
903.7 143
906.7 143
913.6 147
916.5 147
917.8 127
919.4 151
921.2 127
925.0 151
929.3 135
932.1 135
933.3 131
935.1 135
936.9 139
937.3 131
939.0 143
941.6 143
948.2 147
950.5 151
951.0 127
951.1 147
954.5 127
954.5 147
959.4 139
962.2 139
964.2 131
974.4 143
976.0 135
976.0 151
977.4 143
978.5 151
979.1 135
980.8 131
983.8 127
