       0.0     72.1       72.1  0.0 14:34:20.082976
      72.1      8.5       80.6 10.0 14:34:22.511780
      80.6      8.4       88.9 20.0 14:34:24.929436
      88.9      8.9       97.8 30.0 14:34:27.508703
      97.8      8.4      106.2 40.0 14:34:29.941915
     106.2      8.9      115.1 50.0 14:34:32.523080
     115.1      8.4      123.6 60.0 14:34:35.007680
     123.6      9.1      132.7 70.0 14:34:37.613723
     132.7      8.5      141.1 80.0 14:34:40.105397
     141.1      9.0      150.2 90.0 14:34:42.716611
     150.2      8.5      158.7 100.0 14:34:45.203237
     158.7      9.0      167.6 110.0 14:34:47.886612
     167.6      8.5      176.1 120.0 14:34:50.363344
     176.1      9.1      185.2 130.0 14:34:53.023970
     185.2      8.4      193.6 140.0 14:34:55.480138
     193.6      9.1      202.7 150.0 14:34:58.125470
     202.7      8.5      211.2 160.0 14:35:00.594457
     211.2      9.1      220.3 170.0 14:35:03.233348
     220.3      8.5      228.8 180.0 14:35:05.695326
     228.8      9.1      237.9 190.0 14:35:08.350620
     237.9      8.6      246.5 200.0 14:35:10.861588
     246.5      9.2      255.7 210.0 14:35:13.511022
     255.7      8.6      264.3 220.0 14:35:16.029025
     264.3      9.1      273.4 230.0 14:35:18.662278
     273.4      8.7      282.0 240.0 14:35:21.175902
     282.0      9.2      291.2 250.0 14:35:23.847360
     291.2      8.7      299.9 260.0 14:35:26.387608
     299.9      9.2      309.0 270.0 14:35:29.070559
     309.0      8.7      317.7 280.0 14:35:31.624817
     317.7      9.2      327.0 290.0 14:35:34.310191
     327.0      8.8      335.8 300.0 14:35:36.878090
     335.8      9.3      345.1 310.0 14:35:39.623548
     345.1      8.9      354.0 320.0 14:35:42.177969
     354.0      9.3      363.3 330.0 14:35:44.873533
     363.3      8.9      372.2 340.0 14:35:47.437433
     372.2      9.4      381.6 350.0 14:35:50.172831
     381.6      8.9      390.5 360.0 14:35:52.731359
     390.5      9.4      400.0 370.0 14:35:55.455065
     400.0      8.9      408.9 380.0 14:35:58.043802
     408.9      9.5      418.4 390.0 14:36:00.848428
     418.4     11.0      429.4 400.0 14:36:04.071373
     429.4     13.7      443.0 410.0 14:36:08.040991
     443.0     12.6      455.6 420.0 14:36:11.733808
     455.6     12.8      468.4 430.0 14:36:15.472624
     468.4     18.2      486.7 440.0 14:36:20.850070
     486.7     17.8      504.4 450.0 14:36:26.058696
     504.4     12.8      517.2 460.0 14:36:29.842055
     517.2     13.1      530.4 470.0 14:36:33.664244
     530.4     13.6      544.0 480.0 14:36:37.782196
     544.0     18.8      562.7 490.0 14:36:43.426900
     562.7     13.7      576.5 500.0 14:36:47.571034
     576.5     14.7      591.2 510.0 14:36:51.967263
     591.2     14.8      606.0 520.0 14:36:56.316069
     606.0     17.6      623.6 530.0 14:37:01.754440
     623.6     14.1      637.7 540.0 14:37:06.137327
     637.7     15.4      653.1 550.0 14:37:10.740746
     653.1     16.2      669.3 560.0 14:37:15.611675
     669.3     15.7      685.1 570.0 14:37:20.275827
     685.1     15.1      700.2 580.0 14:37:24.793826
     700.2     15.9      716.0 590.0 14:37:29.558253
     716.0     15.0      731.0 600.0 14:37:34.024042
     731.0     12.6      743.5 610.0 14:37:37.844664
     743.5     13.2      756.8 620.0 14:37:41.821438
     756.8     12.9      769.7 630.0 14:37:45.662128
     769.7     13.2      782.9 640.0 14:37:49.613656
     782.9     12.4      795.4 650.0 14:37:53.278712
     795.4     12.6      807.9 660.0 14:37:57.061921
     807.9     13.6      821.6 670.0 14:38:01.158884
     821.6     13.0      834.6 680.0 14:38:05.028678
     834.6     12.7      847.3 690.0 14:38:08.817626
     847.3     12.5      859.8 700.0 14:38:12.582806
     859.8     13.8      873.6 710.0 14:38:16.666045
     873.6     12.5      886.2 720.0 14:38:20.414168
     886.2     13.4      899.6 730.0 14:38:24.411334
     899.6     12.8      912.4 740.0 14:38:28.277803
     912.4     13.7      926.1 750.0 14:38:32.379837
     926.1     12.9      939.0 760.0 14:38:36.223912
     939.0     13.6      952.6 770.0 14:38:40.320109
     952.6     13.0      965.6 780.0 14:38:44.172432
     965.6     13.8      979.3 790.0 14:38:48.412024
     979.3     13.2      992.5 800.0 14:38:52.386898
     992.5     13.4     1005.9 810.0 14:38:56.394804
    1005.9     13.4     1019.4 820.0 14:39:00.413772
    1019.4     13.7     1033.0 830.0 14:39:04.476984
    1033.0     13.7     1046.7 840.0 14:39:08.653508
    1046.7     13.4     1060.1 850.0 14:39:12.632461
    1060.1     13.5     1073.6 860.0 14:39:17.116545
    1073.6     14.3     1087.9 870.0 14:39:22.192530
    1087.9     14.0     1101.9 880.0 14:39:28.737109
    1101.9     13.8     1115.7 890.0 14:39:33.079605
    1115.7     14.0     1129.7 900.0 14:39:38.621365
    1129.7     14.0     1143.6 910.0 14:39:43.392443
    1143.6     13.8     1157.5 920.0 14:39:48.068356
    1157.5     14.0     1171.5 930.0 14:39:53.414614
    1171.5     14.0     1185.5 940.0 14:39:57.609451
    1185.5     13.9     1199.3 950.0 14:40:01.664427
    1199.3     14.0     1213.3 960.0 14:40:05.804230
    1213.3     14.3     1227.7 970.0 14:40:11.220438
    1227.7     10.2     1237.8 980.0 14:40:15.006239
    1237.8      9.5     1247.3 990.0 14:40:18.442661
