       0.0    379.7      379.7  0.0 16:32:26.355163
     379.7    366.9      746.6 10.0 16:33:12.230855
     746.6    414.3     1160.9 20.0 16:34:04.034832
    1160.9    594.5     1755.5 30.0 16:35:18.367361
    1755.5    588.1     2343.6 40.0 16:36:31.905017
    2343.6    589.6     2933.2 50.0 16:37:45.770188
    2933.2    587.5     3520.8 60.0 16:38:59.264641
    3520.8    578.4     4099.2 70.0 16:40:11.614761
    4099.2    576.1     4675.2 80.0 16:41:23.671220
    4675.2    577.1     5252.3 90.0 16:42:35.852943
    5252.3    587.5     5839.8 100.0 16:43:49.333974
    5839.8    579.3     6419.1 110.0 16:45:01.804729
    6419.1    578.5     6997.6 120.0 16:46:14.179999
    6997.6    585.5     7583.2 130.0 16:47:27.425233
    7583.2    581.7     8164.8 140.0 16:48:40.189313
    8164.8    578.5     8743.3 150.0 16:49:52.551300
    8743.3    580.3     9323.6 160.0 16:51:05.137636
    9323.6    586.8     9910.4 170.0 16:52:18.541987
    9910.4    577.3    10487.7 180.0 16:53:30.774991
   10487.7    579.5    11067.2 190.0 16:54:43.264151
   11067.2    579.9    11647.1 200.0 16:55:55.808816
   11647.1    491.4    12138.6 210.0 16:56:57.278627
   12138.6    386.4    12524.9 220.0 16:57:45.607010
   12524.9    386.1    12911.0 230.0 16:58:33.910807
   12911.0    386.0    13297.0 240.0 16:59:22.201849
   13297.0    385.8    13682.8 250.0 17:00:10.459052
   13682.8    386.0    14068.8 260.0 17:00:58.736251
   14068.8    386.3    14455.1 270.0 17:01:47.059967
   14455.1    386.2    14841.3 280.0 17:02:35.378148
   14841.3    385.9    15227.2 290.0 17:03:23.647537
   15227.2    386.2    15613.4 300.0 17:04:11.962095
   15613.4    386.0    15999.5 310.0 17:05:00.248751
   15999.5    385.9    16385.4 320.0 17:05:48.516430
   16385.4    386.6    16771.9 330.0 17:06:36.874441
   16771.9    390.7    17162.7 340.0 17:07:25.756467
   17162.7    414.8    17577.5 350.0 17:08:17.640357
   17577.5    522.3    18099.8 360.0 17:09:22.967921
   18099.8    584.3    18684.0 370.0 17:10:36.045460
   18684.0    585.0    19269.0 380.0 17:11:49.213679
   19269.0    587.3    19856.3 390.0 17:13:02.682404
   19856.3    587.9    20444.2 400.0 17:14:16.224936
   20444.2    583.8    21028.0 410.0 17:15:29.251786
   21028.0    587.7    21615.7 420.0 17:16:42.760046
   21615.7    590.2    22205.9 430.0 17:17:56.593138
   22205.9    586.0    22791.8 440.0 17:19:09.912986
   22791.8    587.5    23379.3 450.0 17:20:23.395686
   23379.3    589.3    23968.6 460.0 17:21:37.103695
   23968.6    586.7    24555.3 470.0 17:22:50.488619
   24555.3    588.6    25143.9 480.0 17:24:04.116696
   25143.9    586.9    25730.9 490.0 17:25:17.531067
   25730.9    586.5    26317.3 500.0 17:26:30.885071
   26317.3    590.6    26907.9 510.0 17:27:44.756063
   26907.9    586.9    27494.9 520.0 17:28:58.171113
   27494.9    584.6    28079.4 530.0 17:30:11.289965
   28079.4    591.1    28670.5 540.0 17:31:25.220508
   28670.5    587.6    29258.1 550.0 17:32:38.714858
   29258.1    584.5    29842.6 560.0 17:33:51.823776
   29842.6    590.4    30432.9 570.0 17:35:05.666085
   30432.9    587.6    31020.6 580.0 17:36:19.165881
   31020.6    585.8    31606.4 590.0 17:37:32.440289
   31606.4    590.5    32196.9 600.0 17:38:46.299346
   32196.9    586.2    32783.1 610.0 17:39:59.622090
   32783.1    588.1    33371.2 620.0 17:41:13.183259
   33371.2    590.5    33961.7 630.0 17:42:27.040091
   33961.7    585.9    34547.6 640.0 17:43:40.326043
   34547.6    588.2    35135.9 650.0 17:44:53.898760
   35135.9    589.3    35725.1 660.0 17:46:07.604113
   35725.1    585.7    36310.8 670.0 17:47:20.856531
   36310.8    589.0    36899.8 680.0 17:48:34.523551
   36899.8    587.6    37487.4 690.0 17:49:48.153690
   37487.4    585.5    38072.9 700.0 17:51:01.361977
   38072.9    590.6    38663.6 710.0 17:52:15.204569
   38663.6    589.0    39252.5 720.0 17:53:28.839445
   39252.5    584.5    39837.0 730.0 17:54:42.053648
   39837.0    590.7    40427.7 740.0 17:55:55.935479
   40427.7    588.3    41015.9 750.0 17:57:09.515218
   41015.9    586.0    41601.9 760.0 17:58:22.820874
   41601.9    589.8    42191.7 770.0 17:59:36.591866
   42191.7    587.7    42779.4 780.0 18:00:50.104574
   42779.4    585.7    43365.1 790.0 18:02:03.366864
   43365.1    589.9    43955.0 800.0 18:03:17.291377
   43955.0    585.6    44540.6 810.0 18:04:30.501493
   44540.6    586.9    45127.4 820.0 18:05:43.880265
   45127.4    592.9    45720.3 830.0 18:06:58.007189
   45720.3    586.6    46306.9 840.0 18:08:11.470521
   46306.9    586.4    46893.2 850.0 18:09:24.816677
   46893.2    591.1    47484.4 860.0 18:10:38.757121
   47484.4    587.0    48071.4 870.0 18:11:52.179900
   48071.4    588.3    48659.7 880.0 18:13:05.769254
   48659.7    588.4    49248.1 890.0 18:14:19.370642
   49248.1    586.3    49834.5 900.0 18:15:32.708300
   49834.5    590.3    50424.7 910.0 18:16:46.540392
   50424.7    587.7    51012.4 920.0 18:18:00.108268
   51012.4    584.5    51596.9 930.0 18:19:13.213875
   51596.9    590.8    52187.7 940.0 18:20:27.114544
   52187.7    588.2    52776.0 950.0 18:21:40.688996
   52776.0    583.8    53359.7 960.0 18:22:53.707058
   53359.7    589.3    53949.1 970.0 18:24:07.422603
   53949.1    588.0    54537.1 980.0 18:25:20.974337
   54537.1    585.0    55122.2 990.0 18:26:34.150816
