       0.0      0.6        0.6  0.0 00:54:06.337566
       0.6      0.3        0.9 10.0 00:54:06.671766
       0.9      0.3        1.2 20.0 00:54:06.990628
       1.2      0.3        1.6 30.0 00:54:07.317727
       1.6      0.3        1.9 40.0 00:54:07.620948
       1.9      0.3        2.2 50.0 00:54:07.948976
       2.2      0.3        2.5 60.0 00:54:08.252164
       2.5      0.3        2.8 70.0 00:54:08.578954
       2.8      0.3        3.1 80.0 00:54:08.881499
       3.1      0.3        3.4 90.0 00:54:09.230751
       3.4      0.3        3.7 100.0 00:54:09.537636
       3.7      0.3        4.0 110.0 00:54:09.862953
       4.0      0.3        4.3 120.0 00:54:10.165614
       4.3      0.3        4.7 130.0 00:54:10.492518
       4.7      0.3        5.0 140.0 00:54:10.800768
       5.0      0.4        5.3 150.0 00:54:11.173115
       5.3      0.3        5.6 160.0 00:54:11.472301
       5.6      0.3        6.0 170.0 00:54:11.825325
       6.0      0.3        6.3 180.0 00:54:12.129335
       6.3      0.3        6.6 190.0 00:54:12.455990
       6.6      0.3        6.9 200.0 00:54:12.774240
       6.9      0.3        7.2 210.0 00:54:13.118304
       7.2      0.3        7.5 220.0 00:54:13.421640
       7.5      0.3        7.9 230.0 00:54:13.771678
       7.9      0.3        8.2 240.0 00:54:14.087949
       8.2      0.3        8.5 250.0 00:54:14.415850
       8.5      0.3        8.8 260.0 00:54:14.723901
       8.8      0.3        9.1 270.0 00:54:15.070799
       9.1      0.3        9.4 280.0 00:54:15.412281
       9.4      0.3        9.8 290.0 00:54:15.786193
       9.8      0.3       10.1 300.0 00:54:16.113779
      10.1      0.3       10.4 310.0 00:54:16.537771
      10.4      0.3       10.7 320.0 00:54:16.843627
      10.7      0.3       11.0 330.0 00:54:17.200220
      11.0      0.3       11.3 340.0 00:54:17.506088
      11.3      0.3       11.7 350.0 00:54:17.834280
      11.7      0.3       12.0 360.0 00:54:18.136278
      12.0      0.3       12.3 370.0 00:54:18.460816
      12.3      0.3       12.6 380.0 00:54:18.787154
      12.6      0.3       12.9 390.0 00:54:19.116758
      12.9      0.3       13.2 400.0 00:54:19.420786
      13.2      0.3       13.6 410.0 00:54:19.751244
      13.6      0.3       13.9 420.0 00:54:20.060265
      13.9      0.3       14.2 430.0 00:54:20.389260
      14.2      0.3       14.5 440.0 00:54:20.690203
      14.5      0.3       14.8 450.0 00:54:21.013971
      14.8      0.3       15.1 460.0 00:54:21.317913
      15.1      0.3       15.4 470.0 00:54:21.643189
      15.4      0.3       15.7 480.0 00:54:21.942575
      15.7      0.3       16.0 490.0 00:54:22.268506
      16.0      0.3       16.3 500.0 00:54:22.570022
      16.3      0.3       16.7 510.0 00:54:22.898267
      16.7      0.3       16.9 520.0 00:54:23.201272
      16.9      0.3       17.3 530.0 00:54:23.526808
      17.3      0.3       17.6 540.0 00:54:23.826573
      17.6      0.3       17.9 550.0 00:54:24.152219
      17.9      0.3       18.2 560.0 00:54:24.482719
      18.2      0.3       18.5 570.0 00:54:24.809389
      18.5      0.3       18.8 580.0 00:54:25.116769
      18.8      0.3       19.2 590.0 00:54:25.445205
      19.2      0.3       19.5 600.0 00:54:25.753222
      19.5      0.3       19.8 610.0 00:54:26.078177
      19.8      0.3       20.1 620.0 00:54:26.397508
      20.1      0.3       20.4 630.0 00:54:26.741540
      20.4      0.3       20.7 640.0 00:54:27.057227
      20.7      0.3       21.1 650.0 00:54:27.394750
      21.1      0.3       21.4 660.0 00:54:27.698420
      21.4      0.3       21.7 670.0 00:54:28.021971
      21.7      0.3       22.0 680.0 00:54:28.324641
      22.0      0.3       22.3 690.0 00:54:28.649580
      22.3      0.3       22.6 700.0 00:54:28.949191
      22.6      0.3       22.9 710.0 00:54:29.276569
      22.9      0.3       23.2 720.0 00:54:29.577074
      23.2      0.3       23.5 730.0 00:54:29.902923
      23.5      0.3       23.8 740.0 00:54:30.206906
      23.8      0.3       24.2 750.0 00:54:30.531005
      24.2      0.3       24.5 760.0 00:54:30.833610
      24.5      0.3       24.8 770.0 00:54:31.162369
      24.8      0.3       25.1 780.0 00:54:31.462984
      25.1      0.3       25.4 790.0 00:54:31.787714
      25.4      0.3       25.7 800.0 00:54:32.099571
      25.7      0.3       26.0 810.0 00:54:32.426753
      26.0      0.3       26.3 820.0 00:54:32.735306
      26.3      0.3       26.7 830.0 00:54:33.072191
      26.7      0.3       27.0 840.0 00:54:33.375259
      27.0      0.3       27.3 850.0 00:54:33.701798
      27.3      0.3       27.6 860.0 00:54:34.004550
      27.6      0.3       27.9 870.0 00:54:34.333243
      27.9      0.3       28.2 880.0 00:54:34.637373
      28.2      0.3       28.5 890.0 00:54:34.963746
      28.5      0.3       28.8 900.0 00:54:35.266428
      28.8      0.3       29.2 910.0 00:54:35.599729
      29.2      0.3       29.4 920.0 00:54:35.900611
      29.4      0.3       29.8 930.0 00:54:36.228662
      29.8      0.3       30.1 940.0 00:54:36.528973
      30.1      0.3       30.4 950.0 00:54:36.864231
      30.4      0.3       30.7 960.0 00:54:37.165976
      30.7      0.3       31.0 970.0 00:54:37.499374
      31.0      0.3       31.3 980.0 00:54:37.802392
      31.3      0.3       31.6 990.0 00:54:38.131396
