Name: Striatum [D2], Title: Raster plot from device '20329', Hist: False
 17.9 :    2 : [2829, 2847]
 18.0 :    3 : [2821, 2850, 2900]
 18.1 :    6 : [2832, 2848, 2882, 2894, 2895, 2901]
 18.2 :   20 : [2834, 2838, 2852, 2864, 2865, 2871, 2874, 2878, 2880, 2884, 2885, 2888, 2890, 2892, 2898, 2902, 2903, 2913, 2914, 2917]
 18.3 :   14 : [2822, 2827, 2828, 2831, 2836, 2837, 2843, 2863, 2867, 2870, 2876, 2879, 2909, 2915]
 18.4 :   14 : [2819, 2824, 2841, 2845, 2860, 2868, 2873, 2877, 2883, 2887, 2889, 2899, 2910, 2911]
 18.5 :   17 : [2818, 2825, 2833, 2846, 2854, 2861, 2866, 2872, 2875, 2881, 2891, 2897, 2904, 2906, 2908, 2912, 2916]
 18.6 :   12 : [2820, 2823, 2835, 2839, 2840, 2842, 2857, 2858, 2859, 2886, 2896, 2907]
 18.7 :    6 : [2826, 2849, 2853, 2856, 2869, 2893]
 18.8 :    5 : [2830, 2844, 2855, 2862, 2905]
 19.0 :    1 : [2851]
 20.6 :    1 : [2900]
 20.8 :    2 : [2821, 2847]
 20.9 :    2 : [2838, 2871]
 21.0 :   13 : [2829, 2832, 2834, 2850, 2864, 2865, 2880, 2890, 2895, 2902, 2903, 2914, 2917]
 21.1 :   13 : [2828, 2848, 2852, 2874, 2878, 2882, 2885, 2891, 2892, 2894, 2901, 2908, 2913]
 21.2 :   16 : [2825, 2843, 2854, 2867, 2870, 2872, 2875, 2883, 2888, 2897, 2898, 2899, 2904, 2909, 2915, 2916]
 21.3 :   25 : [2818, 2819, 2822, 2824, 2827, 2831, 2833, 2836, 2837, 2841, 2846, 2860, 2861, 2866, 2868, 2869, 2877, 2879, 2881, 2884, 2887, 2889, 2910, 2911, 2912]
 21.4 :   11 : [2823, 2845, 2849, 2857, 2859, 2863, 2873, 2876, 2886, 2893, 2906]
 21.5 :   11 : [2820, 2826, 2835, 2839, 2840, 2842, 2853, 2856, 2858, 2896, 2907]
 21.6 :    3 : [2830, 2855, 2905]
 21.7 :    2 : [2844, 2862]
 21.8 :    1 : [2851]
 22.8 :    1 : [2900]
 23.0 :    2 : [2821, 2847]
 23.1 :    2 : [2838, 2871]
 23.2 :   13 : [2829, 2832, 2834, 2850, 2864, 2865, 2880, 2890, 2895, 2902, 2903, 2914, 2917]
 23.3 :   13 : [2828, 2848, 2852, 2874, 2878, 2882, 2885, 2891, 2892, 2894, 2901, 2908, 2913]
 23.4 :   16 : [2825, 2843, 2854, 2867, 2870, 2872, 2875, 2883, 2888, 2897, 2898, 2899, 2904, 2909, 2915, 2916]
 23.5 :   25 : [2818, 2819, 2822, 2824, 2827, 2831, 2833, 2836, 2837, 2841, 2846, 2860, 2861, 2866, 2868, 2869, 2877, 2879, 2881, 2884, 2887, 2889, 2910, 2911, 2912]
 23.6 :   11 : [2823, 2845, 2849, 2857, 2859, 2863, 2873, 2876, 2886, 2893, 2906]
 23.7 :   11 : [2820, 2826, 2835, 2839, 2840, 2842, 2853, 2856, 2858, 2896, 2907]
 23.8 :    3 : [2830, 2855, 2905]
 23.9 :    2 : [2844, 2862]
 24.0 :    1 : [2851]
 25.3 :    1 : [2900]
 25.5 :    2 : [2821, 2847]
 25.7 :    9 : [2829, 2832, 2850, 2871, 2895, 2902, 2903, 2914, 2917]
 25.8 :   10 : [2828, 2834, 2838, 2848, 2864, 2874, 2882, 2885, 2890, 2894]
 25.9 :   17 : [2827, 2852, 2854, 2865, 2867, 2868, 2870, 2878, 2880, 2888, 2892, 2898, 2901, 2908, 2909, 2913, 2915]
 26.0 :   31 : [2818, 2819, 2822, 2824, 2825, 2831, 2833, 2836, 2837, 2841, 2843, 2846, 2860, 2861, 2866, 2872, 2875, 2877, 2879, 2881, 2883, 2884, 2887, 2889, 2891, 2897, 2899, 2904, 2910, 2912, 2916]
 26.1 :   11 : [2823, 2840, 2849, 2857, 2859, 2863, 2869, 2873, 2876, 2906, 2911]
 26.2 :   11 : [2820, 2826, 2835, 2839, 2842, 2845, 2853, 2856, 2858, 2886, 2896]
 26.3 :    4 : [2830, 2893, 2905, 2907]
 26.4 :    1 : [2855]
 26.5 :    1 : [2862]
 26.6 :    2 : [2844, 2851]
 43.5 :    2 : [2880, 2900]
 43.6 :    3 : [2832, 2895, 2913]
 43.7 :    1 : [2829]
 43.8 :    5 : [2847, 2850, 2879, 2894, 2910]
 43.9 :   10 : [2825, 2841, 2848, 2860, 2865, 2868, 2871, 2872, 2890, 2912]
 44.0 :    7 : [2824, 2831, 2837, 2845, 2857, 2864, 2897]
 44.1 :   20 : [2822, 2827, 2836, 2843, 2852, 2861, 2867, 2869, 2873, 2875, 2877, 2882, 2883, 2884, 2889, 2891, 2901, 2903, 2914, 2915]
 44.2 :    6 : [2828, 2844, 2846, 2878, 2902, 2909]
 44.3 :   16 : [2818, 2821, 2834, 2839, 2853, 2856, 2859, 2874, 2876, 2886, 2892, 2898, 2899, 2905, 2906, 2907]
 44.4 :   11 : [2823, 2830, 2835, 2840, 2854, 2866, 2885, 2893, 2904, 2911, 2917]
 44.5 :    7 : [2833, 2855, 2858, 2863, 2881, 2888, 2908]
 44.6 :    4 : [2842, 2849, 2887, 2896]
 44.7 :    2 : [2862, 2916]
 44.8 :    1 : [2819]
 44.9 :    1 : [2826]
 45.0 :    1 : [2838]
 45.1 :    2 : [2820, 2870]
 45.3 :    1 : [2851]
 46.0 :    1 : [2900]
 46.1 :    2 : [2829, 2880]
 46.2 :    2 : [2832, 2913]
 46.3 :    1 : [2895]
 46.4 :    3 : [2850, 2860, 2912]
 46.5 :    6 : [2845, 2848, 2865, 2868, 2872, 2890]
 46.6 :   14 : [2825, 2831, 2841, 2852, 2857, 2861, 2864, 2871, 2882, 2883, 2884, 2891, 2894, 2897]
 46.7 :   14 : [2822, 2824, 2828, 2836, 2837, 2844, 2873, 2875, 2877, 2878, 2901, 2909, 2914, 2915]
 46.8 :    6 : [2843, 2846, 2847, 2889, 2902, 2910]
 46.9 :    3 : [2827, 2867, 2903]
 47.0 :    5 : [2821, 2869, 2906, 2908, 2917]
 47.1 :   12 : [2833, 2849, 2854, 2855, 2858, 2863, 2866, 2881, 2885, 2888, 2907, 2911]
 47.2 :   10 : [2818, 2823, 2834, 2835, 2839, 2842, 2853, 2879, 2899, 2904]
 47.3 :    3 : [2840, 2859, 2898]
 47.4 :    3 : [2826, 2874, 2892]
 47.5 :    3 : [2830, 2893, 2896]
 47.6 :    2 : [2862, 2876]
 47.7 :    1 : [2916]
 47.8 :    3 : [2820, 2887, 2905]
 47.9 :    1 : [2838]
 48.0 :    1 : [2870]
 48.2 :    2 : [2819, 2851]
 52.9 :    1 : [2856]
 53.0 :    1 : [2886]
 55.3 :    1 : [2856]
 55.5 :    1 : [2886]
 61.5 :    1 : [2829]
 61.6 :    5 : [2832, 2847, 2890, 2894, 2900]
 61.7 :   10 : [2821, 2841, 2848, 2850, 2861, 2867, 2872, 2880, 2914, 2915]
 61.8 :   18 : [2822, 2828, 2831, 2837, 2845, 2846, 2864, 2868, 2871, 2882, 2883, 2889, 2891, 2895, 2898, 2903, 2910, 2913]
 61.9 :   10 : [2825, 2852, 2854, 2860, 2863, 2865, 2877, 2878, 2892, 2917]
 62.0 :   18 : [2818, 2823, 2824, 2827, 2835, 2836, 2839, 2843, 2844, 2859, 2873, 2879, 2884, 2885, 2901, 2908, 2909, 2912]
 62.1 :   12 : [2833, 2834, 2840, 2853, 2858, 2869, 2875, 2881, 2888, 2897, 2899, 2902]
 62.2 :    8 : [2830, 2849, 2855, 2874, 2876, 2893, 2904, 2911]
 62.3 :    2 : [2866, 2907]
 62.4 :    4 : [2838, 2842, 2887, 2906]
 62.5 :    6 : [2819, 2857, 2862, 2896, 2905, 2916]
 62.6 :    2 : [2820, 2870]
 62.7 :    1 : [2826]
 62.8 :    1 : [2851]
 64.0 :    2 : [2829, 2847]
 64.1 :    3 : [2832, 2890, 2900]
 64.2 :    7 : [2821, 2841, 2848, 2850, 2861, 2880, 2894]
 64.3 :    5 : [2845, 2872, 2891, 2895, 2915]
 64.4 :   16 : [2822, 2831, 2843, 2846, 2852, 2863, 2867, 2878, 2879, 2883, 2889, 2898, 2903, 2910, 2914, 2917]
 64.5 :   14 : [2818, 2825, 2827, 2835, 2854, 2859, 2865, 2873, 2885, 2892, 2899, 2901, 2908, 2913]
 64.6 :   15 : [2824, 2834, 2836, 2839, 2844, 2853, 2860, 2864, 2871, 2875, 2877, 2884, 2888, 2902, 2912]
 64.7 :    8 : [2833, 2849, 2874, 2881, 2882, 2897, 2904, 2909]
 64.8 :    1 : [2911]
 64.9 :    8 : [2823, 2838, 2855, 2858, 2869, 2876, 2887, 2907]
 65.0 :    9 : [2819, 2830, 2837, 2842, 2868, 2896, 2905, 2906, 2916]
 65.1 :    2 : [2840, 2857]
 65.2 :    3 : [2826, 2862, 2893]
 65.3 :    2 : [2820, 2870]
 65.4 :    2 : [2851, 2866]
 71.2 :    1 : [2828]
 71.5 :    1 : [2856]
 71.6 :    1 : [2886]
 73.7 :    1 : [2828]
 74.0 :    1 : [2886]
 74.3 :    1 : [2856]
 79.4 :    1 : [2832]
 79.5 :    1 : [2829]
 79.6 :    2 : [2890, 2900]
 79.7 :    4 : [2847, 2848, 2880, 2882]
 79.8 :    5 : [2850, 2852, 2865, 2895, 2915]
 79.9 :   10 : [2821, 2841, 2843, 2845, 2878, 2883, 2901, 2903, 2913, 2914]
 80.0 :   12 : [2822, 2825, 2831, 2846, 2861, 2867, 2872, 2884, 2885, 2894, 2897, 2912]
 80.1 :   15 : [2818, 2839, 2854, 2860, 2863, 2871, 2873, 2875, 2889, 2898, 2899, 2902, 2908, 2909, 2910]
 80.2 :   10 : [2824, 2827, 2834, 2877, 2879, 2888, 2891, 2892, 2904, 2917]
 80.3 :    7 : [2823, 2833, 2835, 2836, 2837, 2859, 2874]
 80.4 :   10 : [2840, 2844, 2849, 2853, 2864, 2866, 2868, 2881, 2887, 2911]
 80.5 :    7 : [2819, 2855, 2857, 2869, 2876, 2906, 2916]
 80.6 :    5 : [2838, 2862, 2893, 2896, 2907]
 80.7 :    5 : [2820, 2830, 2858, 2870, 2905]
 80.8 :    1 : [2842]
 80.9 :    1 : [2826]
 81.1 :    1 : [2851]
 81.9 :    1 : [2832]
 82.0 :    1 : [2890]
 82.1 :    2 : [2880, 2900]
 82.2 :    3 : [2847, 2848, 2882]
 82.3 :    2 : [2845, 2901]
 82.4 :    6 : [2841, 2878, 2883, 2903, 2913, 2914]
 82.5 :    3 : [2821, 2884, 2915]
 82.6 :   16 : [2818, 2824, 2825, 2829, 2831, 2834, 2843, 2850, 2860, 2865, 2871, 2895, 2898, 2908, 2910, 2917]
 82.7 :   12 : [2827, 2852, 2861, 2863, 2873, 2875, 2879, 2889, 2891, 2892, 2894, 2909]
 82.8 :    8 : [2839, 2854, 2867, 2872, 2877, 2899, 2902, 2912]
 82.9 :    6 : [2866, 2881, 2885, 2887, 2888, 2904]
 83.0 :    7 : [2822, 2833, 2844, 2849, 2859, 2864, 2874]
 83.1 :    6 : [2840, 2846, 2853, 2858, 2907, 2911]
 83.2 :    8 : [2820, 2830, 2835, 2837, 2868, 2870, 2896, 2905]
 83.3 :    3 : [2862, 2893, 2897]
 83.4 :    3 : [2838, 2857, 2876]
 83.5 :    1 : [2836]
 83.6 :    1 : [2819]
 83.7 :    1 : [2826]
 83.8 :    2 : [2851, 2855]
 84.0 :    1 : [2842]
 84.1 :    1 : [2823]
 84.4 :    1 : [2869]
 84.7 :    1 : [2906]
 89.9 :    1 : [2886]
 90.0 :    1 : [2828]
 90.1 :    1 : [2916]
 90.2 :    1 : [2856]
 92.3 :    1 : [2886]
 92.5 :    1 : [2916]
 92.6 :    1 : [2856]
 92.8 :    1 : [2828]
 97.7 :    2 : [2832, 2890]
 97.8 :    1 : [2882]
 97.9 :    3 : [2847, 2848, 2900]
 98.0 :    3 : [2829, 2880, 2895]
 98.1 :    8 : [2821, 2841, 2845, 2865, 2878, 2901, 2914, 2915]
 98.2 :   10 : [2831, 2839, 2846, 2850, 2861, 2892, 2894, 2898, 2903, 2913]
 98.3 :   11 : [2825, 2827, 2834, 2843, 2860, 2867, 2883, 2884, 2902, 2908, 2917]
 98.4 :    5 : [2822, 2852, 2889, 2891, 2904]
 98.5 :   13 : [2818, 2824, 2837, 2840, 2863, 2871, 2872, 2873, 2877, 2885, 2897, 2909, 2912]
 98.6 :    8 : [2853, 2854, 2859, 2866, 2875, 2879, 2899, 2911]
 98.7 :    9 : [2830, 2835, 2844, 2849, 2858, 2864, 2874, 2887, 2910]
 98.8 :    5 : [2833, 2836, 2857, 2881, 2888]
 98.9 :    4 : [2868, 2893, 2905, 2907]
 99.0 :    7 : [2819, 2820, 2823, 2838, 2862, 2870, 2876]
 99.1 :    1 : [2855]
 99.2 :    3 : [2826, 2842, 2896]
 99.3 :    1 : [2906]
 99.4 :    1 : [2869]
 99.5 :    1 : [2851]
100.1 :    1 : [2832]
100.2 :    1 : [2890]
100.3 :    2 : [2882, 2900]
100.4 :    2 : [2847, 2880]
100.5 :    2 : [2848, 2901]
100.6 :    6 : [2821, 2845, 2865, 2895, 2914, 2915]
100.7 :    7 : [2829, 2839, 2841, 2861, 2878, 2898, 2913]
100.8 :    8 : [2831, 2850, 2852, 2889, 2892, 2894, 2903, 2904]
100.9 :    5 : [2822, 2825, 2846, 2909, 2917]
101.0 :    6 : [2863, 2871, 2875, 2883, 2891, 2899]
101.1 :   18 : [2818, 2827, 2835, 2837, 2844, 2853, 2854, 2859, 2864, 2866, 2873, 2877, 2879, 2884, 2885, 2887, 2911, 2912]
101.2 :    4 : [2824, 2849, 2858, 2872]
101.3 :    9 : [2830, 2834, 2836, 2840, 2860, 2867, 2874, 2888, 2897]
101.4 :    7 : [2843, 2881, 2893, 2902, 2907, 2908, 2910]
101.5 :    4 : [2833, 2855, 2868, 2905]
101.6 :    5 : [2819, 2820, 2823, 2838, 2870]
101.7 :    4 : [2842, 2857, 2862, 2896]
101.8 :    2 : [2826, 2906]
101.9 :    1 : [2869]
102.0 :    1 : [2876]
102.3 :    1 : [2851]
107.9 :    1 : [2886]
108.1 :    1 : [2828]
108.2 :    1 : [2856]
108.7 :    1 : [2916]
110.4 :    1 : [2886]
110.6 :    2 : [2828, 2856]
111.1 :    1 : [2916]
116.0 :    1 : [2890]
116.2 :    2 : [2832, 2900]
116.4 :    2 : [2829, 2880]
116.5 :    5 : [2850, 2865, 2878, 2882, 2901]
116.6 :    1 : [2895]
116.7 :    5 : [2821, 2831, 2861, 2898, 2917]
116.8 :   10 : [2847, 2848, 2852, 2877, 2889, 2894, 2909, 2913, 2914, 2915]
116.9 :    8 : [2822, 2825, 2839, 2841, 2845, 2883, 2888, 2904]
117.0 :    7 : [2827, 2837, 2846, 2863, 2871, 2891, 2902]
117.1 :   12 : [2818, 2824, 2840, 2854, 2872, 2875, 2884, 2892, 2899, 2903, 2910, 2912]
117.2 :    7 : [2834, 2835, 2858, 2867, 2873, 2885, 2908]
117.3 :   14 : [2833, 2843, 2849, 2853, 2860, 2864, 2868, 2879, 2881, 2887, 2893, 2896, 2897, 2911]
117.4 :    8 : [2820, 2836, 2844, 2859, 2874, 2876, 2905, 2906]
117.5 :    8 : [2819, 2826, 2842, 2855, 2857, 2862, 2866, 2870]
117.6 :    2 : [2823, 2830]
117.7 :    3 : [2851, 2869, 2907]
117.8 :    1 : [2838]
118.6 :    1 : [2832]
118.7 :    2 : [2890, 2900]
118.9 :    1 : [2829]
119.1 :    6 : [2821, 2831, 2861, 2895, 2898, 2917]
119.3 :    3 : [2825, 2839, 2913]
119.4 :   14 : [2822, 2841, 2845, 2848, 2850, 2852, 2865, 2880, 2888, 2889, 2894, 2903, 2904, 2914]
119.5 :   15 : [2818, 2824, 2827, 2840, 2846, 2872, 2875, 2878, 2883, 2884, 2892, 2899, 2902, 2910, 2912]
119.6 :    6 : [2835, 2837, 2847, 2854, 2877, 2901]
119.7 :   10 : [2834, 2858, 2867, 2871, 2873, 2885, 2887, 2891, 2908, 2909]
119.8 :    8 : [2820, 2836, 2849, 2853, 2859, 2863, 2882, 2905]
119.9 :   10 : [2843, 2844, 2860, 2864, 2868, 2874, 2876, 2879, 2881, 2906]
120.0 :    9 : [2823, 2830, 2833, 2855, 2857, 2862, 2893, 2896, 2897]
120.1 :    4 : [2819, 2826, 2866, 2907]
120.2 :    3 : [2851, 2869, 2870]
120.3 :    4 : [2838, 2842, 2911, 2915]
125.9 :    1 : [2886]
126.2 :    1 : [2856]
126.5 :    1 : [2828]
126.7 :    1 : [2916]
128.4 :    1 : [2886]
128.7 :    1 : [2856]
129.3 :    1 : [2828]
129.4 :    1 : [2916]
134.0 :    1 : [2890]
134.1 :    1 : [2832]
134.3 :    2 : [2829, 2900]
134.4 :    2 : [2839, 2917]
134.5 :    3 : [2821, 2895, 2898]
134.6 :    3 : [2831, 2845, 2903]
134.7 :    6 : [2850, 2878, 2880, 2884, 2889, 2913]
134.8 :    8 : [2825, 2847, 2848, 2861, 2865, 2883, 2892, 2901]
134.9 :   14 : [2818, 2824, 2840, 2841, 2852, 2872, 2877, 2882, 2894, 2899, 2902, 2904, 2909, 2914]
135.0 :    7 : [2822, 2834, 2846, 2867, 2875, 2910, 2915]
135.1 :   11 : [2827, 2835, 2837, 2849, 2871, 2879, 2881, 2885, 2891, 2908, 2912]
135.2 :    7 : [2830, 2853, 2854, 2858, 2863, 2888, 2905]
135.3 :   12 : [2820, 2836, 2843, 2844, 2860, 2864, 2866, 2873, 2874, 2876, 2887, 2911]
135.4 :    5 : [2819, 2838, 2855, 2870, 2893]
135.5 :    7 : [2833, 2857, 2859, 2862, 2869, 2897, 2907]
135.6 :    2 : [2868, 2896]
135.7 :    2 : [2823, 2826]
135.9 :    1 : [2842]
136.0 :    1 : [2906]
136.3 :    1 : [2851]
136.4 :    1 : [2890]
136.5 :    1 : [2832]
136.8 :    1 : [2829]
136.9 :    4 : [2839, 2898, 2900, 2917]
137.0 :    3 : [2821, 2895, 2903]
137.1 :    1 : [2831]
137.2 :    6 : [2848, 2878, 2883, 2889, 2892, 2901]
137.3 :   12 : [2818, 2825, 2845, 2861, 2865, 2880, 2884, 2894, 2899, 2902, 2913, 2914]
137.4 :   13 : [2824, 2834, 2840, 2841, 2846, 2847, 2852, 2872, 2877, 2882, 2904, 2909, 2915]
137.5 :    5 : [2822, 2827, 2835, 2850, 2875]
137.6 :    5 : [2837, 2867, 2871, 2891, 2912]
137.7 :    4 : [2876, 2881, 2885, 2910]
137.8 :   14 : [2820, 2830, 2836, 2844, 2849, 2854, 2858, 2860, 2863, 2864, 2866, 2879, 2908, 2911]
137.9 :    9 : [2819, 2838, 2843, 2855, 2870, 2873, 2887, 2888, 2905]
138.0 :    6 : [2853, 2859, 2862, 2869, 2893, 2907]
138.1 :    2 : [2833, 2874]
138.2 :    2 : [2868, 2897]
138.3 :    2 : [2842, 2857]
138.4 :    3 : [2823, 2826, 2906]
138.7 :    1 : [2896]
138.8 :    1 : [2851]
144.0 :    1 : [2886]
144.2 :    1 : [2856]
144.6 :    1 : [2828]
145.1 :    1 : [2916]
146.4 :    1 : [2886]
146.6 :    1 : [2856]
147.6 :    1 : [2828]
148.1 :    1 : [2916]
152.1 :    1 : [2890]
152.5 :    1 : [2832]
152.7 :    2 : [2829, 2898]
152.9 :    1 : [2831]
153.0 :    2 : [2901, 2903]
153.1 :    6 : [2878, 2880, 2900, 2913, 2914, 2917]
153.2 :    6 : [2839, 2845, 2865, 2882, 2894, 2895]
153.3 :   11 : [2825, 2841, 2846, 2848, 2852, 2861, 2884, 2892, 2899, 2909, 2915]
153.4 :   11 : [2818, 2821, 2824, 2827, 2834, 2847, 2850, 2885, 2891, 2904, 2912]
153.5 :   11 : [2822, 2840, 2854, 2863, 2872, 2875, 2877, 2883, 2889, 2902, 2908]
153.6 :    6 : [2835, 2836, 2837, 2849, 2871, 2888]
153.7 :    5 : [2858, 2860, 2873, 2879, 2905]
153.8 :   14 : [2830, 2833, 2844, 2855, 2859, 2864, 2866, 2867, 2876, 2881, 2887, 2907, 2910, 2911]
153.9 :    9 : [2819, 2820, 2843, 2862, 2868, 2869, 2874, 2893, 2897]
154.0 :    3 : [2823, 2838, 2853]
154.1 :    5 : [2842, 2857, 2870, 2896, 2906]
154.4 :    2 : [2826, 2851]
154.5 :    1 : [2890]
155.0 :    1 : [2832]
155.1 :    1 : [2829]
155.3 :    1 : [2898]
155.4 :    1 : [2831]
155.6 :    7 : [2839, 2865, 2880, 2894, 2901, 2903, 2913]
155.7 :    7 : [2845, 2861, 2882, 2895, 2909, 2914, 2915]
155.8 :   13 : [2821, 2834, 2841, 2847, 2848, 2850, 2852, 2892, 2899, 2902, 2904, 2912, 2917]
155.9 :   11 : [2818, 2822, 2825, 2827, 2846, 2872, 2877, 2878, 2883, 2885, 2889]
156.0 :    9 : [2824, 2840, 2854, 2863, 2875, 2884, 2891, 2900, 2908]
156.1 :    7 : [2835, 2837, 2858, 2860, 2873, 2888, 2905]
156.2 :   12 : [2830, 2833, 2844, 2849, 2859, 2864, 2866, 2867, 2871, 2879, 2887, 2911]
156.3 :   13 : [2819, 2820, 2836, 2855, 2862, 2868, 2869, 2874, 2876, 2893, 2897, 2907, 2910]
156.4 :    4 : [2823, 2838, 2843, 2881]
156.5 :    1 : [2853]
156.6 :    1 : [2857]
156.7 :    5 : [2826, 2842, 2870, 2896, 2906]
156.8 :    1 : [2851]
162.2 :    1 : [2886]
162.5 :    1 : [2856]
163.1 :    1 : [2828]
163.3 :    1 : [2916]
164.6 :    1 : [2886]
165.2 :    1 : [2856]
165.7 :    1 : [2828]
165.8 :    1 : [2916]
170.3 :    1 : [2890]
170.7 :    2 : [2829, 2832]
171.1 :    2 : [2831, 2895]
171.2 :    4 : [2880, 2894, 2898, 2903]
171.3 :    8 : [2839, 2845, 2850, 2861, 2884, 2900, 2913, 2914]
171.4 :    9 : [2821, 2848, 2878, 2889, 2892, 2899, 2901, 2909, 2917]
171.5 :    4 : [2834, 2847, 2882, 2902]
171.6 :    6 : [2841, 2852, 2865, 2872, 2875, 2891]
171.7 :   12 : [2818, 2822, 2824, 2840, 2846, 2860, 2871, 2877, 2885, 2904, 2912, 2915]
171.8 :   10 : [2825, 2827, 2830, 2835, 2837, 2873, 2879, 2883, 2887, 2908]
171.9 :   16 : [2819, 2836, 2849, 2854, 2864, 2866, 2867, 2868, 2869, 2874, 2888, 2893, 2897, 2905, 2907, 2911]
172.0 :    6 : [2838, 2843, 2858, 2862, 2863, 2910]
172.1 :    5 : [2820, 2833, 2844, 2859, 2870]
172.2 :    3 : [2855, 2876, 2896]
172.3 :    3 : [2823, 2853, 2881]
172.4 :    4 : [2826, 2842, 2857, 2906]
172.5 :    1 : [2851]
172.7 :    1 : [2890]
173.2 :    1 : [2832]
173.3 :    1 : [2829]
173.6 :    1 : [2898]
173.7 :    8 : [2839, 2861, 2880, 2884, 2894, 2900, 2903, 2913]
173.8 :    6 : [2821, 2845, 2848, 2850, 2892, 2909]
173.9 :    9 : [2831, 2847, 2878, 2889, 2895, 2899, 2901, 2902, 2917]
174.0 :    3 : [2834, 2882, 2914]
174.1 :    4 : [2818, 2865, 2877, 2885]
174.2 :    9 : [2822, 2835, 2841, 2852, 2872, 2875, 2891, 2907, 2915]
174.3 :   23 : [2824, 2825, 2827, 2836, 2837, 2840, 2849, 2854, 2864, 2866, 2867, 2869, 2873, 2874, 2879, 2883, 2887, 2888, 2893, 2897, 2904, 2905, 2912]
174.4 :    8 : [2830, 2838, 2846, 2860, 2868, 2871, 2908, 2911]
174.5 :    5 : [2819, 2843, 2858, 2862, 2910]
174.6 :    2 : [2855, 2863]
174.7 :    4 : [2820, 2844, 2859, 2876]
174.8 :    1 : [2881]
174.9 :    5 : [2823, 2833, 2853, 2870, 2896]
175.0 :    5 : [2826, 2842, 2851, 2857, 2906]
180.5 :    1 : [2886]
180.7 :    1 : [2856]
181.6 :    1 : [2828]
181.7 :    1 : [2916]
183.0 :    1 : [2886]
183.2 :    1 : [2856]
184.2 :    1 : [2916]
184.3 :    1 : [2828]
188.2 :    1 : [2890]
188.9 :    1 : [2832]
189.3 :    4 : [2829, 2831, 2898, 2900]
189.5 :    4 : [2839, 2861, 2878, 2913]
189.6 :    3 : [2848, 2895, 2903]
189.7 :   12 : [2821, 2845, 2847, 2880, 2884, 2889, 2892, 2899, 2901, 2902, 2914, 2917]
189.8 :   10 : [2824, 2827, 2841, 2850, 2865, 2877, 2882, 2894, 2909, 2912]
189.9 :   14 : [2818, 2834, 2840, 2852, 2854, 2864, 2869, 2883, 2885, 2888, 2897, 2904, 2905, 2910]
190.0 :   25 : [2819, 2825, 2830, 2835, 2836, 2837, 2844, 2846, 2849, 2858, 2860, 2863, 2866, 2867, 2871, 2874, 2875, 2876, 2879, 2881, 2887, 2891, 2907, 2908, 2915]
190.1 :    6 : [2822, 2838, 2855, 2859, 2872, 2911]
190.2 :    5 : [2820, 2833, 2862, 2868, 2873]
190.3 :    2 : [2893, 2896]
190.4 :    3 : [2823, 2843, 2853]
190.5 :    2 : [2842, 2870]
190.6 :    2 : [2826, 2906]
190.7 :    2 : [2851, 2857]
190.9 :    1 : [2890]
191.5 :    1 : [2832]
191.7 :    2 : [2831, 2898]
191.8 :    3 : [2829, 2861, 2900]
191.9 :    3 : [2839, 2878, 2913]
192.1 :    3 : [2884, 2889, 2917]
192.2 :    4 : [2894, 2895, 2899, 2901]
192.3 :   17 : [2821, 2824, 2827, 2841, 2845, 2847, 2865, 2877, 2880, 2882, 2883, 2885, 2892, 2902, 2905, 2909, 2914]
192.4 :   19 : [2818, 2819, 2825, 2834, 2837, 2840, 2846, 2849, 2850, 2852, 2854, 2864, 2874, 2875, 2903, 2904, 2907, 2910, 2912]
192.5 :   15 : [2830, 2835, 2844, 2848, 2863, 2867, 2868, 2869, 2871, 2879, 2887, 2888, 2891, 2908, 2915]
192.6 :   11 : [2820, 2833, 2836, 2855, 2858, 2860, 2862, 2873, 2876, 2881, 2897]
192.7 :    1 : [2872]
192.8 :    8 : [2822, 2823, 2838, 2843, 2866, 2893, 2896, 2911]
192.9 :    3 : [2842, 2853, 2870]
193.0 :    2 : [2826, 2859]
193.1 :    1 : [2857]
193.2 :    2 : [2851, 2906]
198.9 :    1 : [2886]
199.1 :    1 : [2856]
200.0 :    2 : [2828, 2916]
201.3 :    1 : [2886]
201.6 :    1 : [2856]
202.4 :    1 : [2916]
202.8 :    1 : [2828]
206.7 :    1 : [2890]
207.2 :    1 : [2832]
207.4 :    2 : [2831, 2898]
207.5 :    1 : [2829]
207.6 :    2 : [2861, 2900]
207.7 :    8 : [2821, 2839, 2845, 2878, 2895, 2909, 2913, 2917]
207.8 :    5 : [2875, 2882, 2884, 2889, 2901]
207.9 :   15 : [2834, 2837, 2846, 2847, 2848, 2864, 2865, 2880, 2883, 2894, 2899, 2902, 2903, 2905, 2914]
208.0 :   10 : [2818, 2825, 2827, 2840, 2841, 2850, 2867, 2885, 2904, 2915]
208.1 :   11 : [2819, 2824, 2836, 2852, 2868, 2869, 2891, 2892, 2907, 2908, 2912]
208.2 :    9 : [2822, 2830, 2833, 2835, 2860, 2862, 2873, 2874, 2887]
208.3 :   13 : [2844, 2849, 2854, 2855, 2871, 2872, 2877, 2879, 2888, 2893, 2897, 2910, 2911]
208.4 :    4 : [2820, 2858, 2863, 2866]
208.5 :    1 : [2843]
208.6 :    4 : [2838, 2859, 2876, 2881]
208.7 :    2 : [2823, 2870]
208.8 :    5 : [2826, 2853, 2857, 2896, 2906]
208.9 :    2 : [2842, 2851]
209.1 :    1 : [2890]
209.6 :    1 : [2832]
209.8 :    2 : [2831, 2898]
209.9 :    1 : [2829]
210.1 :    5 : [2821, 2839, 2845, 2895, 2909]
210.2 :    9 : [2861, 2875, 2878, 2884, 2889, 2900, 2901, 2913, 2917]
210.3 :   10 : [2834, 2848, 2865, 2882, 2883, 2894, 2902, 2903, 2905, 2914]
210.4 :    7 : [2846, 2847, 2850, 2864, 2880, 2899, 2915]
210.5 :    6 : [2825, 2837, 2840, 2841, 2885, 2904]
210.6 :   13 : [2822, 2824, 2827, 2830, 2835, 2836, 2860, 2862, 2867, 2873, 2887, 2888, 2892]
210.7 :   11 : [2818, 2819, 2833, 2854, 2872, 2874, 2877, 2893, 2897, 2908, 2911]
210.8 :    9 : [2844, 2855, 2858, 2863, 2866, 2871, 2879, 2907, 2910]
210.9 :    5 : [2820, 2843, 2849, 2869, 2891]
211.0 :    3 : [2852, 2868, 2912]
211.1 :    1 : [2876]
211.2 :    3 : [2823, 2859, 2870]
211.3 :    7 : [2826, 2842, 2851, 2853, 2857, 2896, 2906]
211.4 :    1 : [2838]
211.6 :    1 : [2881]
216.7 :    1 : [2886]
217.0 :    1 : [2856]
218.0 :    1 : [2916]
218.2 :    1 : [2828]
219.2 :    1 : [2886]
219.7 :    1 : [2856]
220.5 :    1 : [2916]
220.7 :    1 : [2828]
224.7 :    1 : [2890]
225.4 :    2 : [2832, 2898]
225.5 :    1 : [2829]
225.6 :    3 : [2839, 2861, 2913]
225.7 :    2 : [2831, 2889]
225.8 :    3 : [2845, 2875, 2880]
225.9 :    4 : [2895, 2901, 2903, 2909]
226.0 :    8 : [2821, 2848, 2878, 2884, 2894, 2902, 2905, 2917]
226.1 :    8 : [2834, 2864, 2865, 2882, 2892, 2899, 2900, 2904]
226.2 :    7 : [2825, 2835, 2840, 2869, 2877, 2885, 2914]
226.3 :    5 : [2818, 2841, 2846, 2847, 2915]
226.4 :    8 : [2824, 2844, 2850, 2852, 2867, 2887, 2891, 2907]
226.5 :   10 : [2819, 2827, 2830, 2836, 2837, 2860, 2883, 2888, 2910, 2912]
226.6 :    8 : [2822, 2855, 2862, 2866, 2868, 2874, 2879, 2911]
226.7 :    5 : [2833, 2849, 2871, 2873, 2908]
226.8 :    6 : [2838, 2858, 2863, 2876, 2896, 2897]
226.9 :    5 : [2820, 2854, 2872, 2893, 2906]
227.0 :    2 : [2843, 2859]
227.1 :    2 : [2853, 2890]
227.2 :    1 : [2870]
227.3 :    3 : [2823, 2851, 2881]
227.5 :    2 : [2842, 2857]
227.6 :    1 : [2826]
227.9 :    1 : [2832]
228.0 :    1 : [2898]
228.1 :    1 : [2829]
228.2 :    1 : [2839]
228.3 :    5 : [2845, 2875, 2889, 2903, 2909]
228.4 :   11 : [2831, 2848, 2861, 2878, 2880, 2884, 2894, 2895, 2901, 2905, 2917]
228.5 :    6 : [2821, 2865, 2882, 2900, 2902, 2914]
228.6 :    6 : [2825, 2834, 2840, 2864, 2877, 2892]
228.7 :    5 : [2835, 2841, 2846, 2847, 2899]
228.8 :   11 : [2818, 2824, 2837, 2850, 2867, 2869, 2885, 2887, 2891, 2913, 2915]
228.9 :    8 : [2819, 2836, 2844, 2852, 2860, 2888, 2910, 2912]
229.0 :    5 : [2827, 2830, 2855, 2883, 2907]
229.1 :   11 : [2822, 2833, 2849, 2862, 2866, 2871, 2873, 2879, 2904, 2908, 2911]
229.2 :    9 : [2838, 2854, 2858, 2863, 2868, 2874, 2876, 2896, 2897]
229.3 :    4 : [2820, 2872, 2893, 2906]
229.4 :    2 : [2843, 2859]
229.6 :    1 : [2870]
229.7 :    4 : [2823, 2851, 2853, 2881]
230.0 :    2 : [2842, 2857]
230.2 :    1 : [2826]
235.0 :    1 : [2886]
235.6 :    1 : [2856]
236.4 :    2 : [2828, 2916]
237.5 :    1 : [2886]
238.3 :    1 : [2856]
238.9 :    1 : [2916]
239.0 :    1 : [2828]
243.0 :    1 : [2890]
243.6 :    2 : [2832, 2898]
243.8 :    4 : [2829, 2839, 2845, 2861]
243.9 :    3 : [2831, 2875, 2909]
244.0 :    5 : [2884, 2889, 2895, 2903, 2917]
244.1 :    4 : [2848, 2880, 2894, 2900]
244.2 :   10 : [2821, 2847, 2865, 2878, 2882, 2899, 2901, 2902, 2905, 2914]
244.3 :    1 : [2892]
244.4 :    5 : [2830, 2835, 2840, 2841, 2850]
244.5 :    7 : [2824, 2827, 2846, 2883, 2888, 2907, 2913]
244.6 :   10 : [2818, 2825, 2837, 2855, 2862, 2864, 2867, 2877, 2885, 2891]
244.7 :   13 : [2819, 2822, 2833, 2834, 2836, 2860, 2868, 2869, 2893, 2904, 2910, 2912, 2915]
244.8 :   10 : [2820, 2838, 2844, 2849, 2863, 2866, 2872, 2876, 2879, 2887]
244.9 :    5 : [2852, 2858, 2873, 2896, 2911]
245.0 :    8 : [2843, 2854, 2859, 2871, 2874, 2897, 2906, 2908]
245.1 :    1 : [2870]
245.2 :    2 : [2823, 2853]
245.4 :    1 : [2851]
245.5 :    3 : [2842, 2857, 2890]
245.6 :    1 : [2881]
245.8 :    1 : [2826]
246.1 :    2 : [2832, 2898]
246.2 :    1 : [2829]
246.3 :    6 : [2831, 2839, 2845, 2861, 2875, 2909]
246.4 :    2 : [2884, 2895]
246.5 :    3 : [2889, 2903, 2917]
246.6 :   12 : [2821, 2847, 2848, 2865, 2880, 2882, 2894, 2899, 2900, 2901, 2902, 2914]
246.7 :    2 : [2878, 2905]
246.8 :    5 : [2830, 2835, 2840, 2850, 2892]
246.9 :    3 : [2824, 2841, 2913]
247.0 :    8 : [2827, 2864, 2877, 2883, 2885, 2888, 2891, 2907]
247.1 :   14 : [2818, 2819, 2822, 2825, 2834, 2836, 2837, 2846, 2855, 2860, 2867, 2893, 2904, 2915]
247.2 :   15 : [2820, 2833, 2838, 2844, 2849, 2863, 2866, 2868, 2869, 2872, 2876, 2879, 2887, 2910, 2912]
247.3 :    3 : [2852, 2858, 2862]
247.4 :    8 : [2843, 2854, 2859, 2871, 2874, 2906, 2908, 2911]
247.5 :    3 : [2873, 2896, 2897]
247.6 :    3 : [2823, 2853, 2870]
247.9 :    1 : [2857]
248.0 :    1 : [2842]
248.1 :    1 : [2881]
248.2 :    2 : [2826, 2851]
253.2 :    1 : [2886]
253.5 :    1 : [2856]
254.5 :    1 : [2828]
254.6 :    1 : [2916]
255.6 :    1 : [2886]
256.0 :    1 : [2856]
257.0 :    1 : [2828]
257.2 :    1 : [2916]
261.0 :    1 : [2890]
262.1 :    2 : [2832, 2898]
262.2 :    5 : [2829, 2839, 2845, 2880, 2884]
262.3 :    5 : [2875, 2895, 2901, 2909, 2914]
262.4 :    6 : [2831, 2861, 2882, 2894, 2903, 2917]
262.5 :    2 : [2889, 2902]
262.6 :    7 : [2821, 2834, 2840, 2847, 2865, 2905, 2913]
262.7 :    8 : [2824, 2827, 2836, 2837, 2855, 2864, 2878, 2900]
262.8 :   17 : [2818, 2820, 2822, 2830, 2835, 2841, 2848, 2850, 2852, 2860, 2876, 2877, 2887, 2893, 2899, 2907, 2915]
262.9 :   14 : [2833, 2843, 2844, 2846, 2858, 2868, 2883, 2885, 2888, 2891, 2892, 2904, 2911, 2912]
263.0 :    8 : [2819, 2825, 2849, 2862, 2863, 2871, 2879, 2910]
263.1 :    8 : [2854, 2866, 2867, 2869, 2872, 2874, 2906, 2908]
263.2 :    4 : [2838, 2859, 2873, 2896]
263.3 :    4 : [2823, 2853, 2870, 2897]
263.5 :    2 : [2857, 2890]
263.6 :    3 : [2842, 2851, 2881]
264.0 :    1 : [2826]
264.5 :    3 : [2832, 2839, 2898]
264.6 :    2 : [2829, 2884]
264.7 :    1 : [2845]
264.8 :    8 : [2831, 2875, 2880, 2894, 2901, 2903, 2909, 2917]
264.9 :    5 : [2861, 2882, 2895, 2902, 2914]
265.0 :    2 : [2889, 2913]
265.1 :    8 : [2824, 2827, 2837, 2855, 2864, 2878, 2900, 2905]
265.2 :    5 : [2834, 2836, 2847, 2865, 2915]
265.3 :   12 : [2820, 2821, 2830, 2840, 2846, 2858, 2868, 2883, 2885, 2888, 2904, 2912]
265.4 :   18 : [2818, 2822, 2833, 2835, 2844, 2848, 2849, 2850, 2852, 2860, 2863, 2876, 2877, 2891, 2892, 2899, 2907, 2911]
265.5 :    8 : [2819, 2841, 2843, 2862, 2871, 2879, 2887, 2910]
265.6 :    5 : [2825, 2872, 2873, 2893, 2908]
265.7 :    3 : [2866, 2874, 2906]
265.8 :    4 : [2838, 2859, 2869, 2896]
266.0 :    6 : [2823, 2853, 2857, 2867, 2870, 2897]
266.2 :    3 : [2842, 2851, 2881]
266.4 :    2 : [2826, 2854]
271.5 :    1 : [2886]
272.1 :    1 : [2856]
273.1 :    1 : [2916]
273.6 :    1 : [2828]
273.9 :    1 : [2886]
275.4 :    1 : [2856]
275.8 :    1 : [2916]
276.2 :    1 : [2828]
279.3 :    1 : [2890]
280.0 :    1 : [2898]
280.2 :    2 : [2829, 2839]
280.3 :    5 : [2832, 2845, 2880, 2884, 2909]
280.4 :    6 : [2861, 2889, 2895, 2903, 2914, 2917]
280.5 :    7 : [2831, 2865, 2875, 2882, 2894, 2900, 2901]
280.6 :    8 : [2821, 2824, 2848, 2878, 2892, 2902, 2905, 2913]
280.7 :    5 : [2840, 2847, 2855, 2860, 2887]
280.8 :    7 : [2834, 2837, 2846, 2850, 2864, 2888, 2904]
280.9 :   14 : [2820, 2827, 2833, 2836, 2852, 2868, 2883, 2885, 2893, 2899, 2907, 2910, 2912, 2915]
281.0 :    9 : [2818, 2822, 2830, 2838, 2841, 2862, 2872, 2877, 2879]
281.1 :    9 : [2825, 2835, 2844, 2863, 2869, 2876, 2891, 2908, 2911]
281.2 :    7 : [2819, 2843, 2858, 2866, 2867, 2871, 2906]
281.3 :    1 : [2874]
281.4 :    4 : [2823, 2849, 2873, 2896]
281.5 :    4 : [2854, 2859, 2870, 2897]
281.6 :    1 : [2853]
281.7 :    3 : [2851, 2881, 2890]
281.9 :    2 : [2842, 2857]
282.0 :    1 : [2826]
282.3 :    1 : [2898]
282.5 :    1 : [2839]
282.6 :    1 : [2832]
282.7 :    4 : [2829, 2845, 2880, 2884]
282.8 :    4 : [2861, 2903, 2909, 2914]
282.9 :    8 : [2831, 2875, 2882, 2889, 2894, 2895, 2900, 2901]
283.0 :    4 : [2821, 2865, 2913, 2917]
283.1 :   11 : [2824, 2834, 2840, 2847, 2848, 2855, 2860, 2887, 2892, 2902, 2905]
283.2 :    7 : [2837, 2846, 2850, 2864, 2878, 2888, 2904]
283.3 :    2 : [2820, 2915]
283.4 :   14 : [2818, 2822, 2830, 2835, 2852, 2868, 2872, 2877, 2879, 2883, 2885, 2899, 2907, 2910]
283.5 :   12 : [2825, 2827, 2833, 2836, 2838, 2841, 2844, 2862, 2869, 2891, 2911, 2912]
283.6 :    7 : [2858, 2863, 2867, 2876, 2893, 2906, 2908]
283.7 :    5 : [2819, 2866, 2871, 2873, 2874]
283.8 :    5 : [2823, 2843, 2859, 2870, 2896]
283.9 :    1 : [2849]
284.0 :    1 : [2854]
284.1 :    2 : [2853, 2897]
284.2 :    2 : [2851, 2881]
284.4 :    1 : [2826]
284.5 :    1 : [2857]
284.6 :    1 : [2842]
289.7 :    1 : [2886]
290.2 :    1 : [2856]
291.0 :    1 : [2916]
291.5 :    1 : [2828]
292.1 :    1 : [2886]
292.6 :    1 : [2856]
293.5 :    1 : [2916]
293.9 :    1 : [2828]
297.3 :    1 : [2890]
298.1 :    2 : [2832, 2898]
298.2 :    2 : [2839, 2845]
298.3 :    1 : [2829]
298.5 :    3 : [2831, 2875, 2909]
298.6 :    7 : [2880, 2882, 2884, 2889, 2894, 2895, 2914]
298.7 :    4 : [2821, 2861, 2901, 2903]
298.8 :    5 : [2824, 2840, 2847, 2905, 2917]
298.9 :    3 : [2834, 2865, 2900]
299.0 :    4 : [2830, 2848, 2855, 2913]
299.1 :    4 : [2818, 2860, 2878, 2915]
299.2 :    8 : [2836, 2846, 2850, 2852, 2883, 2885, 2887, 2902]
299.3 :    7 : [2820, 2822, 2862, 2864, 2868, 2888, 2904]
299.4 :    9 : [2825, 2827, 2837, 2838, 2871, 2879, 2892, 2899, 2907]
299.5 :    6 : [2819, 2835, 2867, 2872, 2877, 2910]
299.6 :    9 : [2841, 2844, 2863, 2866, 2876, 2891, 2896, 2911, 2912]
299.7 :    7 : [2833, 2843, 2858, 2893, 2897, 2906, 2908]
299.8 :    3 : [2849, 2874, 2890]
299.9 :    6 : [2823, 2854, 2859, 2869, 2870, 2873]
300.0 :    3 : [2826, 2851, 2881]
300.1 :    1 : [2853]
300.2 :    1 : [2857]
300.3 :    1 : [2842]
300.5 :    1 : [2898]
300.6 :    2 : [2832, 2839]
300.7 :    2 : [2829, 2845]
300.9 :    2 : [2831, 2909]
301.0 :    1 : [2875]
301.1 :    4 : [2861, 2889, 2903, 2914]
301.2 :    7 : [2821, 2840, 2880, 2884, 2894, 2895, 2901]
301.3 :    5 : [2834, 2847, 2882, 2905, 2917]
301.4 :    4 : [2824, 2830, 2848, 2855]
301.5 :    5 : [2852, 2865, 2878, 2900, 2913]
301.6 :    4 : [2822, 2887, 2902, 2904]
301.7 :   11 : [2820, 2836, 2846, 2850, 2862, 2864, 2868, 2883, 2885, 2888, 2915]
301.8 :    5 : [2818, 2835, 2837, 2860, 2910]
301.9 :    9 : [2819, 2827, 2838, 2867, 2871, 2872, 2877, 2879, 2892]
302.0 :    6 : [2825, 2841, 2844, 2866, 2899, 2907]
302.1 :    7 : [2858, 2863, 2893, 2896, 2906, 2908, 2911]
302.2 :    6 : [2833, 2849, 2876, 2891, 2897, 2912]
302.3 :    4 : [2823, 2843, 2859, 2874]
302.4 :    3 : [2851, 2854, 2873]
302.5 :    2 : [2826, 2869]
302.6 :    3 : [2857, 2870, 2881]
302.7 :    2 : [2842, 2853]
307.4 :    1 : [2886]
308.3 :    1 : [2856]
309.5 :    1 : [2916]
310.0 :    1 : [2828]
310.8 :    1 : [2856]
311.9 :    1 : [2916]
312.5 :    1 : [2828]
315.4 :    1 : [2890]
316.0 :    1 : [2898]
316.2 :    1 : [2839]
316.3 :    1 : [2845]
316.4 :    1 : [2829]
316.5 :    2 : [2832, 2909]
316.6 :    4 : [2861, 2889, 2894, 2914]
316.7 :    3 : [2875, 2880, 2901]
316.8 :    6 : [2855, 2882, 2884, 2895, 2903, 2917]
316.9 :    8 : [2821, 2824, 2831, 2834, 2840, 2848, 2905, 2913]
317.0 :    4 : [2830, 2847, 2887, 2902]
317.1 :    1 : [2878]
317.2 :   10 : [2820, 2846, 2850, 2864, 2865, 2883, 2886, 2900, 2904, 2915]
317.3 :    3 : [2885, 2888, 2910]
317.4 :    4 : [2822, 2837, 2838, 2852]
317.5 :    4 : [2818, 2836, 2868, 2872]
317.6 :    7 : [2835, 2862, 2867, 2877, 2879, 2906, 2911]
317.7 :   10 : [2819, 2825, 2827, 2849, 2892, 2893, 2899, 2907, 2908, 2912]
317.8 :    8 : [2833, 2841, 2843, 2844, 2860, 2866, 2891, 2896]
317.9 :    5 : [2851, 2863, 2871, 2873, 2876]
318.0 :    9 : [2823, 2853, 2854, 2858, 2859, 2869, 2870, 2890, 2897]
318.1 :    4 : [2826, 2857, 2874, 2881]
318.2 :    1 : [2842]
318.4 :    1 : [2898]
318.5 :    1 : [2839]
318.6 :    1 : [2845]
318.9 :    3 : [2829, 2832, 2909]
319.0 :    2 : [2875, 2894]
319.1 :    3 : [2880, 2901, 2914]
319.2 :    4 : [2861, 2882, 2889, 2917]
319.3 :    8 : [2824, 2831, 2840, 2848, 2884, 2895, 2903, 2905]
319.4 :    7 : [2821, 2830, 2834, 2847, 2855, 2902, 2913]
319.5 :    1 : [2887]
319.6 :    3 : [2820, 2850, 2865]
319.7 :    5 : [2846, 2883, 2886, 2900, 2904]
319.8 :    6 : [2864, 2878, 2885, 2888, 2910, 2915]
319.9 :    3 : [2818, 2836, 2837]
320.0 :    4 : [2822, 2852, 2868, 2872]
320.1 :    5 : [2827, 2838, 2892, 2908, 2912]
320.2 :   13 : [2819, 2833, 2835, 2849, 2860, 2862, 2877, 2879, 2891, 2893, 2899, 2906, 2911]
320.3 :    4 : [2825, 2844, 2896, 2907]
320.4 :    4 : [2823, 2843, 2866, 2867]
320.5 :    5 : [2841, 2863, 2869, 2871, 2873]
320.6 :    6 : [2851, 2853, 2858, 2859, 2870, 2876]
320.7 :    1 : [2854]
320.8 :    1 : [2842]
320.9 :    4 : [2826, 2874, 2881, 2897]
321.3 :    1 : [2857]
326.9 :    1 : [2856]
327.6 :    1 : [2916]
327.8 :    1 : [2828]
329.4 :    1 : [2856]
330.2 :    2 : [2828, 2916]
333.5 :    1 : [2890]
334.1 :    1 : [2839]
334.3 :    1 : [2845]
334.4 :    2 : [2832, 2898]
334.5 :    2 : [2829, 2909]
334.6 :    1 : [2894]
334.7 :    5 : [2875, 2884, 2889, 2895, 2914]
334.8 :    2 : [2861, 2901]
334.9 :    2 : [2882, 2903]
335.0 :    4 : [2848, 2880, 2905, 2917]
335.1 :    8 : [2821, 2824, 2831, 2834, 2847, 2855, 2887, 2902]
335.2 :    3 : [2830, 2865, 2913]
335.3 :    2 : [2840, 2850]
335.4 :    4 : [2820, 2836, 2878, 2904]
335.5 :    8 : [2818, 2838, 2846, 2868, 2883, 2888, 2900, 2910]
335.6 :    5 : [2822, 2827, 2852, 2864, 2885]
335.7 :    5 : [2837, 2872, 2877, 2886, 2915]
335.8 :    9 : [2835, 2841, 2860, 2862, 2867, 2879, 2892, 2899, 2911]
335.9 :    9 : [2819, 2825, 2863, 2871, 2876, 2891, 2893, 2906, 2907]
336.0 :    9 : [2823, 2844, 2849, 2858, 2866, 2873, 2896, 2908, 2912]
336.1 :    6 : [2833, 2843, 2869, 2870, 2874, 2890]
336.2 :    3 : [2851, 2859, 2897]
336.4 :    5 : [2826, 2842, 2853, 2854, 2881]
336.6 :    1 : [2857]
336.7 :    2 : [2839, 2845]
336.8 :    1 : [2832]
336.9 :    2 : [2829, 2898]
337.0 :    1 : [2909]
337.1 :    3 : [2875, 2884, 2894]
337.2 :    5 : [2861, 2889, 2895, 2901, 2914]
337.4 :    1 : [2882]
337.5 :    3 : [2880, 2903, 2917]
337.6 :    5 : [2830, 2834, 2848, 2865, 2905]
337.7 :    3 : [2821, 2824, 2887]
337.8 :    3 : [2831, 2840, 2855]
337.9 :    6 : [2820, 2847, 2850, 2878, 2910, 2913]
338.0 :    5 : [2838, 2846, 2868, 2883, 2904]
338.1 :    8 : [2818, 2837, 2864, 2886, 2888, 2900, 2902, 2915]
338.2 :    7 : [2827, 2836, 2852, 2872, 2877, 2885, 2911]
338.3 :    5 : [2835, 2841, 2860, 2867, 2879]
338.4 :    3 : [2866, 2892, 2899]
338.5 :    8 : [2822, 2844, 2849, 2858, 2873, 2896, 2908, 2912]
338.6 :    3 : [2862, 2891, 2906]
338.7 :    5 : [2823, 2851, 2859, 2871, 2874]
338.8 :    6 : [2826, 2863, 2869, 2870, 2876, 2893]
338.9 :    5 : [2819, 2843, 2881, 2897, 2907]
339.0 :    1 : [2853]
339.1 :    3 : [2825, 2833, 2854]
339.2 :    2 : [2842, 2857]
345.2 :    1 : [2856]
345.5 :    1 : [2916]
345.7 :    1 : [2828]
347.7 :    1 : [2856]
348.0 :    1 : [2916]
348.3 :    1 : [2828]
351.8 :    1 : [2890]
352.4 :    2 : [2845, 2898]
352.7 :    1 : [2839]
352.8 :    2 : [2829, 2909]
352.9 :    1 : [2875]
353.0 :    1 : [2832]
353.1 :    2 : [2884, 2901]
353.2 :    2 : [2894, 2895]
353.3 :    3 : [2834, 2914, 2917]
353.4 :    3 : [2861, 2880, 2882]
353.5 :    4 : [2848, 2889, 2903, 2913]
353.6 :    5 : [2824, 2840, 2855, 2900, 2905]
353.7 :    9 : [2818, 2821, 2830, 2831, 2847, 2864, 2865, 2887, 2902]
353.8 :    5 : [2837, 2850, 2868, 2878, 2883]
353.9 :   11 : [2820, 2836, 2841, 2846, 2852, 2872, 2885, 2886, 2888, 2904, 2910]
354.0 :    8 : [2825, 2835, 2838, 2860, 2866, 2877, 2879, 2915]
354.1 :    7 : [2822, 2849, 2891, 2892, 2896, 2908, 2911]
354.2 :   10 : [2827, 2844, 2862, 2873, 2890, 2893, 2899, 2906, 2907, 2912]
354.3 :    6 : [2819, 2851, 2858, 2859, 2867, 2871]
354.4 :    5 : [2823, 2833, 2843, 2870, 2874]
354.5 :    2 : [2863, 2869]
354.6 :    3 : [2826, 2842, 2876]
354.7 :    2 : [2881, 2897]
354.8 :    2 : [2854, 2857]
354.9 :    3 : [2845, 2853, 2898]
355.1 :    1 : [2839]
355.2 :    1 : [2829]
355.3 :    1 : [2909]
355.4 :    2 : [2832, 2875]
355.5 :    1 : [2884]
355.6 :    1 : [2894]
355.7 :    4 : [2834, 2895, 2901, 2917]
355.8 :    1 : [2914]
355.9 :    4 : [2861, 2880, 2882, 2903]
356.0 :    4 : [2848, 2855, 2889, 2913]
356.1 :    1 : [2840]
356.2 :    9 : [2821, 2824, 2830, 2831, 2847, 2865, 2887, 2902, 2905]
356.3 :    3 : [2818, 2864, 2878]
356.4 :   10 : [2820, 2835, 2837, 2838, 2850, 2868, 2883, 2900, 2910, 2915]
356.5 :    6 : [2852, 2860, 2866, 2877, 2888, 2904]
356.6 :   12 : [2825, 2827, 2841, 2846, 2872, 2879, 2885, 2886, 2893, 2899, 2906, 2907]
356.7 :   10 : [2819, 2836, 2844, 2849, 2858, 2859, 2862, 2867, 2873, 2911]
356.8 :    8 : [2822, 2851, 2871, 2874, 2891, 2892, 2896, 2912]
356.9 :    3 : [2833, 2863, 2869]
357.0 :    3 : [2870, 2876, 2908]
357.1 :    1 : [2823]
357.2 :    5 : [2826, 2842, 2843, 2857, 2881]
357.3 :    1 : [2854]
357.4 :    1 : [2897]
357.7 :    1 : [2853]
363.2 :    1 : [2856]
363.6 :    1 : [2916]
363.9 :    1 : [2828]
365.6 :    1 : [2856]
366.2 :    1 : [2916]
366.6 :    1 : [2828]
370.0 :    1 : [2890]
370.6 :    1 : [2845]
370.7 :    2 : [2839, 2898]
370.8 :    1 : [2829]
371.0 :    3 : [2832, 2884, 2894]
371.1 :    1 : [2909]
371.2 :    1 : [2875]
371.3 :    6 : [2861, 2880, 2889, 2901, 2914, 2917]
371.4 :    3 : [2895, 2903, 2913]
371.5 :    3 : [2848, 2855, 2882]
371.6 :    7 : [2824, 2830, 2834, 2865, 2887, 2900, 2902]
371.7 :    2 : [2820, 2840]
371.8 :    9 : [2818, 2821, 2831, 2837, 2847, 2864, 2878, 2883, 2885]
371.9 :    4 : [2852, 2872, 2904, 2915]
372.0 :    6 : [2835, 2836, 2846, 2850, 2860, 2905]
372.1 :    7 : [2827, 2838, 2868, 2877, 2886, 2888, 2910]
372.2 :    5 : [2819, 2825, 2841, 2849, 2862]
372.3 :    6 : [2844, 2851, 2859, 2873, 2874, 2906]
372.4 :    7 : [2822, 2863, 2870, 2871, 2879, 2896, 2899]
372.5 :   11 : [2833, 2858, 2866, 2867, 2890, 2891, 2892, 2893, 2907, 2908, 2912]
372.6 :    2 : [2869, 2911]
372.7 :    3 : [2823, 2843, 2876]
372.8 :    4 : [2826, 2854, 2881, 2897]
372.9 :    1 : [2842]
373.0 :    4 : [2845, 2853, 2857, 2898]
373.2 :    2 : [2829, 2839]
373.3 :    1 : [2884]
373.4 :    2 : [2832, 2894]
373.6 :    2 : [2875, 2909]
373.7 :    1 : [2889]
373.8 :    4 : [2861, 2880, 2901, 2917]
373.9 :    3 : [2882, 2903, 2914]
374.0 :    1 : [2848]
374.1 :    7 : [2820, 2824, 2834, 2840, 2855, 2887, 2895]
374.2 :    9 : [2818, 2821, 2830, 2831, 2837, 2847, 2864, 2878, 2885]
374.3 :    5 : [2865, 2883, 2900, 2902, 2913]
374.4 :    1 : [2846]
374.5 :    5 : [2835, 2836, 2850, 2904, 2905]
374.6 :    2 : [2819, 2860]
374.7 :    5 : [2827, 2838, 2849, 2872, 2915]
374.8 :    4 : [2841, 2852, 2862, 2877]
374.9 :    8 : [2825, 2844, 2866, 2873, 2874, 2886, 2888, 2906]
375.0 :    8 : [2859, 2867, 2868, 2891, 2892, 2893, 2907, 2910]
375.1 :    3 : [2858, 2908, 2912]
375.2 :    7 : [2822, 2823, 2833, 2851, 2896, 2897, 2899]
375.3 :    3 : [2843, 2854, 2879]
375.4 :    5 : [2826, 2863, 2876, 2881, 2911]
375.5 :    2 : [2853, 2871]
375.6 :    2 : [2842, 2869]
375.7 :    1 : [2857]
381.5 :    1 : [2856]
381.8 :    1 : [2870]
381.9 :    1 : [2916]
382.4 :    1 : [2828]
384.0 :    1 : [2856]
384.2 :    1 : [2870]
385.2 :    2 : [2828, 2916]
388.2 :    1 : [2890]
388.4 :    1 : [2898]
388.6 :    1 : [2845]
388.8 :    2 : [2832, 2839]
388.9 :    2 : [2829, 2884]
389.0 :    2 : [2875, 2894]
389.1 :    3 : [2880, 2903, 2909]
389.2 :    2 : [2889, 2914]
389.3 :    2 : [2882, 2901]
389.4 :    2 : [2861, 2917]
389.5 :    3 : [2834, 2848, 2895]
389.7 :    7 : [2820, 2840, 2847, 2855, 2887, 2902, 2913]
389.8 :    7 : [2818, 2821, 2830, 2850, 2865, 2878, 2900]
389.9 :    5 : [2824, 2837, 2883, 2885, 2905]
390.0 :    1 : [2831]
390.1 :    2 : [2819, 2852]
390.2 :    5 : [2827, 2835, 2864, 2904, 2910]
390.3 :    4 : [2860, 2866, 2872, 2888]
390.4 :    4 : [2838, 2849, 2868, 2886]
390.5 :    8 : [2825, 2836, 2841, 2846, 2862, 2873, 2877, 2915]
390.6 :    4 : [2859, 2867, 2891, 2911]
390.7 :   12 : [2822, 2844, 2851, 2858, 2874, 2879, 2890, 2893, 2906, 2907, 2908, 2912]
390.8 :    5 : [2863, 2871, 2892, 2896, 2899]
390.9 :    1 : [2843]
391.0 :    2 : [2869, 2898]
391.1 :    4 : [2823, 2826, 2833, 2876]
391.2 :    6 : [2832, 2839, 2842, 2845, 2854, 2897]
391.3 :    2 : [2857, 2881]
391.4 :    2 : [2853, 2894]
391.5 :    2 : [2875, 2884]
391.6 :    3 : [2880, 2903, 2914]
391.7 :    4 : [2829, 2889, 2901, 2909]
391.9 :    3 : [2834, 2882, 2895]
392.0 :    3 : [2848, 2861, 2917]
392.1 :    5 : [2820, 2840, 2847, 2902, 2913]
392.2 :    9 : [2818, 2821, 2830, 2850, 2855, 2865, 2878, 2887, 2900]
392.3 :    1 : [2837]
392.4 :    3 : [2824, 2885, 2905]
392.5 :    2 : [2831, 2883]
392.6 :    3 : [2819, 2827, 2852]
392.7 :    3 : [2835, 2864, 2904]
392.8 :    3 : [2866, 2888, 2910]
392.9 :    9 : [2836, 2838, 2849, 2860, 2862, 2868, 2872, 2877, 2915]
393.0 :    5 : [2825, 2841, 2846, 2873, 2886]
393.1 :    2 : [2859, 2867]
393.2 :    4 : [2863, 2892, 2908, 2911]
393.3 :    5 : [2822, 2844, 2851, 2891, 2906]
393.4 :    6 : [2871, 2874, 2879, 2896, 2899, 2907]
393.5 :    2 : [2869, 2912]
393.6 :    6 : [2823, 2826, 2842, 2854, 2858, 2897]
393.7 :    4 : [2857, 2876, 2881, 2893]
393.8 :    2 : [2833, 2843]
393.9 :    1 : [2853]
399.4 :    1 : [2856]
400.5 :    1 : [2870]
400.6 :    1 : [2916]
400.9 :    1 : [2828]
402.2 :    1 : [2856]
402.9 :    1 : [2870]
403.2 :    1 : [2916]
403.7 :    1 : [2828]
406.2 :    1 : [2890]
407.1 :    1 : [2845]
407.2 :    2 : [2832, 2898]
407.4 :    1 : [2894]
407.5 :    1 : [2829]
407.6 :    1 : [2884]
407.7 :    8 : [2839, 2875, 2889, 2895, 2903, 2909, 2914, 2917]
407.8 :    1 : [2880]
408.0 :    3 : [2840, 2882, 2901]
408.1 :    2 : [2848, 2878]
408.2 :    5 : [2821, 2834, 2861, 2885, 2913]
408.3 :    7 : [2819, 2820, 2824, 2830, 2855, 2887, 2902]
408.4 :    8 : [2818, 2831, 2837, 2852, 2864, 2865, 2904, 2905]
408.5 :    3 : [2847, 2850, 2883]
408.6 :    6 : [2835, 2836, 2849, 2860, 2862, 2900]
408.7 :    6 : [2827, 2838, 2868, 2873, 2877, 2915]
408.8 :    5 : [2846, 2872, 2874, 2890, 2910]
408.9 :    4 : [2825, 2886, 2888, 2912]
409.0 :    2 : [2892, 2907]
409.1 :    5 : [2841, 2844, 2863, 2896, 2906]
409.2 :   11 : [2822, 2859, 2866, 2867, 2871, 2879, 2891, 2893, 2899, 2908, 2911]
409.3 :    6 : [2823, 2842, 2851, 2854, 2881, 2897]
409.4 :    4 : [2833, 2858, 2869, 2876]
409.5 :    1 : [2843]
409.6 :    3 : [2826, 2853, 2857]
409.7 :    2 : [2845, 2898]
409.9 :    1 : [2894]
410.0 :    2 : [2829, 2832]
410.1 :    5 : [2839, 2875, 2889, 2895, 2917]
410.2 :    4 : [2880, 2884, 2909, 2914]
410.3 :    1 : [2903]
410.4 :    2 : [2840, 2901]
410.5 :    1 : [2882]
410.6 :    2 : [2861, 2913]
410.7 :    7 : [2821, 2830, 2834, 2848, 2878, 2885, 2902]
410.8 :    5 : [2819, 2820, 2824, 2855, 2887]
410.9 :    2 : [2818, 2865]
411.0 :    4 : [2847, 2852, 2864, 2905]
411.1 :    4 : [2831, 2850, 2883, 2904]
411.2 :    3 : [2837, 2838, 2877]
411.3 :    4 : [2827, 2846, 2873, 2915]
411.4 :    4 : [2868, 2874, 2900, 2910]
411.5 :    5 : [2860, 2862, 2872, 2892, 2907]
411.6 :    1 : [2866]
411.7 :    8 : [2825, 2859, 2867, 2886, 2893, 2899, 2908, 2911]
411.8 :    7 : [2822, 2823, 2835, 2871, 2879, 2891, 2906]
411.9 :    6 : [2833, 2843, 2849, 2851, 2858, 2897]
412.0 :    4 : [2841, 2881, 2888, 2896]
412.1 :    4 : [2854, 2863, 2869, 2912]
412.2 :    1 : [2853]
412.3 :    2 : [2826, 2876]
412.7 :    2 : [2836, 2857]
413.0 :    1 : [2842]
620.4 :    2 : [2851, 2877]
620.7 :    2 : [2818, 2830]
621.0 :    1 : [2884]
621.1 :    1 : [2892]
621.8 :    1 : [2835]
622.8 :    2 : [2851, 2877]
623.1 :    1 : [2818]
623.2 :    1 : [2830]
623.4 :    2 : [2892, 2904]
623.5 :    1 : [2884]
624.2 :    1 : [2835]
624.4 :    1 : [2908]
624.9 :    3 : [2848, 2851, 2877]
625.2 :    1 : [2818]
625.3 :    1 : [2830]
625.5 :    1 : [2892]
625.6 :    1 : [2884]
625.8 :    1 : [2904]
625.9 :    2 : [2824, 2875]
626.3 :    1 : [2835]
626.7 :    1 : [2908]
626.8 :    1 : [2896]
626.9 :    1 : [2853]
627.2 :    1 : [2851]
627.3 :    2 : [2828, 2848]
627.4 :    1 : [2843]
627.5 :    1 : [2877]
627.6 :    1 : [2827]
627.7 :    1 : [2876]
627.8 :    2 : [2818, 2892]
627.9 :    1 : [2904]
628.1 :    1 : [2844]
628.2 :    2 : [2824, 2875]
628.3 :    2 : [2840, 2845]
628.5 :    1 : [2870]
628.6 :    1 : [2878]
628.7 :    3 : [2832, 2835, 2857]
628.8 :    1 : [2908]
628.9 :    1 : [2894]
629.0 :    1 : [2834]
629.1 :    2 : [2841, 2883]
629.2 :    2 : [2853, 2896]
629.3 :    2 : [2842, 2887]
629.4 :    1 : [2848]
629.5 :    1 : [2860]
629.6 :    1 : [2836]
629.7 :    2 : [2828, 2843]
629.8 :    1 : [2898]
629.9 :    1 : [2827]
630.0 :    3 : [2876, 2900, 2905]
630.1 :    2 : [2852, 2913]
630.2 :    2 : [2871, 2904]
630.3 :    3 : [2824, 2875, 2879]
630.4 :    3 : [2844, 2861, 2893]
630.5 :    1 : [2872]
630.6 :    1 : [2867]
630.7 :    2 : [2840, 2845]
630.8 :    1 : [2870]
630.9 :    4 : [2859, 2866, 2878, 2880]
631.0 :    3 : [2832, 2857, 2907]
631.1 :    2 : [2891, 2908]
631.2 :    2 : [2881, 2894]
631.3 :    6 : [2834, 2838, 2853, 2864, 2896, 2903]
631.4 :    5 : [2841, 2856, 2883, 2889, 2912]
631.5 :    3 : [2831, 2901, 2906]
631.6 :    2 : [2886, 2887]
631.7 :    2 : [2842, 2848]
631.8 :    5 : [2828, 2837, 2843, 2860, 2895]
631.9 :    2 : [2863, 2882]
632.0 :    2 : [2827, 2836]
632.1 :    2 : [2858, 2876]
632.2 :    1 : [2898]
632.3 :    1 : [2821]
632.4 :    2 : [2900, 2905]
632.5 :    4 : [2844, 2852, 2871, 2913]
632.6 :    1 : [2824]
632.7 :    1 : [2875]
632.8 :    3 : [2840, 2845, 2872]
632.9 :    2 : [2870, 2879]
633.0 :    1 : [2878]
633.1 :    4 : [2832, 2857, 2861, 2867]
633.2 :    4 : [2854, 2859, 2868, 2880]
633.3 :    4 : [2819, 2866, 2894, 2907]
633.4 :    3 : [2829, 2834, 2891]
633.5 :    4 : [2839, 2841, 2883, 2893]
633.6 :    4 : [2838, 2864, 2869, 2896]
633.7 :    7 : [2856, 2881, 2887, 2889, 2903, 2912, 2916]
633.8 :    4 : [2831, 2842, 2901, 2906]
633.9 :    4 : [2853, 2860, 2886, 2897]
634.0 :    1 : [2917]
634.1 :    4 : [2828, 2836, 2843, 2895]
634.2 :    3 : [2823, 2863, 2882]
634.3 :    4 : [2827, 2837, 2865, 2898]
634.4 :    4 : [2820, 2858, 2876, 2914]
634.5 :    2 : [2900, 2905]
634.6 :    3 : [2852, 2871, 2913]
634.7 :    1 : [2821]
634.9 :    2 : [2872, 2899]
635.0 :    1 : [2879]
635.1 :    1 : [2840]
635.2 :    3 : [2861, 2867, 2870]
635.3 :    2 : [2859, 2880]
635.4 :    2 : [2866, 2907]
635.5 :    1 : [2891]
635.6 :    1 : [2893]
635.7 :    3 : [2838, 2841, 2864]
635.8 :    7 : [2829, 2856, 2868, 2881, 2889, 2903, 2912]
635.9 :    4 : [2831, 2854, 2901, 2906]
636.0 :    3 : [2819, 2886, 2887]
636.1 :    3 : [2839, 2869, 2916]
636.2 :    2 : [2860, 2895]
636.3 :    4 : [2842, 2863, 2882, 2917]
636.4 :    2 : [2837, 2897]
636.5 :    2 : [2823, 2858]
636.6 :    1 : [2898]
636.7 :    4 : [2820, 2822, 2865, 2914]
636.8 :    2 : [2821, 2900]
636.9 :    1 : [2905]
637.2 :    1 : [2872]
637.3 :    2 : [2852, 2899]
637.9 :    2 : [2829, 2868]
638.0 :    1 : [2854]
638.1 :    1 : [2819]
638.2 :    5 : [2839, 2864, 2869, 2906, 2916]
638.3 :    2 : [2847, 2856]
638.4 :    1 : [2917]
638.5 :    3 : [2891, 2897, 2901]
638.6 :    1 : [2823]
638.7 :    1 : [2863]
638.8 :    3 : [2820, 2865, 2914]
639.1 :    1 : [2822]
639.3 :    1 : [2882]
639.4 :    1 : [2899]
639.5 :    1 : [2821]
640.2 :    1 : [2829]
640.4 :    1 : [2916]
640.7 :    1 : [2847]
640.9 :    2 : [2823, 2869]
641.2 :    1 : [2822]
641.5 :    1 : [2914]
642.8 :    1 : [2847]
643.8 :    1 : [2822]
644.8 :    1 : [2877]
645.1 :    1 : [2847]
645.2 :    1 : [2884]
645.3 :    1 : [2830]
648.8 :    1 : [2892]
651.5 :    1 : [2892]
651.9 :    2 : [2834, 2904]
652.2 :    2 : [2832, 2894]
652.3 :    1 : [2824]
652.6 :    1 : [2845]
653.0 :    3 : [2844, 2853, 2879]
653.2 :    1 : [2883]
653.6 :    1 : [2830]
653.9 :    1 : [2881]
654.0 :    1 : [2857]
654.1 :    1 : [2908]
654.2 :    3 : [2834, 2851, 2878]
654.3 :    3 : [2889, 2895, 2904]
654.5 :    2 : [2832, 2894]
654.6 :    1 : [2836]
654.7 :    1 : [2824]
654.8 :    1 : [2866]
654.9 :    2 : [2845, 2913]
655.0 :    4 : [2861, 2867, 2875, 2886]
655.1 :    3 : [2827, 2871, 2893]
655.2 :    1 : [2835]
655.3 :    2 : [2879, 2880]
655.4 :    3 : [2844, 2884, 2907]
655.5 :    5 : [2825, 2838, 2853, 2858, 2883]
655.8 :    1 : [2830]
656.0 :    2 : [2909, 2912]
656.1 :    1 : [2911]
656.2 :    3 : [2831, 2837, 2881]
656.3 :    3 : [2839, 2848, 2857]
656.4 :    1 : [2908]
656.5 :    2 : [2878, 2903]
656.6 :    2 : [2849, 2851]
656.7 :    2 : [2889, 2895]
657.0 :    1 : [2865]
657.1 :    4 : [2828, 2859, 2870, 2877]
657.3 :    5 : [2818, 2819, 2868, 2886, 2913]
657.4 :    1 : [2871]
657.5 :    1 : [2867]
657.6 :    5 : [2820, 2835, 2875, 2880, 2884]
657.7 :    1 : [2907]
657.9 :    2 : [2825, 2827]
658.4 :    1 : [2899]
658.5 :    2 : [2911, 2912]
658.6 :    1 : [2909]
658.8 :    1 : [2903]
658.9 :    2 : [2831, 2849]
659.1 :    1 : [2898]
659.2 :    1 : [2848]
659.3 :    1 : [2877]
659.4 :    1 : [2865]
659.5 :    1 : [2870]
659.6 :    1 : [2897]
659.9 :    1 : [2917]
660.0 :    2 : [2825, 2852]
660.6 :    1 : [2911]
660.7 :    1 : [2909]
661.0 :    1 : [2849]
661.4 :    1 : [2872]
663.5 :    1 : [2856]
663.9 :    1 : [2864]
664.0 :    1 : [2872]
664.3 :    1 : [2916]
665.9 :    1 : [2856]
666.1 :    1 : [2818]
666.4 :    1 : [2864]
666.5 :    2 : [2861, 2876]
667.1 :    1 : [2819]
667.6 :    1 : [2900]
668.1 :    2 : [2859, 2899]
668.2 :    1 : [2898]
668.3 :    1 : [2818]
668.5 :    2 : [2836, 2905]
668.7 :    2 : [2841, 2861]
669.0 :    1 : [2828]
669.1 :    1 : [2876]
669.3 :    2 : [2819, 2837]
669.6 :    1 : [2838]
669.8 :    1 : [2892]
669.9 :    2 : [2891, 2900]
670.1 :    1 : [2820]
670.3 :    3 : [2859, 2888, 2899]
670.4 :    3 : [2822, 2866, 2898]
670.5 :    1 : [2917]
670.6 :    1 : [2860]
670.7 :    1 : [2836]
670.8 :    2 : [2868, 2905]
670.9 :    1 : [2852]
671.1 :    1 : [2893]
671.2 :    1 : [2828]
671.3 :    2 : [2841, 2876]
671.4 :    1 : [2897]
671.5 :    1 : [2837]
671.7 :    2 : [2840, 2858]
671.8 :    1 : [2838]
672.1 :    1 : [2900]
672.2 :    1 : [2892]
672.3 :    2 : [2839, 2891]
672.5 :    1 : [2904]
672.6 :    1 : [2866]
672.7 :    1 : [2822]
672.9 :    2 : [2820, 2917]
673.0 :    2 : [2860, 2905]
673.1 :    1 : [2868]
673.2 :    1 : [2852]
673.3 :    1 : [2824]
673.4 :    1 : [2893]
673.6 :    1 : [2841]
673.9 :    1 : [2888]
674.0 :    2 : [2840, 2858]
674.2 :    1 : [2853]
674.4 :    1 : [2901]
674.5 :    2 : [2839, 2891]
674.7 :    1 : [2851]
674.8 :    2 : [2896, 2904]
674.9 :    1 : [2887]
675.0 :    1 : [2843]
675.2 :    2 : [2860, 2866]
675.3 :    1 : [2908]
675.4 :    1 : [2906]
675.6 :    2 : [2823, 2834]
675.7 :    1 : [2824]
675.9 :    2 : [2844, 2882]
676.0 :    5 : [2821, 2835, 2888, 2893, 2894]
676.2 :    1 : [2840]
676.4 :    3 : [2827, 2858, 2916]
676.6 :    3 : [2848, 2853, 2870]
676.9 :    1 : [2879]
677.0 :    1 : [2851]
677.2 :    5 : [2832, 2845, 2875, 2887, 2901]
677.3 :    2 : [2843, 2896]
677.6 :    1 : [2908]
677.7 :    1 : [2906]
677.8 :    1 : [2863]
677.9 :    3 : [2834, 2842, 2857]
678.0 :    2 : [2823, 2895]
678.2 :    2 : [2844, 2877]
678.3 :    5 : [2821, 2835, 2882, 2888, 2894]
678.4 :    1 : [2878]
678.6 :    2 : [2883, 2916]
678.7 :    1 : [2889]
678.8 :    1 : [2827]
678.9 :    3 : [2829, 2848, 2913]
679.0 :    3 : [2854, 2867, 2897]
679.1 :    1 : [2871]
679.2 :    1 : [2879]
679.3 :    2 : [2870, 2887]
679.4 :    4 : [2840, 2843, 2896, 2901]
679.5 :    3 : [2832, 2845, 2875]
679.7 :    1 : [2881]
679.8 :    1 : [2906]
679.9 :    2 : [2880, 2886]
680.0 :    1 : [2831]
680.1 :    1 : [2909]
680.2 :    5 : [2823, 2825, 2842, 2857, 2903]
680.3 :    1 : [2863]
680.4 :    4 : [2821, 2869, 2882, 2895]
680.6 :    1 : [2877]
680.7 :    1 : [2878]
680.8 :    4 : [2849, 2850, 2907, 2912]
680.9 :    3 : [2830, 2883, 2911]
681.0 :    1 : [2889]
681.2 :    2 : [2829, 2913]
681.3 :    3 : [2854, 2867, 2897]
681.4 :    1 : [2871]
681.7 :    2 : [2865, 2915]
681.8 :    2 : [2855, 2902]
682.0 :    1 : [2887]
682.1 :    1 : [2872]
682.2 :    2 : [2880, 2886]
682.3 :    1 : [2842]
682.4 :    5 : [2831, 2863, 2884, 2903, 2909]
682.7 :    1 : [2869]
682.9 :    1 : [2825]
683.0 :    1 : [2849]
683.1 :    1 : [2907]
683.2 :    2 : [2830, 2912]
683.4 :    2 : [2829, 2911]
683.5 :    2 : [2854, 2864]
683.9 :    1 : [2850]
684.1 :    1 : [2865]
684.2 :    1 : [2915]
684.6 :    1 : [2872]
684.8 :    2 : [2847, 2856]
684.9 :    2 : [2869, 2902]
685.4 :    1 : [2855]
685.9 :    1 : [2864]
686.0 :    1 : [2850]
686.3 :    1 : [2915]
687.0 :    1 : [2902]
687.3 :    1 : [2847]
687.5 :    1 : [2855]
687.6 :    1 : [2856]
688.2 :    1 : [2884]
689.4 :    1 : [2847]
690.5 :    1 : [2884]
691.1 :    1 : [2892]
691.8 :    1 : [2881]
692.2 :    1 : [2822]
693.3 :    1 : [2914]
693.4 :    1 : [2892]
693.5 :    1 : [2870]
693.8 :    1 : [2824]
693.9 :    1 : [2898]
694.0 :    1 : [2881]
694.5 :    2 : [2822, 2904]
694.7 :    1 : [2877]
696.1 :    1 : [2853]
696.3 :    1 : [2914]
696.4 :    1 : [2898]
696.6 :    1 : [2900]
696.7 :    1 : [2828]
696.9 :    2 : [2824, 2904]
697.3 :    2 : [2877, 2905]
698.1 :    1 : [2908]
698.4 :    1 : [2914]
698.6 :    1 : [2853]
698.9 :    1 : [2900]
699.1 :    1 : [2828]
699.2 :    3 : [2827, 2834, 2851]
699.4 :    1 : [2894]
699.5 :    1 : [2844]
699.7 :    1 : [2905]
699.8 :    1 : [2818]
699.9 :    1 : [2836]
700.0 :    1 : [2891]
700.3 :    2 : [2832, 2875]
700.4 :    1 : [2908]
700.5 :    1 : [2835]
700.6 :    2 : [2852, 2879]
700.9 :    1 : [2845]
701.0 :    1 : [2861]
701.2 :    2 : [2820, 2838]
701.4 :    1 : [2828]
701.5 :    1 : [2834]
701.6 :    2 : [2827, 2851]
701.7 :    2 : [2848, 2894]
701.9 :    1 : [2844]
702.0 :    1 : [2876]
702.2 :    1 : [2836]
702.3 :    1 : [2818]
702.4 :    1 : [2891]
702.5 :    1 : [2895]
702.6 :    1 : [2832]
702.7 :    5 : [2837, 2859, 2871, 2875, 2883]
702.8 :    1 : [2835]
702.9 :    3 : [2852, 2857, 2879]
703.1 :    1 : [2860]
703.2 :    3 : [2839, 2845, 2878]
703.3 :    2 : [2861, 2868]
703.5 :    2 : [2820, 2838]
703.7 :    3 : [2841, 2867, 2913]
703.8 :    1 : [2889]
704.1 :    3 : [2843, 2848, 2886]
704.3 :    1 : [2876]
704.4 :    2 : [2818, 2836]
704.5 :    2 : [2850, 2896]
704.7 :    1 : [2917]
704.8 :    2 : [2880, 2895]
704.9 :    4 : [2830, 2834, 2891, 2912]
705.0 :    3 : [2871, 2883, 2907]
705.1 :    7 : [2837, 2851, 2855, 2859, 2865, 2872, 2894]
705.2 :    4 : [2852, 2857, 2866, 2916]
705.3 :    1 : [2906]
705.4 :    2 : [2844, 2861]
705.5 :    3 : [2839, 2860, 2878]
705.6 :    1 : [2899]
705.7 :    6 : [2819, 2820, 2821, 2838, 2868, 2870]
705.9 :    1 : [2903]
706.1 :    2 : [2841, 2913]
706.3 :    1 : [2867]
706.4 :    3 : [2840, 2882, 2886]
706.5 :    3 : [2843, 2876, 2901]
706.6 :    1 : [2825]
706.7 :    1 : [2856]
706.8 :    1 : [2848]
706.9 :    2 : [2831, 2902]
707.0 :    3 : [2864, 2896, 2917]
707.1 :    3 : [2830, 2880, 2892]
707.2 :    1 : [2849]
707.3 :    1 : [2907]
707.4 :    2 : [2837, 2872]
707.5 :    4 : [2818, 2859, 2912, 2916]
707.7 :    2 : [2823, 2860]
707.8 :    1 : [2839]
707.9 :    2 : [2868, 2899]
708.0 :    3 : [2819, 2865, 2870]
708.1 :    1 : [2903]
708.2 :    1 : [2821]
708.3 :    1 : [2841]
708.9 :    2 : [2840, 2901]
709.2 :    4 : [2856, 2887, 2906, 2917]
709.5 :    2 : [2864, 2896]
709.7 :    1 : [2916]
709.9 :    1 : [2892]
710.1 :    2 : [2819, 2899]
711.5 :    1 : [2906]
711.8 :    1 : [2901]
712.4 :    1 : [2823]
713.2 :    1 : [2882]
713.9 :    1 : [2824]
714.1 :    1 : [2877]
714.4 :    2 : [2866, 2889]
714.7 :    1 : [2823]
714.9 :    1 : [2847]
715.0 :    1 : [2831]
715.4 :    1 : [2882]
715.5 :    1 : [2898]
715.6 :    1 : [2822]
715.9 :    1 : [2849]
716.5 :    2 : [2824, 2877]
716.6 :    2 : [2866, 2889]
717.1 :    1 : [2904]
717.2 :    2 : [2831, 2847]
717.3 :    1 : [2884]
717.5 :    1 : [2887]
717.6 :    1 : [2900]
717.8 :    1 : [2898]
717.9 :    1 : [2908]
718.0 :    4 : [2822, 2825, 2849, 2853]
718.2 :    1 : [2905]
718.7 :    1 : [2909]
719.1 :    1 : [2863]
719.4 :    1 : [2904]
719.7 :    1 : [2887]
720.2 :    1 : [2825]
720.3 :    2 : [2853, 2908]
720.6 :    1 : [2905]
721.0 :    1 : [2909]
721.1 :    1 : [2902]
721.5 :    1 : [2827]
721.7 :    1 : [2863]
722.5 :    1 : [2850]
723.1 :    3 : [2835, 2875, 2909]
723.4 :    2 : [2881, 2902]
723.6 :    1 : [2855]
723.8 :    1 : [2863]
723.9 :    1 : [2827]
724.0 :    1 : [2884]
724.2 :    1 : [2879]
724.3 :    1 : [2832]
724.5 :    1 : [2829]
724.8 :    2 : [2850, 2911]
725.1 :    1 : [2842]
725.4 :    2 : [2875, 2900]
725.5 :    1 : [2835]
725.7 :    2 : [2845, 2895]
725.8 :    2 : [2855, 2881]
725.9 :    1 : [2828]
726.0 :    2 : [2857, 2883]
726.2 :    1 : [2884]
726.3 :    1 : [2843]
726.4 :    1 : [2869]
726.5 :    1 : [2879]
726.6 :    1 : [2878]
726.7 :    2 : [2832, 2858]
726.8 :    2 : [2829, 2892]
726.9 :    1 : [2867]
727.0 :    1 : [2821]
727.1 :    4 : [2840, 2850, 2911, 2913]
727.3 :    1 : [2851]
727.4 :    3 : [2842, 2870, 2871]
727.6 :    1 : [2900]
727.8 :    1 : [2894]
727.9 :    1 : [2914]
728.0 :    3 : [2845, 2881, 2895]
728.1 :    1 : [2886]
728.2 :    3 : [2828, 2855, 2865]
728.3 :    3 : [2856, 2857, 2883]
728.4 :    2 : [2834, 2872]
728.6 :    4 : [2830, 2843, 2880, 2903]
728.7 :    1 : [2869]
728.9 :    3 : [2829, 2878, 2915]
729.0 :    2 : [2858, 2912]
729.1 :    1 : [2893]
729.2 :    3 : [2867, 2892, 2911]
729.3 :    2 : [2821, 2890]
729.4 :    5 : [2832, 2840, 2879, 2907, 2913]
729.5 :    1 : [2842]
729.6 :    3 : [2833, 2861, 2891]
729.7 :    5 : [2848, 2851, 2852, 2870, 2871]
729.9 :    1 : [2838]
730.1 :    1 : [2864]
730.2 :    1 : [2854]
730.3 :    1 : [2897]
730.4 :    2 : [2886, 2914]
730.5 :    1 : [2865]
730.7 :    1 : [2872]
730.8 :    2 : [2824, 2869]
730.9 :    2 : [2880, 2903]
731.0 :    3 : [2830, 2856, 2883]
731.1 :    2 : [2844, 2858]
731.2 :    2 : [2912, 2915]
731.4 :    1 : [2876]
731.6 :    1 : [2907]
731.9 :    2 : [2860, 2893]
732.0 :    1 : [2852]
732.1 :    1 : [2841]
732.3 :    2 : [2848, 2864]
732.6 :    2 : [2854, 2890]
732.7 :    1 : [2914]
732.8 :    1 : [2833]
733.0 :    2 : [2819, 2897]
733.2 :    1 : [2916]
733.3 :    1 : [2915]
733.4 :    2 : [2824, 2906]
734.0 :    1 : [2876]
734.1 :    1 : [2893]
734.5 :    1 : [2877]
734.7 :    1 : [2860]
734.8 :    2 : [2854, 2890]
734.9 :    1 : [2833]
735.2 :    2 : [2897, 2899]
735.6 :    1 : [2916]
735.8 :    1 : [2847]
735.9 :    1 : [2906]
736.9 :    1 : [2877]
737.7 :    1 : [2899]
738.1 :    1 : [2847]
738.5 :    1 : [2908]
738.8 :    2 : [2844, 2898]
739.0 :    2 : [2891, 2894]
739.2 :    1 : [2861]
739.7 :    1 : [2822]
739.8 :    1 : [2841]
740.1 :    1 : [2904]
740.5 :    1 : [2853]
741.1 :    2 : [2844, 2898]
741.2 :    4 : [2834, 2891, 2894, 2908]
741.5 :    2 : [2819, 2861]
742.0 :    1 : [2822]
742.1 :    1 : [2841]
742.3 :    2 : [2901, 2905]
742.4 :    1 : [2904]
742.7 :    1 : [2838]
742.8 :    1 : [2853]
743.1 :    1 : [2888]
743.4 :    1 : [2834]
743.5 :    1 : [2870]
743.7 :    1 : [2819]
743.8 :    1 : [2823]
744.7 :    1 : [2905]
744.9 :    2 : [2827, 2838]
745.4 :    1 : [2901]
745.6 :    1 : [2888]
745.8 :    1 : [2882]
746.2 :    1 : [2835]
746.9 :    1 : [2875]
747.2 :    2 : [2827, 2892]
747.6 :    1 : [2901]
747.7 :    1 : [2888]
747.9 :    1 : [2896]
748.0 :    1 : [2823]
748.3 :    1 : [2828]
748.6 :    2 : [2835, 2882]
748.8 :    1 : [2895]
749.2 :    4 : [2851, 2866, 2875, 2887]
749.6 :    2 : [2892, 2900]
749.9 :    2 : [2857, 2859]
750.0 :    1 : [2849]
750.1 :    1 : [2845]
750.2 :    1 : [2823]
750.4 :    1 : [2896]
750.6 :    2 : [2828, 2840]
750.8 :    4 : [2843, 2848, 2882, 2889]
751.3 :    2 : [2878, 2895]
751.4 :    2 : [2856, 2872]
751.5 :    3 : [2824, 2836, 2866]
751.6 :    4 : [2820, 2851, 2871, 2887]
752.0 :    1 : [2875]
752.1 :    2 : [2830, 2900]
752.2 :    2 : [2821, 2857]
752.3 :    4 : [2831, 2849, 2852, 2859]
752.4 :    3 : [2845, 2867, 2913]
752.5 :    3 : [2825, 2886, 2896]
752.7 :    2 : [2876, 2902]
752.8 :    1 : [2890]
752.9 :    2 : [2837, 2840]
753.1 :    2 : [2843, 2848]
753.2 :    5 : [2818, 2863, 2865, 2889, 2893]
753.5 :    3 : [2878, 2903, 2909]
753.6 :    2 : [2866, 2880]
753.7 :    5 : [2856, 2872, 2879, 2907, 2912]
753.8 :    5 : [2833, 2836, 2858, 2864, 2887]
753.9 :    4 : [2820, 2824, 2842, 2871]
754.0 :    1 : [2860]
754.4 :    2 : [2830, 2859]
754.5 :    3 : [2821, 2829, 2849]
754.6 :    3 : [2839, 2852, 2884]
754.7 :    3 : [2867, 2886, 2913]
754.8 :    3 : [2868, 2877, 2906]
754.9 :    2 : [2825, 2831]
755.1 :    2 : [2876, 2902]
755.2 :    1 : [2917]
755.3 :    1 : [2837]
755.4 :    2 : [2869, 2889]
755.5 :    3 : [2865, 2870, 2883]
755.6 :    2 : [2818, 2863]
755.8 :    2 : [2880, 2903]
755.9 :    2 : [2836, 2907]
756.0 :    2 : [2864, 2912]
756.1 :    1 : [2820]
756.3 :    2 : [2842, 2860]
756.4 :    2 : [2899, 2916]
756.9 :    1 : [2884]
757.1 :    3 : [2825, 2831, 2877]
757.2 :    3 : [2839, 2868, 2906]
757.4 :    1 : [2902]
757.5 :    2 : [2837, 2917]
757.6 :    1 : [2909]
757.7 :    1 : [2818]
757.8 :    1 : [2870]
757.9 :    1 : [2863]
758.1 :    1 : [2869]
758.7 :    1 : [2916]
759.0 :    1 : [2847]
759.1 :    1 : [2899]
759.3 :    2 : [2868, 2884]
759.4 :    1 : [2839]
759.6 :    1 : [2917]
759.9 :    1 : [2909]
760.5 :    1 : [2908]
761.4 :    1 : [2847]
762.4 :    1 : [2916]
762.9 :    2 : [2898, 2908]
763.5 :    2 : [2829, 2879]
763.6 :    1 : [2904]
764.2 :    1 : [2822]
764.3 :    1 : [2853]
765.0 :    1 : [2905]
765.2 :    1 : [2898]
765.7 :    2 : [2829, 2879]
765.9 :    1 : [2904]
766.1 :    1 : [2883]
766.3 :    1 : [2891]
766.5 :    1 : [2822]
766.7 :    1 : [2853]
766.9 :    1 : [2914]
767.3 :    1 : [2905]
767.4 :    1 : [2894]
767.8 :    1 : [2844]
767.9 :    2 : [2858, 2898]
768.2 :    2 : [2833, 2890]
768.3 :    2 : [2827, 2883]
768.4 :    1 : [2841]
768.6 :    1 : [2892]
769.0 :    1 : [2904]
769.6 :    2 : [2834, 2914]
769.7 :    1 : [2894]
770.1 :    2 : [2858, 2891]
770.5 :    2 : [2833, 2890]
770.6 :    4 : [2835, 2844, 2893, 2900]
770.7 :    1 : [2827]
770.9 :    1 : [2892]
771.7 :    1 : [2828]
771.8 :    2 : [2824, 2914]
771.9 :    1 : [2834]
772.1 :    1 : [2894]
772.4 :    1 : [2891]
772.7 :    2 : [2841, 2895]
772.8 :    1 : [2832]
772.9 :    3 : [2835, 2844, 2893]
773.0 :    3 : [2856, 2861, 2900]
773.1 :    1 : [2851]
773.5 :    2 : [2838, 2881]
774.0 :    1 : [2828]
774.1 :    5 : [2824, 2834, 2840, 2845, 2848]
774.2 :    1 : [2843]
774.5 :    2 : [2827, 2857]
774.6 :    1 : [2913]
774.7 :    1 : [2872]
774.9 :    1 : [2841]
775.0 :    1 : [2895]
775.3 :    5 : [2832, 2856, 2861, 2878, 2893]
775.4 :    2 : [2821, 2851]
775.6 :    2 : [2852, 2871]
775.7 :    1 : [2877]
775.8 :    2 : [2838, 2881]
775.9 :    3 : [2875, 2876, 2901]
776.0 :    3 : [2835, 2842, 2867]
776.1 :    1 : [2886]
776.3 :    1 : [2819]
776.4 :    3 : [2840, 2845, 2848]
776.5 :    2 : [2830, 2843]
776.8 :    3 : [2857, 2896, 2906]
776.9 :    2 : [2864, 2913]
777.0 :    3 : [2865, 2872, 2880]
777.1 :    2 : [2823, 2911]
777.2 :    1 : [2855]
777.3 :    2 : [2828, 2850]
777.4 :    2 : [2832, 2854]
777.5 :    4 : [2860, 2861, 2870, 2907]
777.6 :    2 : [2878, 2912]
777.7 :    2 : [2821, 2903]
777.8 :    2 : [2882, 2895]
777.9 :    1 : [2881]
778.0 :    4 : [2838, 2852, 2871, 2877]
778.2 :    2 : [2876, 2897]
778.3 :    4 : [2842, 2867, 2875, 2901]
778.4 :    1 : [2886]
778.9 :    1 : [2819]
779.0 :    1 : [2887]
779.2 :    2 : [2864, 2906]
779.3 :    4 : [2840, 2865, 2869, 2880]
779.6 :    1 : [2823]
779.7 :    3 : [2854, 2855, 2911]
779.8 :    3 : [2820, 2860, 2907]
779.9 :    1 : [2912]
780.0 :    3 : [2818, 2870, 2903]
780.2 :    2 : [2878, 2882]
780.3 :    4 : [2830, 2850, 2872, 2888]
780.5 :    1 : [2836]
780.6 :    2 : [2897, 2901]
780.7 :    1 : [2896]
781.0 :    2 : [2819, 2849]
781.1 :    1 : [2886]
781.3 :    1 : [2899]
781.5 :    1 : [2887]
781.7 :    1 : [2869]
781.8 :    3 : [2854, 2855, 2911]
781.9 :    1 : [2880]
782.0 :    2 : [2823, 2868]
782.4 :    1 : [2850]
782.6 :    1 : [2830]
782.7 :    1 : [2897]
783.2 :    1 : [2908]
783.3 :    1 : [2888]
783.9 :    1 : [2847]
785.5 :    1 : [2888]
785.6 :    1 : [2908]
786.2 :    1 : [2905]
786.3 :    2 : [2847, 2916]
786.9 :    1 : [2853]
788.1 :    1 : [2899]
788.8 :    1 : [2822]
788.9 :    1 : [2905]
789.1 :    1 : [2916]
789.2 :    1 : [2853]
789.7 :    1 : [2820]
790.0 :    1 : [2849]
790.3 :    1 : [2836]
790.4 :    2 : [2892, 2899]
791.1 :    1 : [2822]
791.4 :    1 : [2884]
791.9 :    1 : [2820]
792.0 :    1 : [2877]
792.2 :    2 : [2849, 2900]
792.5 :    2 : [2818, 2836]
792.7 :    3 : [2824, 2892, 2904]
793.2 :    1 : [2898]
793.6 :    1 : [2868]
794.5 :    1 : [2879]
794.6 :    2 : [2884, 2900]
794.7 :    1 : [2818]
795.0 :    2 : [2824, 2904]
795.7 :    2 : [2851, 2898]
795.8 :    1 : [2868]
796.4 :    1 : [2883]
796.6 :    1 : [2870]
796.8 :    2 : [2879, 2884]
797.2 :    2 : [2827, 2848]
797.8 :    1 : [2845]
798.0 :    1 : [2851]
798.4 :    1 : [2843]
798.5 :    4 : [2844, 2857, 2875, 2894]
798.7 :    1 : [2883]
799.0 :    1 : [2879]
799.1 :    2 : [2858, 2896]
799.2 :    1 : [2834]
799.3 :    2 : [2821, 2870]
799.4 :    1 : [2856]
799.5 :    1 : [2848]
799.6 :    1 : [2852]
799.7 :    2 : [2827, 2891]
799.8 :    1 : [2837]
799.9 :    1 : [2913]
800.1 :    2 : [2845, 2890]
800.2 :    1 : [2876]
800.3 :    1 : [2829]
800.4 :    1 : [2832]
800.5 :    1 : [2889]
800.6 :    1 : [2882]
800.7 :    3 : [2843, 2887, 2906]
800.8 :    5 : [2842, 2844, 2857, 2875, 2894]
800.9 :    5 : [2828, 2833, 2871, 2883, 2909]
801.1 :    1 : [2863]
801.2 :    1 : [2860]
801.3 :    1 : [2866]
801.4 :    6 : [2835, 2839, 2858, 2865, 2867, 2896]
801.5 :    3 : [2821, 2834, 2907]
801.6 :    1 : [2881]
801.7 :    2 : [2856, 2859]
801.9 :    3 : [2831, 2852, 2853]
802.0 :    2 : [2864, 2891]
802.1 :    4 : [2837, 2903, 2908, 2912]
802.2 :    1 : [2913]
802.4 :    1 : [2890]
802.5 :    3 : [2841, 2876, 2914]
802.7 :    2 : [2829, 2832]
802.8 :    1 : [2889]
802.9 :    2 : [2845, 2882]
803.0 :    3 : [2840, 2887, 2906]
803.1 :    1 : [2869]
803.2 :    1 : [2871]
803.3 :    3 : [2828, 2909, 2917]
803.4 :    1 : [2825]
803.5 :    1 : [2860]
803.6 :    3 : [2858, 2863, 2865]
803.8 :    2 : [2877, 2907]
803.9 :    1 : [2839]
804.0 :    3 : [2866, 2867, 2895]
804.1 :    3 : [2835, 2859, 2872]
804.2 :    4 : [2821, 2833, 2837, 2856]
804.3 :    1 : [2881]
804.4 :    5 : [2831, 2852, 2864, 2891, 2903]
804.5 :    1 : [2912]
804.6 :    2 : [2838, 2890]
804.8 :    2 : [2829, 2908]
804.9 :    4 : [2841, 2889, 2913, 2914]
805.1 :    1 : [2905]
805.3 :    1 : [2869]
805.4 :    1 : [2840]
805.5 :    1 : [2909]
805.6 :    1 : [2886]
805.8 :    1 : [2863]
805.9 :    1 : [2892]
806.0 :    1 : [2825]
806.1 :    3 : [2839, 2866, 2877]
806.3 :    3 : [2859, 2907, 2917]
806.4 :    1 : [2872]
806.6 :    3 : [2831, 2833, 2847]
806.7 :    1 : [2901]
807.1 :    1 : [2914]
807.3 :    1 : [2916]
807.5 :    1 : [2905]
808.2 :    1 : [2825]
808.3 :    1 : [2886]
808.4 :    1 : [2917]
808.6 :    1 : [2892]
808.9 :    1 : [2847]
809.2 :    1 : [2901]
809.7 :    1 : [2916]
810.4 :    1 : [2842]
811.7 :    1 : [2901]
812.8 :    1 : [2842]
812.9 :    1 : [2823]
813.4 :    1 : [2822]
813.6 :    1 : [2895]
814.0 :    1 : [2870]
814.1 :    1 : [2824]
814.9 :    1 : [2898]
815.2 :    1 : [2904]
815.3 :    1 : [2823]
815.7 :    2 : [2822, 2895]
815.8 :    1 : [2900]
816.0 :    1 : [2838]
816.1 :    2 : [2819, 2853]
816.4 :    2 : [2824, 2870]
817.5 :    2 : [2898, 2904]
817.6 :    1 : [2823]
818.2 :    1 : [2838]
818.4 :    1 : [2853]
818.8 :    1 : [2819]
819.2 :    2 : [2827, 2900]
820.3 :    1 : [2851]
820.4 :    1 : [2844]
820.6 :    1 : [2894]
820.9 :    1 : [2875]
821.0 :    1 : [2819]
821.1 :    1 : [2848]
821.4 :    1 : [2834]
821.5 :    1 : [2827]
821.9 :    1 : [2830]
822.4 :    1 : [2861]
822.7 :    1 : [2851]
822.9 :    2 : [2818, 2894]
823.0 :    2 : [2832, 2844]
823.1 :    3 : [2828, 2835, 2843]
823.2 :    3 : [2875, 2878, 2908]
823.4 :    1 : [2848]
823.8 :    1 : [2834]
823.9 :    2 : [2876, 2879]
824.0 :    1 : [2857]
824.1 :    1 : [2896]
824.4 :    3 : [2830, 2887, 2911]
824.5 :    4 : [2841, 2855, 2871, 2880]
824.7 :    1 : [2840]
824.8 :    3 : [2836, 2850, 2861]
825.0 :    1 : [2906]
825.1 :    2 : [2860, 2893]
825.2 :    2 : [2818, 2820]
825.3 :    2 : [2832, 2881]
825.4 :    5 : [2828, 2835, 2843, 2868, 2882]
825.5 :    3 : [2851, 2865, 2878]
825.6 :    2 : [2864, 2908]
825.7 :    3 : [2877, 2892, 2899]
825.8 :    1 : [2867]
826.0 :    1 : [2849]
826.2 :    2 : [2848, 2876]
826.3 :    2 : [2857, 2879]
826.4 :    1 : [2896]
826.5 :    2 : [2830, 2872]
826.6 :    1 : [2903]
826.7 :    5 : [2871, 2887, 2897, 2911, 2912]
826.8 :    3 : [2841, 2855, 2880]
826.9 :    1 : [2861]
827.0 :    3 : [2840, 2850, 2905]
827.1 :    3 : [2836, 2866, 2886]
827.3 :    1 : [2906]
827.4 :    4 : [2818, 2860, 2869, 2893]
827.5 :    1 : [2820]
827.6 :    2 : [2878, 2883]
827.7 :    4 : [2865, 2868, 2882, 2884]
827.9 :    3 : [2864, 2891, 2899]
828.0 :    2 : [2877, 2892]
828.1 :    1 : [2859]
828.2 :    1 : [2867]
828.3 :    2 : [2849, 2854]
828.4 :    1 : [2863]
828.8 :    3 : [2821, 2872, 2911]
828.9 :    3 : [2855, 2880, 2903]
829.0 :    2 : [2831, 2912]
829.1 :    4 : [2839, 2850, 2852, 2897]
829.3 :    3 : [2836, 2871, 2896]
829.4 :    2 : [2886, 2905]
829.5 :    3 : [2829, 2866, 2893]
829.7 :    1 : [2869]
829.8 :    1 : [2856]
829.9 :    1 : [2868]
830.0 :    1 : [2899]
830.1 :    1 : [2824]
830.2 :    2 : [2860, 2888]
830.3 :    1 : [2884]
830.4 :    2 : [2847, 2849]
830.5 :    2 : [2864, 2883]
831.2 :    1 : [2897]
831.5 :    1 : [2916]
831.6 :    1 : [2852]
831.7 :    1 : [2854]
831.9 :    1 : [2829]
832.7 :    2 : [2847, 2884]
832.8 :    1 : [2888]
833.8 :    1 : [2854]
833.9 :    1 : [2916]
834.3 :    1 : [2870]
834.9 :    1 : [2888]
835.3 :    1 : [2856]
836.4 :    1 : [2822]
836.7 :    1 : [2870]
837.1 :    1 : [2845]
837.2 :    2 : [2863, 2916]
837.5 :    3 : [2856, 2898, 2904]
837.6 :    1 : [2900]
838.0 :    1 : [2891]
838.4 :    1 : [2881]
838.7 :    1 : [2822]
838.9 :    1 : [2853]
839.4 :    1 : [2863]
839.7 :    2 : [2845, 2898]
839.8 :    2 : [2859, 2904]
839.9 :    1 : [2900]
840.0 :    1 : [2831]
840.2 :    1 : [2891]
840.6 :    1 : [2881]
841.1 :    1 : [2821]
841.3 :    1 : [2853]
841.4 :    1 : [2822]
841.6 :    1 : [2895]
841.9 :    1 : [2845]
842.2 :    1 : [2827]
842.4 :    1 : [2839]
842.5 :    1 : [2831]
842.7 :    1 : [2824]
842.9 :    1 : [2859]
843.3 :    1 : [2821]
844.0 :    1 : [2895]
844.5 :    1 : [2827]
844.7 :    1 : [2839]
845.1 :    1 : [2824]
845.2 :    1 : [2875]
845.5 :    1 : [2877]
845.9 :    1 : [2834]
846.0 :    1 : [2844]
846.1 :    2 : [2894, 2908]
846.3 :    3 : [2828, 2892, 2895]
847.0 :    2 : [2835, 2838]
847.3 :    1 : [2832]
847.4 :    1 : [2879]
847.5 :    1 : [2875]
847.6 :    2 : [2820, 2843]
847.7 :    1 : [2876]
847.8 :    1 : [2877]
847.9 :    1 : [2857]
848.1 :    1 : [2842]
848.2 :    1 : [2834]
848.4 :    4 : [2844, 2889, 2894, 2908]
848.7 :    3 : [2823, 2828, 2892]
848.9 :    2 : [2840, 2887]
849.2 :    3 : [2901, 2906, 2913]
849.3 :    3 : [2835, 2838, 2905]
849.4 :    1 : [2883]
849.5 :    2 : [2837, 2841]
849.6 :    1 : [2832]
849.7 :    3 : [2848, 2872, 2879]
849.9 :    3 : [2820, 2843, 2867]
850.0 :    3 : [2858, 2865, 2876]
850.2 :    1 : [2857]
850.3 :    2 : [2851, 2882]
850.4 :    2 : [2842, 2875]
850.6 :    1 : [2825]
850.7 :    1 : [2889]
850.8 :    2 : [2834, 2894]
850.9 :    2 : [2844, 2912]
851.0 :    1 : [2823]
851.1 :    1 : [2890]
851.2 :    2 : [2840, 2887]
851.4 :    1 : [2909]
851.5 :    6 : [2838, 2861, 2866, 2901, 2906, 2913]
851.6 :    2 : [2819, 2905]
851.7 :    2 : [2852, 2883]
851.8 :    4 : [2830, 2837, 2841, 2903]
851.9 :    1 : [2886]
852.0 :    2 : [2869, 2872]
852.1 :    1 : [2848]
852.2 :    1 : [2907]
852.3 :    2 : [2865, 2867]
852.4 :    3 : [2858, 2878, 2917]
852.5 :    1 : [2842]
852.6 :    2 : [2829, 2882]
852.8 :    1 : [2889]
853.0 :    1 : [2825]
853.1 :    1 : [2880]
853.2 :    4 : [2818, 2823, 2851, 2912]
853.6 :    3 : [2901, 2913, 2914]
853.7 :    3 : [2887, 2890, 2909]
853.8 :    2 : [2861, 2866]
853.9 :    2 : [2819, 2837]
854.0 :    2 : [2852, 2896]
854.1 :    4 : [2886, 2903, 2906, 2915]
854.2 :    1 : [2830]
854.3 :    1 : [2869]
854.4 :    1 : [2860]
854.5 :    1 : [2847]
854.6 :    3 : [2858, 2870, 2907]
855.2 :    2 : [2825, 2917]
855.6 :    1 : [2899]
855.8 :    2 : [2890, 2909]
856.1 :    2 : [2819, 2914]
856.5 :    1 : [2915]
856.7 :    1 : [2907]
856.9 :    1 : [2847]
857.0 :    1 : [2864]
857.1 :    1 : [2870]
857.4 :    1 : [2917]
858.2 :    1 : [2914]
858.3 :    1 : [2899]
858.6 :    1 : [2915]
859.5 :    1 : [2864]
859.6 :    1 : [2898]
860.0 :    1 : [2916]
860.6 :    1 : [2856]
860.8 :    1 : [2904]
861.4 :    1 : [2853]
861.7 :    1 : [2900]
862.1 :    1 : [2898]
862.2 :    1 : [2877]
862.3 :    2 : [2864, 2916]
862.5 :    1 : [2884]
862.7 :    2 : [2878, 2880]
862.8 :    2 : [2856, 2860]
863.1 :    1 : [2904]
863.6 :    1 : [2829]
863.7 :    1 : [2853]
863.8 :    1 : [2818]
864.0 :    2 : [2896, 2900]
864.4 :    1 : [2888]
864.6 :    2 : [2824, 2877]
864.9 :    3 : [2878, 2880, 2884]
865.0 :    2 : [2860, 2891]
865.2 :    1 : [2827]
865.9 :    1 : [2829]
866.0 :    1 : [2818]
866.2 :    1 : [2896]
867.0 :    1 : [2824]
867.4 :    2 : [2892, 2908]
867.5 :    2 : [2827, 2891]
867.8 :    1 : [2884]
868.6 :    1 : [2888]
868.9 :    1 : [2881]
869.4 :    1 : [2832]
869.6 :    1 : [2835]
869.7 :    2 : [2892, 2908]
870.1 :    2 : [2828, 2891]
870.5 :    1 : [2821]
870.6 :    1 : [2836]
870.8 :    1 : [2888]
870.9 :    2 : [2855, 2879]
871.2 :    4 : [2843, 2851, 2863, 2881]
871.3 :    1 : [2911]
871.4 :    1 : [2905]
871.6 :    3 : [2840, 2876, 2893]
871.7 :    2 : [2827, 2832]
871.9 :    1 : [2848]
872.0 :    1 : [2835]
872.4 :    3 : [2828, 2845, 2871]
872.5 :    2 : [2872, 2883]
872.8 :    2 : [2821, 2857]
872.9 :    2 : [2841, 2850]
873.0 :    1 : [2836]
873.2 :    3 : [2855, 2865, 2879]
873.4 :    4 : [2839, 2859, 2881, 2895]
873.5 :    3 : [2843, 2851, 2875]
873.6 :    1 : [2863]
873.7 :    1 : [2882]
873.8 :    3 : [2861, 2903, 2905]
873.9 :    2 : [2876, 2911]
874.0 :    3 : [2840, 2867, 2893]
874.2 :    2 : [2831, 2848]
874.4 :    1 : [2820]
874.5 :    2 : [2834, 2886]
874.6 :    3 : [2852, 2866, 2868]
874.7 :    2 : [2845, 2894]
874.9 :    4 : [2870, 2871, 2872, 2883]
875.0 :    1 : [2821]
875.1 :    3 : [2830, 2836, 2854]
875.2 :    1 : [2857]
875.3 :    3 : [2841, 2850, 2855]
875.5 :    2 : [2849, 2912]
875.6 :    1 : [2865]
875.7 :    3 : [2839, 2895, 2904]
875.8 :    4 : [2828, 2859, 2863, 2869]
875.9 :    2 : [2875, 2882]
876.0 :    3 : [2822, 2911, 2913]
876.1 :    3 : [2861, 2893, 2903]
876.2 :    2 : [2843, 2879]
876.3 :    1 : [2867]
876.7 :    1 : [2831]
876.8 :    2 : [2820, 2886]
876.9 :    2 : [2852, 2868]
877.0 :    3 : [2845, 2866, 2871]
877.3 :    2 : [2858, 2870]
877.4 :    2 : [2850, 2854]
877.5 :    2 : [2830, 2834]
877.6 :    1 : [2894]
877.7 :    1 : [2899]
877.8 :    4 : [2838, 2844, 2849, 2912]
877.9 :    1 : [2839]
878.0 :    1 : [2859]
878.1 :    1 : [2869]
878.2 :    3 : [2841, 2895, 2904]
878.3 :    1 : [2913]
878.4 :    3 : [2822, 2906, 2909]
878.5 :    3 : [2882, 2887, 2901]
878.6 :    1 : [2823]
878.9 :    1 : [2831]
879.0 :    1 : [2868]
879.2 :    1 : [2847]
879.7 :    1 : [2854]
879.9 :    1 : [2849]
880.1 :    1 : [2899]
880.6 :    1 : [2822]
881.0 :    1 : [2898]
881.1 :    1 : [2901]
881.3 :    1 : [2916]
881.5 :    1 : [2907]
881.6 :    1 : [2847]
882.5 :    1 : [2856]
882.9 :    1 : [2824]
883.1 :    1 : [2877]
883.4 :    1 : [2898]
883.6 :    2 : [2900, 2916]
883.9 :    1 : [2907]
884.8 :    2 : [2853, 2856]
884.9 :    1 : [2823]
885.3 :    2 : [2824, 2844]
885.4 :    1 : [2847]
885.6 :    1 : [2877]
886.1 :    1 : [2900]
886.6 :    1 : [2908]
886.8 :    2 : [2887, 2907]
887.1 :    2 : [2823, 2906]
887.2 :    2 : [2853, 2864]
887.5 :    1 : [2844]
887.9 :    1 : [2892]
888.7 :    1 : [2909]
889.0 :    2 : [2838, 2887]
889.1 :    1 : [2908]
889.2 :    1 : [2914]
889.4 :    1 : [2906]
889.7 :    1 : [2819]
889.8 :    1 : [2864]
890.2 :    1 : [2892]
890.3 :    1 : [2858]
891.0 :    1 : [2909]
891.2 :    1 : [2838]
891.6 :    1 : [2914]
892.3 :    1 : [2905]
892.5 :    3 : [2858, 2889, 2896]
892.6 :    1 : [2819]
892.7 :    1 : [2837]
892.9 :    1 : [2835]
893.9 :    1 : [2914]
894.4 :    1 : [2827]
894.5 :    1 : [2878]
894.6 :    1 : [2848]
894.8 :    3 : [2819, 2889, 2905]
894.9 :    2 : [2832, 2896]
895.0 :    1 : [2851]
895.1 :    1 : [2837]
895.2 :    1 : [2835]
895.3 :    1 : [2840]
895.5 :    2 : [2818, 2875]
895.6 :    3 : [2860, 2870, 2872]
896.1 :    1 : [2834]
896.3 :    1 : [2842]
896.7 :    1 : [2876]
896.8 :    2 : [2827, 2878]
896.9 :    3 : [2825, 2848, 2889]
897.0 :    2 : [2857, 2883]
897.1 :    1 : [2880]
897.2 :    2 : [2837, 2896]
897.3 :    3 : [2832, 2851, 2904]
897.4 :    1 : [2890]
897.5 :    1 : [2894]
897.7 :    1 : [2840]
897.8 :    1 : [2875]
897.9 :    2 : [2818, 2872]
898.0 :    3 : [2829, 2860, 2870]
898.2 :    1 : [2852]
898.4 :    1 : [2834]
898.7 :    1 : [2842]
898.8 :    1 : [2820]
899.0 :    3 : [2867, 2876, 2878]
899.1 :    1 : [2917]
899.2 :    3 : [2825, 2828, 2865]
899.3 :    2 : [2857, 2866]
899.4 :    5 : [2861, 2880, 2883, 2889, 2891]
899.5 :    1 : [2901]
899.7 :    5 : [2830, 2832, 2886, 2890, 2904]
899.8 :    3 : [2853, 2894, 2912]
899.9 :    2 : [2837, 2913]
900.1 :    1 : [2818]
900.2 :    1 : [2860]
900.3 :    3 : [2829, 2884, 2898]
900.5 :    3 : [2824, 2852, 2903]
900.7 :    1 : [2840]
900.8 :    1 : [2821]
900.9 :    3 : [2842, 2869, 2871]
901.1 :    2 : [2863, 2879]
901.2 :    1 : [2820]
901.3 :    2 : [2825, 2867]
901.4 :    2 : [2915, 2917]
901.5 :    1 : [2865]
901.6 :    3 : [2828, 2880, 2899]
901.7 :    1 : [2866]
901.8 :    1 : [2891]
901.9 :    2 : [2890, 2901]
902.0 :    4 : [2830, 2861, 2883, 2886]
902.1 :    1 : [2912]
902.2 :    1 : [2845]
902.3 :    1 : [2913]
902.5 :    3 : [2829, 2843, 2849]
902.6 :    1 : [2897]
902.7 :    1 : [2868]
902.8 :    1 : [2903]
902.9 :    2 : [2824, 2884]
903.0 :    1 : [2877]
903.2 :    1 : [2869]
903.3 :    1 : [2852]
903.5 :    2 : [2856, 2917]
904.2 :    2 : [2899, 2916]
904.4 :    2 : [2841, 2915]
904.5 :    1 : [2891]
904.6 :    1 : [2830]
904.8 :    3 : [2845, 2861, 2900]
905.1 :    1 : [2884]
905.3 :    1 : [2877]
905.5 :    1 : [2897]
906.3 :    1 : [2856]
906.4 :    1 : [2864]
906.5 :    1 : [2915]
906.6 :    1 : [2916]
906.9 :    1 : [2841]
907.5 :    1 : [2892]
907.6 :    2 : [2897, 2900]
908.5 :    1 : [2863]
909.1 :    1 : [2908]
909.4 :    1 : [2864]
909.7 :    1 : [2879]
909.9 :    1 : [2892]
910.2 :    1 : [2822]
910.7 :    1 : [2863]
911.5 :    3 : [2843, 2898, 2908]
912.0 :    1 : [2879]
912.2 :    1 : [2870]
912.3 :    1 : [2871]
912.6 :    2 : [2821, 2822]
913.1 :    1 : [2849]
913.4 :    1 : [2868]
913.5 :    2 : [2847, 2853]
913.7 :    1 : [2888]
913.8 :    2 : [2843, 2898]
914.5 :    4 : [2823, 2844, 2871, 2905]
914.6 :    1 : [2870]
914.8 :    1 : [2822]
914.9 :    1 : [2821]
915.6 :    1 : [2849]
915.8 :    2 : [2853, 2868]
915.9 :    1 : [2835]
916.6 :    1 : [2827]
916.9 :    1 : [2872]
917.0 :    3 : [2844, 2888, 2905]
917.1 :    1 : [2882]
917.2 :    1 : [2823]
917.7 :    1 : [2906]
917.8 :    1 : [2887]
918.0 :    1 : [2904]
918.3 :    2 : [2848, 2851]
918.4 :    1 : [2835]
918.9 :    1 : [2827]
919.1 :    2 : [2888, 2895]
919.2 :    1 : [2834]
919.3 :    2 : [2844, 2875]
919.4 :    1 : [2872]
919.5 :    2 : [2876, 2882]
919.6 :    1 : [2823]
919.9 :    1 : [2836]
920.2 :    1 : [2906]
920.4 :    2 : [2894, 2904]
920.5 :    1 : [2887]
920.6 :    1 : [2851]
920.7 :    2 : [2838, 2848]
921.0 :    4 : [2824, 2828, 2847, 2858]
921.5 :    2 : [2834, 2895]
921.7 :    1 : [2882]
921.8 :    2 : [2875, 2876]
922.0 :    1 : [2893]
922.1 :    1 : [2857]
922.2 :    1 : [2836]
922.4 :    2 : [2881, 2906]
922.6 :    1 : [2839]
922.7 :    1 : [2887]
922.8 :    2 : [2867, 2894]
923.0 :    4 : [2838, 2865, 2866, 2913]
923.2 :    2 : [2847, 2855]
923.3 :    2 : [2831, 2858]
923.4 :    3 : [2820, 2828, 2911]
923.5 :    1 : [2824]
923.6 :    1 : [2895]
923.7 :    2 : [2850, 2886]
923.8 :    1 : [2901]
923.9 :    1 : [2903]
924.1 :    1 : [2912]
924.2 :    1 : [2845]
924.3 :    2 : [2836, 2893]
924.5 :    1 : [2857]
924.6 :    1 : [2909]
924.7 :    3 : [2877, 2881, 2892]
924.8 :    1 : [2859]
924.9 :    1 : [2900]
925.0 :    2 : [2839, 2876]
925.2 :    1 : [2838]
925.3 :    1 : [2907]
925.5 :    2 : [2858, 2865]
925.6 :    2 : [2819, 2855]
925.8 :    6 : [2820, 2869, 2878, 2882, 2896, 2913]
926.0 :    3 : [2831, 2866, 2886]
926.1 :    3 : [2841, 2899, 2911]
926.2 :    1 : [2903]
926.3 :    2 : [2840, 2901]
926.4 :    2 : [2893, 2912]
926.5 :    1 : [2850]
926.6 :    2 : [2845, 2854]
926.8 :    3 : [2856, 2881, 2914]
927.0 :    4 : [2847, 2877, 2880, 2909]
927.1 :    4 : [2839, 2860, 2883, 2892]
927.2 :    2 : [2859, 2900]
927.3 :    1 : [2867]
927.5 :    2 : [2818, 2891]
927.7 :    1 : [2907]
927.8 :    1 : [2855]
928.0 :    1 : [2819]
928.2 :    2 : [2831, 2869]
928.4 :    1 : [2911]
928.5 :    2 : [2841, 2899]
928.6 :    1 : [2850]
928.9 :    2 : [2852, 2896]
929.1 :    1 : [2916]
929.2 :    1 : [2908]
929.3 :    3 : [2856, 2859, 2909]
929.6 :    1 : [2854]
929.8 :    1 : [2907]
929.9 :    2 : [2864, 2914]
930.3 :    1 : [2819]
931.4 :    3 : [2852, 2896, 2916]
931.5 :    1 : [2908]
931.8 :    1 : [2854]
932.1 :    1 : [2914]
932.2 :    1 : [2864]
932.3 :    1 : [2870]
933.0 :    1 : [2860]
933.9 :    1 : [2916]
935.0 :    1 : [2870]
935.2 :    1 : [2860]
935.3 :    1 : [2840]
935.7 :    1 : [2880]
935.9 :    1 : [2884]
936.1 :    1 : [2878]
936.4 :    1 : [2818]
936.8 :    1 : [2891]
937.0 :    1 : [2883]
937.2 :    1 : [2898]
937.4 :    1 : [2853]
937.6 :    1 : [2840]
937.9 :    1 : [2880]
938.2 :    1 : [2905]
938.3 :    2 : [2878, 2884]
938.5 :    1 : [2872]
938.6 :    1 : [2818]
939.0 :    1 : [2891]
939.2 :    1 : [2883]
939.4 :    1 : [2822]
939.8 :    1 : [2853]
940.1 :    1 : [2835]
940.2 :    1 : [2827]
940.5 :    1 : [2904]
940.6 :    2 : [2884, 2905]
940.7 :    1 : [2832]
941.4 :    2 : [2872, 2879]
941.5 :    1 : [2824]
941.6 :    1 : [2898]
941.7 :    1 : [2863]
941.8 :    3 : [2848, 2851, 2875]
942.4 :    1 : [2827]
942.5 :    1 : [2835]
942.9 :    1 : [2904]
943.1 :    1 : [2832]
943.4 :    2 : [2821, 2834]
943.6 :    1 : [2828]
943.7 :    2 : [2879, 2894]
943.8 :    1 : [2824]
943.9 :    1 : [2898]
944.1 :    5 : [2848, 2851, 2863, 2871, 2875]
944.3 :    1 : [2843]
944.4 :    1 : [2877]
944.8 :    1 : [2892]
945.2 :    1 : [2832]
945.4 :    1 : [2827]
945.5 :    1 : [2857]
945.7 :    2 : [2821, 2834]
945.9 :    1 : [2879]
946.0 :    2 : [2828, 2894]
946.3 :    3 : [2842, 2863, 2867]
946.6 :    2 : [2844, 2871]
946.8 :    3 : [2822, 2843, 2877]
947.0 :    2 : [2890, 2901]
947.1 :    1 : [2866]
947.2 :    2 : [2845, 2900]
947.3 :    1 : [2861]
947.4 :    2 : [2851, 2892]
947.5 :    1 : [2913]
947.7 :    2 : [2848, 2886]
947.8 :    1 : [2857]
947.9 :    1 : [2821]
948.1 :    2 : [2829, 2832]
948.2 :    2 : [2820, 2912]
948.3 :    2 : [2865, 2881]
948.4 :    4 : [2825, 2830, 2856, 2895]
948.5 :    2 : [2823, 2869]
948.6 :    3 : [2867, 2868, 2889]
948.7 :    2 : [2834, 2842]
948.8 :    1 : [2871]
948.9 :    3 : [2844, 2849, 2903]
949.0 :    2 : [2822, 2843]
949.1 :    1 : [2917]
949.2 :    1 : [2908]
949.3 :    4 : [2841, 2890, 2899, 2901]
949.4 :    4 : [2866, 2887, 2893, 2894]
949.5 :    1 : [2852]
949.6 :    2 : [2897, 2900]
949.7 :    1 : [2906]
949.8 :    1 : [2913]
950.0 :    1 : [2886]
950.4 :    2 : [2829, 2861]
950.5 :    1 : [2912]
950.6 :    1 : [2820]
950.7 :    2 : [2830, 2865]
950.8 :    4 : [2825, 2842, 2856, 2869]
950.9 :    2 : [2823, 2868]
951.0 :    1 : [2895]
951.2 :    2 : [2849, 2903]
951.3 :    2 : [2844, 2889]
951.4 :    2 : [2890, 2917]
951.6 :    1 : [2838]
951.7 :    1 : [2899]
951.8 :    4 : [2841, 2864, 2887, 2908]
951.9 :    1 : [2852]
952.0 :    1 : [2897]
952.3 :    1 : [2906]
952.4 :    1 : [2870]
952.6 :    2 : [2829, 2861]
952.8 :    1 : [2830]
953.0 :    1 : [2825]
953.2 :    1 : [2868]
953.3 :    1 : [2823]
953.4 :    2 : [2849, 2889]
953.5 :    1 : [2917]
954.1 :    1 : [2864]
954.2 :    1 : [2897]
954.7 :    1 : [2870]
955.5 :    1 : [2845]
957.6 :    1 : [2916]
957.8 :    1 : [2845]
957.9 :    1 : [2847]
958.2 :    1 : [2888]
959.0 :    2 : [2872, 2876]
959.3 :    1 : [2853]
960.0 :    1 : [2916]
960.1 :    1 : [2907]
960.4 :    1 : [2847]
960.5 :    1 : [2905]
960.6 :    1 : [2888]
960.8 :    1 : [2877]
961.3 :    1 : [2872]
961.4 :    1 : [2838]
961.7 :    3 : [2853, 2881, 2904]
962.0 :    1 : [2876]
962.6 :    1 : [2847]
962.7 :    1 : [2888]
962.8 :    2 : [2819, 2824]
962.9 :    1 : [2905]
963.0 :    2 : [2835, 2907]
963.2 :    1 : [2893]
963.5 :    1 : [2877]
963.6 :    1 : [2838]
964.0 :    1 : [2881]
964.1 :    1 : [2904]
964.2 :    1 : [2876]
965.1 :    1 : [2891]
965.2 :    2 : [2824, 2907]
965.4 :    2 : [2835, 2893]
965.7 :    1 : [2896]
965.9 :    1 : [2892]
966.3 :    2 : [2840, 2875]
966.8 :    1 : [2819]
967.4 :    1 : [2828]
967.5 :    1 : [2891]
967.7 :    2 : [2836, 2883]
968.0 :    1 : [2898]
968.1 :    1 : [2896]
968.2 :    1 : [2892]
968.4 :    1 : [2900]
968.5 :    1 : [2875]
968.7 :    1 : [2840]
969.0 :    1 : [2819]
969.4 :    1 : [2827]
969.6 :    2 : [2878, 2895]
969.7 :    1 : [2828]
969.9 :    2 : [2818, 2880]
970.0 :    1 : [2891]
970.1 :    2 : [2831, 2836]
970.3 :    3 : [2883, 2896, 2898]
970.5 :    2 : [2866, 2911]
970.6 :    1 : [2882]
970.7 :    4 : [2855, 2857, 2887, 2900]
970.8 :    3 : [2856, 2859, 2879]
970.9 :    4 : [2840, 2848, 2851, 2908]
971.0 :    1 : [2865]
971.1 :    1 : [2913]
971.2 :    2 : [2860, 2875]
971.3 :    2 : [2850, 2906]
971.4 :    1 : [2901]
971.5 :    1 : [2867]
971.6 :    2 : [2834, 2909]
971.7 :    1 : [2827]
971.8 :    2 : [2839, 2886]
971.9 :    2 : [2878, 2895]
972.0 :    2 : [2820, 2858]
972.2 :    3 : [2818, 2836, 2880]
972.4 :    2 : [2831, 2852]
972.5 :    2 : [2883, 2903]
972.6 :    2 : [2863, 2914]
972.7 :    1 : [2911]
972.8 :    2 : [2866, 2912]
972.9 :    3 : [2843, 2882, 2887]
973.0 :    4 : [2828, 2855, 2856, 2857]
973.1 :    4 : [2841, 2859, 2870, 2894]
973.2 :    1 : [2908]
973.3 :    4 : [2848, 2851, 2865, 2879]
973.4 :    1 : [2913]
973.6 :    3 : [2850, 2860, 2906]
973.7 :    1 : [2901]
973.8 :    1 : [2867]
973.9 :    3 : [2842, 2861, 2909]
974.1 :    2 : [2878, 2886]
974.2 :    1 : [2839]
974.3 :    1 : [2854]
974.4 :    4 : [2818, 2858, 2869, 2880]
974.5 :    3 : [2820, 2831, 2884]
974.7 :    1 : [2852]
974.8 :    1 : [2903]
974.9 :    3 : [2822, 2899, 2911]
975.0 :    2 : [2882, 2914]
975.1 :    6 : [2821, 2855, 2863, 2864, 2871, 2912]
975.2 :    2 : [2843, 2859]
975.3 :    1 : [2829]
975.4 :    2 : [2841, 2870]
975.5 :    2 : [2844, 2894]
975.7 :    2 : [2850, 2860]
976.0 :    1 : [2909]
976.2 :    5 : [2830, 2842, 2857, 2861, 2865]
976.3 :    1 : [2839]
976.7 :    3 : [2858, 2869, 2886]
976.8 :    1 : [2884]
977.2 :    1 : [2914]
977.4 :    1 : [2899]
977.6 :    1 : [2864]
977.9 :    2 : [2822, 2854]
978.2 :    1 : [2916]
979.1 :    1 : [2884]
980.1 :    1 : [2854]
980.5 :    1 : [2822]
980.6 :    1 : [2916]
981.5 :    1 : [2877]
983.0 :    1 : [2824]
983.1 :    1 : [2872]
983.5 :    1 : [2853]
983.8 :    1 : [2877]
984.4 :    1 : [2830]
984.5 :    1 : [2905]
984.6 :    1 : [2823]
984.8 :    1 : [2821]
985.1 :    1 : [2844]
985.3 :    2 : [2871, 2904]
985.5 :    2 : [2824, 2872]
985.8 :    2 : [2834, 2853]
986.4 :    1 : [2892]
986.5 :    1 : [2829]
986.6 :    1 : [2830]
986.7 :    1 : [2847]
986.8 :    1 : [2905]
987.0 :    1 : [2821]
987.2 :    1 : [2823]
987.4 :    2 : [2835, 2844]
987.5 :    1 : [2871]
987.7 :    1 : [2904]
988.1 :    1 : [2834]
988.3 :    1 : [2898]
988.9 :    2 : [2829, 2892]
989.1 :    1 : [2853]
989.4 :    1 : [2823]
989.8 :    1 : [2835]
991.1 :    1 : [2827]
991.6 :    1 : [2900]
992.2 :    1 : [2832]
992.6 :    1 : [2908]
993.2 :    1 : [2870]
993.3 :    3 : [2848, 2851, 2881]
993.4 :    1 : [2827]
993.5 :    1 : [2889]
993.9 :    2 : [2845, 2900]
994.0 :    2 : [2879, 2895]
994.1 :    1 : [2890]
994.2 :    1 : [2856]
994.4 :    2 : [2893, 2901]
994.5 :    1 : [2832]
994.6 :    2 : [2876, 2913]
994.7 :    1 : [2894]
994.8 :    1 : [2863]
994.9 :    1 : [2908]
995.1 :    2 : [2841, 2891]
995.2 :    1 : [2875]
995.3 :    1 : [2838]
995.4 :    2 : [2852, 2906]
995.5 :    5 : [2843, 2870, 2896, 2898, 2903]
995.6 :    5 : [2847, 2848, 2851, 2866, 2887]
995.7 :    2 : [2867, 2881]
995.8 :    1 : [2889]
995.9 :    2 : [2849, 2907]
996.2 :    3 : [2819, 2828, 2845]
996.3 :    4 : [2836, 2840, 2879, 2895]
996.4 :    4 : [2820, 2856, 2868, 2890]
996.5 :    1 : [2825]
996.6 :    3 : [2832, 2901, 2912]
996.7 :    2 : [2893, 2899]
996.9 :    4 : [2876, 2894, 2897, 2913]
997.0 :    1 : [2842]
997.1 :    2 : [2863, 2917]
997.2 :    1 : [2861]
997.3 :    3 : [2841, 2882, 2883]
997.4 :    2 : [2869, 2891]
997.6 :    3 : [2838, 2875, 2888]
997.7 :    2 : [2852, 2906]
997.8 :    5 : [2843, 2847, 2896, 2898, 2903]
997.9 :    5 : [2860, 2866, 2881, 2887, 2889]
998.0 :    1 : [2867]
998.1 :    2 : [2859, 2878]
998.2 :    3 : [2831, 2849, 2907]
998.4 :    2 : [2818, 2845]
998.5 :    2 : [2819, 2828]
998.6 :    2 : [2840, 2890]
998.8 :    3 : [2855, 2864, 2868]
998.9 :    1 : [2912]
999.0 :    1 : [2899]
