Name: Prefrontal cortex [Glu1], Title: Raster plot from device '20324', Hist: False
416.0 :    2 : [933, 961]
416.2 :    1 : [943]
416.4 :    4 : [905, 910, 929, 971]
416.6 :    3 : [888, 911, 957]
416.7 :    1 : [894]
416.8 :    3 : [936, 953, 967]
417.0 :    2 : [886, 944]
417.1 :    3 : [912, 928, 941]
418.1 :   12 : [887, 892, 893, 898, 913, 915, 923, 950, 952, 955, 963, 969]
418.2 :    5 : [902, 904, 926, 937, 948]
418.4 :    2 : [895, 927]
418.6 :    2 : [970, 975]
418.7 :    2 : [884, 889]
418.8 :    1 : [974]
418.9 :    3 : [931, 961, 966]
419.0 :    4 : [899, 932, 940, 973]
419.1 :    4 : [882, 922, 930, 943]
419.2 :    2 : [942, 945]
419.3 :    4 : [890, 933, 934, 939]
419.4 :    2 : [907, 916]
419.5 :    6 : [894, 903, 911, 946, 947, 977]
419.6 :    6 : [891, 905, 935, 957, 964, 972]
419.7 :   10 : [888, 896, 897, 910, 917, 920, 929, 954, 958, 971]
419.8 :    8 : [900, 918, 921, 936, 949, 953, 967, 976]
419.9 :    8 : [909, 912, 924, 938, 941, 944, 956, 965]
420.0 :    4 : [906, 908, 951, 959]
420.1 :    4 : [901, 914, 919, 928]
420.2 :    2 : [883, 960]
420.3 :    3 : [885, 886, 962]
420.5 :    2 : [925, 955]
420.6 :    3 : [887, 913, 963]
420.7 :    4 : [892, 948, 968, 969]
420.8 :    2 : [893, 950]
420.9 :    2 : [895, 952]
421.0 :    3 : [898, 923, 926]
421.1 :    2 : [937, 970]
421.2 :    1 : [902]
421.4 :    2 : [889, 927]
421.5 :    3 : [904, 915, 943]
421.6 :    2 : [884, 961]
421.7 :    1 : [899]
421.8 :    4 : [932, 942, 974, 975]
421.9 :    5 : [894, 930, 931, 940, 945]
422.0 :    7 : [882, 903, 911, 922, 933, 939, 973]
422.1 :    4 : [916, 934, 966, 977]
422.2 :    6 : [910, 920, 929, 946, 947, 957]
422.3 :    9 : [891, 917, 941, 953, 954, 964, 965, 967, 971]
422.4 :    7 : [888, 890, 897, 924, 936, 949, 976]
422.5 :    8 : [901, 905, 908, 912, 935, 938, 956, 958]
422.6 :    6 : [900, 907, 921, 944, 951, 959]
422.7 :    5 : [896, 906, 909, 914, 918]
422.8 :    1 : [928]
422.9 :    3 : [919, 955, 962]
423.0 :    1 : [972]
423.1 :    4 : [886, 887, 913, 963]
423.4 :    1 : [948]
423.5 :    2 : [925, 969]
423.6 :    7 : [883, 885, 892, 893, 895, 950, 970]
423.7 :    1 : [960]
423.8 :    1 : [943]
423.9 :    3 : [898, 923, 968]
424.0 :    3 : [889, 926, 952]
424.1 :    4 : [902, 927, 937, 961]
424.2 :    2 : [884, 899]
424.3 :    5 : [894, 903, 904, 915, 932]
424.4 :    5 : [911, 933, 939, 942, 945]
424.5 :    3 : [882, 940, 974]
424.6 :    8 : [910, 920, 922, 929, 931, 941, 953, 977]
424.7 :    7 : [917, 930, 957, 965, 967, 973, 975]
424.8 :    6 : [891, 901, 924, 954, 964, 966]
424.9 :    8 : [912, 916, 934, 936, 946, 947, 971, 976]
425.0 :    5 : [888, 897, 908, 938, 949]
425.1 :    3 : [905, 935, 959]
425.2 :    2 : [921, 951]
425.3 :    1 : [956]
425.4 :    3 : [906, 944, 955]
425.5 :    1 : [900]
425.6 :    4 : [890, 909, 914, 918]
425.7 :    3 : [958, 962, 963]
425.8 :    3 : [887, 913, 928]
426.0 :    1 : [907]
426.1 :    1 : [919]
426.2 :    3 : [943, 950, 970]
426.3 :    5 : [886, 893, 896, 948, 969]
426.5 :    2 : [889, 895]
426.6 :    2 : [885, 903]
426.7 :    5 : [892, 894, 899, 925, 926]
426.8 :    5 : [902, 932, 939, 945, 961]
426.9 :    7 : [882, 884, 910, 911, 933, 952, 972]
427.0 :    6 : [898, 920, 923, 929, 953, 968]
427.1 :    8 : [901, 922, 924, 937, 940, 941, 942, 965]
427.2 :    5 : [883, 917, 954, 967, 977]
427.3 :    3 : [891, 957, 974]
427.4 :    4 : [904, 912, 960, 964]
427.5 :    3 : [930, 931, 936]
427.6 :    1 : [976]
427.7 :    4 : [897, 908, 938, 949]
427.8 :    4 : [946, 959, 971, 973]
427.9 :    2 : [916, 934]
428.0 :    4 : [888, 955, 966, 975]
428.1 :    2 : [935, 947]
428.2 :    3 : [905, 921, 951]
428.3 :    2 : [915, 927]
428.4 :    1 : [944]
428.5 :    2 : [906, 963]
428.6 :    2 : [887, 913]
428.7 :    1 : [943]
428.8 :    1 : [950]
428.9 :    3 : [893, 900, 918]
429.0 :    4 : [914, 956, 969, 970]
429.1 :    2 : [909, 928]
429.2 :    2 : [886, 962]
429.3 :    4 : [889, 894, 895, 903]
429.4 :    3 : [890, 907, 948]
429.5 :   12 : [892, 899, 901, 919, 920, 924, 926, 932, 945, 953, 958, 961]
429.6 :    6 : [882, 910, 933, 939, 941, 965]
429.7 :    4 : [896, 911, 917, 954]
429.8 :    2 : [922, 940]
429.9 :    4 : [891, 925, 952, 967]
430.0 :    6 : [884, 902, 929, 957, 968, 977]
430.1 :    4 : [912, 923, 937, 964]
430.3 :    3 : [898, 936, 942]
430.4 :    2 : [908, 976]
430.5 :    2 : [938, 974]
430.6 :    3 : [883, 930, 955]
430.7 :    3 : [897, 949, 959]
430.9 :    1 : [971]
431.0 :    2 : [904, 972]
431.1 :    2 : [885, 931]
431.3 :    3 : [916, 935, 973]
431.4 :    1 : [963]
431.5 :    1 : [921]
431.6 :    2 : [943, 946]
431.7 :    3 : [934, 951, 966]
431.9 :    1 : [970]
432.0 :    4 : [887, 888, 905, 913]
432.1 :    1 : [950]
432.2 :    1 : [969]
432.3 :    3 : [927, 944, 975]
432.4 :    1 : [894]
432.5 :    3 : [889, 953, 961]
432.6 :    3 : [903, 915, 960]
432.7 :    3 : [886, 893, 911]
432.8 :    1 : [941]
432.9 :    4 : [895, 906, 928, 947]
433.0 :    4 : [892, 899, 948, 952]
433.1 :    1 : [967]
433.3 :    1 : [933]
433.6 :    3 : [912, 945, 957]
433.7 :    3 : [884, 910, 932]
433.9 :    1 : [926]
434.0 :    2 : [929, 936]
434.1 :    2 : [923, 940]
434.2 :    1 : [902]
434.3 :    3 : [882, 922, 937]
434.4 :    1 : [971]
434.5 :    3 : [898, 917, 939]
434.6 :    1 : [974]
435.5 :    3 : [890, 955, 958]
435.8 :    1 : [943]
435.9 :    1 : [904]
436.0 :    1 : [897]
436.1 :    1 : [911]
436.3 :    2 : [891, 967]
436.4 :    1 : [942]
436.6 :    1 : [894]
436.8 :    3 : [889, 941, 977]
436.9 :    5 : [887, 900, 920, 924, 928]
437.0 :    4 : [949, 952, 963, 965]
437.4 :    2 : [970, 973]
437.5 :    1 : [953]
437.6 :    2 : [888, 909]
437.7 :    1 : [903]
437.8 :    1 : [921]
437.9 :    3 : [883, 929, 948]
438.0 :    4 : [912, 956, 957, 971]
438.1 :    2 : [910, 936]
438.2 :    1 : [926]
438.3 :    2 : [899, 913]
438.5 :    4 : [931, 932, 933, 944]
438.6 :    2 : [884, 939]
438.7 :    3 : [896, 901, 947]
438.8 :    6 : [886, 918, 930, 950, 951, 961]
438.9 :    8 : [892, 893, 911, 915, 917, 943, 964, 969]
439.0 :    3 : [946, 974, 975]
439.1 :    5 : [905, 940, 945, 967, 972]
439.2 :    5 : [882, 902, 922, 935, 937]
439.3 :    2 : [894, 955]
439.5 :    3 : [890, 898, 960]
439.6 :    2 : [904, 923]
439.7 :    1 : [966]
439.8 :    1 : [927]
439.9 :    2 : [958, 976]
440.0 :    3 : [916, 941, 959]
440.1 :    2 : [889, 942]
440.4 :    2 : [907, 970]
440.6 :    2 : [887, 963]
440.7 :    3 : [897, 928, 952]
440.8 :    4 : [903, 908, 929, 954]
440.9 :    4 : [891, 925, 938, 973]
441.0 :    3 : [910, 971, 977]
441.1 :    4 : [934, 936, 948, 957]
441.2 :    1 : [920]
441.3 :    2 : [899, 926]
441.4 :    8 : [888, 906, 912, 914, 921, 932, 943, 965]
441.5 :    3 : [885, 913, 939]
441.6 :    6 : [895, 911, 949, 950, 953, 962]
441.7 :    5 : [884, 893, 909, 924, 933]
441.8 :    3 : [894, 919, 947]
441.9 :    2 : [900, 967]
442.0 :    2 : [944, 969]
442.2 :    2 : [961, 974]
442.4 :    3 : [886, 915, 956]
442.5 :    1 : [892]
442.6 :    1 : [955]
442.7 :    2 : [905, 940]
442.8 :    2 : [930, 964]
443.1 :    1 : [975]
443.2 :    2 : [896, 937]
443.3 :    2 : [898, 946]
443.4 :    1 : [923]
443.7 :    3 : [902, 917, 931]
443.8 :    2 : [882, 951]
443.9 :    3 : [883, 904, 941]
444.0 :    1 : [945]
444.1 :    2 : [890, 922]
444.2 :    1 : [963]
444.3 :    2 : [929, 970]
444.4 :    2 : [910, 971]
444.5 :    2 : [943, 957]
444.6 :    6 : [887, 889, 894, 903, 972, 973]
444.7 :    4 : [926, 935, 936, 948]
444.9 :    1 : [933]
445.0 :    2 : [921, 939]
445.2 :    1 : [911]
445.4 :    1 : [932]
445.5 :    1 : [942]
445.6 :    1 : [977]
445.7 :    2 : [928, 952]
446.3 :    1 : [966]
446.4 :    1 : [927]
446.5 :    5 : [888, 899, 913, 958, 967]
446.6 :    2 : [912, 961]
446.7 :    4 : [897, 950, 953, 969]
446.8 :    6 : [884, 901, 905, 918, 944, 954]
446.9 :    7 : [886, 891, 893, 907, 920, 934, 955]
447.0 :    3 : [943, 971, 974]
447.1 :    5 : [923, 929, 937, 941, 963]
447.2 :   12 : [892, 894, 895, 898, 902, 904, 909, 910, 915, 938, 940, 947]
447.3 :    3 : [916, 957, 965]
447.4 :    1 : [900]
447.5 :    1 : [882]
447.6 :    1 : [970]
447.7 :    2 : [887, 889]
447.8 :    1 : [930]
448.0 :    1 : [926]
448.1 :    1 : [936]
448.4 :    2 : [973, 975]
448.5 :    4 : [896, 911, 922, 931]
448.6 :    2 : [946, 964]
448.7 :    3 : [906, 959, 976]
448.8 :    3 : [903, 948, 956]
448.9 :    4 : [924, 933, 945, 949]
449.1 :    1 : [942]
449.3 :    1 : [939]
449.6 :    1 : [885]
450.6 :    1 : [899]
450.8 :    3 : [890, 917, 932]
450.9 :    1 : [929]
451.0 :    6 : [884, 894, 910, 921, 943, 977]
451.1 :    3 : [951, 963, 972]
451.2 :    5 : [908, 935, 957, 961, 971]
451.3 :    4 : [913, 950, 955, 969]
451.4 :    5 : [888, 902, 952, 966, 970]
451.5 :    4 : [926, 927, 936, 973]
451.6 :    2 : [905, 941]
451.7 :    2 : [887, 923]
451.8 :    3 : [882, 903, 928]
451.9 :    1 : [933]
452.0 :    2 : [883, 944]
452.1 :    1 : [948]
452.2 :    2 : [911, 967]
452.3 :    2 : [904, 922]
452.6 :    2 : [898, 940]
453.2 :    1 : [953]
454.0 :    1 : [886]
454.1 :    2 : [912, 937]
454.2 :    3 : [889, 930, 974]
454.3 :    1 : [945]
454.4 :    1 : [931]
454.5 :    5 : [893, 897, 915, 958, 975]
454.6 :    1 : [891]
454.7 :    4 : [894, 910, 929, 971]
454.8 :    1 : [936]
454.9 :    6 : [892, 896, 909, 920, 939, 941]
455.0 :    7 : [911, 928, 943, 957, 964, 965, 967]
455.1 :    4 : [887, 926, 952, 963]
455.2 :    2 : [884, 947]
455.3 :    2 : [899, 948]
455.4 :    7 : [890, 903, 917, 932, 933, 942, 954]
455.5 :    1 : [921]
455.6 :    3 : [970, 973, 977]
455.8 :    2 : [888, 900]
455.9 :    2 : [913, 955]
456.0 :    4 : [895, 944, 949, 961]
456.1 :    2 : [902, 969]
456.2 :    1 : [882]
456.3 :    1 : [905]
456.5 :    1 : [950]
456.7 :    5 : [901, 907, 922, 923, 934]
456.9 :    4 : [904, 956, 959, 976]
457.0 :    8 : [898, 916, 925, 935, 940, 951, 953, 972]
457.1 :    4 : [883, 927, 960, 966]
457.3 :    4 : [894, 912, 919, 946]
457.4 :    4 : [889, 910, 924, 929]
457.5 :    3 : [936, 971, 974]
457.6 :    3 : [886, 911, 931]
457.7 :    1 : [941]
457.8 :    2 : [943, 967]
457.9 :    2 : [937, 945]
458.0 :    1 : [930]
458.1 :    2 : [884, 915]
458.3 :    4 : [928, 938, 939, 957]
458.4 :    2 : [887, 952]
458.5 :    3 : [897, 958, 963]
458.6 :    3 : [891, 899, 903]
458.7 :    1 : [975]
458.8 :    3 : [926, 948, 970]
458.9 :    1 : [908]
459.0 :    1 : [920]
459.1 :    1 : [964]
459.2 :    2 : [942, 965]
459.3 :    1 : [932]
459.6 :    2 : [933, 973]
459.7 :    2 : [890, 977]
459.8 :    2 : [888, 921]
459.9 :    3 : [893, 909, 955]
460.0 :    3 : [913, 918, 961]
460.1 :    3 : [892, 962, 969]
460.2 :    1 : [902]
460.3 :    4 : [882, 894, 905, 929]
460.4 :    4 : [896, 910, 944, 971]
460.5 :    1 : [917]
460.6 :    1 : [923]
460.7 :    1 : [922]
460.8 :    1 : [943]
460.9 :    3 : [911, 936, 950]
461.0 :    2 : [947, 953]
461.1 :    3 : [886, 898, 904]
461.2 :    3 : [912, 941, 967]
461.5 :    2 : [889, 974]
461.7 :    1 : [940]
461.9 :    1 : [928]
462.0 :    1 : [949]
462.3 :    1 : [952]
462.9 :    2 : [884, 957]
463.0 :    1 : [937]
463.1 :    2 : [887, 931]
463.6 :    1 : [926]
463.7 :    3 : [899, 954, 963]
463.8 :    5 : [910, 915, 929, 934, 948]
463.9 :   10 : [894, 895, 897, 900, 906, 907, 914, 943, 958, 971]
464.0 :    7 : [893, 902, 911, 927, 933, 950, 961]
464.1 :    5 : [883, 913, 932, 944, 946]
464.2 :   11 : [888, 905, 935, 936, 939, 942, 953, 955, 969, 970, 972]
464.3 :    7 : [886, 891, 892, 912, 920, 938, 967]
464.4 :    4 : [923, 930, 973, 977]
464.5 :    6 : [882, 898, 904, 916, 941, 975]
464.6 :    2 : [889, 966]
464.8 :    3 : [947, 960, 974]
465.4 :    2 : [890, 928]
465.9 :    6 : [917, 921, 922, 940, 945, 951]
466.2 :    2 : [896, 956]
466.8 :    1 : [918]
466.9 :    5 : [884, 910, 929, 952, 957]
467.0 :    4 : [911, 924, 937, 943]
467.1 :    3 : [894, 903, 971]
467.2 :    4 : [887, 893, 950, 967]
467.3 :    3 : [912, 926, 965]
467.4 :    2 : [899, 954]
467.5 :    1 : [953]
467.6 :    1 : [936]
467.7 :    4 : [889, 934, 944, 961]
467.8 :    3 : [913, 932, 963]
467.9 :    8 : [886, 902, 915, 920, 938, 941, 968, 969]
468.0 :    2 : [888, 892]
468.1 :    6 : [905, 919, 942, 948, 955, 962]
468.2 :    2 : [898, 933]
468.3 :    2 : [904, 907]
468.4 :    2 : [923, 977]
468.5 :    1 : [970]
468.6 :    2 : [895, 947]
468.7 :    1 : [964]
469.7 :    1 : [974]
469.8 :    2 : [946, 949]
469.9 :    6 : [897, 900, 906, 909, 958, 975]
470.0 :    4 : [914, 927, 928, 931]
470.2 :    3 : [885, 891, 916]
470.3 :    4 : [894, 911, 930, 973]
470.5 :    3 : [884, 959, 976]
470.6 :    3 : [889, 943, 952]
470.7 :    2 : [939, 967]
470.8 :    2 : [912, 966]
470.9 :    1 : [899]
471.1 :    2 : [950, 953]
471.2 :    1 : [940]
471.3 :    5 : [887, 888, 893, 944, 969]
471.4 :    3 : [941, 957, 961]
471.5 :    4 : [882, 915, 936, 971]
471.6 :    6 : [886, 910, 913, 929, 945, 955]
471.8 :    8 : [890, 903, 905, 922, 933, 935, 963, 972]
471.9 :    2 : [902, 923]
472.0 :    3 : [898, 937, 942]
472.1 :    4 : [926, 932, 948, 970]
472.2 :    1 : [904]
472.6 :    1 : [892]
473.7 :    1 : [917]
473.9 :    1 : [960]
474.1 :    1 : [911]
474.3 :    3 : [883, 894, 967]
474.4 :    1 : [928]
474.5 :    9 : [888, 889, 895, 908, 941, 943, 952, 974, 977]
474.6 :    9 : [884, 887, 912, 920, 947, 953, 964, 965, 969]
474.7 :   11 : [893, 896, 903, 918, 924, 944, 950, 957, 970, 971, 975]
474.8 :   12 : [886, 899, 913, 915, 921, 927, 934, 946, 955, 961, 963, 973]
474.9 :    4 : [930, 932, 942, 956]
475.0 :    9 : [907, 909, 916, 936, 938, 939, 940, 954, 966]
475.1 :    5 : [905, 923, 931, 945, 949]
475.2 :    7 : [891, 898, 900, 919, 926, 929, 948]
475.3 :    1 : [933]
475.4 :    2 : [959, 976]
475.5 :    5 : [885, 897, 906, 951, 958]
475.6 :    1 : [890]
476.1 :    1 : [904]
476.4 :    2 : [902, 910]
476.5 :    2 : [882, 922]
476.7 :    3 : [935, 937, 972]
477.3 :    1 : [892]
477.5 :    1 : [943]
477.7 :    2 : [894, 961]
477.9 :    1 : [911]
478.0 :    2 : [888, 905]
478.3 :    1 : [957]
478.5 :    2 : [963, 969]
478.7 :    1 : [923]
479.1 :    1 : [953]
479.3 :    1 : [950]
479.5 :    1 : [971]
479.6 :    1 : [933]
479.8 :    6 : [886, 913, 929, 944, 955, 967]
479.9 :    3 : [936, 941, 973]
480.0 :    4 : [884, 912, 928, 974]
480.1 :    3 : [887, 926, 948]
480.2 :    3 : [893, 898, 910]
480.3 :    3 : [889, 899, 901]
480.4 :    5 : [895, 915, 927, 931, 970]
480.5 :    2 : [932, 952]
480.6 :    7 : [894, 902, 904, 917, 940, 943, 975]
480.7 :    1 : [911]
480.8 :    2 : [937, 961]
480.9 :    1 : [888]
481.2 :    4 : [890, 892, 905, 966]
481.5 :    4 : [896, 907, 930, 934]
481.6 :    2 : [882, 977]
481.8 :    5 : [914, 921, 942, 957, 969]
481.9 :    2 : [939, 954]
482.1 :    2 : [918, 947]
482.2 :    1 : [950]
482.3 :    2 : [900, 920]
482.5 :    1 : [938]
482.9 :    3 : [897, 953, 958]
483.0 :    2 : [891, 946]
483.4 :    1 : [906]
483.6 :    2 : [893, 967]
483.7 :    3 : [911, 923, 963]
483.8 :    3 : [886, 894, 944]
483.9 :    2 : [912, 913]
484.0 :    9 : [889, 916, 922, 928, 941, 943, 945, 949, 964]
484.1 :    5 : [888, 915, 952, 955, 960]
484.2 :    5 : [884, 887, 903, 909, 970]
484.3 :    3 : [898, 919, 961]
484.4 :    1 : [971]
484.5 :    1 : [927]
484.6 :    2 : [905, 965]
484.7 :    7 : [899, 924, 959, 969, 974, 975, 976]
484.9 :    1 : [932]
485.0 :    1 : [966]
485.1 :    3 : [933, 935, 972]
485.2 :    1 : [895]
485.3 :    1 : [885]
485.6 :    4 : [892, 940, 942, 948]
485.7 :    2 : [936, 957]
485.8 :    1 : [908]
485.9 :    3 : [926, 930, 973]
486.0 :    1 : [904]
486.1 :    2 : [883, 929]
486.3 :    2 : [894, 917]
486.4 :    4 : [890, 939, 950, 977]
486.5 :    2 : [910, 956]
486.6 :    2 : [911, 947]
486.7 :    1 : [967]
486.8 :    1 : [920]
486.9 :    1 : [953]
487.0 :    1 : [941]
487.2 :    4 : [888, 943, 952, 963]
487.3 :    2 : [886, 928]
487.4 :    3 : [931, 937, 944]
487.5 :    6 : [889, 893, 902, 912, 951, 970]
487.6 :    3 : [913, 961, 971]
487.7 :    6 : [882, 887, 897, 905, 955, 958]
487.9 :    2 : [915, 923]
488.0 :    1 : [900]
488.1 :    2 : [896, 969]
488.2 :    1 : [933]
488.3 :    2 : [898, 921]
488.5 :    4 : [884, 903, 922, 945]
488.7 :    1 : [891]
488.8 :    1 : [932]
488.9 :    1 : [964]
489.0 :    1 : [894]
489.1 :    3 : [899, 957, 975]
489.2 :    1 : [948]
489.3 :    1 : [909]
489.5 :    1 : [929]
489.8 :    1 : [926]
490.0 :    4 : [927, 936, 949, 973]
490.2 :    2 : [966, 974]
490.3 :    2 : [890, 911]
490.4 :    4 : [888, 895, 953, 965]
490.5 :    7 : [892, 918, 940, 941, 943, 946, 967]
490.6 :    3 : [935, 952, 972]
490.7 :    1 : [886]
490.8 :    2 : [928, 938]
490.9 :    1 : [961]
491.0 :    3 : [905, 944, 970]
491.1 :    4 : [893, 915, 963, 971]
491.3 :    6 : [887, 907, 910, 934, 950, 977]
491.4 :    6 : [889, 904, 912, 913, 917, 955]
491.6 :    1 : [939]
491.7 :    1 : [923]
491.9 :    3 : [933, 937, 942]
492.0 :    2 : [930, 969]
492.1 :    1 : [902]
493.3 :    1 : [884]
493.4 :    2 : [894, 931]
493.5 :    1 : [929]
493.6 :    4 : [899, 957, 959, 976]
493.7 :    1 : [898]
493.9 :    1 : [916]
494.0 :    1 : [903]
494.4 :    3 : [922, 945, 948]
494.5 :    1 : [947]
494.6 :    2 : [882, 970]
494.7 :    3 : [920, 932, 943]
495.0 :    3 : [897, 958, 964]
495.1 :    2 : [921, 924]
495.2 :    3 : [883, 936, 963]
495.3 :    4 : [911, 941, 952, 973]
495.4 :    6 : [887, 889, 891, 926, 954, 956]
495.5 :    4 : [910, 939, 967, 971]
495.6 :    5 : [901, 908, 955, 974, 977]
495.7 :    5 : [888, 912, 928, 951, 975]
495.8 :   10 : [890, 913, 933, 940, 942, 944, 950, 960, 965, 966]
495.9 :    2 : [961, 969]
496.0 :    8 : [894, 896, 900, 909, 927, 946, 949, 953]
496.1 :    2 : [904, 915]
496.2 :    3 : [886, 935, 972]
496.3 :    3 : [902, 905, 917]
496.4 :    1 : [923]
496.5 :    3 : [929, 930, 957]
496.6 :    3 : [884, 892, 937]
496.7 :    1 : [893]
498.0 :    1 : [898]
498.1 :    5 : [899, 906, 931, 934, 943]
498.2 :    1 : [895]
498.3 :    2 : [907, 938]
498.6 :    1 : [954]
498.7 :    1 : [950]
498.8 :    2 : [919, 961]
498.9 :    5 : [882, 910, 911, 932, 963]
499.0 :    3 : [933, 948, 962]
499.1 :    4 : [913, 926, 971, 973]
499.2 :    1 : [894]
499.3 :    3 : [905, 922, 969]
499.4 :    3 : [936, 955, 970]
499.5 :    2 : [916, 944]
499.6 :    1 : [888]
499.7 :    1 : [923]
499.8 :    6 : [886, 887, 912, 918, 953, 974]
499.9 :    6 : [893, 904, 914, 920, 957, 967]
500.0 :    3 : [902, 941, 977]
500.1 :    4 : [889, 915, 928, 940]
500.2 :    2 : [942, 947]
500.3 :    1 : [892]
500.5 :    1 : [952]
501.8 :    2 : [884, 937]
502.1 :    1 : [943]
502.2 :    4 : [891, 921, 929, 939]
502.3 :    1 : [903]
502.4 :    3 : [897, 950, 958]
502.5 :    1 : [896]
502.6 :    1 : [954]
502.7 :    2 : [890, 934]
502.8 :    5 : [894, 900, 911, 946, 961]
502.9 :    2 : [917, 938]
503.0 :    5 : [893, 899, 910, 912, 971]
503.1 :    8 : [898, 913, 930, 932, 936, 967, 974, 975]
503.2 :    4 : [885, 889, 945, 956]
503.3 :   10 : [902, 904, 906, 916, 924, 926, 944, 957, 965, 969]
503.4 :    7 : [887, 927, 941, 942, 949, 955, 964]
503.5 :    4 : [920, 933, 963, 977]
503.6 :    4 : [948, 953, 970, 973]
503.7 :    3 : [883, 928, 931]
503.8 :    1 : [947]
504.0 :    2 : [952, 960]
504.1 :    2 : [915, 940]
504.9 :    4 : [882, 907, 922, 951]
505.0 :    2 : [935, 972]
505.1 :    1 : [923]
505.4 :    1 : [884]
505.5 :    1 : [929]
505.8 :    1 : [888]
505.9 :    2 : [943, 966]
506.0 :    3 : [909, 959, 976]
506.1 :    6 : [886, 894, 903, 905, 911, 939]
506.2 :    3 : [892, 910, 971]
506.3 :    1 : [961]
506.4 :    7 : [936, 937, 941, 957, 963, 967, 970]
506.5 :    5 : [887, 890, 921, 926, 950]
506.6 :    7 : [889, 912, 913, 928, 932, 953, 969]
506.7 :    3 : [948, 952, 955]
506.8 :    5 : [897, 899, 933, 944, 958]
506.9 :    1 : [895]
507.0 :    2 : [893, 917]
507.1 :    2 : [973, 975]
507.2 :    2 : [898, 945]
507.3 :    1 : [974]
507.4 :    1 : [891]
507.5 :    1 : [977]
507.7 :    1 : [904]
507.8 :    1 : [902]
508.1 :    3 : [896, 901, 915]
508.2 :    1 : [930]
508.3 :    1 : [942]
508.5 :    1 : [929]
508.6 :    1 : [940]
508.8 :    1 : [931]
509.0 :    2 : [918, 927]
509.3 :    2 : [943, 964]
509.4 :    5 : [882, 900, 908, 922, 923]
509.5 :    5 : [888, 894, 905, 934, 961]
509.6 :    4 : [883, 920, 963, 965]
509.7 :    2 : [957, 971]
509.9 :    1 : [970]
510.0 :    3 : [903, 949, 954]
510.1 :    2 : [911, 969]
510.2 :    1 : [933]
510.3 :    1 : [926]
510.4 :    1 : [941]
510.5 :    2 : [947, 948]
510.6 :    1 : [887]
510.7 :    1 : [913]
510.8 :    4 : [886, 890, 935, 972]
510.9 :    2 : [932, 955]
513.2 :    3 : [910, 952, 953]
513.3 :    3 : [928, 936, 967]
513.4 :    2 : [939, 973]
513.5 :    2 : [884, 944]
513.6 :    2 : [889, 921]
513.7 :    4 : [911, 912, 929, 951]
513.8 :    2 : [937, 971]
513.9 :    3 : [894, 899, 950]
514.1 :    2 : [897, 958]
514.2 :    3 : [892, 917, 974]
514.3 :    1 : [941]
515.2 :    3 : [902, 904, 943]
515.3 :    4 : [893, 898, 933, 957]
515.4 :    3 : [888, 961, 975]
515.5 :    3 : [926, 945, 948]
515.6 :    2 : [886, 887]
515.7 :    1 : [895]
515.8 :    3 : [905, 915, 963]
515.9 :    1 : [966]
516.1 :    3 : [913, 955, 969]
516.2 :    5 : [909, 923, 932, 970, 977]
516.3 :    3 : [907, 938, 940]
516.4 :    2 : [882, 890]
516.5 :    3 : [894, 903, 956]
516.6 :    5 : [891, 920, 922, 924, 942]
516.7 :    4 : [896, 934, 947, 954]
516.8 :    2 : [930, 953]
516.9 :    2 : [946, 950]
517.0 :    3 : [900, 911, 973]
517.1 :    6 : [929, 931, 952, 964, 965, 971]
517.2 :    8 : [889, 910, 916, 921, 928, 939, 944, 967]
517.3 :    5 : [883, 912, 936, 941, 949]
517.4 :    2 : [899, 960]
517.5 :    5 : [884, 914, 935, 972, 974]
517.6 :    4 : [906, 927, 937, 951]
517.7 :    2 : [959, 976]
517.8 :    1 : [918]
517.9 :    1 : [943]
518.0 :    2 : [897, 958]
518.1 :    1 : [917]
518.2 :    1 : [892]
518.3 :    1 : [957]
518.4 :    2 : [888, 961]
518.5 :    1 : [933]
518.6 :    2 : [902, 904]
518.7 :    2 : [893, 898]
518.9 :    1 : [885]
519.0 :    2 : [905, 969]
519.1 :    3 : [886, 948, 963]
519.2 :    3 : [887, 945, 975]
519.3 :    1 : [908]
519.5 :    1 : [955]
519.6 :    3 : [913, 915, 970]
519.7 :    2 : [919, 923]
519.8 :    3 : [894, 895, 926]
519.9 :    2 : [932, 966]
520.0 :    1 : [950]
520.1 :    1 : [903]
520.2 :    4 : [920, 925, 954, 977]
520.3 :    2 : [909, 942]
520.4 :    6 : [882, 929, 934, 940, 943, 973]
520.5 :    4 : [911, 938, 939, 971]
520.6 :    3 : [901, 910, 921]
520.7 :    4 : [890, 899, 907, 930]
520.8 :    1 : [922]
520.9 :    1 : [936]
521.0 :    1 : [964]
521.1 :    2 : [947, 951]
521.2 :    7 : [884, 889, 891, 896, 912, 941, 967]
521.3 :    3 : [952, 953, 974]
521.4 :    4 : [916, 928, 944, 965]
521.5 :    1 : [937]
521.6 :    1 : [957]
521.9 :    3 : [888, 900, 961]
522.0 :    1 : [893]
522.2 :    3 : [886, 892, 933]
522.3 :    4 : [897, 931, 958, 969]
522.4 :    1 : [905]
522.6 :    1 : [917]
522.7 :    2 : [898, 946]
522.8 :    1 : [887]
523.0 :    3 : [894, 927, 963]
523.1 :    1 : [904]
523.6 :    3 : [902, 948, 955]
523.7 :    3 : [913, 935, 972]
523.8 :    4 : [883, 923, 956, 970]
523.9 :    1 : [943]
524.0 :    4 : [926, 929, 971, 975]
524.1 :    5 : [910, 911, 915, 924, 949]
524.2 :    3 : [932, 936, 962]
524.3 :    3 : [903, 945, 967]
524.4 :    2 : [941, 973]
524.5 :    6 : [890, 912, 928, 950, 952, 957]
524.6 :    4 : [889, 918, 939, 977]
524.7 :    7 : [882, 888, 895, 899, 921, 940, 953]
524.8 :    3 : [884, 922, 944]
524.9 :    1 : [974]
525.0 :    2 : [961, 966]
525.1 :    2 : [959, 976]
525.2 :    3 : [886, 937, 960]
525.3 :    1 : [893]
525.4 :    2 : [905, 969]
525.5 :    1 : [933]
525.6 :    1 : [920]
525.7 :    1 : [892]
525.8 :    2 : [909, 942]
525.9 :    1 : [930]
526.0 :    4 : [891, 894, 947, 964]
526.1 :    1 : [906]
526.2 :    2 : [896, 965]
526.3 :    2 : [931, 951]
526.4 :    3 : [887, 908, 963]
526.5 :    1 : [898]
526.6 :    1 : [916]
526.7 :    1 : [943]
526.8 :    2 : [902, 929]
526.9 :    1 : [904]
527.0 :    1 : [955]
527.1 :    3 : [910, 948, 970]
527.2 :    1 : [927]
527.8 :    1 : [971]
527.9 :    6 : [897, 911, 913, 923, 934, 958]
528.0 :    1 : [936]
528.1 :    2 : [907, 946]
528.2 :    4 : [888, 900, 917, 967]
528.3 :    6 : [915, 926, 941, 950, 953, 957]
528.4 :    2 : [912, 961]
528.5 :    5 : [886, 889, 928, 944, 952]
528.6 :    1 : [975]
528.7 :    3 : [884, 905, 969]
528.8 :    1 : [932]
528.9 :    1 : [893]
529.0 :    2 : [892, 894]
529.1 :    3 : [899, 935, 972]
529.2 :    3 : [933, 973, 974]
529.3 :    3 : [937, 945, 954]
529.4 :    2 : [903, 940]
529.5 :    6 : [882, 895, 919, 938, 939, 943]
529.6 :    2 : [922, 977]
529.7 :    3 : [885, 890, 942]
529.8 :    2 : [929, 956]
529.9 :    2 : [902, 963]
530.0 :    6 : [887, 916, 920, 930, 947, 966]
530.1 :    3 : [898, 904, 931]
530.2 :    2 : [910, 955]
530.3 :    3 : [921, 949, 970]
530.4 :    1 : [891]
530.7 :    1 : [964]
530.8 :    2 : [906, 924]
531.1 :    3 : [948, 959, 976]
531.2 :    1 : [909]
531.3 :    3 : [883, 911, 965]
531.5 :    3 : [894, 901, 971]
531.6 :    2 : [913, 941]
531.7 :    4 : [889, 936, 952, 967]
531.8 :    3 : [918, 951, 957]
532.0 :    1 : [912]
532.1 :    2 : [928, 950]
532.2 :    3 : [888, 925, 926]
532.3 :    2 : [932, 946]
532.5 :    1 : [960]
532.6 :    2 : [884, 953]
532.9 :    2 : [897, 958]
533.5 :    1 : [969]
533.6 :    3 : [896, 915, 944]
533.7 :    3 : [886, 893, 943]
533.8 :    1 : [927]
533.9 :    1 : [961]
534.0 :    3 : [917, 923, 975]
534.1 :    3 : [892, 899, 933]
534.2 :    4 : [903, 905, 963, 973]
534.3 :    1 : [929]
534.5 :    1 : [974]
534.6 :    2 : [910, 945]
534.7 :    6 : [887, 902, 939, 940, 955, 970]
534.8 :    3 : [894, 922, 937]
534.9 :    6 : [898, 904, 911, 931, 942, 971]
535.0 :    2 : [948, 957]
535.1 :    3 : [908, 930, 966]
535.2 :    3 : [935, 936, 972]
535.3 :    1 : [882]
535.4 :    2 : [916, 977]
535.5 :    1 : [913]
535.8 :    1 : [950]
536.3 :    1 : [884]
536.4 :    2 : [889, 941]
536.5 :    1 : [912]
536.6 :    3 : [888, 890, 967]
536.8 :    1 : [952]
536.9 :    1 : [934]
537.0 :    1 : [928]
537.1 :    2 : [891, 926]
537.2 :    5 : [900, 932, 946, 947, 953]
537.3 :    4 : [895, 921, 929, 943]
537.4 :    4 : [907, 910, 944, 964]
537.5 :    2 : [933, 961]
537.6 :    1 : [886]
537.7 :    3 : [959, 969, 976]
537.8 :    4 : [894, 905, 911, 915]
537.9 :    1 : [963]
538.0 :    6 : [892, 893, 899, 923, 971, 974]
538.1 :    1 : [902]
538.2 :    1 : [949]
538.3 :    2 : [955, 957]
538.6 :    1 : [927]
539.5 :    4 : [887, 898, 937, 973]
539.6 :    1 : [904]
539.7 :    4 : [897, 936, 948, 958]
539.8 :    2 : [922, 931]
540.1 :    1 : [917]
540.4 :    2 : [939, 940]
540.5 :    4 : [882, 910, 929, 975]
540.6 :    2 : [913, 970]
540.7 :    2 : [943, 961]
540.8 :    2 : [933, 945]
540.9 :    1 : [950]
541.0 :    2 : [888, 896]
541.1 :    1 : [905]
541.4 :    1 : [966]
541.9 :    1 : [923]
542.5 :    2 : [926, 963]
542.6 :    3 : [930, 944, 971]
542.7 :    2 : [902, 957]
542.8 :    2 : [935, 972]
542.9 :    1 : [911]
543.0 :    3 : [884, 912, 967]
543.1 :    2 : [894, 956]
543.2 :    1 : [883]
543.5 :    1 : [921]
543.6 :    4 : [886, 895, 953, 955]
543.7 :    2 : [941, 969]
544.0 :    6 : [890, 910, 927, 928, 929, 961]
544.2 :    3 : [932, 934, 943]
544.4 :    3 : [905, 907, 933]
544.6 :    7 : [888, 892, 893, 898, 904, 915, 936]
544.7 :    7 : [899, 931, 937, 942, 948, 973, 974]
544.8 :    5 : [889, 903, 909, 922, 950]
544.9 :    5 : [887, 913, 918, 952, 970]
545.0 :    1 : [916]
545.3 :    1 : [977]
545.4 :    4 : [939, 940, 966, 975]
545.5 :    1 : [885]
545.9 :    5 : [945, 946, 959, 964, 976]
546.2 :    1 : [891]
546.5 :    1 : [911]
546.8 :    1 : [944]
547.7 :    2 : [884, 894]
547.8 :    2 : [920, 947]
547.9 :    3 : [912, 954, 967]
548.0 :    5 : [897, 917, 949, 958, 965]
548.1 :    6 : [900, 906, 923, 943, 957, 971]
548.2 :    4 : [893, 941, 953, 960]
548.3 :    5 : [926, 938, 950, 963, 969]
548.4 :    3 : [889, 924, 951]
548.5 :    6 : [882, 887, 928, 932, 952, 970]
548.6 :    2 : [903, 977]
548.7 :    3 : [930, 942, 955]
548.8 :    2 : [886, 913]
549.8 :    4 : [888, 899, 915, 929]
549.9 :    3 : [936, 939, 974]
550.0 :    2 : [908, 948]
550.1 :    3 : [940, 964, 973]
550.2 :    2 : [909, 916]
550.4 :    1 : [946]
550.5 :    2 : [945, 961]
550.6 :    2 : [892, 911]
550.7 :    3 : [890, 898, 975]
550.8 :    3 : [885, 894, 966]
550.9 :    2 : [904, 927]
551.0 :    6 : [896, 902, 910, 919, 933, 934]
551.1 :    3 : [884, 905, 943]
551.2 :    9 : [921, 935, 937, 944, 950, 959, 969, 972, 976]
551.3 :    8 : [891, 895, 907, 922, 923, 931, 956, 957]
551.4 :    2 : [893, 963]
551.5 :    2 : [914, 953]
551.6 :    4 : [912, 920, 970, 971]
551.7 :    8 : [889, 913, 918, 926, 932, 941, 954, 955]
551.8 :    4 : [887, 942, 947, 967]
551.9 :    1 : [886]
552.0 :    2 : [928, 977]
552.1 :    1 : [883]
552.2 :    3 : [882, 938, 952]
552.5 :    1 : [906]
552.6 :    2 : [903, 930]
553.0 :    2 : [899, 965]
553.2 :    1 : [949]
553.7 :    1 : [916]
553.9 :    1 : [924]
554.1 :    4 : [929, 936, 939, 974]
554.4 :    4 : [897, 911, 917, 958]
554.5 :    1 : [948]
554.6 :    3 : [894, 910, 961]
554.7 :    1 : [884]
554.8 :    2 : [943, 973]
555.0 :    1 : [902]
555.1 :    1 : [933]
555.2 :    2 : [888, 915]
555.3 :    2 : [946, 971]
555.4 :    4 : [904, 912, 940, 967]
555.6 :    4 : [889, 945, 950, 957]
555.7 :    2 : [931, 941]
555.8 :    3 : [898, 942, 944]
555.9 :    6 : [885, 887, 955, 963, 964, 970]
556.0 :    5 : [900, 925, 928, 952, 969]
556.1 :    5 : [899, 903, 922, 926, 932]
556.2 :    4 : [891, 913, 951, 977]
556.3 :    2 : [966, 975]
556.4 :    5 : [890, 927, 937, 947, 953]
556.5 :    6 : [909, 920, 921, 923, 959, 976]
556.6 :    4 : [892, 930, 935, 972]
556.7 :    2 : [886, 893]
556.8 :    3 : [905, 960, 965]
556.9 :    1 : [949]
557.1 :    1 : [908]
557.2 :    2 : [882, 956]
557.4 :    2 : [894, 929]
557.6 :    5 : [896, 911, 936, 939, 961]
557.7 :    1 : [943]
557.8 :    3 : [883, 910, 948]
557.9 :    1 : [901]
558.0 :    1 : [916]
558.2 :    1 : [933]
558.5 :    2 : [884, 974]
558.6 :    2 : [902, 971]
558.7 :    1 : [973]
558.8 :    1 : [967]
559.0 :    1 : [912]
559.2 :    3 : [897, 917, 958]
559.3 :    2 : [888, 941]
559.4 :    1 : [889]
559.8 :    1 : [928]
559.9 :    1 : [952]
560.0 :    1 : [957]
560.2 :    6 : [887, 899, 904, 915, 944, 970]
560.3 :    3 : [942, 946, 950]
560.5 :    1 : [955]
560.6 :    4 : [906, 924, 953, 969]
560.7 :    2 : [903, 954]
560.8 :    5 : [894, 934, 938, 940, 947]
560.9 :    2 : [932, 943]
561.0 :    3 : [893, 907, 913]
561.1 :    2 : [920, 977]
561.2 :    2 : [885, 898]
561.4 :    1 : [916]
561.9 :    2 : [963, 964]
562.0 :    5 : [891, 911, 930, 939, 945]
562.1 :    1 : [926]
562.2 :    2 : [931, 965]
562.3 :    2 : [929, 961]
562.5 :    3 : [910, 921, 936]
562.6 :    5 : [884, 909, 922, 948, 973]
562.7 :    3 : [890, 937, 971]
562.8 :    2 : [951, 956]
562.9 :    6 : [918, 933, 941, 949, 967, 974]
563.0 :    9 : [882, 886, 889, 892, 902, 912, 923, 957, 975]
563.1 :    4 : [895, 900, 928, 966]
563.2 :    3 : [887, 888, 952]
563.3 :    3 : [905, 919, 970]
563.4 :    5 : [894, 927, 935, 953, 972]
563.5 :    6 : [899, 943, 944, 950, 959, 976]
563.6 :    7 : [896, 897, 904, 917, 955, 958, 969]
563.7 :    2 : [915, 942]
563.9 :    1 : [903]
564.2 :    2 : [913, 946]
564.3 :    2 : [925, 932]
564.4 :    1 : [908]
564.5 :    1 : [940]
565.9 :    2 : [898, 916]
566.5 :    2 : [911, 929]
566.6 :    1 : [910]
566.7 :    1 : [963]
566.8 :    1 : [883]
567.1 :    1 : [936]
567.4 :    2 : [933, 971]
567.5 :    1 : [961]
567.7 :    1 : [884]
567.8 :    1 : [977]
567.9 :    3 : [893, 912, 967]
568.0 :    4 : [902, 931, 939, 947]
568.1 :    6 : [889, 894, 899, 943, 948, 974]
568.2 :    3 : [885, 941, 957]
568.4 :    3 : [926, 942, 945]
568.5 :    8 : [887, 904, 920, 928, 930, 944, 950, 960]
568.6 :    6 : [891, 906, 924, 955, 970, 973]
568.7 :    2 : [903, 952]
568.8 :    5 : [934, 937, 946, 954, 969]
568.9 :    1 : [964]
569.0 :    7 : [913, 916, 922, 932, 938, 953, 962]
569.1 :    1 : [915]
569.2 :    1 : [907]
569.3 :    5 : [882, 914, 921, 923, 940]
569.4 :    2 : [888, 911]
569.5 :    7 : [886, 892, 897, 898, 905, 917, 958]
569.6 :    2 : [929, 956]
569.7 :    2 : [910, 927]
569.8 :    1 : [963]
569.9 :    3 : [890, 966, 975]
570.1 :    2 : [935, 972]
570.3 :    2 : [896, 961]
570.4 :    1 : [895]
570.5 :    1 : [965]
570.6 :    2 : [909, 933]
570.7 :    1 : [949]
570.8 :    3 : [936, 951, 971]
570.9 :    3 : [894, 959, 976]
571.0 :    1 : [900]
571.1 :    1 : [943]
571.9 :    1 : [957]
572.0 :    2 : [903, 970]
572.1 :    1 : [939]
572.2 :    3 : [925, 948, 977]
572.3 :    2 : [899, 945]
572.4 :    2 : [884, 941]
572.5 :    1 : [942]
572.8 :    1 : [908]
572.9 :    1 : [889]
573.0 :    1 : [955]
573.2 :    1 : [887]
573.3 :    4 : [930, 964, 969, 973]
573.4 :    1 : [920]
573.5 :    3 : [926, 950, 952]
573.6 :    2 : [932, 963]
573.7 :    3 : [888, 894, 931]
573.8 :    3 : [913, 927, 966]
574.0 :    1 : [943]
574.2 :    2 : [923, 961]
574.3 :    3 : [922, 929, 975]
574.4 :    2 : [905, 944]
574.6 :    5 : [893, 902, 911, 933, 940]
574.7 :    2 : [916, 971]
574.8 :    3 : [890, 910, 928]
574.9 :    5 : [898, 904, 909, 921, 967]
575.0 :    1 : [882]
575.1 :    1 : [891]
575.2 :    2 : [935, 972]
575.3 :    2 : [936, 957]
575.4 :    3 : [912, 947, 953]
575.5 :    4 : [886, 915, 954, 974]
575.7 :    5 : [885, 895, 934, 937, 956]
575.8 :    3 : [896, 903, 951]
576.0 :    2 : [919, 939]
576.1 :    4 : [907, 918, 938, 970]
576.4 :    1 : [948]
576.5 :    3 : [892, 950, 977]
576.6 :    1 : [969]
576.8 :    2 : [899, 943]
576.9 :    1 : [900]
577.0 :    2 : [955, 961]
577.1 :    1 : [894]
577.2 :    1 : [888]
577.4 :    1 : [963]
577.6 :    1 : [913]
577.7 :    1 : [923]
577.8 :    1 : [905]
578.3 :    2 : [927, 942]
578.4 :    5 : [884, 945, 959, 973, 976]
578.6 :    3 : [930, 932, 965]
578.8 :    4 : [887, 924, 941, 964]
578.9 :    2 : [946, 966]
579.0 :    1 : [931]
579.1 :    4 : [889, 920, 926, 933]
579.2 :    1 : [902]
579.3 :    3 : [916, 929, 944]
579.4 :    2 : [910, 911]
579.5 :    5 : [883, 906, 922, 936, 971]
579.6 :    4 : [903, 904, 912, 957]
579.7 :    3 : [939, 970, 974]
579.8 :    3 : [898, 952, 967]
579.9 :    4 : [893, 897, 917, 958]
580.0 :    2 : [899, 940]
580.1 :    2 : [928, 943]
580.2 :    3 : [894, 948, 975]
580.3 :    1 : [950]
580.5 :    2 : [949, 953]
580.6 :    1 : [915]
580.8 :    2 : [937, 947]
580.9 :    2 : [891, 977]
581.0 :    2 : [885, 969]
581.1 :    1 : [954]
581.2 :    1 : [961]
581.3 :    2 : [886, 934]
581.4 :    1 : [955]
581.6 :    1 : [938]
582.2 :    2 : [913, 942]
582.4 :    2 : [882, 884]
582.5 :    2 : [921, 956]
582.6 :    1 : [963]
582.7 :    1 : [907]
582.8 :    2 : [916, 932]
582.9 :    1 : [899]
583.0 :    3 : [910, 929, 973]
583.1 :    7 : [889, 902, 903, 930, 935, 943, 972]
583.2 :    1 : [939]
583.3 :    3 : [931, 933, 936]
583.4 :    1 : [911]
583.7 :    1 : [912]
583.8 :    1 : [925]
584.1 :    7 : [887, 894, 904, 957, 970, 971, 974]
584.2 :    2 : [888, 946]
584.3 :    3 : [941, 950, 967]
584.4 :    2 : [892, 944]
584.5 :    1 : [914]
584.6 :    1 : [948]
584.7 :    1 : [890]
584.9 :    1 : [926]
585.0 :    3 : [923, 928, 952]
585.1 :    1 : [898]
585.2 :    2 : [945, 953]
585.3 :    4 : [893, 905, 922, 940]
585.4 :    3 : [915, 927, 961]
585.5 :    2 : [886, 969]
585.6 :    3 : [896, 937, 955]
585.8 :    3 : [897, 917, 958]
586.0 :    3 : [895, 943, 966]
586.1 :    3 : [910, 913, 929]
586.2 :    1 : [963]
586.3 :    4 : [884, 909, 964, 975]
586.4 :    3 : [902, 920, 933]
586.6 :    4 : [899, 942, 959, 976]
586.7 :    1 : [936]
586.8 :    4 : [911, 931, 973, 977]
586.9 :    1 : [891]
587.0 :    2 : [908, 939]
587.1 :    1 : [889]
587.2 :    5 : [903, 916, 930, 932, 965]
587.3 :    4 : [894, 947, 949, 970]
587.4 :    6 : [882, 885, 900, 901, 924, 951]
587.7 :    3 : [935, 957, 972]
587.8 :    2 : [888, 919]
587.9 :    2 : [887, 921]
588.0 :    3 : [941, 950, 971]
588.2 :    1 : [948]
588.5 :    1 : [961]
588.6 :    2 : [905, 969]
588.7 :    4 : [883, 923, 944, 945]
588.8 :    2 : [904, 926]
588.9 :    2 : [890, 952]
589.0 :    4 : [912, 927, 934, 943]
589.1 :    2 : [955, 956]
589.2 :    1 : [922]
589.3 :    1 : [929]
589.5 :    5 : [898, 907, 910, 963, 967]
589.6 :    2 : [933, 974]
589.9 :    3 : [902, 925, 940]
590.0 :    2 : [884, 899]
590.2 :    3 : [913, 953, 954]
590.3 :    5 : [906, 936, 942, 946, 962]
590.4 :    5 : [886, 893, 915, 937, 966]
590.5 :    6 : [894, 903, 916, 931, 939, 973]
590.6 :    2 : [911, 970]
590.7 :    1 : [964]
590.8 :    2 : [918, 950]
590.9 :    5 : [920, 930, 932, 938, 977]
591.0 :    3 : [885, 889, 896]
591.1 :    2 : [909, 928]
591.2 :    1 : [957]
591.3 :    2 : [892, 895]
591.4 :    4 : [887, 959, 975, 976]
591.5 :    4 : [888, 947, 961, 969]
591.6 :    3 : [891, 943, 965]
591.8 :    1 : [882]
591.9 :    1 : [905]
592.0 :    2 : [941, 948]
592.2 :    2 : [923, 971]
592.3 :    2 : [921, 945]
592.4 :    1 : [926]
592.5 :    1 : [951]
592.7 :    1 : [955]
592.9 :    1 : [927]
593.6 :    1 : [963]
593.7 :    2 : [935, 972]
593.8 :    1 : [908]
593.9 :    1 : [952]
594.0 :    1 : [944]
594.1 :    1 : [924]
594.2 :    3 : [894, 903, 970]
594.3 :    1 : [890]
594.5 :    1 : [899]
594.6 :    2 : [929, 942]
594.7 :    3 : [900, 939, 964]
594.9 :    2 : [933, 943]
595.0 :    1 : [922]
595.1 :    1 : [966]
595.3 :    1 : [949]
595.4 :    1 : [973]
595.7 :    3 : [884, 932, 957]
595.8 :    4 : [910, 916, 930, 977]
595.9 :    2 : [887, 889]
596.0 :    4 : [913, 936, 948, 956]
596.1 :    9 : [904, 909, 911, 919, 920, 925, 940, 959, 969]
596.2 :   10 : [885, 901, 902, 917, 931, 941, 945, 950, 965, 976]
596.3 :    6 : [882, 891, 897, 921, 955, 971]
596.4 :    4 : [898, 912, 954, 967]
596.5 :    3 : [883, 963, 968]
596.6 :    3 : [895, 961, 974]
596.7 :    2 : [914, 951]
596.8 :    4 : [906, 934, 937, 938]
596.9 :    4 : [893, 926, 947, 953]
597.0 :    4 : [907, 918, 928, 962]
597.1 :    4 : [896, 908, 924, 935]
597.2 :    1 : [894]
597.3 :    3 : [899, 905, 946]
597.4 :    1 : [892]
597.5 :    2 : [903, 970]
597.6 :    2 : [923, 943]
597.7 :    1 : [888]
597.9 :    1 : [942]
598.0 :    1 : [975]
598.1 :    1 : [964]
598.3 :    1 : [939]
598.4 :    1 : [944]
598.5 :    1 : [915]
598.6 :    1 : [886]
598.7 :    1 : [929]
598.8 :    3 : [927, 933, 966]
598.9 :    3 : [913, 922, 955]
599.0 :   13 : [882, 884, 895, 901, 910, 911, 930, 932, 950, 952, 957, 958, 969]
599.1 :    7 : [889, 920, 940, 941, 945, 959, 963]
599.2 :   10 : [887, 902, 904, 912, 916, 936, 948, 961, 967, 973]
599.3 :    6 : [891, 909, 919, 931, 949, 971]
599.4 :    4 : [898, 921, 953, 972]
599.5 :    5 : [900, 917, 954, 965, 974]
599.6 :    3 : [937, 960, 976]
599.7 :    6 : [883, 890, 893, 894, 928, 977]
599.8 :    1 : [897]
599.9 :    2 : [926, 951]
600.0 :    5 : [899, 906, 914, 918, 925]
600.1 :    2 : [885, 924]
600.2 :    3 : [938, 947, 970]
600.3 :    4 : [903, 908, 935, 943]
600.8 :    1 : [968]
600.9 :    1 : [892]
601.0 :    2 : [905, 962]
601.4 :    2 : [888, 964]
601.5 :    2 : [896, 955]
601.6 :    1 : [901]
601.7 :    3 : [882, 895, 911]
601.8 :    1 : [929]
601.9 :    1 : [910]
602.0 :    1 : [963]
602.1 :    4 : [907, 913, 933, 939]
602.2 :    2 : [920, 922]
602.5 :    4 : [921, 936, 945, 967]
602.6 :    3 : [902, 912, 923]
602.7 :    1 : [940]
602.8 :    2 : [957, 971]
602.9 :    4 : [932, 950, 959, 961]
603.0 :    4 : [930, 941, 944, 948]
603.1 :    6 : [889, 891, 953, 966, 969, 975]
603.2 :    6 : [894, 899, 904, 931, 937, 943]
603.3 :    4 : [886, 909, 919, 954]
603.4 :    1 : [918]
603.5 :    5 : [887, 898, 908, 928, 970]
603.6 :    2 : [893, 946]
603.7 :    4 : [917, 924, 935, 965]
603.8 :    2 : [892, 905]
604.0 :    1 : [976]
604.2 :    2 : [906, 914]
604.3 :    4 : [883, 955, 973, 974]
604.4 :    2 : [951, 952]
604.5 :    3 : [901, 934, 962]
604.6 :    1 : [956]
604.7 :    3 : [882, 895, 903]
604.8 :    4 : [884, 911, 926, 949]
604.9 :    1 : [910]
605.0 :    1 : [929]
605.3 :    1 : [916]
605.4 :    2 : [933, 963]
605.8 :    1 : [968]
606.1 :    1 : [964]
606.2 :    2 : [913, 920]
606.3 :    1 : [922]
606.6 :    2 : [899, 936]
606.7 :    1 : [967]
606.8 :    2 : [897, 938]
606.9 :    5 : [888, 889, 894, 941, 953]
607.0 :    1 : [940]
607.1 :    1 : [912]
607.3 :    2 : [928, 960]
607.4 :    2 : [915, 947]
607.5 :    8 : [891, 892, 939, 942, 943, 957, 958, 971]
607.6 :    2 : [890, 944]
607.7 :    3 : [911, 937, 955]
607.8 :    3 : [887, 902, 917]
607.9 :    1 : [961]
608.0 :    1 : [950]
608.1 :    2 : [910, 921]
608.2 :    3 : [929, 932, 974]
608.3 :    4 : [908, 918, 931, 948]
608.4 :    4 : [893, 904, 923, 945]
608.5 :    3 : [905, 907, 972]
608.6 :    3 : [886, 927, 933]
608.7 :    1 : [952]
608.8 :    6 : [882, 884, 898, 900, 970, 977]
608.9 :    3 : [896, 926, 969]
609.0 :    6 : [895, 901, 914, 954, 963, 975]
609.2 :    1 : [919]
609.3 :    2 : [934, 973]
609.4 :    2 : [906, 913]
609.7 :    2 : [930, 959]
609.8 :    2 : [935, 966]
609.9 :    3 : [885, 903, 916]
610.0 :    3 : [894, 920, 946]
610.1 :    5 : [899, 909, 924, 925, 976]
610.2 :    2 : [943, 964]
610.4 :    7 : [889, 922, 936, 939, 942, 951, 965]
610.5 :    3 : [883, 956, 957]
610.6 :    1 : [941]
610.7 :    4 : [888, 940, 955, 971]
610.8 :    2 : [911, 938]
610.9 :    4 : [902, 910, 912, 929]
611.0 :    1 : [887]
611.1 :    1 : [961]
611.2 :    1 : [967]
611.4 :    2 : [921, 950]
611.6 :    1 : [891]
611.8 :    2 : [932, 948]
611.9 :    4 : [890, 944, 947, 949]
612.0 :    2 : [928, 953]
612.2 :    1 : [974]
612.3 :    1 : [897]
612.5 :    4 : [915, 917, 937, 958]
612.6 :    1 : [952]
612.7 :    1 : [884]
