       0.0    527.6      527.6  0.0 19:27:36.347975
     527.6    505.1     1032.7 10.0 19:28:39.536817
    1032.7    505.9     1538.6 20.0 19:29:42.829598
    1538.6    503.8     2042.4 30.0 19:30:45.891372
    2042.4    503.0     2545.4 40.0 19:31:49.131345
    2545.4    498.3     3043.8 50.0 19:32:52.281237
    3043.8    502.5     3546.3 60.0 19:33:55.499622
    3546.3    503.5     4049.8 70.0 19:34:58.840890
    4049.8    502.8     4552.5 80.0 19:36:02.110876
    4552.5    502.4     5054.9 90.0 19:37:05.327214
    5054.9    503.5     5558.5 100.0 19:38:08.676245
    5558.5    503.6     6062.1 110.0 19:39:12.065872
    6062.1    503.5     6565.6 120.0 19:40:15.399340
    6565.6    503.1     7068.7 130.0 19:41:18.690259
    7068.7    502.6     7571.3 140.0 19:42:21.912025
    7571.3    503.3     8074.6 150.0 19:43:25.220996
    8074.6    502.8     8577.4 160.0 19:44:28.479420
    8577.4    503.2     9080.6 170.0 19:45:31.793549
    9080.6    503.7     9584.3 180.0 19:46:35.161277
    9584.3    501.8    10086.1 190.0 19:47:38.357064
   10086.1    503.9    10590.0 200.0 19:48:41.774970
   10590.0    503.8    11093.8 210.0 19:49:45.155374
   11093.8    502.7    11596.5 220.0 19:50:48.392463
   11596.5    502.6    12099.2 230.0 19:51:51.632603
   12099.2    502.4    12601.6 240.0 19:52:54.862301
   12601.6    503.1    13104.7 250.0 19:53:58.162463
   13104.7    502.8    13607.5 260.0 19:55:01.446365
   13607.5    502.2    14109.8 270.0 19:56:04.627159
   14109.8    502.1    14611.9 280.0 19:57:07.832699
   14611.9    501.8    15113.7 290.0 19:58:10.974398
   15113.7    501.3    15615.0 300.0 19:59:14.056328
   15615.0    500.7    16115.8 310.0 20:00:17.071857
   16115.8    500.5    16616.2 320.0 20:01:20.045169
   16616.2    500.1    17116.4 330.0 20:02:22.984811
   17116.4    501.3    17617.6 340.0 20:03:26.050063
   17617.6    501.3    18118.9 350.0 20:04:29.135668
   18118.9    500.6    18619.5 360.0 20:05:32.117434
   18619.5    500.6    19120.1 370.0 20:06:35.100079
   19120.1    500.9    19621.0 380.0 20:07:38.154880
   19621.0    501.0    20122.0 390.0 20:08:41.187174
   20122.0    500.6    20622.6 400.0 20:09:44.164377
   20622.6    501.0    21123.6 410.0 20:10:47.186835
   21123.6    501.4    21625.0 420.0 20:11:50.280140
   21625.0    501.7    22126.7 430.0 20:12:53.403525
   22126.7    501.6    22628.3 440.0 20:13:56.507533
   22628.3    502.1    23130.4 450.0 20:14:59.667344
   23130.4    502.1    23632.5 460.0 20:16:02.848015
   23632.5    502.4    24134.9 470.0 20:17:06.052880
   24134.9    502.1    24637.0 480.0 20:18:09.247513
   24637.0    502.6    25139.6 490.0 20:19:12.490549
   25139.6    502.2    25641.8 500.0 20:20:15.668437
   25641.8    502.2    26144.0 510.0 20:21:18.862380
   26144.0    502.5    26646.4 520.0 20:22:22.067427
   26646.4    502.1    27148.6 530.0 20:23:25.252957
   27148.6    502.5    27651.1 540.0 20:24:28.488306
   27651.1    502.7    28153.8 550.0 20:25:31.774599
   28153.8    502.9    28656.7 560.0 20:26:35.042003
   28656.7    503.4    29160.1 570.0 20:27:38.371580
   29160.1    503.5    29663.6 580.0 20:28:41.717995
   29663.6    503.6    30167.2 590.0 20:29:45.094278
   30167.2    503.6    30670.8 600.0 20:30:48.457874
   30670.8    503.7    31174.5 610.0 20:31:51.823630
   31174.5    503.4    31677.9 620.0 20:32:55.170182
   31677.9    459.8    32137.7 630.0 20:33:58.893753
   32137.7    470.5    32608.2 640.0 20:35:02.480523
   32608.2    446.8    33055.0 650.0 20:36:05.878074
   33055.0    499.1    33554.1 660.0 20:37:09.073891
   33554.1    502.2    34056.3 670.0 20:38:12.250581
   34056.3    503.3    34559.6 680.0 20:39:15.580991
   34559.6    502.4    35062.0 690.0 20:40:18.792521
   35062.0    502.5    35564.5 700.0 20:41:22.036215
   35564.5    502.4    36066.9 710.0 20:42:25.271184
   36066.9    503.0    36570.0 720.0 20:43:28.549637
   36570.0    504.1    37074.1 730.0 20:44:31.967688
   37074.1    503.8    37577.9 740.0 20:45:35.348312
   37577.9    503.5    38081.4 750.0 20:46:38.701966
   38081.4    502.6    38584.0 760.0 20:47:41.944135
   38584.0    502.4    39086.4 770.0 20:48:45.160930
   39086.4    502.6    39589.0 780.0 20:49:48.377704
   39589.0    502.9    40091.9 790.0 20:50:51.707827
   40091.9    503.1    40595.0 800.0 20:51:55.002286
   40595.0    502.5    41097.6 810.0 20:52:58.225459
   41097.6    502.8    41600.4 820.0 20:54:01.490436
   41600.4    503.2    42103.6 830.0 20:55:04.809974
   42103.6    502.8    42606.4 840.0 20:56:08.066286
   42606.4    503.0    43109.4 850.0 20:57:11.353695
   43109.4    502.9    43612.3 860.0 20:58:14.632331
   43612.3    502.8    44115.0 870.0 20:59:17.877102
   44115.0    503.1    44618.1 880.0 21:00:21.165509
   44618.1    502.9    45121.1 890.0 21:01:24.450018
   45121.1    503.5    45624.5 900.0 21:02:27.790452
   45624.5    503.8    46128.4 910.0 21:03:31.179258
   46128.4    503.2    46631.6 920.0 21:04:34.482055
   46631.6    502.5    47134.1 930.0 21:05:37.694904
   47134.1    503.0    47637.1 940.0 21:06:40.970031
   47637.1    503.4    48140.4 950.0 21:07:44.294247
   48140.4    503.4    48643.8 960.0 21:08:47.630924
   48643.8    502.9    49146.7 970.0 21:09:50.925514
   49146.7    503.4    49650.1 980.0 21:10:54.252990
   49650.1    503.1    50153.2 990.0 21:11:57.557204
