Name: LC [D1], Title: Raster plot from device '95166', Hist: False
112.8 :    1 : [389]
113.0 :    3 : [337, 388, 391]
113.1 :    3 : [341, 363, 370]
113.2 :   10 : [321, 327, 352, 353, 356, 360, 366, 373, 380, 401]
113.3 :   14 : [308, 328, 333, 338, 346, 355, 358, 371, 372, 384, 385, 396, 397, 403]
113.4 :    5 : [318, 343, 345, 381, 402]
113.5 :    8 : [306, 309, 312, 323, 339, 351, 354, 392]
113.6 :   10 : [315, 317, 324, 331, 335, 361, 365, 369, 379, 383]
113.7 :   11 : [319, 329, 330, 340, 347, 374, 377, 394, 395, 404, 405]
113.8 :    7 : [311, 314, 349, 350, 362, 375, 387]
113.9 :    4 : [310, 313, 336, 400]
114.0 :    5 : [357, 359, 382, 386, 398]
114.1 :    6 : [322, 325, 334, 348, 378, 390]
114.2 :    4 : [316, 332, 344, 393]
114.3 :    7 : [320, 326, 342, 364, 367, 368, 376]
114.4 :    2 : [307, 399]
115.3 :    1 : [389]
115.5 :    1 : [391]
115.6 :    3 : [337, 363, 388]
115.7 :    5 : [341, 353, 360, 370, 401]
115.8 :    8 : [321, 327, 352, 355, 356, 366, 380, 384]
115.9 :    8 : [308, 328, 333, 373, 385, 396, 397, 403]
116.0 :    8 : [338, 345, 346, 358, 371, 372, 381, 402]
116.1 :    7 : [312, 318, 339, 343, 354, 365, 392]
116.2 :    9 : [306, 309, 315, 317, 323, 351, 369, 374, 379]
116.3 :   12 : [324, 331, 335, 340, 347, 361, 377, 383, 394, 395, 404, 405]
116.4 :    9 : [311, 314, 319, 329, 330, 350, 362, 375, 387]
116.5 :    2 : [313, 349]
116.6 :    3 : [310, 336, 400]
116.7 :    1 : [348]
116.8 :   10 : [322, 325, 332, 334, 357, 359, 378, 386, 390, 398]
116.9 :    3 : [344, 382, 393]
117.0 :    6 : [316, 320, 326, 342, 364, 376]
117.1 :    4 : [307, 367, 368, 399]
117.6 :    1 : [389]
117.8 :    2 : [337, 391]
117.9 :    1 : [388]
118.0 :    4 : [353, 363, 366, 401]
118.1 :    7 : [321, 341, 355, 356, 360, 370, 397]
118.2 :    7 : [327, 328, 333, 352, 380, 384, 396]
118.3 :    8 : [308, 338, 358, 372, 373, 385, 402, 403]
118.4 :    6 : [318, 339, 345, 365, 371, 381]
118.5 :    7 : [309, 312, 343, 346, 354, 374, 392]
118.6 :    8 : [306, 315, 317, 323, 340, 351, 369, 404]
118.7 :   14 : [311, 314, 330, 331, 335, 347, 375, 377, 379, 383, 387, 394, 395, 405]
118.8 :    7 : [319, 324, 329, 349, 350, 361, 362]
118.9 :    1 : [313]
119.0 :    1 : [348]
119.1 :    4 : [310, 332, 336, 400]
119.2 :    3 : [322, 359, 378]
119.3 :    7 : [325, 334, 344, 357, 386, 390, 393]
119.4 :   12 : [307, 316, 320, 326, 342, 364, 367, 368, 376, 382, 398, 399]
119.7 :    1 : [389]
120.0 :    1 : [337]
120.1 :    1 : [391]
120.2 :    4 : [353, 363, 366, 388]
120.3 :    5 : [341, 355, 356, 360, 401]
120.4 :    7 : [321, 328, 333, 370, 380, 384, 397]
120.5 :    4 : [308, 327, 352, 396]
120.6 :    8 : [338, 358, 365, 373, 381, 385, 402, 403]
120.7 :    5 : [339, 345, 371, 372, 374]
120.8 :    7 : [309, 318, 340, 343, 346, 354, 392]
120.9 :   10 : [312, 314, 315, 317, 323, 347, 351, 369, 375, 404]
121.0 :   13 : [306, 311, 330, 331, 335, 350, 377, 379, 383, 387, 394, 395, 405]
121.1 :    3 : [319, 329, 362]
121.2 :    3 : [313, 349, 361]
121.3 :    2 : [324, 348]
121.4 :    1 : [332]
121.5 :    5 : [310, 322, 336, 378, 400]
121.6 :    4 : [325, 344, 359, 393]
121.7 :    8 : [316, 320, 334, 342, 357, 364, 376, 390]
121.8 :    8 : [307, 326, 367, 368, 382, 386, 398, 399]
121.9 :    1 : [389]
122.1 :    1 : [337]
122.3 :    3 : [353, 363, 391]
122.4 :    5 : [356, 360, 366, 388, 401]
122.5 :    3 : [341, 355, 397]
122.6 :    6 : [321, 328, 333, 370, 380, 384]
122.7 :    2 : [352, 396]
122.8 :    7 : [308, 327, 358, 365, 374, 402, 403]
122.9 :    5 : [338, 339, 372, 381, 385]
123.0 :    7 : [318, 340, 345, 354, 371, 373, 392]
123.1 :   10 : [309, 312, 314, 323, 343, 346, 369, 375, 387, 404]
123.2 :   10 : [311, 315, 317, 330, 331, 347, 351, 377, 383, 395]
123.3 :    7 : [306, 319, 335, 350, 379, 394, 405]
123.4 :    4 : [313, 329, 349, 362]
123.5 :    2 : [348, 361]
123.7 :    2 : [324, 332]
123.8 :    5 : [310, 322, 336, 378, 400]
123.9 :    2 : [344, 393]
124.0 :    8 : [320, 325, 334, 342, 357, 359, 364, 390]
124.1 :    4 : [316, 326, 367, 376]
124.2 :    6 : [307, 368, 386, 389, 398, 399]
124.3 :    2 : [337, 382]
124.5 :    6 : [353, 363, 366, 388, 391, 401]
124.6 :    4 : [355, 356, 360, 397]
124.7 :    7 : [321, 328, 333, 341, 370, 380, 384]
124.8 :    1 : [352]
124.9 :    6 : [308, 365, 374, 396, 402, 403]
125.0 :    3 : [327, 358, 381]
125.1 :    3 : [338, 339, 385]
125.2 :    7 : [340, 354, 371, 372, 373, 375, 392]
125.3 :    8 : [309, 311, 314, 318, 343, 345, 387, 404]
125.4 :    8 : [312, 317, 323, 330, 346, 347, 369, 395]
125.5 :    8 : [315, 331, 350, 351, 377, 383, 394, 405]
125.6 :    5 : [306, 313, 319, 335, 379]
125.7 :    4 : [329, 348, 349, 362]
125.8 :    1 : [361]
125.9 :    1 : [332]
126.0 :    2 : [322, 324]
126.1 :    3 : [336, 378, 393]
126.2 :    3 : [310, 344, 400]
126.3 :    8 : [320, 325, 334, 342, 359, 364, 376, 390]
126.4 :    4 : [316, 326, 357, 389]
126.5 :    4 : [367, 368, 386, 399]
126.6 :    2 : [307, 337]
126.7 :    4 : [353, 366, 382, 398]
126.8 :    8 : [355, 356, 360, 363, 388, 391, 397, 401]
126.9 :    4 : [328, 333, 380, 384]
127.0 :    3 : [321, 341, 370]
127.1 :    2 : [352, 365]
127.2 :    5 : [308, 374, 396, 402, 403]
127.3 :    4 : [327, 338, 358, 381]
127.4 :    6 : [314, 339, 340, 372, 375, 385]
127.5 :   13 : [309, 311, 318, 330, 343, 345, 347, 354, 371, 373, 387, 392, 404]
127.6 :   13 : [312, 315, 317, 323, 331, 346, 350, 351, 369, 377, 383, 395, 405]
127.7 :    4 : [319, 335, 379, 394]
127.8 :    5 : [306, 313, 348, 349, 362]
127.9 :    1 : [329]
128.0 :    1 : [332]
128.1 :    1 : [361]
128.2 :    1 : [322]
128.3 :    2 : [324, 393]
128.4 :    3 : [336, 344, 378]
128.5 :    5 : [310, 320, 325, 342, 400]
128.6 :    4 : [359, 364, 376, 390]
128.7 :    5 : [316, 326, 334, 357, 389]
128.8 :    2 : [337, 367]
128.9 :    5 : [353, 366, 368, 386, 399]
129.0 :    7 : [307, 355, 356, 363, 391, 397, 401]
129.1 :    6 : [328, 333, 360, 382, 388, 398]
129.2 :    4 : [321, 341, 380, 384]
129.3 :    2 : [365, 370]
129.4 :    2 : [352, 374]
129.5 :    4 : [308, 396, 402, 403]
129.6 :    6 : [327, 338, 340, 358, 375, 381]
129.7 :    4 : [314, 339, 385, 387]
129.8 :   10 : [309, 311, 318, 330, 347, 354, 371, 372, 392, 404]
129.9 :   12 : [317, 323, 343, 345, 346, 350, 369, 373, 377, 383, 395, 405]
130.0 :    6 : [312, 315, 319, 331, 351, 394]
130.1 :    6 : [313, 335, 348, 349, 362, 379]
130.2 :    2 : [306, 329]
130.3 :    1 : [332]
130.5 :    2 : [322, 361]
130.6 :    1 : [393]
130.7 :    3 : [324, 344, 378]
130.8 :    9 : [310, 320, 325, 336, 342, 359, 364, 376, 400]
130.9 :    7 : [316, 326, 334, 337, 357, 389, 390]
131.0 :    2 : [353, 366]
131.1 :    8 : [355, 356, 363, 367, 368, 386, 397, 399]
131.2 :    6 : [307, 328, 333, 360, 391, 401]
131.3 :    3 : [380, 384, 388]
131.4 :    5 : [321, 341, 365, 382, 398]
131.5 :    2 : [370, 374]
131.6 :    1 : [352]
131.7 :    2 : [308, 402]
131.8 :    4 : [340, 375, 396, 403]
131.9 :    6 : [314, 327, 338, 358, 381, 387]
132.0 :    5 : [311, 339, 385, 392, 404]
132.1 :    7 : [309, 330, 343, 347, 354, 371, 372]
132.2 :   12 : [317, 318, 323, 345, 350, 369, 373, 377, 383, 394, 395, 405]
132.3 :    8 : [312, 313, 315, 319, 331, 346, 348, 351]
132.4 :    4 : [335, 349, 362, 379]
132.5 :    2 : [329, 332]
132.6 :    1 : [306]
132.7 :    1 : [322]
132.8 :    2 : [361, 393]
132.9 :    4 : [320, 342, 344, 378]
133.0 :   10 : [310, 324, 325, 336, 337, 359, 364, 376, 389, 390]
133.1 :    7 : [316, 326, 334, 353, 357, 366, 400]
133.2 :    4 : [355, 356, 363, 397]
133.3 :    7 : [328, 333, 360, 367, 368, 399, 401]
133.4 :    4 : [380, 386, 388, 391]
133.5 :    3 : [307, 365, 384]
133.6 :    3 : [321, 341, 374]
133.7 :    3 : [370, 382, 398]
133.9 :    3 : [352, 375, 402]
134.0 :    5 : [308, 314, 340, 396, 403]
134.1 :    3 : [358, 381, 387]
134.2 :    5 : [311, 327, 338, 339, 404]
134.3 :    6 : [330, 347, 354, 372, 385, 392]
134.4 :    6 : [309, 318, 343, 350, 371, 395]
134.5 :   13 : [313, 315, 317, 319, 323, 345, 348, 369, 373, 377, 383, 394, 405]
134.6 :    4 : [312, 331, 346, 351]
134.7 :    5 : [332, 335, 349, 362, 379]
134.8 :    1 : [329]
134.9 :    1 : [306]
135.0 :    2 : [322, 393]
135.2 :    8 : [320, 337, 342, 344, 361, 364, 378, 389]
135.3 :    8 : [325, 336, 353, 355, 359, 366, 376, 397]
135.4 :   10 : [310, 316, 324, 326, 334, 356, 357, 363, 390, 400]
135.5 :    4 : [328, 333, 360, 401]
135.6 :    4 : [367, 368, 391, 399]
135.7 :    5 : [365, 380, 384, 386, 388]
135.8 :    1 : [321]
135.9 :    3 : [307, 341, 374]
136.0 :    1 : [370]
136.1 :    3 : [375, 382, 398]
136.2 :    4 : [340, 352, 402, 403]
136.3 :    4 : [308, 314, 387, 396]
136.4 :    5 : [311, 338, 339, 358, 381]
136.5 :    6 : [327, 330, 347, 385, 392, 404]
136.6 :    9 : [309, 317, 348, 350, 354, 372, 383, 395, 405]
136.7 :   12 : [313, 315, 318, 319, 323, 331, 343, 345, 369, 371, 377, 394]
136.8 :    7 : [312, 332, 346, 349, 351, 362, 373]
136.9 :    2 : [335, 379]
137.0 :    1 : [329]
137.2 :    3 : [306, 322, 393]
137.4 :    8 : [320, 337, 342, 344, 361, 366, 378, 389]
137.5 :    6 : [325, 353, 355, 364, 376, 397]
137.6 :    8 : [326, 328, 333, 336, 356, 359, 363, 390]
137.7 :    8 : [310, 316, 324, 334, 357, 360, 400, 401]
137.8 :    1 : [367]
137.9 :    7 : [365, 368, 380, 384, 388, 391, 399]
138.0 :    2 : [374, 386]
138.1 :    2 : [321, 341]
138.2 :    1 : [307]
138.3 :    2 : [370, 375]
138.4 :    2 : [340, 352]
138.5 :    7 : [308, 314, 382, 387, 398, 402, 403]
138.6 :    7 : [311, 338, 339, 358, 381, 396, 404]
138.7 :    6 : [327, 330, 347, 348, 385, 392]
138.8 :   11 : [309, 313, 317, 319, 350, 354, 372, 377, 383, 395, 405]
138.9 :   10 : [315, 318, 323, 331, 332, 343, 345, 369, 371, 394]
139.0 :    7 : [312, 335, 346, 349, 351, 362, 373]
139.1 :    1 : [379]
139.2 :    1 : [329]
139.3 :    2 : [322, 393]
139.5 :    3 : [306, 337, 366]
139.6 :    8 : [320, 342, 344, 353, 355, 378, 389, 397]
139.7 :    5 : [325, 356, 361, 364, 376]
139.8 :    6 : [328, 333, 336, 359, 363, 401]
139.9 :    5 : [310, 326, 334, 360, 390]
140.0 :    4 : [316, 324, 357, 400]
140.1 :    6 : [365, 367, 380, 384, 391, 399]
140.2 :    3 : [368, 374, 388]
140.3 :    1 : [321]
140.4 :    2 : [341, 386]
140.5 :    2 : [307, 375]
140.6 :    2 : [340, 370]
140.7 :    6 : [308, 314, 352, 387, 402, 403]
140.8 :    4 : [311, 358, 381, 396]
140.9 :   10 : [327, 330, 338, 339, 347, 348, 350, 382, 398, 404]
141.0 :   12 : [309, 313, 317, 319, 354, 372, 377, 383, 385, 392, 395, 405]
141.1 :   10 : [315, 318, 331, 332, 343, 345, 362, 369, 371, 394]
141.2 :    7 : [312, 323, 335, 346, 349, 351, 373]
141.4 :    3 : [329, 379, 393]
141.5 :    1 : [322]
141.6 :    2 : [337, 366]
141.7 :    7 : [306, 320, 342, 344, 353, 355, 397]
141.8 :    4 : [325, 364, 378, 389]
141.9 :    6 : [328, 333, 356, 361, 363, 376]
142.0 :    2 : [359, 401]
142.1 :    5 : [326, 334, 336, 360, 390]
142.2 :    6 : [310, 316, 365, 380, 384, 400]
142.3 :    3 : [357, 374, 391]
142.4 :    4 : [324, 367, 388, 399]
142.5 :    2 : [321, 368]
142.6 :    2 : [341, 375]
142.7 :    1 : [386]
142.8 :    2 : [314, 340]
142.9 :    5 : [307, 370, 387, 402, 403]
143.0 :    4 : [308, 311, 352, 381]
143.1 :    9 : [330, 338, 339, 347, 348, 350, 358, 396, 404]
143.2 :   10 : [313, 327, 354, 382, 383, 385, 392, 395, 398, 405]
143.3 :    9 : [309, 317, 318, 319, 332, 369, 372, 377, 394]
143.4 :    8 : [315, 323, 331, 343, 345, 349, 362, 371]
143.5 :    5 : [312, 335, 346, 351, 373]
143.6 :    3 : [329, 379, 393]
143.7 :    3 : [322, 337, 366]
143.8 :    3 : [353, 355, 397]
143.9 :    5 : [306, 320, 342, 344, 389]
144.0 :    6 : [325, 328, 333, 356, 364, 378]
144.1 :    3 : [363, 376, 401]
144.2 :    3 : [359, 360, 361]
144.3 :    5 : [326, 334, 336, 365, 390]
144.4 :    4 : [316, 374, 380, 384]
144.5 :    3 : [310, 357, 400]
144.6 :    5 : [321, 367, 388, 391, 399]
144.7 :    3 : [324, 368, 375]
144.8 :    1 : [341]
145.0 :    4 : [314, 340, 386, 387]
145.1 :    2 : [370, 402]
145.2 :    5 : [307, 308, 311, 352, 403]
145.3 :    8 : [330, 339, 348, 350, 358, 381, 396, 404]
145.4 :    4 : [313, 338, 347, 405]
145.5 :   10 : [309, 317, 319, 327, 332, 354, 383, 385, 392, 395]
145.6 :    7 : [318, 362, 369, 372, 377, 382, 394]
145.7 :    8 : [315, 323, 331, 343, 345, 349, 371, 398]
145.8 :    3 : [312, 335, 351]
145.9 :    6 : [322, 329, 346, 366, 373, 393]
146.0 :    4 : [337, 355, 379, 397]
146.1 :    2 : [342, 353]
146.2 :    4 : [320, 333, 344, 389]
146.3 :    6 : [306, 328, 356, 363, 364, 378]
146.4 :    3 : [325, 376, 401]
146.5 :    4 : [359, 360, 361, 365]
146.6 :    5 : [326, 374, 380, 384, 390]
146.7 :    3 : [316, 334, 336]
146.8 :    5 : [310, 357, 388, 391, 400]
146.9 :    3 : [321, 367, 375]
147.0 :    3 : [324, 341, 399]
147.1 :    2 : [314, 368]
147.2 :    2 : [340, 387]
147.3 :    1 : [386]
147.4 :    5 : [311, 352, 370, 402, 403]
147.5 :    8 : [307, 308, 330, 348, 358, 381, 396, 404]
147.6 :    3 : [339, 347, 350]
147.7 :    7 : [313, 332, 338, 354, 383, 392, 405]
147.8 :    7 : [309, 317, 319, 327, 385, 394, 395]
147.9 :    5 : [318, 362, 369, 372, 377]
148.0 :    6 : [315, 331, 343, 349, 371, 382]
148.1 :    8 : [312, 323, 335, 345, 351, 366, 393, 398]
148.2 :    7 : [322, 329, 337, 346, 355, 373, 397]
148.3 :    1 : [353]
148.4 :    3 : [320, 342, 379]
148.5 :    4 : [328, 333, 344, 356]
148.6 :    4 : [363, 364, 378, 389]
148.7 :    4 : [306, 325, 376, 401]
148.8 :    3 : [360, 365, 374]
148.9 :    2 : [326, 359]
149.0 :    4 : [361, 380, 384, 390]
149.1 :    3 : [316, 334, 336]
149.2 :    5 : [321, 357, 375, 388, 391]
149.3 :    2 : [310, 400]
149.4 :    4 : [314, 341, 367, 399]
149.5 :    3 : [340, 368, 387]
149.6 :    1 : [324]
149.8 :    6 : [311, 348, 370, 386, 402, 403]
149.9 :    4 : [308, 330, 352, 404]
150.0 :    7 : [332, 339, 347, 350, 358, 381, 396]
150.1 :    3 : [307, 313, 405]
150.2 :    6 : [317, 338, 354, 383, 392, 395]
150.3 :    5 : [309, 319, 327, 385, 394]
150.4 :    5 : [318, 362, 369, 372, 377]
150.5 :    7 : [315, 331, 343, 355, 366, 371, 393]
150.6 :    9 : [322, 323, 335, 337, 345, 349, 351, 382, 397]
150.7 :    2 : [312, 353]
150.8 :    3 : [329, 346, 373]
150.9 :    4 : [320, 333, 342, 398]
151.0 :    4 : [328, 344, 356, 379]
151.1 :    3 : [363, 364, 389]
151.2 :    4 : [365, 374, 378, 401]
151.3 :    2 : [325, 376]
151.4 :    2 : [306, 360]
151.5 :    3 : [359, 380, 384]
151.6 :    2 : [326, 375]
151.7 :    3 : [336, 361, 390]
151.8 :    3 : [316, 321, 334]
151.9 :    3 : [314, 388, 391]
152.0 :    2 : [310, 357]
152.1 :    4 : [340, 341, 387, 400]
152.2 :    2 : [367, 399]
152.4 :    3 : [311, 348, 368]
152.5 :    2 : [324, 402]
152.6 :    6 : [308, 330, 352, 370, 403, 404]
152.7 :    5 : [332, 350, 358, 381, 396]
152.8 :    5 : [313, 339, 347, 386, 405]
152.9 :    2 : [383, 392]
153.0 :    4 : [307, 317, 354, 395]
153.1 :    3 : [319, 338, 394]
153.2 :    6 : [309, 327, 355, 362, 366, 393]
153.3 :    6 : [315, 318, 369, 372, 377, 385]
153.4 :    4 : [331, 337, 343, 397]
153.5 :    5 : [322, 349, 351, 353, 371]
153.6 :    2 : [323, 335]
153.7 :    3 : [312, 345, 382]
153.8 :    5 : [320, 328, 329, 333, 342]
153.9 :    3 : [344, 346, 356]
154.0 :    3 : [365, 373, 374]
154.1 :    4 : [363, 364, 389, 401]
154.2 :    2 : [378, 379]
154.4 :    4 : [325, 360, 376, 398]
154.5 :    3 : [375, 380, 384]
154.7 :    1 : [306]
154.8 :    2 : [326, 359]
154.9 :    2 : [314, 321]
155.0 :    2 : [387, 390]
155.1 :    5 : [316, 334, 336, 340, 388]
155.3 :    3 : [341, 361, 391]
155.5 :    1 : [357]
155.6 :    2 : [311, 348]
155.8 :    1 : [310]
155.9 :    4 : [330, 400, 402, 404]
156.0 :    3 : [308, 332, 399]
156.1 :    2 : [350, 403]
156.2 :    2 : [313, 370]
156.3 :    6 : [347, 352, 358, 367, 381, 405]
156.4 :    1 : [396]
156.5 :    2 : [339, 355]
156.6 :    2 : [383, 392]
156.7 :    1 : [366]
156.8 :    4 : [317, 393, 395, 397]
157.0 :    2 : [368, 394]
157.1 :    1 : [354]
157.2 :    2 : [337, 362]
157.3 :    2 : [319, 353]
157.6 :    1 : [322]
157.7 :    2 : [365, 374]
157.8 :    1 : [309]
157.9 :    2 : [328, 333]
159.1 :    1 : [375]
313.4 :    1 : [328]
313.5 :    2 : [319, 356]
313.6 :    2 : [313, 318]
313.7 :    3 : [322, 355, 397]
313.8 :    3 : [311, 332, 366]
313.9 :    3 : [338, 358, 384]
314.0 :    7 : [314, 317, 323, 341, 364, 390, 403]
314.1 :    6 : [308, 315, 330, 368, 385, 393]
314.2 :   10 : [320, 337, 352, 353, 365, 374, 380, 383, 395, 401]
314.3 :   15 : [333, 344, 357, 360, 362, 370, 375, 376, 377, 381, 387, 388, 389, 392, 405]
314.4 :   11 : [321, 325, 331, 339, 340, 342, 348, 350, 391, 396, 398]
314.5 :   12 : [306, 312, 326, 345, 354, 359, 367, 371, 372, 373, 378, 399]
314.6 :   13 : [307, 310, 316, 327, 334, 336, 349, 351, 369, 379, 394, 402, 404]
314.7 :    3 : [309, 363, 400]
314.8 :    3 : [324, 329, 347]
314.9 :    2 : [346, 382]
315.0 :    1 : [343]
315.1 :    3 : [335, 361, 386]
316.0 :    1 : [356]
316.1 :    1 : [328]
316.2 :    1 : [319]
316.3 :    1 : [313]
316.4 :    3 : [322, 355, 397]
316.5 :    5 : [311, 318, 338, 366, 384]
316.6 :    2 : [332, 358]
316.7 :    4 : [314, 341, 364, 403]
316.8 :    7 : [315, 330, 365, 368, 380, 390, 393]
316.9 :   11 : [308, 317, 323, 352, 353, 375, 381, 383, 385, 395, 401]
317.0 :    7 : [320, 333, 360, 374, 387, 389, 392]
317.1 :    9 : [337, 339, 340, 344, 350, 362, 370, 376, 405]
317.2 :   10 : [321, 325, 326, 331, 348, 357, 377, 388, 391, 396]
317.3 :    6 : [342, 345, 354, 372, 378, 398]
317.4 :    8 : [306, 312, 359, 371, 373, 379, 402, 404]
317.5 :    9 : [307, 316, 327, 349, 351, 363, 369, 394, 399]
317.6 :    5 : [309, 329, 334, 336, 367]
317.7 :    1 : [400]
317.8 :    3 : [310, 324, 347]
317.9 :    2 : [335, 346]
318.0 :    3 : [343, 382, 386]
318.2 :    1 : [361]
318.5 :    1 : [356]
318.6 :    1 : [328]
318.7 :    1 : [319]
318.8 :    1 : [313]
318.9 :    3 : [355, 384, 397]
319.0 :    3 : [322, 338, 366]
319.1 :    4 : [311, 314, 318, 332]
319.2 :    3 : [341, 358, 403]
319.3 :    5 : [330, 364, 365, 380, 393]
319.4 :    9 : [315, 353, 368, 375, 383, 385, 390, 395, 401]
319.5 :    9 : [308, 317, 323, 352, 360, 374, 381, 387, 389]
319.6 :    6 : [320, 333, 337, 340, 392, 405]
319.7 :    8 : [331, 339, 344, 348, 350, 362, 370, 376]
319.8 :    7 : [321, 325, 326, 357, 388, 391, 396]
319.9 :    4 : [342, 354, 377, 378]
320.0 :   10 : [312, 345, 359, 371, 372, 373, 379, 398, 402, 404]
320.1 :    4 : [306, 349, 363, 394]
320.2 :    4 : [309, 316, 369, 399]
320.3 :    6 : [307, 327, 329, 334, 351, 367]
320.4 :    1 : [400]
320.5 :    3 : [310, 336, 347]
320.6 :    2 : [324, 335]
320.7 :    3 : [343, 346, 386]
320.8 :    2 : [356, 382]
320.9 :    1 : [361]
321.0 :    1 : [328]
321.2 :    2 : [319, 355]
321.3 :    3 : [313, 384, 397]
321.4 :    1 : [366]
321.5 :    4 : [311, 314, 322, 338]
321.6 :    3 : [318, 332, 341]
321.7 :    7 : [330, 358, 364, 365, 375, 393, 403]
321.8 :    3 : [315, 380, 401]
321.9 :    8 : [353, 368, 374, 381, 383, 385, 390, 395]
322.0 :    8 : [320, 323, 333, 352, 360, 387, 389, 392]
322.1 :    8 : [308, 317, 337, 339, 340, 350, 370, 405]
322.2 :    5 : [344, 348, 362, 376, 396]
322.3 :    7 : [321, 325, 326, 331, 357, 388, 391]
322.4 :    4 : [342, 354, 371, 378]
322.5 :    9 : [312, 345, 359, 372, 373, 377, 379, 402, 404]
322.6 :    4 : [306, 349, 363, 398]
322.7 :    3 : [369, 394, 399]
322.8 :    3 : [309, 316, 329]
322.9 :    5 : [307, 327, 334, 351, 367]
323.0 :    1 : [400]
323.1 :    1 : [347]
323.2 :    5 : [310, 324, 335, 336, 356]
323.3 :    1 : [346]
323.4 :    3 : [328, 343, 386]
323.5 :    1 : [382]
323.6 :    2 : [319, 355]
323.7 :    5 : [313, 361, 366, 384, 397]
323.9 :    2 : [314, 338]
324.0 :    4 : [311, 322, 332, 341]
324.1 :    8 : [318, 330, 364, 365, 375, 380, 393, 403]
324.2 :    4 : [315, 358, 374, 401]
324.3 :    5 : [368, 381, 383, 385, 395]
324.4 :    6 : [333, 352, 353, 360, 387, 390]
324.5 :    8 : [308, 317, 320, 337, 340, 350, 389, 392]
324.6 :    5 : [323, 339, 348, 370, 405]
324.7 :    6 : [326, 331, 344, 362, 391, 396]
324.8 :    4 : [321, 357, 376, 388]
324.9 :    5 : [325, 342, 354, 371, 378]
325.0 :    8 : [312, 345, 359, 372, 373, 377, 402, 404]
325.1 :    4 : [306, 349, 363, 379]
325.2 :    3 : [369, 394, 398]
325.3 :    4 : [309, 316, 329, 399]
325.4 :    3 : [327, 351, 367]
325.5 :    2 : [334, 356]
325.6 :    3 : [307, 347, 400]
325.7 :    1 : [335]
325.8 :    3 : [324, 328, 336]
325.9 :    3 : [310, 346, 355]
326.0 :    3 : [313, 319, 386]
326.1 :    4 : [343, 366, 384, 397]
326.2 :    2 : [314, 338]
326.3 :    4 : [311, 332, 361, 382]
326.4 :    3 : [322, 341, 375]
326.5 :    7 : [318, 330, 364, 365, 380, 393, 403]
326.6 :    4 : [315, 358, 374, 401]
326.7 :    4 : [381, 383, 385, 395]
326.8 :    4 : [333, 360, 368, 390]
326.9 :   10 : [317, 320, 337, 340, 348, 350, 352, 353, 387, 392]
327.0 :    5 : [308, 339, 370, 389, 405]
327.1 :    5 : [323, 326, 344, 362, 396]
327.2 :    6 : [321, 331, 357, 376, 388, 391]
327.3 :    6 : [325, 342, 354, 371, 378, 402]
327.4 :    2 : [312, 404]
327.5 :    8 : [345, 349, 359, 363, 372, 373, 377, 379]
327.6 :    2 : [306, 369]
327.7 :    3 : [309, 394, 398]
327.8 :    4 : [316, 329, 356, 399]
327.9 :    3 : [327, 351, 367]
328.0 :    1 : [334]
328.1 :    5 : [307, 328, 335, 355, 400]
328.2 :    1 : [347]
328.4 :    8 : [313, 319, 324, 336, 346, 366, 384, 397]
328.5 :    3 : [310, 314, 386]
328.6 :    1 : [338]
328.7 :    5 : [311, 332, 341, 343, 375]
328.8 :    3 : [322, 380, 393]
328.9 :    9 : [318, 330, 361, 364, 365, 374, 382, 401, 403]
329.0 :    3 : [315, 358, 381]
329.1 :    2 : [360, 383]
329.2 :    4 : [333, 368, 385, 395]
329.3 :    9 : [320, 340, 348, 350, 352, 353, 387, 390, 392]
329.4 :    5 : [317, 337, 339, 370, 405]
329.5 :    3 : [308, 389, 391]
329.6 :    7 : [321, 323, 326, 331, 344, 362, 396]
329.7 :    7 : [325, 342, 354, 357, 376, 378, 388]
329.8 :    3 : [371, 402, 404]
329.9 :    5 : [312, 349, 363, 373, 379]
330.0 :    5 : [345, 356, 359, 372, 377]
330.1 :    2 : [306, 369]
330.2 :    5 : [309, 329, 394, 398, 399]
330.3 :    3 : [316, 351, 367]
330.4 :    3 : [327, 328, 355]
330.5 :    2 : [334, 335]
330.6 :    2 : [366, 400]
330.7 :    6 : [307, 313, 319, 347, 384, 397]
330.8 :    1 : [314]
330.9 :    3 : [324, 338, 346]
331.0 :    5 : [332, 336, 341, 375, 386]
331.1 :    2 : [310, 311]
331.2 :    4 : [330, 365, 380, 393]
331.3 :    6 : [318, 322, 343, 364, 374, 401]
331.4 :    5 : [315, 358, 381, 382, 403]
331.5 :    5 : [360, 361, 383, 385, 395]
331.6 :    3 : [333, 350, 368]
331.7 :    9 : [320, 337, 340, 348, 352, 353, 387, 390, 392]
331.8 :    4 : [317, 339, 370, 405]
331.9 :    4 : [308, 326, 389, 391]
332.0 :    3 : [321, 362, 396]
332.1 :    4 : [323, 331, 344, 354]
332.2 :    8 : [325, 342, 357, 371, 376, 378, 388, 402]
332.3 :    4 : [349, 356, 363, 404]
332.4 :    4 : [312, 373, 377, 379]
332.5 :    5 : [306, 345, 359, 369, 372]
332.6 :    3 : [309, 329, 394]
332.7 :    2 : [355, 398]
332.8 :    5 : [316, 328, 351, 367, 399]
332.9 :    2 : [327, 335]
333.0 :    4 : [334, 366, 384, 397]
333.1 :    4 : [313, 314, 319, 400]
333.2 :    2 : [347, 375]
333.3 :    3 : [307, 332, 338]
333.4 :    3 : [311, 341, 346]
333.5 :    5 : [324, 336, 365, 386, 393]
333.6 :    4 : [330, 364, 374, 380]
333.7 :    3 : [310, 322, 401]
333.8 :    5 : [315, 318, 358, 381, 403]
333.9 :    5 : [343, 360, 383, 385, 395]
334.0 :    5 : [333, 340, 353, 368, 382]
334.1 :    6 : [320, 337, 348, 350, 352, 387]
334.2 :    5 : [339, 361, 390, 392, 405]
334.3 :    3 : [317, 370, 391]
334.4 :    3 : [308, 326, 389]
334.5 :    2 : [321, 323]
334.6 :    6 : [331, 344, 354, 356, 362, 396]
334.7 :   10 : [325, 342, 357, 363, 371, 376, 378, 388, 402, 404]
334.8 :    1 : [349]
334.9 :    4 : [312, 373, 377, 379]
335.0 :    7 : [306, 329, 345, 355, 359, 369, 372]
335.1 :    1 : [309]
335.2 :    3 : [328, 394, 398]
335.3 :    8 : [316, 335, 351, 366, 367, 384, 397, 399]
335.5 :    4 : [313, 314, 319, 327]
335.6 :    4 : [332, 334, 375, 400]
335.7 :    1 : [338]
335.8 :    3 : [311, 341, 347]
335.9 :    1 : [365]
336.0 :    6 : [307, 330, 346, 374, 380, 393]
336.1 :    4 : [322, 336, 364, 401]
336.2 :    4 : [324, 381, 386, 403]
336.3 :    5 : [315, 318, 358, 360, 395]
336.4 :    3 : [310, 383, 385]
336.5 :    7 : [333, 337, 340, 343, 350, 353, 368]
336.6 :    5 : [320, 348, 352, 382, 387]
336.7 :    6 : [339, 370, 390, 391, 392, 405]
336.8 :    3 : [317, 326, 361]
336.9 :    2 : [308, 389]
337.0 :    2 : [323, 356]
337.1 :    4 : [321, 331, 354, 362]
337.2 :    3 : [325, 342, 396]
337.3 :    9 : [344, 349, 363, 371, 376, 378, 388, 402, 404]
337.4 :    3 : [355, 357, 373]
337.5 :    4 : [306, 312, 329, 379]
337.6 :    4 : [345, 369, 372, 377]
337.7 :    5 : [309, 328, 359, 384, 397]
337.8 :    3 : [366, 394, 398]
337.9 :    5 : [314, 316, 335, 351, 375]
338.0 :    5 : [313, 319, 332, 367, 399]
338.2 :    5 : [327, 334, 338, 341, 400]
338.4 :    3 : [311, 347, 365]
338.5 :    4 : [330, 364, 374, 393]
338.6 :    3 : [380, 381, 401]
338.7 :    4 : [307, 322, 346, 403]
338.8 :    4 : [315, 336, 360, 395]
338.9 :    4 : [318, 353, 358, 385]
339.0 :    6 : [324, 333, 340, 350, 368, 383]
339.1 :    4 : [337, 352, 386, 387]
339.2 :    3 : [320, 339, 348]
339.3 :    6 : [310, 370, 390, 391, 392, 405]
339.4 :    4 : [326, 343, 356, 382]
339.5 :    3 : [308, 317, 389]
339.6 :    1 : [323]
339.7 :    1 : [361]
339.8 :    4 : [331, 342, 354, 362]
339.9 :    6 : [321, 325, 349, 355, 363, 404]
340.0 :    1 : [371]
340.1 :    8 : [306, 329, 376, 378, 379, 388, 396, 402]
340.2 :    5 : [344, 357, 373, 384, 397]
340.3 :    5 : [312, 328, 366, 369, 377]
340.4 :    2 : [309, 372]
340.5 :    3 : [314, 345, 375]
340.6 :    5 : [316, 319, 335, 351, 359]
340.7 :    4 : [313, 332, 394, 398]
340.9 :    3 : [338, 341, 367]
341.0 :    2 : [365, 399]
341.1 :    2 : [311, 400]
341.2 :    4 : [327, 330, 334, 364]
341.3 :    6 : [347, 374, 380, 381, 393, 401]
341.4 :    2 : [322, 360]
341.5 :    2 : [395, 403]
341.6 :    1 : [353]
341.7 :    2 : [315, 346]
341.8 :    7 : [337, 340, 350, 358, 368, 383, 385]
341.9 :    3 : [318, 333, 336]
342.0 :    3 : [339, 352, 387]
342.1 :    4 : [307, 356, 370, 391]
342.2 :    5 : [320, 326, 348, 390, 392]
342.3 :    4 : [308, 324, 389, 405]
342.5 :    2 : [323, 382]
342.6 :    1 : [317]
342.7 :    4 : [331, 343, 349, 355]
342.8 :    6 : [310, 329, 342, 362, 363, 404]
342.9 :    3 : [354, 386, 397]
343.0 :    3 : [306, 325, 384]
343.1 :    4 : [321, 361, 373, 379]
343.2 :    4 : [366, 371, 375, 388]
343.3 :    3 : [328, 378, 402]
343.4 :    3 : [312, 314, 376]
343.5 :    2 : [357, 377]
343.6 :    3 : [309, 369, 372]
343.7 :    2 : [313, 335]
343.8 :    4 : [316, 319, 332, 351]
343.9 :    3 : [338, 344, 359]
344.0 :    3 : [341, 365, 396]
344.1 :    1 : [345]
344.2 :    1 : [394]
344.3 :    1 : [364]
344.4 :    3 : [330, 398, 401]
344.5 :    4 : [311, 360, 381, 395]
344.6 :    2 : [374, 380]
344.7 :    4 : [322, 353, 400, 403]
344.9 :    2 : [337, 393]
345.1 :    1 : [383]
345.3 :    4 : [315, 356, 368, 387]
345.4 :    4 : [339, 350, 367, 385]
345.5 :    2 : [334, 391]
345.6 :    3 : [340, 347, 352]
345.7 :    2 : [326, 333]
345.8 :    1 : [389]
345.9 :    5 : [308, 327, 358, 370, 392]
346.4 :    2 : [329, 349]
346.5 :    2 : [390, 397]
346.6 :    2 : [355, 384]
346.7 :    1 : [375]
346.8 :    1 : [404]
346.9 :    2 : [306, 323]
348.3 :    1 : [363]
513.0 :    3 : [348, 366, 387]
513.1 :   10 : [313, 326, 328, 339, 355, 368, 374, 375, 384, 388]
513.2 :    4 : [356, 365, 378, 405]
513.3 :    6 : [314, 325, 341, 358, 359, 383]
513.4 :    4 : [308, 333, 351, 385]
513.5 :   12 : [317, 319, 322, 329, 332, 352, 369, 376, 395, 397, 403, 404]
513.6 :    3 : [380, 391, 393]
513.7 :    5 : [340, 353, 363, 364, 392]
513.8 :    9 : [318, 321, 327, 330, 337, 342, 344, 400, 401]
513.9 :   11 : [312, 315, 323, 331, 338, 360, 371, 373, 381, 390, 402]
514.0 :    5 : [320, 336, 357, 372, 394]
514.1 :    7 : [309, 311, 347, 349, 362, 389, 396]
514.2 :    3 : [324, 343, 345]
514.3 :    5 : [354, 367, 370, 377, 399]
514.4 :    3 : [307, 316, 350]
514.5 :    2 : [361, 386]
514.6 :    3 : [334, 346, 379]
514.7 :    3 : [306, 335, 382]
514.9 :    1 : [310]
515.4 :    1 : [398]
515.7 :    1 : [348]
515.8 :    3 : [355, 366, 387]
515.9 :    5 : [313, 326, 375, 384, 405]
516.0 :    7 : [328, 333, 339, 356, 365, 368, 388]
516.1 :    8 : [314, 332, 341, 359, 374, 378, 383, 385]
516.2 :    5 : [308, 325, 351, 358, 404]
516.3 :    8 : [319, 322, 352, 369, 376, 380, 397, 403]
516.4 :    5 : [317, 353, 391, 393, 395]
516.5 :    5 : [321, 329, 337, 340, 392]
516.6 :    5 : [327, 330, 360, 363, 364]
516.7 :    7 : [318, 320, 342, 344, 373, 400, 401]
516.8 :    8 : [311, 323, 331, 338, 381, 390, 394, 402]
516.9 :    5 : [309, 312, 315, 371, 372]
517.0 :    4 : [336, 347, 357, 396]
517.1 :    5 : [345, 349, 362, 370, 389]
517.2 :    3 : [343, 367, 377]
517.3 :    5 : [316, 324, 350, 354, 399]
517.4 :    1 : [386]
517.5 :    2 : [334, 361]
517.6 :    2 : [307, 379]
517.7 :    2 : [335, 346]
517.9 :    2 : [310, 382]
518.0 :    1 : [306]
518.2 :    1 : [348]
518.3 :    1 : [366]
518.4 :    3 : [355, 375, 387]
518.5 :    6 : [313, 326, 328, 333, 384, 405]
518.6 :    8 : [332, 339, 341, 356, 365, 368, 388, 398]
518.7 :    5 : [314, 359, 383, 385, 404]
518.8 :    5 : [308, 325, 351, 374, 378]
518.9 :    7 : [319, 352, 358, 369, 380, 397, 403]
519.0 :    3 : [322, 376, 395]
519.1 :    8 : [317, 321, 337, 340, 353, 391, 392, 393]
519.2 :    3 : [329, 360, 363]
519.3 :    3 : [327, 330, 401]
519.4 :    7 : [311, 318, 320, 342, 344, 364, 373]
519.5 :    8 : [323, 331, 338, 381, 390, 394, 400, 402]
519.6 :    4 : [315, 347, 371, 372]
519.7 :    4 : [309, 312, 370, 396]
519.8 :    5 : [336, 349, 357, 362, 389]
519.9 :    3 : [345, 367, 377]
520.0 :    2 : [343, 350]
520.1 :    4 : [316, 354, 386, 399]
520.2 :    2 : [324, 334]
520.4 :    3 : [307, 361, 379]
520.5 :    2 : [335, 346]
520.6 :    1 : [310]
520.7 :    2 : [348, 366]
520.8 :    2 : [355, 375]
520.9 :    5 : [306, 313, 333, 382, 387]
521.0 :    5 : [326, 328, 332, 384, 405]
521.1 :    5 : [339, 341, 356, 368, 388]
521.2 :    5 : [314, 359, 365, 385, 404]
521.3 :    3 : [308, 374, 383]
521.4 :    7 : [319, 325, 351, 369, 378, 380, 397]
521.5 :    4 : [352, 353, 398, 403]
521.6 :    7 : [317, 321, 322, 337, 358, 376, 391]
521.7 :    6 : [340, 360, 363, 392, 393, 395]
521.9 :    7 : [311, 327, 329, 330, 344, 373, 401]
522.0 :    5 : [320, 331, 390, 400, 402]
522.1 :    6 : [318, 323, 338, 342, 364, 394]
522.2 :    3 : [370, 372, 381]
522.3 :    5 : [309, 312, 315, 347, 371]
522.4 :    4 : [349, 377, 389, 396]
522.5 :    4 : [336, 345, 357, 362]
522.6 :    2 : [343, 367]
522.7 :    2 : [316, 350]
522.8 :    2 : [334, 399]
522.9 :    2 : [354, 386]
523.0 :    1 : [324]
523.1 :    3 : [307, 348, 366]
523.2 :    3 : [335, 361, 379]
523.3 :    4 : [310, 333, 355, 375]
523.4 :    2 : [332, 346]
523.5 :    5 : [313, 326, 328, 387, 405]
523.6 :    4 : [341, 356, 384, 388]
523.7 :    7 : [314, 339, 359, 365, 368, 385, 404]
523.8 :    2 : [306, 382]
523.9 :    7 : [308, 319, 325, 374, 380, 383, 397]
524.0 :    6 : [337, 351, 352, 353, 369, 378]
524.1 :    2 : [340, 403]
524.2 :    6 : [317, 321, 322, 360, 363, 391]
524.3 :    5 : [358, 376, 392, 393, 395]
524.4 :    4 : [311, 330, 398, 401]
524.5 :    6 : [320, 327, 329, 331, 344, 373]
524.6 :    3 : [390, 400, 402]
524.7 :    3 : [318, 342, 394]
524.8 :    6 : [323, 338, 364, 370, 372, 381]
524.9 :    4 : [309, 315, 347, 371]
525.0 :    2 : [312, 349]
525.1 :    4 : [336, 377, 389, 396]
525.2 :    4 : [345, 357, 362, 367]
525.3 :    3 : [316, 343, 350]
525.5 :    3 : [334, 366, 399]
525.6 :    4 : [324, 348, 354, 386]
525.7 :    3 : [333, 355, 375]
525.8 :    3 : [307, 332, 361]
525.9 :    2 : [335, 405]
526.0 :    7 : [310, 313, 326, 328, 356, 379, 387]
526.1 :    5 : [314, 341, 346, 384, 388]
526.2 :    6 : [339, 359, 365, 368, 385, 404]
526.3 :    1 : [383]
526.4 :    6 : [308, 319, 325, 353, 374, 380]
526.5 :    4 : [337, 352, 378, 397]
526.6 :    4 : [340, 351, 369, 382]
526.7 :    8 : [306, 317, 321, 322, 360, 363, 391, 403]
526.8 :    3 : [311, 376, 392]
526.9 :    4 : [330, 358, 395, 401]
527.0 :    4 : [327, 344, 373, 393]
527.1 :    5 : [320, 329, 331, 390, 400]
527.2 :    3 : [318, 398, 402]
527.3 :    6 : [323, 342, 370, 372, 381, 394]
527.4 :    4 : [315, 338, 347, 364]
527.5 :    2 : [309, 371]
527.6 :    2 : [349, 377]
527.7 :    5 : [312, 336, 345, 389, 396]
527.8 :    3 : [357, 362, 367]
527.9 :    4 : [316, 343, 350, 366]
528.0 :    2 : [333, 348]
528.1 :    4 : [334, 355, 375, 399]
528.2 :    2 : [332, 354]
528.3 :    3 : [324, 386, 405]
528.4 :    2 : [313, 328]
528.5 :    7 : [307, 326, 335, 356, 361, 387, 388]
528.6 :    6 : [314, 341, 379, 384, 385, 404]
528.7 :    5 : [310, 339, 359, 365, 368]
528.8 :    5 : [308, 319, 353, 380, 383]
528.9 :    6 : [325, 337, 346, 374, 378, 397]
529.0 :    1 : [352]
529.1 :    4 : [340, 351, 360, 369]
529.2 :    6 : [311, 317, 321, 363, 391, 403]
529.3 :    3 : [322, 392, 401]
529.4 :    4 : [330, 373, 376, 395]
529.5 :    6 : [306, 327, 331, 344, 382, 393]
529.6 :    3 : [320, 358, 390]
529.7 :    3 : [329, 400, 402]
529.8 :    5 : [318, 342, 370, 372, 394]
529.9 :    6 : [315, 323, 338, 347, 364, 381]
530.0 :    2 : [309, 398]
530.1 :    3 : [349, 371, 377]
530.2 :    3 : [366, 389, 396]
530.3 :    6 : [312, 336, 345, 348, 357, 367]
530.4 :    5 : [316, 333, 343, 355, 362]
530.5 :    3 : [332, 350, 375]
530.6 :    1 : [334]
530.7 :    2 : [399, 405]
530.8 :    2 : [328, 354]
530.9 :    6 : [313, 324, 356, 386, 387, 388]
531.0 :    6 : [314, 326, 335, 341, 384, 404]
531.1 :    3 : [307, 361, 385]
531.2 :    7 : [339, 353, 359, 365, 368, 379, 380]
531.3 :    3 : [308, 319, 383]
531.4 :    6 : [310, 325, 337, 374, 378, 397]
531.5 :    4 : [340, 352, 360, 369]
531.6 :    5 : [321, 346, 351, 363, 391]
531.7 :    3 : [311, 317, 403]
531.8 :    3 : [322, 392, 401]
531.9 :    4 : [330, 373, 376, 395]
532.0 :    6 : [320, 327, 331, 344, 390, 393]
532.1 :    1 : [358]
532.2 :    5 : [306, 370, 382, 400, 402]
532.3 :    5 : [318, 329, 342, 372, 394]
532.4 :    6 : [315, 323, 338, 347, 364, 381]
532.5 :    2 : [309, 366]
532.6 :    3 : [349, 371, 377]
532.7 :    4 : [333, 348, 389, 398]
532.8 :    9 : [312, 332, 336, 345, 355, 357, 367, 375, 396]
532.9 :    3 : [316, 343, 362]
533.0 :    1 : [350]
533.1 :    3 : [328, 334, 405]
533.2 :    1 : [356]
533.3 :    6 : [313, 314, 387, 388, 399, 404]
533.4 :    6 : [326, 341, 354, 384, 385, 386]
533.5 :    2 : [324, 335]
533.6 :    5 : [353, 359, 365, 368, 380]
533.7 :    6 : [307, 308, 319, 339, 361, 383]
533.8 :    3 : [325, 337, 397]
533.9 :    5 : [310, 340, 374, 378, 379]
534.0 :    5 : [311, 352, 360, 369, 391]
534.1 :    4 : [317, 321, 351, 363]
534.2 :    3 : [346, 392, 403]
534.3 :    5 : [322, 330, 373, 376, 401]
534.4 :    2 : [331, 395]
534.5 :    5 : [320, 327, 344, 390, 393]
534.6 :    2 : [358, 402]
534.7 :    4 : [318, 370, 394, 400]
534.8 :    2 : [342, 372]
534.9 :    8 : [306, 315, 323, 329, 347, 364, 366, 381]
535.0 :    6 : [309, 333, 338, 348, 349, 382]
535.1 :    4 : [332, 355, 375, 377]
535.2 :    2 : [371, 389]
535.3 :    4 : [312, 336, 367, 396]
535.4 :    4 : [345, 357, 398, 405]
535.5 :    5 : [316, 328, 334, 343, 362]
535.6 :    5 : [313, 350, 356, 388, 404]
535.7 :    2 : [314, 387]
535.8 :    2 : [341, 384]
535.9 :    3 : [326, 385, 399]
536.0 :    4 : [353, 354, 365, 386]
536.1 :    6 : [324, 335, 339, 359, 368, 380]
536.2 :    6 : [308, 319, 337, 361, 383, 397]
536.3 :    3 : [307, 325, 374]
536.4 :    4 : [311, 340, 360, 378]
536.5 :    7 : [310, 321, 352, 363, 369, 379, 391]
536.6 :    2 : [317, 351]
536.7 :    2 : [392, 403]
536.8 :    6 : [322, 330, 373, 376, 395, 401]
536.9 :    3 : [331, 346, 390]
537.0 :    4 : [320, 327, 344, 393]
537.1 :    2 : [358, 402]
537.2 :    4 : [318, 370, 394, 400]
537.3 :    4 : [333, 342, 366, 372]
537.4 :    6 : [323, 329, 332, 347, 348, 381]
537.5 :    6 : [315, 338, 349, 355, 364, 375]
537.6 :    3 : [306, 309, 377]
537.7 :    2 : [371, 389]
537.8 :    6 : [312, 328, 336, 367, 382, 405]
537.9 :    2 : [345, 396]
538.0 :    8 : [313, 316, 334, 356, 357, 362, 388, 404]
538.1 :    5 : [314, 343, 350, 387, 398]
538.2 :    1 : [341]
538.3 :    4 : [326, 353, 384, 385]
538.4 :    2 : [365, 399]
538.5 :    3 : [359, 368, 380]
538.6 :    4 : [308, 337, 339, 354]
538.7 :    5 : [319, 335, 383, 386, 397]
538.8 :    4 : [324, 325, 340, 374]
538.9 :    4 : [311, 360, 361, 378]
539.0 :    6 : [307, 321, 352, 363, 369, 391]
539.2 :    6 : [310, 317, 351, 379, 392, 403]
539.3 :    4 : [322, 330, 373, 401]
539.4 :    4 : [331, 376, 390, 395]
539.5 :    2 : [320, 327]
539.6 :    5 : [333, 344, 370, 393, 402]
539.7 :    4 : [332, 346, 358, 366]
539.8 :    3 : [318, 348, 394]
539.9 :    6 : [342, 347, 355, 372, 375, 400]
540.0 :    3 : [329, 364, 381]
540.1 :    4 : [315, 323, 338, 349]
540.2 :    3 : [309, 377, 405]
540.3 :    2 : [328, 389]
540.4 :    5 : [312, 367, 371, 388, 404]
540.5 :    6 : [306, 313, 314, 336, 356, 396]
540.6 :    7 : [334, 341, 345, 357, 362, 382, 387]
540.7 :    3 : [316, 343, 350]
540.8 :    5 : [326, 353, 365, 384, 385]
541.0 :    3 : [337, 380, 398]
541.1 :    4 : [308, 359, 368, 399]
541.2 :    1 : [397]
541.3 :    3 : [319, 339, 383]
541.4 :    6 : [325, 335, 340, 354, 374, 386]
541.5 :    3 : [311, 352, 360]
541.6 :    7 : [321, 324, 361, 363, 369, 378, 391]
541.8 :    1 : [317]
541.9 :    6 : [307, 330, 351, 373, 392, 403]
542.0 :    5 : [310, 322, 376, 395, 401]
542.1 :    4 : [331, 333, 379, 390]
542.2 :    4 : [320, 327, 332, 366]
542.3 :    5 : [344, 348, 370, 393, 402]
542.4 :    2 : [355, 394]
542.5 :    5 : [318, 342, 358, 372, 375]
542.6 :    3 : [346, 347, 400]
542.7 :    1 : [329]
542.8 :    6 : [315, 328, 349, 364, 381, 405]
542.9 :    4 : [323, 338, 388, 404]
543.0 :    2 : [309, 377]
543.1 :    4 : [312, 313, 314, 389]
543.2 :    3 : [356, 367, 371]
543.3 :    5 : [334, 336, 341, 387, 396]
543.4 :    5 : [345, 353, 357, 362, 365]
543.5 :    5 : [306, 337, 343, 350, 384]
543.6 :    3 : [316, 326, 385]
543.7 :    3 : [308, 359, 380]
543.8 :    2 : [368, 382]
543.9 :    1 : [397]
544.0 :    1 : [399]
544.1 :    3 : [319, 374, 383]
544.2 :    8 : [311, 325, 339, 340, 352, 360, 391, 398]
544.3 :    3 : [321, 363, 369]
544.4 :    2 : [335, 386]
544.5 :    3 : [317, 361, 378]
544.7 :    3 : [333, 351, 354]
544.8 :    7 : [322, 330, 332, 373, 392, 401, 403]
544.9 :    4 : [366, 376, 390, 395]
545.0 :    3 : [324, 327, 348]
545.1 :    2 : [310, 320]
545.2 :    3 : [331, 355, 370]
545.3 :    3 : [307, 375, 379]
545.4 :    4 : [344, 393, 394, 402]
545.5 :    2 : [342, 372]
545.6 :    2 : [318, 358]
545.7 :    5 : [328, 347, 388, 404, 405]
545.8 :    1 : [329]
545.9 :    4 : [314, 346, 364, 400]
546.0 :    2 : [313, 315]
546.1 :    2 : [349, 381]
546.2 :    4 : [312, 323, 338, 341]
546.3 :    6 : [353, 356, 365, 377, 387, 389]
546.4 :    4 : [334, 337, 367, 371]
546.5 :    2 : [309, 357]
546.6 :    1 : [308]
546.7 :    3 : [359, 384, 396]
546.8 :    4 : [326, 336, 350, 362]
546.9 :    2 : [368, 397]
547.0 :    2 : [343, 385]
547.1 :    3 : [345, 374, 380]
547.3 :    1 : [391]
547.4 :    1 : [352]
547.5 :    3 : [316, 321, 360]
547.6 :    3 : [311, 325, 340]
547.7 :    4 : [317, 319, 363, 399]
547.8 :    3 : [332, 333, 369]
548.0 :    1 : [383]
548.1 :    2 : [339, 351]
548.2 :    1 : [366]
548.3 :    4 : [322, 330, 348, 361]
548.4 :    1 : [401]
548.5 :    2 : [378, 390]
548.6 :    3 : [327, 375, 392]
548.7 :    2 : [355, 376]
549.0 :    2 : [395, 404]
549.1 :    1 : [370]
549.3 :    1 : [388]
549.5 :    1 : [405]
549.6 :    1 : [320]
549.7 :    1 : [328]
549.8 :    1 : [372]
549.9 :    1 : [342]
550.0 :    2 : [314, 373]
550.4 :    2 : [313, 337]
550.6 :    1 : [353]
551.3 :    1 : [365]
551.5 :    1 : [341]
