Name: Motor cortex [5HT], Title: Raster plot from device '95234', Hist: False
116.0 :  100 : [36210, 36211, 36212, 36213, 36214, 36215, 36216, 36217, 36218, 36219, 36220, 36221, 36222, 36223, 36224, 36225, 36226, 36227, 36228, 36229, 36230, 36231, 36232, 36233, 36234, 36235, 36236, 36237, 36238, 36239, 36240, 36241, 36242, 36243, 36244, 36245, 36246, 36247, 36248, 36249, 36250, 36251, 36252, 36253, 36254, 36255, 36256, 36257, 36258, 36259, 36260, 36261, 36262, 36263, 36264, 36265, 36266, 36267, 36268, 36269, 36270, 36271, 36272, 36273, 36274, 36275, 36276, 36277, 36278, 36279, 36280, 36281, 36282, 36283, 36284, 36285, 36286, 36287, 36288, 36289, 36290, 36291, 36292, 36293, 36294, 36295, 36296, 36297, 36298, 36299, 36300, 36301, 36302, 36303, 36304, 36305, 36306, 36307, 36308, 36309]
118.1 :   91 : [36210, 36211, 36212, 36213, 36214, 36215, 36216, 36217, 36218, 36219, 36220, 36221, 36222, 36223, 36225, 36226, 36227, 36228, 36229, 36230, 36231, 36233, 36234, 36235, 36236, 36237, 36238, 36240, 36242, 36243, 36244, 36245, 36246, 36247, 36248, 36249, 36250, 36251, 36252, 36253, 36254, 36255, 36256, 36257, 36258, 36259, 36260, 36261, 36262, 36263, 36264, 36265, 36266, 36267, 36268, 36269, 36270, 36271, 36272, 36273, 36275, 36276, 36277, 36278, 36279, 36280, 36281, 36282, 36283, 36285, 36287, 36288, 36289, 36290, 36292, 36293, 36294, 36295, 36296, 36297, 36298, 36299, 36300, 36301, 36302, 36304, 36305, 36306, 36307, 36308, 36309]
118.2 :    9 : [36224, 36232, 36239, 36241, 36274, 36284, 36286, 36291, 36303]
120.4 :   54 : [36211, 36213, 36214, 36215, 36218, 36219, 36220, 36221, 36222, 36223, 36226, 36227, 36230, 36233, 36236, 36237, 36238, 36240, 36242, 36243, 36244, 36247, 36249, 36250, 36255, 36256, 36261, 36262, 36265, 36267, 36268, 36270, 36272, 36275, 36276, 36279, 36281, 36283, 36287, 36288, 36290, 36292, 36293, 36294, 36295, 36296, 36297, 36298, 36299, 36300, 36302, 36306, 36307, 36308]
120.5 :   46 : [36210, 36212, 36216, 36217, 36224, 36225, 36228, 36229, 36231, 36232, 36234, 36235, 36239, 36241, 36245, 36246, 36248, 36251, 36252, 36253, 36254, 36257, 36258, 36259, 36260, 36263, 36264, 36266, 36269, 36271, 36273, 36274, 36277, 36278, 36280, 36282, 36284, 36285, 36286, 36289, 36291, 36301, 36303, 36304, 36305, 36309]
122.9 :   14 : [36211, 36215, 36218, 36238, 36244, 36249, 36261, 36262, 36268, 36272, 36279, 36290, 36296, 36298]
123.0 :   75 : [36210, 36212, 36213, 36214, 36216, 36217, 36219, 36220, 36221, 36222, 36223, 36225, 36226, 36227, 36228, 36229, 36230, 36231, 36233, 36235, 36236, 36237, 36240, 36242, 36243, 36245, 36246, 36247, 36248, 36250, 36251, 36252, 36253, 36255, 36256, 36257, 36258, 36259, 36260, 36263, 36264, 36265, 36266, 36267, 36269, 36270, 36271, 36273, 36275, 36276, 36277, 36278, 36280, 36281, 36282, 36283, 36285, 36287, 36288, 36289, 36292, 36293, 36294, 36295, 36297, 36299, 36300, 36301, 36302, 36304, 36305, 36306, 36307, 36308, 36309]
123.1 :   11 : [36224, 36232, 36234, 36239, 36241, 36254, 36274, 36284, 36286, 36291, 36303]
125.7 :    1 : [36290]
125.8 :    5 : [36218, 36244, 36262, 36272, 36296]
125.9 :   23 : [36211, 36215, 36219, 36220, 36222, 36223, 36226, 36227, 36238, 36243, 36249, 36255, 36256, 36261, 36265, 36268, 36276, 36279, 36288, 36294, 36298, 36302, 36307]
126.0 :   41 : [36212, 36213, 36214, 36217, 36221, 36225, 36230, 36231, 36233, 36236, 36237, 36240, 36242, 36245, 36246, 36247, 36250, 36259, 36263, 36264, 36266, 36267, 36269, 36270, 36271, 36273, 36275, 36277, 36281, 36283, 36287, 36289, 36292, 36293, 36295, 36297, 36299, 36300, 36306, 36308, 36309]
126.1 :   19 : [36210, 36216, 36228, 36229, 36235, 36248, 36251, 36252, 36253, 36257, 36258, 36260, 36278, 36280, 36282, 36285, 36301, 36304, 36305]
126.2 :    8 : [36232, 36234, 36239, 36241, 36254, 36274, 36286, 36291]
126.3 :    3 : [36224, 36284, 36303]
