Name: VTA [GABA2], Title: Raster plot from device '95230', Hist: False
113.0 :   53 : [30513, 30514, 30515, 30516, 30518, 30519, 30521, 30526, 30529, 30530, 30531, 30532, 30535, 30537, 30539, 30541, 30542, 30543, 30545, 30546, 30547, 30552, 30553, 30554, 30559, 30561, 30562, 30563, 30565, 30566, 30568, 30569, 30573, 30574, 30575, 30576, 30580, 30581, 30582, 30584, 30585, 30587, 30592, 30594, 30595, 30597, 30598, 30599, 30600, 30601, 30602, 30604, 30605]
113.1 :    8 : [30510, 30511, 30517, 30523, 30548, 30556, 30577, 30583]
116.7 :    2 : [30545, 30602]
116.9 :    1 : [30519]
117.0 :    3 : [30515, 30521, 30548]
117.1 :    2 : [30513, 30561]
117.2 :    1 : [30592]
117.3 :    1 : [30601]
117.5 :    1 : [30575]
117.6 :    2 : [30554, 30562]
117.7 :    1 : [30523]
117.8 :    2 : [30580, 30587]
117.9 :    1 : [30547]
118.0 :    2 : [30543, 30569]
118.1 :    1 : [30518]
118.2 :    2 : [30565, 30568]
118.9 :    1 : [30545]
119.0 :    1 : [30602]
120.1 :    1 : [30548]
120.2 :    1 : [30519]
120.7 :    1 : [30521]
