Name: SNr [GABA], Title: Raster plot from device '95220', Hist: False
112.9 :  100 : [19125, 19126, 19127, 19128, 19129, 19130, 19131, 19132, 19133, 19134, 19135, 19136, 19137, 19138, 19139, 19140, 19141, 19142, 19143, 19144, 19145, 19146, 19147, 19148, 19149, 19150, 19151, 19152, 19153, 19154, 19155, 19156, 19157, 19158, 19159, 19160, 19161, 19162, 19163, 19164, 19165, 19166, 19167, 19168, 19169, 19170, 19171, 19172, 19173, 19174, 19175, 19176, 19177, 19178, 19179, 19180, 19181, 19182, 19183, 19184, 19185, 19186, 19187, 19188, 19189, 19190, 19191, 19192, 19193, 19194, 19195, 19196, 19197, 19198, 19199, 19200, 19201, 19202, 19203, 19204, 19205, 19206, 19207, 19208, 19209, 19210, 19211, 19212, 19213, 19214, 19215, 19216, 19217, 19218, 19219, 19220, 19221, 19222, 19223, 19224]
115.0 :  100 : [19125, 19126, 19127, 19128, 19129, 19130, 19131, 19132, 19133, 19134, 19135, 19136, 19137, 19138, 19139, 19140, 19141, 19142, 19143, 19144, 19145, 19146, 19147, 19148, 19149, 19150, 19151, 19152, 19153, 19154, 19155, 19156, 19157, 19158, 19159, 19160, 19161, 19162, 19163, 19164, 19165, 19166, 19167, 19168, 19169, 19170, 19171, 19172, 19173, 19174, 19175, 19176, 19177, 19178, 19179, 19180, 19181, 19182, 19183, 19184, 19185, 19186, 19187, 19188, 19189, 19190, 19191, 19192, 19193, 19194, 19195, 19196, 19197, 19198, 19199, 19200, 19201, 19202, 19203, 19204, 19205, 19206, 19207, 19208, 19209, 19210, 19211, 19212, 19213, 19214, 19215, 19216, 19217, 19218, 19219, 19220, 19221, 19222, 19223, 19224]
117.6 :    8 : [19125, 19137, 19140, 19141, 19157, 19177, 19195, 19199]
117.7 :   92 : [19126, 19127, 19128, 19129, 19130, 19131, 19132, 19133, 19134, 19135, 19136, 19138, 19139, 19142, 19143, 19144, 19145, 19146, 19147, 19148, 19149, 19150, 19151, 19152, 19153, 19154, 19155, 19156, 19158, 19159, 19160, 19161, 19162, 19163, 19164, 19165, 19166, 19167, 19168, 19169, 19170, 19171, 19172, 19173, 19174, 19175, 19176, 19178, 19179, 19180, 19181, 19182, 19183, 19184, 19185, 19186, 19187, 19188, 19189, 19190, 19191, 19192, 19193, 19194, 19196, 19197, 19198, 19200, 19201, 19202, 19203, 19204, 19205, 19206, 19207, 19208, 19209, 19210, 19211, 19212, 19213, 19214, 19215, 19216, 19217, 19218, 19219, 19220, 19221, 19222, 19223, 19224]
120.4 :   47 : [19125, 19129, 19131, 19134, 19136, 19137, 19139, 19140, 19141, 19142, 19151, 19154, 19155, 19157, 19159, 19160, 19162, 19165, 19166, 19169, 19171, 19172, 19177, 19178, 19179, 19180, 19181, 19182, 19183, 19187, 19190, 19193, 19195, 19197, 19198, 19199, 19201, 19205, 19206, 19210, 19211, 19217, 19219, 19220, 19221, 19223, 19224]
120.5 :   53 : [19126, 19127, 19128, 19130, 19132, 19133, 19135, 19138, 19143, 19144, 19145, 19146, 19147, 19148, 19149, 19150, 19152, 19153, 19156, 19158, 19161, 19163, 19164, 19167, 19168, 19170, 19173, 19174, 19175, 19176, 19184, 19185, 19186, 19188, 19189, 19191, 19192, 19194, 19196, 19200, 19202, 19203, 19204, 19207, 19208, 19209, 19212, 19213, 19214, 19215, 19216, 19218, 19222]
123.0 :    5 : [19125, 19140, 19177, 19195, 19199]
123.1 :   66 : [19127, 19128, 19129, 19131, 19134, 19135, 19136, 19137, 19139, 19141, 19142, 19143, 19144, 19148, 19149, 19150, 19151, 19153, 19154, 19155, 19157, 19159, 19160, 19162, 19164, 19165, 19166, 19167, 19168, 19169, 19171, 19172, 19178, 19179, 19180, 19181, 19182, 19183, 19184, 19185, 19187, 19190, 19191, 19193, 19194, 19197, 19198, 19201, 19204, 19205, 19206, 19207, 19208, 19210, 19211, 19213, 19215, 19216, 19217, 19218, 19219, 19220, 19221, 19222, 19223, 19224]
123.2 :   29 : [19126, 19130, 19132, 19133, 19138, 19145, 19146, 19147, 19152, 19156, 19158, 19161, 19163, 19170, 19173, 19174, 19175, 19176, 19186, 19188, 19189, 19192, 19196, 19200, 19202, 19203, 19209, 19212, 19214]
125.6 :    2 : [19140, 19177]
125.7 :   59 : [19125, 19129, 19131, 19134, 19135, 19136, 19137, 19139, 19141, 19142, 19144, 19148, 19150, 19151, 19153, 19154, 19155, 19157, 19159, 19160, 19162, 19164, 19165, 19166, 19167, 19168, 19169, 19171, 19172, 19178, 19179, 19180, 19181, 19182, 19183, 19184, 19187, 19190, 19191, 19193, 19195, 19197, 19198, 19199, 19201, 19205, 19206, 19207, 19210, 19211, 19213, 19215, 19217, 19218, 19219, 19220, 19221, 19223, 19224]
125.8 :   37 : [19127, 19128, 19130, 19132, 19133, 19138, 19143, 19146, 19147, 19149, 19152, 19156, 19158, 19161, 19163, 19170, 19173, 19174, 19175, 19176, 19185, 19186, 19188, 19189, 19192, 19194, 19196, 19200, 19202, 19203, 19204, 19208, 19209, 19212, 19214, 19216, 19222]
125.9 :    2 : [19126, 19145]
128.2 :   10 : [19125, 19136, 19140, 19141, 19172, 19177, 19181, 19195, 19199, 19206]
128.3 :   69 : [19127, 19128, 19129, 19131, 19132, 19134, 19135, 19137, 19139, 19142, 19143, 19144, 19146, 19147, 19148, 19149, 19150, 19151, 19153, 19154, 19155, 19157, 19159, 19160, 19162, 19163, 19164, 19165, 19166, 19167, 19168, 19169, 19171, 19176, 19178, 19179, 19180, 19182, 19183, 19184, 19185, 19187, 19190, 19191, 19192, 19193, 19194, 19197, 19198, 19200, 19201, 19203, 19204, 19205, 19207, 19208, 19210, 19211, 19213, 19215, 19216, 19217, 19218, 19219, 19220, 19221, 19222, 19223, 19224]
128.4 :   21 : [19126, 19130, 19133, 19138, 19145, 19152, 19156, 19158, 19161, 19170, 19173, 19174, 19175, 19186, 19188, 19189, 19196, 19202, 19209, 19212, 19214]
130.7 :    2 : [19140, 19177]
130.8 :   26 : [19125, 19131, 19134, 19136, 19137, 19141, 19154, 19157, 19160, 19166, 19169, 19171, 19172, 19178, 19180, 19181, 19183, 19187, 19190, 19195, 19197, 19199, 19206, 19210, 19220, 19224]
130.9 :   56 : [19127, 19128, 19129, 19130, 19132, 19135, 19138, 19139, 19142, 19143, 19144, 19146, 19147, 19148, 19149, 19150, 19151, 19153, 19155, 19158, 19159, 19161, 19162, 19163, 19164, 19165, 19167, 19168, 19176, 19179, 19182, 19184, 19185, 19186, 19191, 19192, 19193, 19194, 19198, 19200, 19201, 19203, 19204, 19205, 19207, 19208, 19211, 19213, 19215, 19216, 19217, 19218, 19219, 19221, 19222, 19223]
131.0 :   15 : [19126, 19133, 19152, 19156, 19170, 19173, 19174, 19175, 19188, 19189, 19196, 19202, 19209, 19212, 19214]
131.1 :    1 : [19145]
133.2 :    1 : [19177]
133.3 :   26 : [19125, 19131, 19134, 19136, 19137, 19140, 19141, 19154, 19157, 19160, 19169, 19171, 19172, 19178, 19180, 19181, 19183, 19187, 19190, 19195, 19197, 19199, 19206, 19210, 19220, 19224]
133.4 :   60 : [19127, 19128, 19129, 19130, 19132, 19135, 19138, 19139, 19142, 19143, 19144, 19146, 19147, 19148, 19149, 19150, 19151, 19153, 19155, 19158, 19159, 19161, 19162, 19163, 19164, 19165, 19166, 19167, 19168, 19174, 19176, 19179, 19182, 19184, 19185, 19186, 19191, 19192, 19193, 19194, 19196, 19198, 19200, 19201, 19203, 19204, 19205, 19207, 19208, 19211, 19213, 19214, 19215, 19216, 19217, 19218, 19219, 19221, 19222, 19223]
133.5 :   11 : [19133, 19152, 19156, 19170, 19173, 19175, 19188, 19189, 19202, 19209, 19212]
133.6 :    2 : [19126, 19145]
135.7 :    2 : [19140, 19177]
135.8 :   27 : [19125, 19131, 19134, 19136, 19137, 19141, 19154, 19157, 19160, 19166, 19169, 19171, 19172, 19178, 19180, 19181, 19183, 19187, 19190, 19195, 19197, 19199, 19201, 19206, 19210, 19220, 19224]
135.9 :   48 : [19127, 19128, 19129, 19135, 19139, 19142, 19143, 19144, 19146, 19148, 19149, 19150, 19151, 19153, 19155, 19159, 19162, 19163, 19164, 19165, 19167, 19168, 19176, 19179, 19182, 19184, 19185, 19191, 19192, 19193, 19194, 19198, 19200, 19203, 19204, 19205, 19207, 19208, 19211, 19213, 19215, 19216, 19217, 19218, 19219, 19221, 19222, 19223]
136.0 :   15 : [19130, 19132, 19133, 19138, 19147, 19152, 19158, 19161, 19173, 19174, 19186, 19188, 19196, 19209, 19214]
136.1 :    6 : [19156, 19170, 19175, 19189, 19202, 19212]
136.2 :    2 : [19126, 19145]
138.1 :    1 : [19177]
138.2 :    1 : [19140]
138.3 :   12 : [19125, 19134, 19136, 19141, 19157, 19169, 19172, 19181, 19195, 19199, 19206, 19210]
138.4 :   29 : [19131, 19137, 19139, 19144, 19151, 19153, 19154, 19160, 19165, 19166, 19171, 19178, 19179, 19180, 19182, 19183, 19187, 19190, 19197, 19198, 19201, 19207, 19211, 19213, 19217, 19219, 19220, 19221, 19224]
138.5 :   35 : [19127, 19128, 19129, 19132, 19135, 19142, 19143, 19146, 19148, 19149, 19150, 19155, 19159, 19162, 19163, 19164, 19167, 19168, 19176, 19184, 19185, 19191, 19192, 19193, 19194, 19200, 19203, 19204, 19205, 19208, 19215, 19216, 19218, 19222, 19223]
138.6 :   14 : [19130, 19133, 19138, 19147, 19152, 19158, 19161, 19173, 19174, 19186, 19188, 19196, 19209, 19214]
138.7 :    6 : [19156, 19170, 19175, 19189, 19202, 19212]
138.8 :    2 : [19126, 19145]
140.7 :    1 : [19177]
140.8 :    1 : [19140]
140.9 :   22 : [19125, 19131, 19134, 19136, 19137, 19141, 19154, 19157, 19160, 19169, 19171, 19172, 19178, 19180, 19181, 19183, 19190, 19195, 19197, 19199, 19206, 19210]
141.0 :   42 : [19129, 19135, 19139, 19142, 19144, 19148, 19150, 19151, 19153, 19155, 19159, 19162, 19164, 19165, 19166, 19167, 19168, 19179, 19182, 19184, 19185, 19187, 19191, 19192, 19193, 19194, 19198, 19201, 19205, 19207, 19208, 19211, 19213, 19215, 19217, 19218, 19219, 19220, 19221, 19222, 19223, 19224]
141.1 :   24 : [19127, 19128, 19130, 19132, 19133, 19138, 19143, 19146, 19147, 19149, 19158, 19161, 19163, 19173, 19174, 19176, 19186, 19196, 19200, 19203, 19204, 19209, 19214, 19216]
141.2 :    8 : [19152, 19156, 19170, 19175, 19188, 19189, 19202, 19212]
141.3 :    2 : [19126, 19145]
143.2 :    1 : [19177]
143.3 :    1 : [19140]
143.4 :   13 : [19125, 19134, 19136, 19141, 19157, 19169, 19172, 19180, 19181, 19195, 19199, 19206, 19210]
143.5 :   52 : [19129, 19131, 19135, 19137, 19139, 19142, 19143, 19144, 19148, 19150, 19151, 19153, 19154, 19155, 19159, 19160, 19162, 19164, 19165, 19166, 19167, 19168, 19171, 19178, 19179, 19182, 19183, 19184, 19185, 19187, 19190, 19191, 19192, 19193, 19194, 19197, 19198, 19201, 19205, 19207, 19208, 19211, 19213, 19215, 19217, 19218, 19219, 19220, 19221, 19222, 19223, 19224]
143.6 :   23 : [19127, 19128, 19130, 19132, 19133, 19138, 19146, 19147, 19149, 19158, 19161, 19163, 19173, 19174, 19176, 19186, 19196, 19200, 19203, 19204, 19209, 19214, 19216]
143.7 :    8 : [19152, 19156, 19170, 19175, 19188, 19189, 19202, 19212]
143.8 :    2 : [19126, 19145]
145.7 :    1 : [19177]
145.8 :    1 : [19140]
145.9 :   12 : [19125, 19134, 19136, 19141, 19157, 19169, 19172, 19181, 19195, 19199, 19206, 19210]
146.0 :   31 : [19131, 19137, 19139, 19144, 19151, 19153, 19154, 19160, 19165, 19166, 19171, 19178, 19179, 19180, 19182, 19183, 19184, 19187, 19190, 19197, 19198, 19201, 19207, 19211, 19213, 19215, 19217, 19219, 19220, 19221, 19224]
146.1 :   33 : [19127, 19128, 19129, 19132, 19135, 19142, 19143, 19146, 19148, 19149, 19150, 19155, 19159, 19162, 19163, 19164, 19167, 19168, 19176, 19185, 19191, 19192, 19193, 19194, 19200, 19203, 19204, 19205, 19208, 19216, 19218, 19222, 19223]
146.2 :   15 : [19130, 19133, 19138, 19147, 19152, 19156, 19158, 19161, 19173, 19174, 19186, 19188, 19196, 19209, 19214]
146.3 :    5 : [19170, 19175, 19189, 19202, 19212]
146.4 :    2 : [19126, 19145]
148.2 :    1 : [19177]
148.3 :    1 : [19140]
148.4 :    9 : [19125, 19134, 19136, 19141, 19172, 19181, 19195, 19199, 19206]
148.5 :   27 : [19131, 19137, 19139, 19144, 19153, 19154, 19157, 19160, 19165, 19166, 19169, 19171, 19178, 19179, 19180, 19183, 19187, 19190, 19197, 19198, 19201, 19207, 19210, 19211, 19219, 19220, 19224]
148.6 :   41 : [19127, 19128, 19129, 19132, 19135, 19142, 19143, 19146, 19148, 19149, 19150, 19151, 19155, 19159, 19162, 19163, 19164, 19167, 19168, 19176, 19182, 19184, 19185, 19186, 19191, 19192, 19193, 19194, 19200, 19203, 19204, 19205, 19208, 19213, 19215, 19216, 19217, 19218, 19221, 19222, 19223]
148.7 :   14 : [19130, 19133, 19138, 19147, 19152, 19156, 19158, 19161, 19173, 19174, 19188, 19196, 19209, 19214]
148.8 :    5 : [19170, 19175, 19189, 19202, 19212]
148.9 :    2 : [19126, 19145]
150.7 :    1 : [19177]
150.8 :    2 : [19140, 19195]
150.9 :   13 : [19125, 19134, 19136, 19141, 19157, 19169, 19172, 19180, 19181, 19183, 19199, 19206, 19210]
151.0 :   23 : [19131, 19137, 19139, 19144, 19153, 19154, 19160, 19165, 19166, 19171, 19178, 19179, 19187, 19190, 19197, 19198, 19201, 19207, 19211, 19213, 19219, 19220, 19224]
151.1 :   35 : [19128, 19129, 19135, 19142, 19143, 19148, 19149, 19150, 19151, 19155, 19159, 19162, 19163, 19164, 19167, 19168, 19176, 19182, 19184, 19185, 19191, 19192, 19193, 19194, 19200, 19203, 19204, 19205, 19208, 19215, 19217, 19218, 19221, 19222, 19223]
151.2 :   15 : [19127, 19130, 19132, 19133, 19138, 19146, 19147, 19158, 19161, 19173, 19174, 19186, 19196, 19214, 19216]
151.3 :    5 : [19152, 19156, 19188, 19209, 19212]
151.4 :    4 : [19170, 19175, 19189, 19202]
151.5 :    2 : [19126, 19145]
153.1 :    1 : [19177]
153.2 :    1 : [19140]
153.3 :    2 : [19125, 19195]
153.4 :   10 : [19134, 19136, 19141, 19157, 19169, 19172, 19180, 19181, 19199, 19206]
153.5 :   16 : [19131, 19137, 19154, 19160, 19166, 19171, 19178, 19179, 19183, 19187, 19190, 19197, 19201, 19210, 19220, 19224]
153.6 :   23 : [19135, 19139, 19144, 19151, 19153, 19159, 19164, 19165, 19168, 19182, 19184, 19191, 19198, 19205, 19207, 19211, 19213, 19215, 19217, 19218, 19219, 19221, 19223]
153.7 :   25 : [19127, 19128, 19129, 19132, 19142, 19143, 19146, 19148, 19149, 19150, 19155, 19162, 19163, 19167, 19176, 19185, 19192, 19193, 19194, 19200, 19203, 19204, 19208, 19216, 19222]
153.8 :   10 : [19130, 19133, 19138, 19147, 19158, 19161, 19173, 19174, 19186, 19196]
153.9 :    6 : [19152, 19156, 19188, 19209, 19212, 19214]
154.0 :    4 : [19170, 19175, 19189, 19202]
154.1 :    2 : [19126, 19145]
155.5 :    1 : [19177]
155.7 :    1 : [19140]
155.8 :    1 : [19195]
155.9 :    8 : [19125, 19134, 19136, 19141, 19172, 19181, 19199, 19206]
156.0 :    6 : [19157, 19160, 19169, 19180, 19183, 19210]
156.1 :   13 : [19131, 19137, 19154, 19166, 19171, 19178, 19179, 19187, 19190, 19197, 19201, 19220, 19224]
156.2 :   20 : [19135, 19139, 19144, 19151, 19153, 19159, 19165, 19168, 19182, 19184, 19191, 19198, 19207, 19211, 19213, 19215, 19217, 19219, 19221, 19223]
156.3 :   26 : [19128, 19129, 19142, 19143, 19146, 19148, 19149, 19150, 19155, 19162, 19163, 19164, 19167, 19176, 19185, 19192, 19193, 19194, 19200, 19203, 19204, 19205, 19208, 19216, 19218, 19222]
156.4 :   15 : [19127, 19130, 19132, 19133, 19138, 19147, 19152, 19158, 19161, 19173, 19174, 19186, 19196, 19209, 19214]
156.5 :    7 : [19156, 19170, 19175, 19188, 19189, 19202, 19212]
156.6 :    2 : [19126, 19145]
158.0 :    1 : [19177]
158.2 :    1 : [19140]
158.4 :    2 : [19125, 19195]
158.5 :    7 : [19134, 19136, 19141, 19172, 19181, 19199, 19206]
158.6 :    5 : [19157, 19169, 19180, 19183, 19210]
158.7 :   11 : [19131, 19137, 19154, 19160, 19171, 19178, 19187, 19190, 19197, 19220, 19224]
158.8 :   19 : [19139, 19144, 19151, 19153, 19165, 19166, 19179, 19182, 19184, 19198, 19201, 19207, 19211, 19213, 19215, 19217, 19219, 19221, 19223]
158.9 :   37 : [19127, 19128, 19129, 19132, 19135, 19138, 19142, 19143, 19146, 19147, 19148, 19149, 19150, 19155, 19158, 19159, 19161, 19162, 19163, 19164, 19167, 19168, 19176, 19185, 19186, 19191, 19192, 19193, 19194, 19200, 19203, 19204, 19205, 19208, 19216, 19218, 19222]
159.0 :   15 : [19130, 19133, 19152, 19156, 19170, 19173, 19174, 19175, 19188, 19189, 19196, 19202, 19209, 19212, 19214]
159.1 :    2 : [19126, 19145]
160.4 :    1 : [19177]
160.8 :    1 : [19140]
161.0 :    2 : [19125, 19195]
161.1 :    6 : [19134, 19141, 19172, 19181, 19199, 19206]
161.2 :    4 : [19136, 19157, 19169, 19180]
161.3 :    8 : [19131, 19137, 19160, 19171, 19183, 19190, 19197, 19210]
161.4 :    9 : [19154, 19166, 19178, 19179, 19187, 19198, 19201, 19220, 19224]
161.5 :   39 : [19129, 19135, 19139, 19142, 19143, 19144, 19148, 19150, 19151, 19153, 19155, 19159, 19162, 19163, 19164, 19165, 19167, 19168, 19176, 19182, 19184, 19185, 19191, 19192, 19193, 19194, 19200, 19205, 19207, 19208, 19211, 19213, 19215, 19217, 19218, 19219, 19221, 19222, 19223]
161.6 :   28 : [19127, 19128, 19130, 19132, 19133, 19138, 19146, 19147, 19149, 19152, 19156, 19158, 19161, 19170, 19173, 19174, 19175, 19186, 19188, 19189, 19196, 19202, 19203, 19204, 19209, 19212, 19214, 19216]
161.7 :    2 : [19126, 19145]
163.0 :    1 : [19177]
163.3 :    1 : [19140]
163.5 :    1 : [19195]
163.6 :    2 : [19125, 19172]
163.7 :    5 : [19134, 19141, 19181, 19199, 19206]
163.8 :    2 : [19136, 19157]
163.9 :    5 : [19160, 19169, 19180, 19183, 19210]
164.0 :    8 : [19131, 19137, 19154, 19171, 19178, 19190, 19197, 19220]
164.1 :    9 : [19166, 19179, 19187, 19198, 19201, 19207, 19211, 19219, 19224]
164.2 :   36 : [19129, 19135, 19139, 19142, 19143, 19144, 19148, 19150, 19151, 19153, 19155, 19159, 19162, 19163, 19164, 19165, 19167, 19168, 19176, 19182, 19184, 19185, 19191, 19192, 19193, 19194, 19200, 19205, 19208, 19213, 19215, 19217, 19218, 19221, 19222, 19223]
164.3 :   24 : [19127, 19128, 19130, 19132, 19133, 19138, 19146, 19147, 19149, 19152, 19156, 19158, 19161, 19173, 19174, 19186, 19188, 19196, 19203, 19204, 19209, 19212, 19214, 19216]
164.4 :    6 : [19126, 19145, 19170, 19175, 19189, 19202]
165.7 :    1 : [19177]
166.0 :    1 : [19140]
166.2 :    2 : [19125, 19195]
166.3 :    6 : [19134, 19141, 19172, 19181, 19199, 19206]
166.4 :    3 : [19136, 19157, 19169]
166.5 :    5 : [19137, 19160, 19180, 19183, 19210]
166.6 :    8 : [19131, 19154, 19171, 19178, 19187, 19190, 19197, 19220]
166.7 :    8 : [19166, 19179, 19198, 19201, 19207, 19211, 19219, 19224]
166.8 :   23 : [19135, 19139, 19144, 19150, 19151, 19153, 19159, 19162, 19164, 19165, 19167, 19168, 19182, 19184, 19185, 19191, 19205, 19213, 19215, 19217, 19218, 19221, 19223]
166.9 :   26 : [19127, 19128, 19129, 19132, 19138, 19142, 19143, 19146, 19147, 19148, 19149, 19155, 19158, 19161, 19163, 19176, 19186, 19192, 19193, 19194, 19200, 19203, 19204, 19208, 19216, 19222]
167.0 :   15 : [19130, 19133, 19152, 19156, 19170, 19173, 19174, 19175, 19188, 19189, 19196, 19202, 19209, 19212, 19214]
167.1 :    2 : [19126, 19145]
168.3 :    1 : [19177]
168.6 :    1 : [19140]
168.8 :    2 : [19125, 19195]
168.9 :    1 : [19172]
169.0 :    6 : [19134, 19136, 19141, 19181, 19199, 19206]
169.1 :    3 : [19157, 19169, 19180]
169.2 :    4 : [19137, 19160, 19183, 19210]
169.3 :    8 : [19131, 19154, 19171, 19178, 19187, 19190, 19197, 19220]
169.4 :    7 : [19166, 19179, 19198, 19201, 19207, 19219, 19224]
169.5 :   16 : [19139, 19144, 19151, 19153, 19159, 19165, 19168, 19182, 19184, 19191, 19211, 19213, 19215, 19217, 19221, 19223]
169.6 :   31 : [19127, 19128, 19129, 19132, 19135, 19142, 19143, 19146, 19148, 19149, 19150, 19155, 19161, 19162, 19163, 19164, 19167, 19176, 19185, 19186, 19192, 19193, 19194, 19200, 19203, 19204, 19205, 19208, 19216, 19218, 19222]
169.7 :   17 : [19130, 19133, 19138, 19147, 19152, 19156, 19158, 19170, 19173, 19174, 19188, 19189, 19196, 19202, 19209, 19212, 19214]
169.8 :    3 : [19126, 19145, 19175]
171.0 :    1 : [19177]
171.2 :    1 : [19140]
171.5 :    3 : [19125, 19172, 19195]
171.6 :    2 : [19141, 19181]
171.7 :    5 : [19134, 19136, 19157, 19199, 19206]
171.8 :    4 : [19169, 19180, 19183, 19210]
171.9 :    9 : [19131, 19137, 19154, 19160, 19171, 19178, 19190, 19197, 19220]
172.0 :    5 : [19166, 19179, 19187, 19201, 19224]
172.1 :   16 : [19139, 19144, 19151, 19153, 19165, 19182, 19184, 19198, 19207, 19211, 19213, 19215, 19217, 19219, 19221, 19223]
172.2 :   27 : [19128, 19129, 19135, 19142, 19143, 19146, 19148, 19150, 19155, 19159, 19162, 19163, 19164, 19167, 19168, 19176, 19185, 19191, 19192, 19193, 19194, 19200, 19203, 19205, 19208, 19218, 19222]
172.3 :   20 : [19127, 19130, 19132, 19133, 19138, 19147, 19149, 19152, 19156, 19158, 19161, 19173, 19174, 19186, 19188, 19196, 19204, 19209, 19214, 19216]
172.4 :    5 : [19170, 19175, 19189, 19202, 19212]
172.5 :    2 : [19126, 19145]
173.6 :    1 : [19177]
173.8 :    1 : [19140]
174.1 :    3 : [19125, 19172, 19195]
174.2 :    5 : [19134, 19141, 19181, 19199, 19206]
174.3 :    2 : [19136, 19157]
174.4 :    5 : [19160, 19169, 19180, 19183, 19210]
174.5 :    8 : [19131, 19137, 19154, 19171, 19178, 19190, 19197, 19220]
174.6 :    5 : [19166, 19179, 19187, 19201, 19224]
174.7 :   15 : [19139, 19144, 19151, 19153, 19165, 19182, 19198, 19207, 19211, 19213, 19215, 19217, 19219, 19221, 19223]
174.8 :   25 : [19129, 19135, 19142, 19143, 19148, 19150, 19155, 19159, 19162, 19163, 19164, 19167, 19168, 19176, 19184, 19185, 19191, 19192, 19193, 19194, 19200, 19205, 19208, 19218, 19222]
174.9 :   17 : [19127, 19128, 19132, 19133, 19138, 19146, 19147, 19149, 19158, 19161, 19173, 19174, 19186, 19196, 19203, 19204, 19216]
175.0 :   11 : [19130, 19152, 19156, 19170, 19175, 19188, 19189, 19202, 19209, 19212, 19214]
175.1 :    2 : [19126, 19145]
176.1 :    1 : [19177]
176.4 :    1 : [19140]
176.6 :    1 : [19195]
176.7 :    2 : [19125, 19172]
176.8 :    6 : [19134, 19136, 19141, 19181, 19199, 19206]
176.9 :    2 : [19157, 19169]
177.0 :    5 : [19137, 19160, 19180, 19183, 19210]
177.1 :    7 : [19131, 19154, 19171, 19178, 19190, 19197, 19220]
177.2 :    6 : [19166, 19179, 19187, 19198, 19201, 19224]
177.3 :   14 : [19139, 19144, 19151, 19153, 19165, 19182, 19207, 19211, 19213, 19215, 19217, 19219, 19221, 19223]
177.4 :   25 : [19129, 19135, 19142, 19143, 19148, 19150, 19155, 19159, 19162, 19163, 19164, 19167, 19168, 19176, 19184, 19185, 19191, 19192, 19193, 19194, 19200, 19205, 19208, 19218, 19222]
177.5 :   17 : [19127, 19128, 19132, 19133, 19138, 19146, 19147, 19149, 19158, 19161, 19173, 19174, 19186, 19196, 19203, 19204, 19216]
177.6 :    9 : [19130, 19152, 19156, 19170, 19188, 19189, 19209, 19212, 19214]
177.7 :    4 : [19126, 19145, 19175, 19202]
178.7 :    1 : [19177]
179.0 :    1 : [19140]
179.2 :    2 : [19125, 19195]
179.3 :    1 : [19172]
179.4 :    6 : [19134, 19136, 19141, 19181, 19199, 19206]
179.5 :    4 : [19157, 19169, 19180, 19210]
179.6 :    5 : [19131, 19137, 19160, 19183, 19197]
179.7 :    7 : [19154, 19171, 19178, 19187, 19190, 19220, 19224]
179.8 :    6 : [19166, 19179, 19198, 19201, 19207, 19219]
179.9 :   14 : [19139, 19144, 19151, 19153, 19165, 19182, 19184, 19191, 19211, 19213, 19215, 19217, 19221, 19223]
180.0 :   24 : [19128, 19129, 19135, 19142, 19143, 19148, 19150, 19155, 19159, 19162, 19163, 19164, 19167, 19168, 19176, 19185, 19192, 19193, 19194, 19200, 19205, 19208, 19218, 19222]
180.1 :   15 : [19127, 19132, 19133, 19138, 19146, 19147, 19149, 19158, 19161, 19174, 19186, 19196, 19203, 19204, 19216]
180.2 :    8 : [19130, 19152, 19156, 19173, 19188, 19209, 19212, 19214]
180.3 :    5 : [19145, 19170, 19175, 19189, 19202]
180.4 :    1 : [19126]
181.2 :    1 : [19177]
181.5 :    1 : [19140]
181.8 :    2 : [19125, 19195]
181.9 :    1 : [19172]
182.0 :    6 : [19134, 19136, 19141, 19181, 19199, 19206]
182.1 :    3 : [19157, 19169, 19180]
182.2 :    3 : [19160, 19183, 19210]
182.3 :    8 : [19131, 19137, 19154, 19171, 19178, 19190, 19197, 19220]
182.4 :    5 : [19166, 19179, 19187, 19201, 19224]
182.5 :   11 : [19139, 19144, 19153, 19165, 19198, 19207, 19211, 19213, 19217, 19219, 19221]
182.6 :   23 : [19135, 19143, 19148, 19150, 19151, 19155, 19159, 19162, 19164, 19167, 19168, 19182, 19184, 19185, 19191, 19192, 19194, 19205, 19208, 19215, 19218, 19222, 19223]
182.7 :   16 : [19127, 19128, 19129, 19132, 19138, 19142, 19146, 19149, 19163, 19176, 19186, 19193, 19200, 19203, 19204, 19216]
182.8 :   11 : [19130, 19133, 19147, 19152, 19158, 19161, 19173, 19174, 19196, 19209, 19214]
182.9 :    7 : [19156, 19170, 19175, 19188, 19189, 19202, 19212]
183.0 :    2 : [19126, 19145]
183.9 :    1 : [19177]
184.2 :    1 : [19140]
184.5 :    2 : [19125, 19195]
184.6 :    2 : [19141, 19172]
184.7 :    5 : [19134, 19136, 19181, 19199, 19206]
184.8 :    3 : [19157, 19169, 19180]
184.9 :    3 : [19160, 19183, 19210]
185.0 :    8 : [19131, 19137, 19154, 19171, 19178, 19190, 19197, 19220]
185.1 :    5 : [19166, 19179, 19187, 19201, 19224]
185.2 :    8 : [19144, 19153, 19165, 19198, 19207, 19211, 19213, 19219]
185.3 :   14 : [19135, 19139, 19151, 19159, 19164, 19168, 19182, 19184, 19191, 19215, 19217, 19218, 19221, 19223]
185.4 :   19 : [19128, 19129, 19142, 19143, 19148, 19150, 19155, 19162, 19163, 19167, 19176, 19185, 19192, 19193, 19194, 19200, 19205, 19208, 19222]
185.5 :   13 : [19127, 19132, 19138, 19146, 19147, 19149, 19158, 19161, 19174, 19186, 19203, 19204, 19216]
185.6 :    9 : [19130, 19133, 19152, 19156, 19173, 19188, 19196, 19209, 19214]
185.7 :    5 : [19170, 19175, 19189, 19202, 19212]
185.8 :    2 : [19126, 19145]
186.7 :    1 : [19177]
187.0 :    1 : [19140]
187.3 :    1 : [19195]
187.4 :    2 : [19125, 19172]
187.5 :    2 : [19141, 19181]
187.6 :    4 : [19134, 19136, 19199, 19206]
187.7 :    2 : [19157, 19169]
187.8 :    3 : [19180, 19183, 19210]
187.9 :    5 : [19131, 19137, 19160, 19190, 19197]
188.0 :    6 : [19154, 19171, 19178, 19187, 19220, 19224]
188.1 :    3 : [19166, 19179, 19201]
188.2 :   10 : [19139, 19144, 19153, 19165, 19198, 19207, 19211, 19213, 19219, 19221]
188.3 :   15 : [19135, 19150, 19151, 19159, 19162, 19164, 19167, 19168, 19182, 19184, 19191, 19215, 19217, 19218, 19223]
188.4 :   16 : [19128, 19129, 19142, 19143, 19148, 19155, 19163, 19176, 19185, 19192, 19193, 19194, 19200, 19205, 19208, 19222]
188.5 :   12 : [19127, 19132, 19138, 19146, 19147, 19149, 19158, 19161, 19186, 19203, 19204, 19216]
188.6 :    6 : [19130, 19133, 19173, 19174, 19196, 19214]
188.7 :    7 : [19152, 19156, 19170, 19188, 19189, 19209, 19212]
188.8 :    2 : [19175, 19202]
188.9 :    2 : [19126, 19145]
189.8 :    1 : [19177]
190.2 :    1 : [19140]
190.5 :    1 : [19195]
190.6 :    2 : [19125, 19172]
190.8 :    6 : [19134, 19136, 19141, 19181, 19199, 19206]
190.9 :    1 : [19157]
191.0 :    3 : [19169, 19180, 19210]
191.1 :    2 : [19160, 19183]
191.2 :    7 : [19131, 19137, 19154, 19171, 19178, 19190, 19197]
191.3 :    4 : [19187, 19201, 19220, 19224]
191.4 :    3 : [19166, 19179, 19198]
191.5 :    7 : [19144, 19153, 19165, 19207, 19211, 19213, 19219]
191.6 :   13 : [19135, 19139, 19151, 19159, 19164, 19168, 19182, 19184, 19191, 19215, 19217, 19221, 19223]
191.7 :   16 : [19129, 19142, 19143, 19148, 19150, 19155, 19162, 19167, 19176, 19185, 19192, 19194, 19205, 19208, 19218, 19222]
191.8 :   11 : [19128, 19132, 19146, 19149, 19163, 19186, 19193, 19200, 19203, 19204, 19216]
191.9 :    8 : [19127, 19133, 19138, 19147, 19158, 19161, 19174, 19196]
192.0 :    7 : [19130, 19152, 19156, 19173, 19188, 19209, 19214]
192.1 :    3 : [19170, 19189, 19212]
192.2 :    2 : [19175, 19202]
192.3 :    2 : [19126, 19145]
192.6 :    1 : [19195]
192.9 :    2 : [19136, 19206]
193.0 :    1 : [19157]
193.1 :    2 : [19180, 19210]
193.2 :    3 : [19160, 19177, 19183]
193.3 :    6 : [19131, 19154, 19171, 19178, 19190, 19197]
193.4 :    3 : [19187, 19201, 19224]
193.5 :    1 : [19198]
193.6 :    7 : [19144, 19153, 19165, 19207, 19211, 19213, 19219]
193.7 :   14 : [19135, 19139, 19140, 19151, 19159, 19164, 19168, 19182, 19184, 19191, 19215, 19217, 19221, 19223]
193.8 :   16 : [19129, 19142, 19143, 19148, 19150, 19155, 19162, 19167, 19176, 19185, 19192, 19194, 19205, 19208, 19218, 19222]
193.9 :   11 : [19128, 19132, 19146, 19149, 19163, 19186, 19193, 19200, 19203, 19204, 19216]
194.0 :    8 : [19127, 19133, 19138, 19147, 19158, 19161, 19174, 19196]
194.1 :    8 : [19125, 19130, 19152, 19156, 19173, 19188, 19209, 19214]
194.2 :    4 : [19170, 19172, 19189, 19212]
194.3 :    4 : [19141, 19175, 19181, 19202]
194.4 :    4 : [19126, 19134, 19145, 19199]
194.6 :    1 : [19169]
194.8 :    1 : [19137]
194.9 :    1 : [19220]
195.0 :    2 : [19166, 19179]
195.3 :    1 : [19177]
195.8 :    1 : [19140]
196.0 :    1 : [19195]
196.2 :    2 : [19125, 19209]
196.3 :    3 : [19170, 19172, 19189]
196.4 :    4 : [19136, 19141, 19181, 19206]
196.5 :    5 : [19126, 19134, 19145, 19157, 19199]
196.6 :    2 : [19180, 19210]
196.7 :    3 : [19160, 19169, 19183]
196.8 :    4 : [19131, 19178, 19190, 19197]
196.9 :    3 : [19137, 19154, 19171]
197.0 :    4 : [19187, 19201, 19220, 19224]
197.1 :    4 : [19166, 19179, 19198, 19219]
197.2 :    6 : [19144, 19153, 19165, 19207, 19211, 19213]
197.3 :    8 : [19139, 19151, 19182, 19191, 19215, 19217, 19221, 19223]
197.4 :   12 : [19135, 19150, 19159, 19162, 19164, 19167, 19168, 19177, 19184, 19208, 19218, 19222]
197.5 :   10 : [19129, 19142, 19143, 19148, 19155, 19176, 19185, 19192, 19194, 19205]
197.6 :   11 : [19128, 19132, 19146, 19149, 19163, 19186, 19193, 19200, 19203, 19204, 19216]
197.7 :    7 : [19127, 19133, 19138, 19147, 19158, 19161, 19174]
197.8 :    3 : [19173, 19196, 19214]
197.9 :    6 : [19130, 19140, 19152, 19156, 19188, 19212]
198.0 :    1 : [19202]
198.1 :    2 : [19175, 19195]
198.3 :    1 : [19125]
198.4 :    3 : [19170, 19172, 19189]
198.5 :    4 : [19136, 19141, 19181, 19206]
198.6 :    5 : [19126, 19134, 19145, 19157, 19199]
198.7 :    2 : [19180, 19210]
198.8 :    2 : [19169, 19183]
198.9 :    2 : [19160, 19197]
199.0 :    6 : [19131, 19137, 19154, 19171, 19178, 19190]
199.1 :    4 : [19187, 19201, 19220, 19224]
199.2 :    2 : [19166, 19179]
199.3 :    4 : [19198, 19207, 19211, 19219]
199.4 :    6 : [19139, 19144, 19153, 19165, 19213, 19221]
199.5 :    9 : [19151, 19164, 19177, 19182, 19184, 19191, 19215, 19217, 19223]
199.6 :   11 : [19135, 19143, 19150, 19155, 19159, 19162, 19167, 19168, 19208, 19218, 19222]
199.7 :    9 : [19128, 19129, 19142, 19148, 19176, 19185, 19192, 19194, 19205]
199.8 :   10 : [19132, 19146, 19149, 19163, 19186, 19193, 19200, 19203, 19204, 19216]
199.9 :    6 : [19127, 19138, 19147, 19158, 19161, 19174]
200.0 :    3 : [19133, 19140, 19196]
200.1 :    7 : [19130, 19152, 19156, 19173, 19188, 19209, 19214]
200.2 :    1 : [19212]
200.3 :    3 : [19175, 19195, 19202]
200.4 :    1 : [19125]
200.5 :    3 : [19170, 19172, 19189]
200.6 :    2 : [19141, 19181]
200.7 :    6 : [19126, 19134, 19136, 19145, 19199, 19206]
200.9 :    2 : [19157, 19169]
201.0 :    2 : [19180, 19210]
201.1 :    1 : [19183]
201.2 :    1 : [19160]
201.3 :    7 : [19131, 19137, 19154, 19171, 19178, 19190, 19197]
201.4 :    1 : [19220]
201.5 :    5 : [19166, 19179, 19187, 19201, 19224]
201.6 :    2 : [19177, 19198]
201.7 :    6 : [19144, 19153, 19207, 19211, 19213, 19219]
201.8 :    4 : [19139, 19165, 19182, 19221]
201.9 :    7 : [19151, 19164, 19184, 19191, 19215, 19217, 19223]
202.0 :   13 : [19129, 19135, 19143, 19150, 19155, 19159, 19162, 19167, 19168, 19192, 19208, 19218, 19222]
202.1 :    7 : [19140, 19142, 19148, 19176, 19185, 19194, 19205]
202.2 :    7 : [19128, 19132, 19163, 19186, 19193, 19200, 19203]
202.3 :    8 : [19127, 19138, 19146, 19147, 19149, 19161, 19204, 19216]
202.4 :    4 : [19133, 19158, 19174, 19196]
202.5 :    3 : [19130, 19173, 19214]
202.6 :    4 : [19152, 19156, 19188, 19209]
202.7 :    1 : [19212]
202.8 :    6 : [19125, 19170, 19175, 19189, 19195, 19202]
202.9 :    1 : [19172]
203.0 :    1 : [19145]
203.1 :    4 : [19126, 19141, 19181, 19199]
203.2 :    3 : [19134, 19136, 19206]
203.4 :    1 : [19157]
203.5 :    2 : [19169, 19180]
203.6 :    1 : [19210]
203.7 :    2 : [19160, 19183]
203.8 :    4 : [19131, 19137, 19178, 19197]
203.9 :    3 : [19154, 19171, 19190]
204.0 :    2 : [19220, 19224]
204.1 :    5 : [19166, 19177, 19179, 19187, 19201]
204.3 :    4 : [19198, 19207, 19211, 19219]
204.4 :    6 : [19139, 19144, 19153, 19165, 19213, 19221]
204.5 :    2 : [19182, 19217]
204.6 :   11 : [19135, 19150, 19151, 19159, 19164, 19167, 19168, 19184, 19191, 19215, 19223]
204.7 :    7 : [19129, 19143, 19155, 19162, 19208, 19218, 19222]
204.8 :    8 : [19140, 19142, 19148, 19176, 19185, 19192, 19194, 19205]
204.9 :    5 : [19128, 19163, 19193, 19200, 19203]
205.0 :    6 : [19132, 19146, 19149, 19186, 19204, 19216]
205.1 :    6 : [19127, 19138, 19147, 19158, 19161, 19174]
205.2 :    2 : [19133, 19196]
205.3 :    2 : [19173, 19214]
205.4 :    5 : [19130, 19152, 19156, 19188, 19209]
205.5 :    2 : [19195, 19212]
205.6 :    4 : [19125, 19170, 19189, 19202]
205.7 :    2 : [19172, 19175]
206.0 :    5 : [19126, 19141, 19145, 19181, 19199]
206.1 :    3 : [19134, 19136, 19206]
206.4 :    2 : [19157, 19169]
206.5 :    2 : [19180, 19210]
206.7 :    2 : [19160, 19183]
206.9 :    6 : [19131, 19137, 19171, 19178, 19190, 19197]
207.0 :    1 : [19154]
207.1 :    1 : [19220]
207.2 :    5 : [19166, 19177, 19187, 19201, 19224]
207.3 :    1 : [19179]
207.5 :    4 : [19198, 19207, 19211, 19219]
207.6 :    3 : [19144, 19153, 19213]
207.7 :    3 : [19139, 19165, 19221]
207.8 :    2 : [19182, 19217]
207.9 :    4 : [19151, 19164, 19191, 19223]
208.0 :   10 : [19135, 19150, 19159, 19162, 19167, 19168, 19184, 19215, 19218, 19222]
208.1 :    4 : [19129, 19140, 19143, 19208]
208.2 :    4 : [19155, 19185, 19192, 19205]
208.3 :    3 : [19148, 19176, 19194]
208.4 :    5 : [19128, 19142, 19163, 19193, 19200]
208.5 :    2 : [19186, 19203]
208.6 :    4 : [19132, 19146, 19149, 19216]
208.7 :    1 : [19204]
208.8 :    4 : [19127, 19138, 19147, 19161]
208.9 :    4 : [19133, 19158, 19174, 19196]
209.2 :    1 : [19214]
209.3 :    1 : [19173]
209.4 :    3 : [19130, 19188, 19195]
209.5 :    2 : [19125, 19156]
209.6 :    2 : [19152, 19172]
209.7 :    1 : [19209]
209.8 :    1 : [19212]
312.9 :   92 : [19125, 19127, 19128, 19129, 19130, 19131, 19132, 19133, 19134, 19135, 19136, 19137, 19138, 19139, 19140, 19141, 19142, 19143, 19144, 19145, 19146, 19147, 19149, 19150, 19151, 19152, 19153, 19154, 19155, 19156, 19157, 19158, 19159, 19160, 19161, 19162, 19163, 19164, 19165, 19166, 19167, 19168, 19169, 19171, 19172, 19174, 19175, 19176, 19177, 19178, 19180, 19181, 19182, 19183, 19184, 19185, 19186, 19187, 19188, 19189, 19190, 19191, 19192, 19193, 19195, 19196, 19197, 19198, 19199, 19200, 19201, 19202, 19203, 19204, 19205, 19206, 19208, 19209, 19210, 19211, 19213, 19214, 19215, 19216, 19217, 19218, 19219, 19220, 19221, 19222, 19223, 19224]
313.0 :    6 : [19126, 19148, 19170, 19179, 19207, 19212]
356.8 :    2 : [19171, 19176]
356.9 :    1 : [19216]
357.0 :    1 : [19164]
357.1 :    4 : [19158, 19165, 19210, 19221]
357.2 :    2 : [19151, 19188]
357.4 :    2 : [19170, 19196]
359.3 :    2 : [19171, 19176]
359.4 :    1 : [19216]
359.5 :    1 : [19164]
359.6 :    3 : [19165, 19210, 19221]
359.7 :    3 : [19151, 19158, 19188]
359.9 :    2 : [19170, 19196]
361.8 :    2 : [19151, 19188]
365.2 :    1 : [19151]
365.3 :    1 : [19188]
365.5 :    1 : [19196]
366.4 :    1 : [19176]
367.7 :    1 : [19170]
368.1 :    1 : [19196]
368.5 :    2 : [19151, 19221]
368.6 :    1 : [19188]
368.8 :    1 : [19210]
369.0 :    2 : [19158, 19216]
369.2 :    1 : [19176]
370.4 :    2 : [19171, 19196]
370.7 :    1 : [19170]
371.1 :    1 : [19165]
371.7 :    3 : [19151, 19176, 19221]
371.8 :    1 : [19188]
372.2 :    1 : [19210]
372.7 :    2 : [19196, 19216]
372.8 :    1 : [19158]
373.9 :    1 : [19170]
374.7 :    1 : [19176]
375.2 :    1 : [19151]
375.4 :    2 : [19188, 19196]
377.3 :    1 : [19151]
377.5 :    1 : [19188]
379.4 :    1 : [19151]
379.6 :    1 : [19188]
381.8 :    1 : [19151]
382.0 :    1 : [19188]
384.8 :    1 : [19151]
385.2 :    1 : [19188]
512.8 :    7 : [19151, 19158, 19171, 19176, 19188, 19210, 19221]
512.9 :    2 : [19164, 19216]
515.0 :    1 : [19164]
518.2 :    1 : [19164]
521.6 :    1 : [19164]
524.7 :    1 : [19164]
528.0 :    1 : [19164]
531.1 :    1 : [19164]
534.3 :    1 : [19164]
537.4 :    1 : [19164]
540.6 :    1 : [19164]
543.7 :    1 : [19164]
546.9 :    1 : [19164]
550.1 :    1 : [19164]
553.3 :    1 : [19164]
554.6 :    1 : [19176]
554.8 :    1 : [19151]
554.9 :    1 : [19171]
555.1 :    1 : [19221]
555.3 :    1 : [19158]
556.0 :    1 : [19188]
556.5 :    1 : [19164]
556.9 :    1 : [19216]
557.8 :    1 : [19151]
558.2 :    1 : [19158]
559.8 :    1 : [19164]
560.1 :    1 : [19151]
560.5 :    1 : [19158]
561.4 :    1 : [19176]
562.2 :    1 : [19151]
562.6 :    1 : [19158]
563.0 :    1 : [19164]
563.9 :    1 : [19176]
564.3 :    1 : [19151]
564.7 :    1 : [19158]
565.6 :    1 : [19216]
565.8 :    1 : [19188]
566.0 :    2 : [19176, 19221]
566.3 :    1 : [19164]
566.4 :    1 : [19171]
567.6 :    1 : [19151]
568.1 :    1 : [19176]
568.2 :    2 : [19158, 19216]
568.4 :    1 : [19188]
568.7 :    1 : [19221]
569.1 :    1 : [19171]
569.5 :    1 : [19164]
570.2 :    1 : [19176]
570.4 :    1 : [19216]
570.7 :    1 : [19188]
571.0 :    2 : [19151, 19221]
571.4 :    1 : [19171]
571.7 :    1 : [19158]
572.6 :    1 : [19216]
572.7 :    1 : [19164]
572.9 :    1 : [19188]
573.1 :    1 : [19151]
573.2 :    1 : [19221]
573.6 :    2 : [19171, 19176]
574.7 :    1 : [19216]
575.1 :    1 : [19188]
575.2 :    1 : [19158]
575.4 :    1 : [19221]
575.7 :    1 : [19176]
575.9 :    1 : [19171]
576.1 :    1 : [19164]
576.4 :    1 : [19151]
577.1 :    1 : [19216]
577.3 :    1 : [19158]
577.5 :    1 : [19188]
577.8 :    1 : [19176]
578.0 :    1 : [19221]
578.2 :    1 : [19164]
578.5 :    1 : [19151]
578.7 :    1 : [19171]
579.4 :    1 : [19158]
579.9 :    2 : [19176, 19216]
580.6 :    1 : [19151]
580.8 :    1 : [19188]
581.5 :    1 : [19158]
581.9 :    1 : [19164]
582.5 :    1 : [19176]
582.7 :    1 : [19151]
583.8 :    1 : [19158]
584.2 :    1 : [19164]
585.4 :    1 : [19151]
586.3 :    1 : [19176]
586.6 :    1 : [19164]
586.8 :    1 : [19158]
588.7 :    1 : [19151]
589.3 :    1 : [19164]
593.0 :    1 : [19164]
