Name: GPi [GABA], Title: Raster plot from device '95190', Hist: False
113.1 :   14 : [5594, 5598, 5602, 5607, 5608, 5612, 5629, 5631, 5659, 5660, 5661, 5677, 5681, 5683]
113.2 :   44 : [5585, 5586, 5587, 5588, 5589, 5591, 5593, 5596, 5599, 5601, 5609, 5610, 5611, 5613, 5615, 5616, 5618, 5620, 5621, 5623, 5627, 5633, 5635, 5636, 5640, 5641, 5642, 5643, 5646, 5649, 5656, 5657, 5658, 5662, 5664, 5665, 5667, 5668, 5669, 5671, 5673, 5676, 5679, 5684]
113.3 :    2 : [5648, 5663]
113.4 :    8 : [5595, 5604, 5606, 5614, 5617, 5632, 5634, 5653]
115.5 :    1 : [5598]
115.6 :   30 : [5588, 5593, 5594, 5599, 5601, 5602, 5607, 5608, 5612, 5613, 5615, 5616, 5618, 5629, 5633, 5640, 5641, 5642, 5643, 5646, 5656, 5659, 5661, 5662, 5664, 5668, 5671, 5676, 5677, 5681]
117.7 :    1 : [5598]
117.9 :    5 : [5594, 5607, 5629, 5659, 5677]
118.3 :    1 : [5612]
118.4 :    4 : [5602, 5608, 5661, 5681]
120.0 :    1 : [5598]
120.4 :    4 : [5607, 5629, 5659, 5677]
120.5 :    1 : [5594]
122.3 :    1 : [5612]
122.5 :    1 : [5598]
123.4 :    1 : [5607]
123.5 :    2 : [5659, 5677]
123.6 :    2 : [5594, 5629]
125.5 :    1 : [5598]
