Name: VTA [a1], Title: Raster plot from device '95207', Hist: False
114.5 :   70 : [11158, 11159, 11161, 11162, 11163, 11164, 11168, 11169, 11171, 11172, 11173, 11174, 11175, 11177, 11178, 11179, 11180, 11181, 11182, 11183, 11184, 11187, 11189, 11193, 11194, 11195, 11196, 11197, 11199, 11201, 11202, 11203, 11205, 11206, 11207, 11208, 11209, 11213, 11214, 11215, 11216, 11217, 11219, 11220, 11221, 11222, 11223, 11225, 11228, 11229, 11233, 11234, 11235, 11236, 11237, 11240, 11241, 11242, 11245, 11246, 11247, 11248, 11250, 11251, 11252, 11253, 11254, 11255, 11256, 11257]
114.6 :   30 : [11160, 11165, 11166, 11167, 11170, 11176, 11185, 11186, 11188, 11190, 11191, 11192, 11198, 11200, 11204, 11210, 11211, 11212, 11218, 11224, 11226, 11227, 11230, 11231, 11232, 11238, 11239, 11243, 11244, 11249]
116.6 :    1 : [11197]
116.7 :   99 : [11158, 11159, 11160, 11161, 11162, 11163, 11164, 11165, 11166, 11167, 11168, 11169, 11170, 11171, 11172, 11173, 11174, 11175, 11176, 11177, 11178, 11179, 11180, 11181, 11182, 11183, 11184, 11185, 11186, 11187, 11188, 11189, 11190, 11191, 11192, 11193, 11194, 11195, 11196, 11198, 11199, 11200, 11201, 11202, 11203, 11204, 11205, 11206, 11207, 11208, 11209, 11210, 11211, 11212, 11213, 11214, 11215, 11216, 11217, 11218, 11219, 11220, 11221, 11222, 11223, 11224, 11225, 11226, 11227, 11228, 11229, 11230, 11231, 11232, 11233, 11234, 11235, 11236, 11237, 11238, 11239, 11240, 11241, 11242, 11243, 11244, 11245, 11246, 11247, 11248, 11249, 11250, 11251, 11252, 11253, 11254, 11255, 11256, 11257]
118.7 :    1 : [11197]
118.8 :   99 : [11158, 11159, 11160, 11161, 11162, 11163, 11164, 11165, 11166, 11167, 11168, 11169, 11170, 11171, 11172, 11173, 11174, 11175, 11176, 11177, 11178, 11179, 11180, 11181, 11182, 11183, 11184, 11185, 11186, 11187, 11188, 11189, 11190, 11191, 11192, 11193, 11194, 11195, 11196, 11198, 11199, 11200, 11201, 11202, 11203, 11204, 11205, 11206, 11207, 11208, 11209, 11210, 11211, 11212, 11213, 11214, 11215, 11216, 11217, 11218, 11219, 11220, 11221, 11222, 11223, 11224, 11225, 11226, 11227, 11228, 11229, 11230, 11231, 11232, 11233, 11234, 11235, 11236, 11237, 11238, 11239, 11240, 11241, 11242, 11243, 11244, 11245, 11246, 11247, 11248, 11249, 11250, 11251, 11252, 11253, 11254, 11255, 11256, 11257]
120.9 :    2 : [11185, 11211]
121.7 :    1 : [11197]
121.8 :    4 : [11164, 11179, 11220, 11221]
121.9 :   28 : [11158, 11162, 11175, 11177, 11178, 11181, 11182, 11187, 11193, 11194, 11195, 11196, 11201, 11202, 11207, 11208, 11216, 11225, 11229, 11234, 11236, 11246, 11250, 11251, 11254, 11255, 11256, 11257]
122.0 :   37 : [11159, 11161, 11163, 11168, 11169, 11171, 11172, 11173, 11174, 11180, 11183, 11184, 11189, 11199, 11203, 11205, 11206, 11209, 11213, 11214, 11215, 11217, 11219, 11222, 11223, 11228, 11233, 11235, 11237, 11240, 11241, 11242, 11245, 11247, 11248, 11252, 11253]
122.3 :   19 : [11165, 11166, 11167, 11186, 11188, 11190, 11191, 11198, 11204, 11210, 11212, 11226, 11227, 11230, 11232, 11238, 11239, 11244, 11249]
122.4 :    9 : [11160, 11170, 11176, 11192, 11200, 11218, 11224, 11231, 11243]
124.2 :    2 : [11185, 11211]
124.4 :   13 : [11167, 11186, 11190, 11191, 11198, 11204, 11210, 11212, 11226, 11238, 11239, 11244, 11249]
124.5 :    1 : [11243]
124.6 :    1 : [11197]
124.7 :    4 : [11164, 11179, 11220, 11221]
124.8 :   55 : [11158, 11159, 11161, 11162, 11163, 11168, 11169, 11171, 11172, 11173, 11174, 11175, 11177, 11178, 11181, 11182, 11183, 11187, 11189, 11193, 11194, 11195, 11196, 11201, 11202, 11203, 11205, 11206, 11207, 11208, 11209, 11213, 11214, 11215, 11216, 11217, 11222, 11225, 11228, 11229, 11233, 11234, 11236, 11240, 11241, 11242, 11245, 11246, 11247, 11250, 11251, 11254, 11255, 11256, 11257]
124.9 :   10 : [11180, 11184, 11199, 11219, 11223, 11235, 11237, 11248, 11252, 11253]
125.4 :    3 : [11165, 11166, 11227]
125.5 :   11 : [11160, 11170, 11176, 11188, 11192, 11200, 11218, 11224, 11230, 11231, 11232]
126.8 :    1 : [11197]
127.0 :    1 : [11249]
127.1 :   13 : [11167, 11186, 11190, 11191, 11198, 11204, 11210, 11212, 11226, 11238, 11239, 11243, 11244]
127.2 :    2 : [11185, 11211]
127.3 :    8 : [11162, 11164, 11179, 11196, 11220, 11221, 11229, 11251]
127.4 :   61 : [11158, 11159, 11161, 11163, 11168, 11169, 11171, 11172, 11173, 11174, 11175, 11177, 11178, 11180, 11181, 11182, 11183, 11184, 11187, 11189, 11193, 11194, 11195, 11199, 11201, 11202, 11203, 11205, 11206, 11207, 11208, 11209, 11213, 11214, 11215, 11216, 11217, 11219, 11222, 11223, 11225, 11228, 11233, 11234, 11235, 11236, 11237, 11240, 11241, 11242, 11245, 11246, 11247, 11248, 11250, 11252, 11253, 11254, 11255, 11256, 11257]
128.4 :    4 : [11165, 11166, 11176, 11227]
128.5 :   10 : [11160, 11170, 11188, 11192, 11200, 11218, 11224, 11230, 11231, 11232]
128.9 :    1 : [11197]
129.6 :   81 : [11158, 11159, 11161, 11162, 11163, 11164, 11167, 11168, 11169, 11171, 11172, 11173, 11174, 11175, 11177, 11178, 11179, 11180, 11181, 11182, 11183, 11184, 11186, 11187, 11189, 11190, 11191, 11193, 11194, 11195, 11196, 11198, 11199, 11201, 11202, 11203, 11205, 11206, 11207, 11208, 11209, 11210, 11212, 11213, 11214, 11215, 11216, 11217, 11219, 11220, 11221, 11222, 11223, 11225, 11226, 11228, 11229, 11233, 11234, 11235, 11236, 11237, 11238, 11239, 11240, 11241, 11242, 11244, 11245, 11246, 11247, 11248, 11249, 11250, 11251, 11252, 11253, 11254, 11255, 11256, 11257]
129.7 :    4 : [11185, 11204, 11211, 11243]
130.8 :    6 : [11160, 11165, 11166, 11170, 11176, 11227]
130.9 :    8 : [11188, 11192, 11200, 11218, 11224, 11230, 11231, 11232]
131.0 :    1 : [11197]
131.7 :   69 : [11158, 11159, 11161, 11162, 11163, 11164, 11168, 11169, 11171, 11172, 11173, 11174, 11175, 11177, 11178, 11179, 11180, 11181, 11182, 11183, 11184, 11187, 11189, 11193, 11194, 11195, 11196, 11199, 11201, 11202, 11203, 11205, 11206, 11207, 11208, 11209, 11213, 11214, 11215, 11216, 11217, 11219, 11220, 11221, 11222, 11223, 11225, 11228, 11229, 11233, 11234, 11235, 11236, 11237, 11240, 11241, 11242, 11245, 11246, 11247, 11248, 11250, 11251, 11252, 11253, 11254, 11255, 11256, 11257]
131.8 :   14 : [11167, 11186, 11190, 11191, 11198, 11204, 11210, 11212, 11226, 11238, 11239, 11243, 11244, 11249]
131.9 :    2 : [11185, 11211]
133.0 :   14 : [11160, 11165, 11166, 11170, 11176, 11188, 11192, 11200, 11218, 11224, 11227, 11230, 11231, 11232]
133.1 :    1 : [11197]
133.8 :   69 : [11158, 11159, 11161, 11162, 11163, 11164, 11168, 11169, 11171, 11172, 11173, 11174, 11175, 11177, 11178, 11179, 11180, 11181, 11182, 11183, 11184, 11187, 11189, 11193, 11194, 11195, 11196, 11199, 11201, 11202, 11203, 11205, 11206, 11207, 11208, 11209, 11213, 11214, 11215, 11216, 11217, 11219, 11220, 11221, 11222, 11223, 11225, 11228, 11229, 11233, 11234, 11235, 11236, 11237, 11240, 11241, 11242, 11245, 11246, 11247, 11248, 11250, 11251, 11252, 11253, 11254, 11255, 11256, 11257]
133.9 :   14 : [11167, 11186, 11190, 11191, 11198, 11204, 11210, 11212, 11226, 11238, 11239, 11243, 11244, 11249]
134.0 :    2 : [11185, 11211]
135.1 :   14 : [11160, 11165, 11166, 11170, 11176, 11188, 11192, 11200, 11218, 11224, 11227, 11230, 11231, 11232]
135.2 :    1 : [11197]
135.9 :   66 : [11158, 11159, 11161, 11162, 11163, 11164, 11168, 11169, 11171, 11172, 11173, 11174, 11175, 11177, 11178, 11179, 11180, 11181, 11182, 11183, 11184, 11193, 11194, 11195, 11196, 11199, 11201, 11203, 11205, 11206, 11207, 11208, 11209, 11213, 11214, 11215, 11216, 11217, 11219, 11220, 11221, 11222, 11223, 11225, 11228, 11229, 11233, 11234, 11235, 11236, 11237, 11240, 11241, 11242, 11245, 11246, 11247, 11248, 11250, 11251, 11252, 11253, 11254, 11255, 11256, 11257]
136.0 :   17 : [11167, 11186, 11187, 11189, 11190, 11191, 11198, 11202, 11204, 11210, 11212, 11226, 11238, 11239, 11243, 11244, 11249]
136.1 :    2 : [11185, 11211]
137.2 :   14 : [11160, 11165, 11166, 11170, 11176, 11188, 11192, 11200, 11218, 11224, 11227, 11230, 11231, 11232]
137.3 :    1 : [11197]
138.0 :    8 : [11162, 11164, 11179, 11196, 11220, 11221, 11229, 11251]
138.1 :   49 : [11158, 11163, 11167, 11169, 11172, 11175, 11178, 11182, 11183, 11184, 11186, 11189, 11190, 11191, 11193, 11194, 11198, 11199, 11201, 11204, 11206, 11207, 11208, 11209, 11210, 11212, 11214, 11216, 11219, 11222, 11223, 11225, 11226, 11228, 11234, 11235, 11236, 11237, 11238, 11239, 11242, 11243, 11244, 11245, 11249, 11253, 11254, 11255, 11256]
138.2 :   28 : [11159, 11161, 11168, 11171, 11173, 11174, 11177, 11180, 11181, 11185, 11187, 11195, 11202, 11203, 11205, 11211, 11213, 11215, 11217, 11233, 11240, 11241, 11246, 11247, 11248, 11250, 11252, 11257]
139.4 :   15 : [11160, 11165, 11166, 11170, 11176, 11188, 11192, 11197, 11200, 11218, 11224, 11227, 11230, 11231, 11232]
140.2 :    2 : [11179, 11221]
140.3 :   74 : [11158, 11159, 11161, 11162, 11163, 11164, 11167, 11169, 11171, 11172, 11173, 11174, 11177, 11178, 11180, 11181, 11183, 11184, 11185, 11186, 11187, 11189, 11190, 11193, 11194, 11195, 11196, 11198, 11199, 11201, 11202, 11203, 11205, 11206, 11207, 11208, 11209, 11211, 11212, 11214, 11215, 11216, 11217, 11219, 11220, 11222, 11223, 11225, 11226, 11229, 11233, 11234, 11235, 11236, 11237, 11238, 11239, 11240, 11241, 11242, 11243, 11244, 11245, 11246, 11247, 11248, 11250, 11251, 11252, 11253, 11254, 11255, 11256, 11257]
140.4 :    9 : [11168, 11175, 11182, 11191, 11204, 11210, 11213, 11228, 11249]
141.5 :   15 : [11160, 11165, 11166, 11170, 11176, 11188, 11192, 11197, 11200, 11218, 11224, 11227, 11230, 11231, 11232]
142.4 :   68 : [11158, 11159, 11161, 11162, 11163, 11164, 11169, 11171, 11172, 11173, 11174, 11177, 11178, 11179, 11180, 11181, 11183, 11184, 11185, 11187, 11189, 11193, 11194, 11195, 11196, 11198, 11199, 11201, 11202, 11203, 11205, 11206, 11207, 11208, 11209, 11211, 11212, 11214, 11215, 11216, 11217, 11219, 11220, 11222, 11223, 11225, 11226, 11233, 11234, 11235, 11236, 11237, 11238, 11241, 11243, 11244, 11245, 11246, 11247, 11248, 11250, 11251, 11252, 11253, 11254, 11255, 11256, 11257]
142.5 :   16 : [11167, 11168, 11175, 11182, 11186, 11190, 11191, 11204, 11213, 11221, 11228, 11229, 11239, 11240, 11242, 11249]
142.6 :    1 : [11210]
143.6 :   14 : [11160, 11165, 11166, 11170, 11188, 11192, 11197, 11200, 11218, 11224, 11227, 11230, 11231, 11232]
143.7 :    1 : [11176]
144.5 :   53 : [11158, 11159, 11161, 11162, 11163, 11169, 11171, 11172, 11173, 11174, 11177, 11178, 11180, 11181, 11183, 11184, 11185, 11189, 11193, 11194, 11195, 11196, 11199, 11202, 11203, 11206, 11207, 11208, 11209, 11211, 11214, 11215, 11216, 11222, 11223, 11225, 11233, 11236, 11237, 11241, 11243, 11244, 11245, 11246, 11247, 11248, 11250, 11252, 11253, 11254, 11255, 11256, 11257]
144.6 :   31 : [11164, 11167, 11168, 11175, 11179, 11182, 11186, 11187, 11190, 11191, 11198, 11201, 11204, 11205, 11212, 11213, 11217, 11219, 11220, 11221, 11226, 11228, 11229, 11234, 11235, 11238, 11239, 11240, 11242, 11249, 11251]
144.7 :    1 : [11210]
145.8 :   15 : [11160, 11165, 11166, 11170, 11176, 11188, 11192, 11197, 11200, 11218, 11224, 11227, 11230, 11231, 11232]
146.6 :   47 : [11158, 11159, 11161, 11163, 11169, 11171, 11172, 11173, 11174, 11177, 11178, 11180, 11181, 11183, 11185, 11189, 11193, 11194, 11195, 11199, 11202, 11203, 11206, 11207, 11208, 11211, 11214, 11215, 11216, 11222, 11223, 11225, 11233, 11236, 11237, 11241, 11243, 11244, 11245, 11247, 11248, 11250, 11252, 11253, 11254, 11255, 11257]
146.7 :   36 : [11162, 11164, 11167, 11168, 11175, 11179, 11182, 11184, 11186, 11187, 11190, 11196, 11198, 11201, 11204, 11205, 11209, 11212, 11213, 11217, 11219, 11220, 11221, 11226, 11228, 11229, 11234, 11235, 11238, 11239, 11240, 11242, 11246, 11249, 11251, 11256]
146.8 :    2 : [11191, 11210]
147.9 :   15 : [11160, 11165, 11166, 11170, 11176, 11188, 11192, 11197, 11200, 11218, 11224, 11227, 11230, 11231, 11232]
148.7 :   28 : [11158, 11161, 11163, 11171, 11177, 11178, 11181, 11183, 11185, 11189, 11193, 11194, 11199, 11202, 11203, 11207, 11214, 11215, 11216, 11223, 11225, 11236, 11237, 11243, 11244, 11245, 11248, 11257]
148.8 :   52 : [11159, 11162, 11164, 11167, 11168, 11169, 11172, 11173, 11174, 11175, 11179, 11180, 11182, 11184, 11186, 11187, 11190, 11195, 11196, 11198, 11201, 11204, 11205, 11206, 11208, 11209, 11212, 11213, 11217, 11219, 11220, 11221, 11222, 11226, 11228, 11229, 11233, 11234, 11235, 11239, 11240, 11241, 11242, 11246, 11247, 11250, 11251, 11252, 11253, 11254, 11255, 11256]
148.9 :    5 : [11191, 11210, 11211, 11238, 11249]
150.0 :   11 : [11160, 11166, 11170, 11188, 11197, 11200, 11218, 11224, 11227, 11230, 11231]
150.1 :    4 : [11165, 11176, 11192, 11232]
150.8 :    6 : [11183, 11193, 11225, 11236, 11244, 11245]
150.9 :   73 : [11158, 11159, 11161, 11162, 11163, 11164, 11167, 11168, 11169, 11171, 11172, 11173, 11174, 11175, 11177, 11178, 11179, 11180, 11181, 11182, 11184, 11186, 11187, 11189, 11190, 11194, 11195, 11196, 11198, 11199, 11201, 11202, 11203, 11204, 11205, 11206, 11207, 11208, 11209, 11212, 11213, 11214, 11215, 11216, 11217, 11219, 11220, 11221, 11222, 11223, 11226, 11228, 11229, 11233, 11234, 11235, 11237, 11239, 11240, 11241, 11242, 11243, 11246, 11247, 11248, 11250, 11251, 11252, 11253, 11254, 11255, 11256, 11257]
151.0 :    2 : [11191, 11238]
151.1 :    3 : [11210, 11211, 11249]
151.2 :    1 : [11185]
152.1 :    1 : [11218]
152.2 :   14 : [11160, 11165, 11166, 11170, 11176, 11188, 11192, 11197, 11200, 11224, 11227, 11230, 11231, 11232]
152.9 :    2 : [11193, 11245]
153.0 :   63 : [11158, 11159, 11162, 11163, 11164, 11168, 11169, 11171, 11172, 11173, 11175, 11177, 11178, 11179, 11180, 11181, 11182, 11183, 11184, 11186, 11187, 11189, 11194, 11195, 11196, 11198, 11199, 11201, 11202, 11203, 11205, 11206, 11207, 11208, 11212, 11214, 11215, 11217, 11219, 11220, 11221, 11222, 11223, 11225, 11226, 11229, 11233, 11234, 11236, 11237, 11240, 11242, 11243, 11246, 11247, 11248, 11250, 11251, 11252, 11254, 11255, 11256, 11257]
153.1 :    9 : [11167, 11174, 11190, 11204, 11209, 11228, 11238, 11241, 11253]
153.2 :    8 : [11161, 11191, 11210, 11211, 11216, 11235, 11244, 11249]
153.3 :    3 : [11185, 11213, 11239]
154.3 :   15 : [11160, 11165, 11166, 11170, 11176, 11188, 11192, 11197, 11200, 11218, 11224, 11227, 11230, 11231, 11232]
155.0 :    1 : [11193]
155.1 :    4 : [11158, 11225, 11236, 11245]
155.2 :   16 : [11167, 11174, 11177, 11183, 11190, 11198, 11203, 11205, 11206, 11209, 11212, 11221, 11243, 11246, 11248, 11251]
155.3 :   57 : [11159, 11161, 11162, 11163, 11164, 11168, 11169, 11171, 11172, 11175, 11178, 11179, 11181, 11182, 11184, 11186, 11189, 11191, 11194, 11195, 11196, 11199, 11201, 11202, 11204, 11207, 11208, 11210, 11211, 11215, 11216, 11217, 11219, 11220, 11222, 11223, 11226, 11228, 11229, 11233, 11234, 11235, 11237, 11238, 11240, 11241, 11242, 11244, 11247, 11249, 11250, 11252, 11253, 11254, 11255, 11256, 11257]
155.4 :    4 : [11173, 11180, 11185, 11214]
155.5 :    3 : [11187, 11213, 11239]
156.4 :   15 : [11160, 11165, 11166, 11170, 11176, 11188, 11192, 11197, 11200, 11218, 11224, 11227, 11230, 11231, 11232]
157.2 :    5 : [11158, 11193, 11225, 11236, 11245]
157.4 :   34 : [11159, 11161, 11163, 11167, 11168, 11171, 11177, 11183, 11184, 11186, 11194, 11195, 11198, 11199, 11201, 11203, 11204, 11205, 11206, 11207, 11208, 11212, 11219, 11220, 11221, 11234, 11237, 11240, 11242, 11243, 11246, 11250, 11252, 11257]
157.5 :   28 : [11162, 11164, 11169, 11172, 11178, 11179, 11181, 11182, 11185, 11189, 11196, 11209, 11215, 11216, 11217, 11222, 11223, 11226, 11228, 11229, 11233, 11238, 11241, 11247, 11253, 11254, 11255, 11256]
157.6 :    9 : [11174, 11180, 11187, 11190, 11202, 11211, 11214, 11248, 11251]
157.7 :    9 : [11173, 11175, 11191, 11210, 11213, 11235, 11239, 11244, 11249]
158.5 :   12 : [11160, 11165, 11170, 11176, 11188, 11192, 11197, 11200, 11224, 11227, 11230, 11232]
158.6 :    3 : [11166, 11218, 11231]
159.3 :    1 : [11158]
159.5 :    5 : [11195, 11212, 11234, 11245, 11257]
159.6 :    2 : [11161, 11198]
159.7 :   17 : [11162, 11164, 11179, 11181, 11187, 11199, 11203, 11205, 11215, 11216, 11219, 11220, 11221, 11237, 11243, 11246, 11248]
159.8 :   31 : [11159, 11163, 11169, 11171, 11172, 11183, 11184, 11189, 11190, 11193, 11194, 11196, 11202, 11208, 11217, 11222, 11223, 11225, 11226, 11228, 11229, 11235, 11236, 11238, 11240, 11241, 11247, 11250, 11252, 11254, 11255]
159.9 :   29 : [11167, 11168, 11173, 11174, 11175, 11177, 11178, 11180, 11182, 11185, 11186, 11191, 11201, 11204, 11206, 11207, 11209, 11210, 11211, 11213, 11214, 11233, 11239, 11242, 11244, 11249, 11251, 11253, 11256]
160.6 :    2 : [11224, 11232]
160.8 :   10 : [11160, 11165, 11170, 11176, 11188, 11192, 11197, 11200, 11227, 11230]
161.1 :    1 : [11231]
161.2 :    1 : [11166]
161.3 :    1 : [11218]
161.6 :    2 : [11245, 11257]
161.8 :   10 : [11158, 11161, 11181, 11205, 11212, 11215, 11216, 11219, 11246, 11248]
161.9 :    6 : [11164, 11172, 11202, 11225, 11229, 11255]
162.0 :   19 : [11167, 11168, 11175, 11183, 11186, 11193, 11199, 11210, 11211, 11214, 11221, 11222, 11223, 11228, 11235, 11238, 11239, 11244, 11249]
162.1 :    6 : [11178, 11185, 11208, 11243, 11250, 11256]
162.2 :   31 : [11159, 11162, 11163, 11169, 11171, 11173, 11174, 11177, 11180, 11182, 11189, 11190, 11194, 11195, 11198, 11201, 11203, 11204, 11206, 11207, 11209, 11217, 11220, 11226, 11233, 11234, 11236, 11237, 11242, 11251, 11254]
162.3 :    1 : [11240]
162.4 :   10 : [11179, 11184, 11187, 11191, 11196, 11213, 11241, 11247, 11252, 11253]
162.7 :    2 : [11224, 11232]
162.9 :    5 : [11160, 11176, 11188, 11200, 11227]
163.0 :    3 : [11170, 11192, 11230]
163.7 :    2 : [11245, 11257]
163.8 :    5 : [11165, 11166, 11197, 11218, 11231]
163.9 :    2 : [11215, 11216]
164.0 :    4 : [11161, 11164, 11219, 11229]
164.1 :   25 : [11158, 11168, 11172, 11175, 11181, 11183, 11186, 11199, 11202, 11205, 11211, 11212, 11214, 11221, 11222, 11223, 11225, 11228, 11238, 11239, 11244, 11246, 11248, 11249, 11255]
164.2 :    1 : [11235]
164.3 :    1 : [11177]
164.4 :    2 : [11226, 11236]
164.5 :   36 : [11159, 11162, 11163, 11167, 11169, 11171, 11174, 11178, 11179, 11180, 11182, 11184, 11185, 11189, 11190, 11193, 11195, 11198, 11201, 11203, 11206, 11207, 11208, 11209, 11210, 11213, 11220, 11234, 11237, 11240, 11241, 11242, 11247, 11250, 11251, 11254]
164.6 :   11 : [11173, 11187, 11191, 11194, 11196, 11217, 11233, 11243, 11252, 11253, 11256]
164.8 :    2 : [11224, 11232]
164.9 :    1 : [11204]
165.0 :    4 : [11160, 11176, 11188, 11227]
165.1 :    4 : [11170, 11192, 11200, 11230]
165.8 :    2 : [11245, 11257]
165.9 :    4 : [11165, 11166, 11218, 11231]
166.0 :    2 : [11215, 11216]
166.1 :    4 : [11161, 11164, 11219, 11229]
166.2 :   25 : [11158, 11168, 11172, 11175, 11181, 11183, 11186, 11199, 11202, 11205, 11211, 11212, 11214, 11221, 11222, 11223, 11225, 11228, 11238, 11239, 11244, 11246, 11248, 11249, 11255]
166.4 :    3 : [11177, 11197, 11235]
166.5 :    2 : [11226, 11236]
166.6 :   36 : [11159, 11162, 11163, 11167, 11169, 11171, 11174, 11178, 11179, 11180, 11182, 11184, 11185, 11189, 11190, 11193, 11195, 11198, 11201, 11203, 11206, 11207, 11208, 11209, 11210, 11213, 11220, 11234, 11237, 11240, 11241, 11242, 11247, 11250, 11251, 11254]
166.7 :   11 : [11173, 11187, 11191, 11194, 11196, 11217, 11233, 11243, 11252, 11253, 11256]
166.9 :    1 : [11224]
167.0 :    1 : [11204]
167.2 :    7 : [11160, 11170, 11192, 11200, 11227, 11230, 11232]
167.3 :    2 : [11176, 11188]
167.9 :    1 : [11245]
168.0 :    5 : [11165, 11166, 11218, 11231, 11257]
168.1 :    2 : [11215, 11216]
168.2 :    1 : [11161]
168.3 :   24 : [11158, 11164, 11168, 11172, 11181, 11183, 11186, 11199, 11202, 11205, 11211, 11212, 11214, 11219, 11222, 11225, 11228, 11229, 11238, 11239, 11244, 11246, 11248, 11249]
168.4 :    4 : [11175, 11221, 11223, 11255]
168.5 :    3 : [11177, 11197, 11235]
168.6 :    1 : [11236]
168.7 :   37 : [11159, 11162, 11163, 11167, 11169, 11171, 11174, 11178, 11179, 11180, 11182, 11184, 11185, 11189, 11190, 11193, 11195, 11198, 11201, 11203, 11206, 11207, 11208, 11209, 11210, 11213, 11220, 11226, 11234, 11237, 11240, 11241, 11242, 11247, 11250, 11251, 11254]
168.8 :   11 : [11173, 11187, 11191, 11194, 11196, 11217, 11233, 11243, 11252, 11253, 11256]
169.0 :    1 : [11224]
169.1 :    1 : [11204]
169.3 :    7 : [11160, 11170, 11192, 11200, 11227, 11230, 11232]
169.4 :    2 : [11176, 11188]
170.0 :    1 : [11245]
170.1 :    5 : [11165, 11166, 11218, 11231, 11257]
170.2 :    2 : [11215, 11216]
170.3 :    1 : [11161]
170.4 :   24 : [11158, 11164, 11168, 11172, 11181, 11183, 11186, 11199, 11202, 11205, 11211, 11212, 11214, 11219, 11222, 11225, 11228, 11229, 11238, 11239, 11244, 11246, 11248, 11249]
170.5 :    4 : [11175, 11221, 11223, 11255]
170.6 :    3 : [11177, 11197, 11235]
170.7 :    1 : [11236]
170.8 :   37 : [11159, 11162, 11163, 11167, 11169, 11171, 11174, 11178, 11179, 11180, 11182, 11184, 11185, 11189, 11190, 11193, 11195, 11198, 11201, 11203, 11206, 11207, 11208, 11209, 11210, 11213, 11220, 11226, 11234, 11237, 11240, 11241, 11242, 11247, 11250, 11251, 11254]
170.9 :   11 : [11173, 11187, 11191, 11194, 11196, 11217, 11233, 11243, 11252, 11253, 11256]
171.1 :    1 : [11224]
171.2 :    1 : [11204]
171.4 :    7 : [11160, 11170, 11192, 11200, 11227, 11230, 11232]
171.5 :    2 : [11176, 11188]
172.1 :    1 : [11245]
172.2 :    5 : [11165, 11166, 11218, 11231, 11257]
172.3 :    2 : [11215, 11216]
172.4 :    1 : [11161]
172.5 :   24 : [11158, 11164, 11168, 11172, 11181, 11183, 11186, 11199, 11202, 11205, 11211, 11212, 11214, 11219, 11222, 11225, 11228, 11229, 11238, 11239, 11244, 11246, 11248, 11249]
172.6 :    4 : [11175, 11221, 11223, 11255]
172.7 :    3 : [11177, 11197, 11235]
172.8 :    1 : [11236]
172.9 :   37 : [11159, 11162, 11163, 11167, 11169, 11171, 11174, 11178, 11179, 11180, 11182, 11184, 11185, 11189, 11190, 11193, 11195, 11198, 11201, 11203, 11206, 11207, 11208, 11209, 11210, 11213, 11220, 11226, 11234, 11237, 11240, 11241, 11242, 11247, 11250, 11251, 11254]
173.0 :   11 : [11173, 11187, 11191, 11194, 11196, 11217, 11233, 11243, 11252, 11253, 11256]
173.2 :    1 : [11224]
173.3 :    1 : [11204]
173.5 :    7 : [11160, 11170, 11192, 11200, 11227, 11230, 11232]
173.6 :    2 : [11176, 11188]
174.2 :    1 : [11245]
174.3 :    5 : [11165, 11166, 11218, 11231, 11257]
174.4 :    2 : [11215, 11216]
174.5 :    1 : [11161]
174.6 :   24 : [11158, 11164, 11168, 11172, 11181, 11183, 11186, 11199, 11202, 11205, 11211, 11212, 11214, 11219, 11222, 11225, 11228, 11229, 11238, 11239, 11244, 11246, 11248, 11249]
174.7 :    4 : [11175, 11221, 11223, 11255]
174.8 :    3 : [11177, 11197, 11235]
174.9 :    1 : [11236]
175.0 :   37 : [11159, 11162, 11163, 11167, 11169, 11171, 11174, 11178, 11179, 11180, 11182, 11184, 11185, 11189, 11190, 11193, 11195, 11198, 11201, 11203, 11206, 11207, 11208, 11209, 11210, 11213, 11220, 11226, 11234, 11237, 11240, 11241, 11242, 11247, 11250, 11251, 11254]
175.1 :   11 : [11173, 11187, 11191, 11194, 11196, 11217, 11233, 11243, 11252, 11253, 11256]
175.3 :    1 : [11224]
175.4 :    1 : [11204]
175.6 :    7 : [11160, 11170, 11192, 11200, 11227, 11230, 11232]
175.7 :    2 : [11176, 11188]
176.3 :    1 : [11245]
176.4 :    5 : [11165, 11166, 11218, 11231, 11257]
176.5 :    2 : [11215, 11216]
176.6 :    1 : [11161]
176.7 :   24 : [11158, 11164, 11168, 11172, 11181, 11183, 11186, 11199, 11202, 11205, 11211, 11212, 11214, 11219, 11222, 11225, 11228, 11229, 11238, 11239, 11244, 11246, 11248, 11249]
176.8 :    4 : [11175, 11221, 11223, 11255]
176.9 :    3 : [11177, 11197, 11235]
177.0 :    1 : [11236]
177.1 :   37 : [11159, 11162, 11163, 11167, 11169, 11171, 11174, 11178, 11179, 11180, 11182, 11184, 11185, 11189, 11190, 11193, 11195, 11198, 11201, 11203, 11206, 11207, 11208, 11209, 11210, 11213, 11220, 11226, 11234, 11237, 11240, 11241, 11242, 11247, 11250, 11251, 11254]
177.2 :   11 : [11173, 11187, 11191, 11194, 11196, 11217, 11233, 11243, 11252, 11253, 11256]
177.4 :    1 : [11224]
177.5 :    1 : [11204]
177.7 :    7 : [11160, 11170, 11192, 11200, 11227, 11230, 11232]
177.8 :    2 : [11176, 11188]
178.4 :    1 : [11245]
178.5 :    5 : [11165, 11166, 11218, 11231, 11257]
178.6 :    1 : [11216]
178.7 :    1 : [11161]
178.8 :   17 : [11158, 11181, 11186, 11202, 11205, 11211, 11212, 11214, 11219, 11222, 11228, 11229, 11238, 11239, 11244, 11246, 11249]
178.9 :    2 : [11175, 11255]
179.0 :    3 : [11177, 11197, 11235]
179.1 :    1 : [11236]
179.2 :   20 : [11163, 11167, 11169, 11179, 11180, 11182, 11185, 11190, 11193, 11195, 11198, 11201, 11208, 11210, 11213, 11226, 11241, 11242, 11248, 11254]
179.3 :    6 : [11172, 11183, 11191, 11194, 11217, 11243]
179.4 :    4 : [11168, 11221, 11223, 11252]
179.5 :    4 : [11178, 11215, 11224, 11225]
179.6 :    7 : [11162, 11196, 11199, 11204, 11206, 11207, 11237]
179.7 :    3 : [11159, 11171, 11253]
179.8 :   13 : [11160, 11170, 11174, 11192, 11200, 11203, 11227, 11230, 11232, 11233, 11247, 11251, 11256]
179.9 :   10 : [11164, 11176, 11184, 11188, 11189, 11209, 11220, 11234, 11240, 11250]
180.0 :    1 : [11187]
180.2 :    1 : [11173]
180.6 :    4 : [11165, 11166, 11218, 11231]
180.8 :    1 : [11245]
180.9 :    3 : [11181, 11205, 11249]
181.0 :    1 : [11222]
181.1 :    4 : [11177, 11197, 11229, 11238]
181.2 :    2 : [11202, 11257]
181.3 :    4 : [11158, 11182, 11208, 11219]
181.4 :    7 : [11169, 11179, 11180, 11213, 11235, 11246, 11254]
181.5 :   10 : [11163, 11175, 11185, 11193, 11194, 11195, 11228, 11236, 11244, 11255]
181.6 :    5 : [11211, 11216, 11224, 11241, 11242]
181.7 :    9 : [11161, 11172, 11183, 11186, 11201, 11210, 11214, 11217, 11243]
181.8 :    2 : [11221, 11248]
181.9 :   11 : [11160, 11170, 11190, 11192, 11200, 11212, 11223, 11227, 11230, 11232, 11252]
182.0 :   12 : [11162, 11167, 11168, 11176, 11178, 11188, 11196, 11199, 11206, 11207, 11215, 11237]
182.1 :    7 : [11159, 11171, 11191, 11225, 11226, 11239, 11253]
182.2 :    6 : [11174, 11203, 11233, 11247, 11251, 11256]
182.3 :    7 : [11184, 11198, 11204, 11209, 11220, 11234, 11250]
182.4 :    2 : [11187, 11189]
182.5 :    2 : [11164, 11240]
182.7 :    4 : [11165, 11166, 11218, 11231]
182.8 :    1 : [11173]
183.0 :    1 : [11249]
183.2 :    1 : [11197]
183.3 :    1 : [11205]
183.4 :    2 : [11181, 11245]
183.6 :    1 : [11222]
183.7 :    6 : [11158, 11177, 11224, 11229, 11238, 11257]
183.8 :    2 : [11202, 11208]
183.9 :    2 : [11182, 11219]
184.0 :   14 : [11160, 11169, 11179, 11180, 11192, 11200, 11213, 11227, 11230, 11232, 11235, 11244, 11246, 11254]
184.1 :    9 : [11163, 11175, 11176, 11185, 11193, 11194, 11228, 11236, 11255]
184.2 :    5 : [11186, 11195, 11210, 11211, 11216]
184.3 :    7 : [11161, 11201, 11214, 11217, 11241, 11242, 11243]
184.4 :    2 : [11172, 11183]
184.5 :    3 : [11190, 11212, 11248]
184.6 :    2 : [11167, 11221]
184.7 :    9 : [11162, 11168, 11170, 11191, 11196, 11207, 11223, 11237, 11252]
184.8 :   10 : [11159, 11165, 11178, 11199, 11206, 11215, 11225, 11226, 11239, 11253]
184.9 :    6 : [11171, 11174, 11203, 11218, 11251, 11256]
185.0 :    8 : [11198, 11204, 11209, 11220, 11233, 11234, 11247, 11250]
185.1 :    2 : [11184, 11189]
185.2 :    2 : [11164, 11187]
185.3 :    4 : [11188, 11197, 11231, 11240]
185.6 :    2 : [11173, 11249]
185.7 :    1 : [11166]
185.8 :    1 : [11224]
186.2 :    3 : [11181, 11192, 11205]
186.3 :    2 : [11160, 11245]
186.4 :    1 : [11238]
186.5 :    3 : [11158, 11222, 11257]
186.6 :    4 : [11176, 11177, 11208, 11229]
186.7 :    1 : [11202]
186.8 :    6 : [11180, 11182, 11200, 11219, 11230, 11244]
186.9 :    7 : [11165, 11169, 11179, 11213, 11235, 11246, 11254]
187.0 :   11 : [11163, 11175, 11185, 11186, 11193, 11194, 11195, 11210, 11228, 11236, 11255]
187.1 :    7 : [11170, 11201, 11211, 11214, 11216, 11232, 11241]
187.2 :    5 : [11161, 11217, 11227, 11242, 11243]
187.4 :    5 : [11172, 11190, 11197, 11212, 11218]
187.5 :    2 : [11167, 11183]
187.6 :    4 : [11191, 11221, 11239, 11248]
187.7 :    5 : [11162, 11196, 11223, 11226, 11252]
187.8 :    7 : [11159, 11168, 11199, 11206, 11207, 11215, 11237]
187.9 :   11 : [11171, 11174, 11178, 11188, 11198, 11203, 11204, 11225, 11231, 11251, 11253]
188.0 :    3 : [11233, 11247, 11256]
188.1 :    6 : [11184, 11189, 11209, 11220, 11234, 11250]
188.2 :    1 : [11187]
188.3 :    2 : [11166, 11224]
188.4 :    2 : [11164, 11240]
188.6 :    1 : [11249]
188.7 :    1 : [11173]
188.9 :    1 : [11192]
189.0 :    1 : [11160]
189.3 :    1 : [11176]
189.4 :    2 : [11181, 11205]
189.5 :    2 : [11238, 11245]
189.6 :    5 : [11158, 11165, 11200, 11230, 11257]
189.7 :    1 : [11222]
189.8 :    4 : [11177, 11208, 11229, 11232]
189.9 :    4 : [11170, 11202, 11227, 11244]
190.0 :    3 : [11182, 11197, 11219]
190.1 :    9 : [11169, 11179, 11180, 11186, 11210, 11213, 11235, 11246, 11254]
190.2 :    9 : [11163, 11175, 11185, 11193, 11194, 11218, 11228, 11236, 11255]
190.3 :    5 : [11195, 11201, 11211, 11216, 11241]
190.4 :    5 : [11161, 11214, 11217, 11242, 11243]
190.6 :    1 : [11190]
190.7 :    2 : [11167, 11212]
190.8 :    6 : [11172, 11183, 11188, 11191, 11231, 11239]
190.9 :    1 : [11226]
191.0 :    2 : [11221, 11248]
191.1 :    6 : [11162, 11196, 11198, 11204, 11207, 11237]
191.2 :    8 : [11159, 11166, 11168, 11199, 11206, 11223, 11224, 11252]
191.3 :    9 : [11171, 11174, 11178, 11203, 11215, 11247, 11251, 11253, 11256]
191.4 :    4 : [11209, 11225, 11233, 11234]
191.5 :    5 : [11181, 11184, 11189, 11220, 11250]
191.6 :    1 : [11187]
191.8 :    4 : [11164, 11192, 11222, 11240]
191.9 :    3 : [11160, 11208, 11249]
192.1 :    1 : [11219]
192.2 :    4 : [11169, 11173, 11246, 11254]
192.3 :    3 : [11163, 11176, 11193]
192.4 :    3 : [11201, 11216, 11241]
192.5 :    2 : [11161, 11165]
192.6 :    1 : [11230]
192.7 :    2 : [11197, 11200]
192.8 :    1 : [11212]
192.9 :    5 : [11172, 11183, 11191, 11232, 11239]
193.0 :    6 : [11158, 11205, 11226, 11227, 11238, 11257]
193.1 :    4 : [11170, 11221, 11245, 11248]
193.2 :    6 : [11162, 11196, 11198, 11204, 11207, 11237]
193.3 :    7 : [11159, 11168, 11199, 11206, 11223, 11244, 11252]
193.4 :   12 : [11171, 11174, 11177, 11178, 11203, 11215, 11218, 11229, 11247, 11251, 11253, 11256]
193.5 :    5 : [11202, 11209, 11225, 11233, 11234]
193.6 :    9 : [11179, 11180, 11182, 11184, 11186, 11189, 11210, 11220, 11250]
193.7 :    3 : [11187, 11213, 11235]
193.8 :    7 : [11175, 11185, 11194, 11195, 11228, 11236, 11255]
193.9 :    4 : [11164, 11211, 11214, 11240]
194.0 :    5 : [11188, 11217, 11242, 11243, 11249]
194.1 :    1 : [11231]
194.2 :    1 : [11190]
194.3 :    2 : [11167, 11173]
194.4 :    2 : [11166, 11224]
194.9 :    1 : [11181]
195.1 :    5 : [11158, 11192, 11205, 11238, 11257]
195.2 :    3 : [11222, 11245, 11248]
195.3 :    3 : [11160, 11162, 11237]
195.4 :    5 : [11168, 11208, 11223, 11244, 11252]
195.5 :    6 : [11177, 11178, 11215, 11229, 11247, 11256]
195.6 :    8 : [11176, 11197, 11202, 11209, 11219, 11225, 11234, 11254]
195.7 :    7 : [11169, 11179, 11180, 11182, 11186, 11210, 11246]
195.8 :    5 : [11163, 11193, 11201, 11213, 11235]
195.9 :   10 : [11165, 11175, 11185, 11194, 11195, 11216, 11228, 11236, 11241, 11255]
196.0 :    6 : [11161, 11164, 11211, 11214, 11230, 11240]
196.1 :    5 : [11188, 11200, 11217, 11242, 11243]
196.2 :    1 : [11232]
196.3 :    2 : [11190, 11212]
196.4 :    5 : [11167, 11173, 11191, 11227, 11239]
196.5 :    3 : [11166, 11224, 11226]
196.6 :    3 : [11170, 11172, 11183]
196.7 :    2 : [11198, 11204]
196.8 :    1 : [11221]
196.9 :    1 : [11218]
197.0 :    6 : [11159, 11181, 11196, 11199, 11206, 11207]
197.1 :    1 : [11253]
197.2 :    9 : [11158, 11171, 11174, 11192, 11203, 11205, 11233, 11251, 11257]
197.3 :    6 : [11184, 11220, 11222, 11245, 11248, 11250]
197.4 :    4 : [11160, 11162, 11189, 11237]
197.5 :    6 : [11168, 11187, 11208, 11223, 11244, 11252]
197.6 :    6 : [11177, 11178, 11215, 11229, 11249, 11256]
197.7 :    8 : [11176, 11202, 11209, 11219, 11225, 11231, 11234, 11254]
197.8 :    7 : [11169, 11179, 11180, 11182, 11186, 11210, 11246]
197.9 :    5 : [11163, 11193, 11201, 11213, 11235]
198.0 :   10 : [11165, 11175, 11185, 11194, 11195, 11216, 11228, 11236, 11241, 11255]
198.1 :    6 : [11161, 11164, 11211, 11214, 11230, 11240]
198.2 :    4 : [11200, 11217, 11242, 11243]
198.3 :    1 : [11232]
198.4 :    2 : [11190, 11212]
198.5 :    5 : [11167, 11173, 11191, 11227, 11239]
198.6 :    1 : [11226]
198.7 :    1 : [11170]
198.8 :    3 : [11183, 11198, 11204]
198.9 :    3 : [11172, 11197, 11238]
199.0 :    2 : [11218, 11221]
199.2 :    3 : [11159, 11196, 11207]
199.3 :    6 : [11158, 11181, 11199, 11205, 11206, 11257]
199.4 :    8 : [11174, 11203, 11233, 11245, 11247, 11248, 11251, 11253]
199.5 :    3 : [11162, 11171, 11237]
199.6 :   10 : [11168, 11184, 11188, 11189, 11220, 11222, 11223, 11244, 11250, 11252]
199.7 :    8 : [11177, 11178, 11187, 11208, 11215, 11229, 11249, 11256]
199.8 :    5 : [11202, 11209, 11225, 11231, 11234]
199.9 :    6 : [11179, 11180, 11182, 11186, 11210, 11219]
200.0 :    7 : [11166, 11169, 11213, 11224, 11235, 11246, 11254]
200.1 :    9 : [11163, 11175, 11185, 11193, 11194, 11201, 11228, 11236, 11255]
200.2 :    8 : [11164, 11195, 11211, 11214, 11216, 11230, 11240, 11241]
200.3 :    5 : [11161, 11200, 11217, 11242, 11243]
200.4 :    1 : [11232]
200.5 :    1 : [11190]
200.6 :    2 : [11167, 11227]
200.7 :    3 : [11173, 11191, 11239]
200.8 :    3 : [11170, 11192, 11212]
200.9 :    1 : [11226]
201.0 :    2 : [11160, 11197]
201.1 :    3 : [11198, 11204, 11218]
201.2 :    1 : [11238]
201.3 :    2 : [11172, 11183]
201.4 :    3 : [11158, 11176, 11257]
201.5 :    1 : [11221]
201.6 :    2 : [11165, 11196]
201.7 :    8 : [11159, 11162, 11181, 11188, 11205, 11207, 11237, 11244]
201.8 :    3 : [11199, 11206, 11245]
201.9 :    9 : [11174, 11203, 11231, 11233, 11247, 11248, 11251, 11253, 11256]
202.0 :    9 : [11168, 11171, 11184, 11209, 11210, 11222, 11234, 11250, 11252]
202.1 :   10 : [11166, 11177, 11186, 11189, 11215, 11220, 11223, 11224, 11229, 11249]
202.2 :    4 : [11178, 11187, 11202, 11208]
202.3 :    3 : [11182, 11225, 11230]
202.4 :    6 : [11179, 11180, 11200, 11213, 11219, 11235]
202.5 :    6 : [11169, 11228, 11232, 11246, 11254, 11255]
202.6 :    8 : [11163, 11175, 11185, 11193, 11194, 11201, 11211, 11236]
202.7 :    6 : [11195, 11214, 11216, 11227, 11241, 11243]
202.8 :    4 : [11161, 11164, 11217, 11240]
202.9 :    4 : [11170, 11190, 11192, 11242]
203.0 :    1 : [11167]
203.1 :    1 : [11160]
203.2 :    3 : [11191, 11218, 11239]
203.3 :    1 : [11212]
203.4 :    2 : [11173, 11226]
203.6 :    2 : [11176, 11198]
203.7 :    1 : [11204]
203.8 :    2 : [11165, 11238]
203.9 :    2 : [11158, 11257]
204.0 :    3 : [11183, 11188, 11231]
204.2 :    1 : [11172]
204.3 :    2 : [11221, 11244]
204.4 :    4 : [11166, 11196, 11224, 11230]
204.5 :    7 : [11159, 11181, 11197, 11200, 11205, 11207, 11237]
204.6 :    4 : [11162, 11199, 11206, 11232]
204.7 :   10 : [11174, 11203, 11210, 11233, 11245, 11247, 11249, 11251, 11253, 11256]
204.8 :    4 : [11171, 11186, 11227, 11234]
204.9 :    7 : [11184, 11209, 11220, 11222, 11229, 11248, 11250]
205.0 :    6 : [11168, 11177, 11189, 11202, 11208, 11252]
205.1 :    3 : [11170, 11187, 11223]
205.2 :    5 : [11178, 11179, 11182, 11213, 11215]
205.3 :    6 : [11180, 11192, 11219, 11225, 11235, 11254]
205.4 :    9 : [11169, 11175, 11185, 11194, 11201, 11211, 11228, 11246, 11255]
205.5 :    8 : [11160, 11163, 11193, 11195, 11216, 11218, 11236, 11243]
205.6 :    2 : [11214, 11241]
205.7 :    2 : [11161, 11217]
205.8 :    2 : [11190, 11242]
205.9 :    1 : [11167]
206.0 :    4 : [11164, 11176, 11191, 11240]
206.1 :    1 : [11239]
206.2 :    1 : [11165]
206.3 :    2 : [11212, 11226]
206.5 :    2 : [11188, 11231]
206.6 :    2 : [11198, 11204]
206.7 :    2 : [11173, 11197]
206.8 :    3 : [11230, 11232, 11238]
206.9 :    3 : [11158, 11166, 11200]
207.0 :    2 : [11224, 11257]
207.1 :    1 : [11227]
207.4 :    1 : [11244]
207.7 :    1 : [11170]
207.8 :    1 : [11183]
207.9 :    3 : [11192, 11210, 11249]
208.1 :    1 : [11186]
208.2 :    3 : [11160, 11172, 11218]
208.4 :    3 : [11159, 11196, 11221]
208.6 :    2 : [11207, 11247]
208.7 :    4 : [11174, 11176, 11181, 11237]
208.8 :    4 : [11199, 11203, 11205, 11233]
208.9 :    2 : [11165, 11251]
209.0 :    3 : [11184, 11197, 11256]
209.1 :    3 : [11162, 11206, 11229]
209.2 :    3 : [11202, 11234, 11253]
209.3 :    5 : [11179, 11208, 11222, 11245, 11250]
209.4 :    4 : [11188, 11189, 11201, 11209]
209.5 :    2 : [11213, 11231]
209.6 :    1 : [11211]
209.7 :    3 : [11228, 11230, 11232]
209.8 :    1 : [11166]
209.9 :    2 : [11200, 11224]
210.0 :    3 : [11180, 11227, 11243]
210.1 :    1 : [11182]
210.2 :    1 : [11214]
210.5 :    1 : [11190]
210.6 :    1 : [11167]
210.7 :    2 : [11235, 11255]
210.8 :    1 : [11191]
210.9 :    1 : [11216]
211.0 :    2 : [11170, 11192]
211.5 :    1 : [11160]
211.6 :    1 : [11197]
211.8 :    1 : [11218]
212.1 :    1 : [11176]
212.2 :    1 : [11165]
214.7 :    1 : [11197]
215.1 :    1 : [11232]
316.7 :   21 : [11169, 11175, 11176, 11181, 11182, 11185, 11190, 11192, 11202, 11205, 11209, 11211, 11216, 11222, 11232, 11235, 11239, 11241, 11248, 11252, 11253]
316.8 :    8 : [11161, 11168, 11171, 11215, 11223, 11249, 11250, 11255]
319.3 :    7 : [11169, 11175, 11205, 11222, 11223, 11241, 11253]
319.4 :   20 : [11168, 11171, 11176, 11181, 11182, 11185, 11190, 11192, 11202, 11209, 11211, 11216, 11232, 11235, 11239, 11248, 11249, 11250, 11252, 11255]
321.4 :    6 : [11169, 11175, 11205, 11222, 11223, 11253]
321.5 :   18 : [11168, 11171, 11181, 11182, 11190, 11192, 11202, 11209, 11211, 11232, 11235, 11239, 11241, 11248, 11249, 11250, 11252, 11255]
321.6 :    3 : [11176, 11185, 11216]
323.5 :    5 : [11175, 11205, 11222, 11223, 11253]
323.6 :    7 : [11168, 11171, 11181, 11192, 11232, 11248, 11252]
323.7 :    9 : [11182, 11190, 11202, 11211, 11235, 11241, 11249, 11250, 11255]
323.8 :    5 : [11169, 11176, 11185, 11209, 11216]
323.9 :    1 : [11239]
325.8 :    1 : [11241]
325.9 :    8 : [11176, 11182, 11192, 11216, 11232, 11250, 11252, 11255]
326.0 :   17 : [11168, 11169, 11171, 11175, 11181, 11185, 11190, 11202, 11209, 11211, 11222, 11223, 11235, 11239, 11248, 11249, 11253]
326.1 :    1 : [11205]
327.9 :    1 : [11241]
328.0 :    3 : [11182, 11250, 11255]
328.1 :   21 : [11168, 11169, 11171, 11175, 11176, 11181, 11185, 11190, 11192, 11202, 11209, 11211, 11216, 11222, 11223, 11232, 11235, 11239, 11249, 11252, 11253]
328.3 :    2 : [11205, 11248]
330.0 :    1 : [11241]
330.1 :    3 : [11182, 11250, 11255]
330.3 :    7 : [11176, 11185, 11190, 11192, 11211, 11216, 11232]
330.4 :   16 : [11168, 11169, 11171, 11175, 11181, 11202, 11205, 11209, 11222, 11223, 11235, 11239, 11248, 11249, 11252, 11253]
332.1 :    1 : [11241]
332.4 :    6 : [11185, 11190, 11192, 11211, 11216, 11232]
332.5 :    8 : [11168, 11171, 11176, 11202, 11223, 11248, 11250, 11252]
332.6 :   12 : [11169, 11175, 11181, 11182, 11205, 11209, 11222, 11235, 11239, 11249, 11253, 11255]
334.4 :    1 : [11241]
334.5 :    6 : [11185, 11190, 11192, 11211, 11216, 11232]
334.6 :    8 : [11168, 11171, 11176, 11202, 11223, 11248, 11250, 11252]
334.7 :   12 : [11169, 11175, 11181, 11182, 11205, 11209, 11222, 11235, 11239, 11249, 11253, 11255]
336.5 :    1 : [11241]
336.6 :    6 : [11185, 11190, 11192, 11211, 11216, 11232]
336.7 :    8 : [11168, 11171, 11176, 11202, 11223, 11248, 11250, 11252]
336.8 :   12 : [11169, 11175, 11181, 11182, 11205, 11209, 11222, 11235, 11239, 11249, 11253, 11255]
338.6 :    1 : [11241]
338.7 :    6 : [11185, 11190, 11192, 11211, 11216, 11232]
338.8 :    8 : [11168, 11171, 11176, 11202, 11223, 11248, 11250, 11252]
338.9 :   12 : [11169, 11175, 11181, 11182, 11205, 11209, 11222, 11235, 11239, 11249, 11253, 11255]
340.7 :    1 : [11241]
340.8 :    6 : [11185, 11190, 11192, 11211, 11216, 11232]
340.9 :    7 : [11168, 11171, 11176, 11202, 11223, 11248, 11252]
341.0 :   13 : [11169, 11175, 11181, 11182, 11205, 11209, 11222, 11235, 11239, 11249, 11250, 11253, 11255]
342.8 :    1 : [11241]
342.9 :    6 : [11185, 11190, 11192, 11211, 11216, 11232]
343.0 :    7 : [11168, 11171, 11176, 11202, 11223, 11248, 11252]
343.1 :   12 : [11169, 11175, 11181, 11182, 11205, 11209, 11222, 11235, 11239, 11249, 11253, 11255]
343.2 :    1 : [11250]
344.9 :    1 : [11241]
345.0 :    6 : [11185, 11190, 11192, 11211, 11216, 11232]
345.1 :    7 : [11168, 11171, 11176, 11202, 11223, 11248, 11252]
345.3 :   11 : [11169, 11175, 11205, 11209, 11222, 11235, 11239, 11249, 11250, 11253, 11255]
345.4 :    2 : [11181, 11182]
347.0 :    1 : [11241]
347.1 :    6 : [11185, 11190, 11192, 11211, 11216, 11232]
347.2 :    1 : [11176]
347.3 :    1 : [11223]
347.4 :    7 : [11169, 11175, 11209, 11222, 11249, 11253, 11255]
347.5 :    6 : [11168, 11171, 11202, 11248, 11250, 11252]
347.6 :    5 : [11181, 11182, 11205, 11235, 11239]
349.1 :    1 : [11241]
349.3 :    2 : [11176, 11192]
349.5 :   10 : [11169, 11175, 11185, 11190, 11209, 11211, 11216, 11223, 11253, 11255]
349.6 :    6 : [11168, 11171, 11248, 11249, 11250, 11252]
349.7 :    7 : [11181, 11182, 11202, 11205, 11222, 11235, 11239]
349.9 :    1 : [11232]
351.2 :    1 : [11241]
351.5 :    1 : [11192]
351.6 :   10 : [11169, 11175, 11176, 11190, 11209, 11211, 11216, 11223, 11253, 11255]
351.7 :    7 : [11168, 11171, 11185, 11248, 11249, 11250, 11252]
351.8 :    7 : [11181, 11182, 11202, 11205, 11222, 11235, 11239]
352.0 :    1 : [11232]
353.5 :    1 : [11241]
353.7 :    6 : [11169, 11190, 11192, 11209, 11211, 11216]
353.8 :   12 : [11168, 11171, 11175, 11176, 11185, 11223, 11248, 11249, 11250, 11252, 11253, 11255]
353.9 :    5 : [11181, 11182, 11205, 11235, 11239]
354.0 :    2 : [11202, 11222]
354.1 :    1 : [11232]
355.8 :    7 : [11169, 11190, 11192, 11209, 11211, 11216, 11241]
355.9 :   12 : [11168, 11171, 11175, 11176, 11185, 11223, 11248, 11249, 11250, 11252, 11253, 11255]
356.0 :    5 : [11181, 11182, 11205, 11235, 11239]
356.1 :    1 : [11202]
356.2 :    2 : [11222, 11232]
357.9 :    7 : [11169, 11190, 11192, 11209, 11211, 11216, 11241]
358.0 :   11 : [11168, 11171, 11175, 11176, 11223, 11248, 11249, 11250, 11252, 11253, 11255]
358.1 :    6 : [11181, 11182, 11185, 11205, 11235, 11239]
358.4 :    2 : [11222, 11232]
358.5 :    1 : [11202]
360.0 :    4 : [11169, 11192, 11209, 11241]
360.1 :    7 : [11171, 11175, 11223, 11249, 11250, 11253, 11255]
360.2 :    4 : [11182, 11205, 11235, 11239]
360.4 :    1 : [11185]
360.5 :    1 : [11232]
360.7 :    2 : [11176, 11222]
360.8 :    4 : [11181, 11202, 11211, 11252]
360.9 :    2 : [11190, 11216]
361.0 :    2 : [11168, 11248]
362.1 :    4 : [11169, 11192, 11209, 11241]
362.2 :    3 : [11175, 11223, 11253]
362.3 :    1 : [11182]
362.8 :    1 : [11185]
363.0 :    2 : [11176, 11181]
363.1 :    5 : [11171, 11205, 11222, 11249, 11252]
363.2 :    9 : [11190, 11202, 11211, 11216, 11232, 11235, 11239, 11250, 11255]
363.3 :    2 : [11168, 11248]
364.4 :    1 : [11209]
364.5 :    3 : [11182, 11223, 11241]
364.6 :    2 : [11169, 11175]
364.7 :    1 : [11192]
364.9 :    1 : [11253]
365.4 :    3 : [11176, 11185, 11222]
365.5 :    8 : [11171, 11181, 11202, 11205, 11232, 11249, 11250, 11252]
365.6 :    3 : [11235, 11239, 11255]
365.7 :    3 : [11190, 11211, 11216]
365.8 :    2 : [11168, 11248]
366.9 :    3 : [11209, 11223, 11241]
367.0 :    4 : [11169, 11175, 11182, 11192]
367.3 :    1 : [11253]
368.0 :    2 : [11222, 11232]
368.1 :    7 : [11171, 11176, 11181, 11202, 11205, 11239, 11250]
368.2 :    4 : [11235, 11249, 11252, 11255]
368.3 :    1 : [11185]
368.4 :    1 : [11211]
368.5 :    3 : [11168, 11190, 11216]
368.6 :    1 : [11248]
369.5 :    1 : [11209]
369.6 :    5 : [11169, 11175, 11192, 11223, 11241]
369.7 :    1 : [11182]
369.9 :    1 : [11253]
370.7 :    1 : [11232]
370.8 :    1 : [11222]
370.9 :    3 : [11171, 11202, 11250]
371.0 :    3 : [11176, 11205, 11239]
371.1 :    4 : [11181, 11235, 11249, 11255]
371.2 :    1 : [11252]
371.5 :    2 : [11185, 11211]
371.6 :    2 : [11168, 11190]
371.7 :    2 : [11216, 11248]
372.5 :    4 : [11169, 11175, 11192, 11209]
372.6 :    2 : [11223, 11241]
372.8 :    2 : [11182, 11253]
373.6 :    1 : [11185]
373.8 :    1 : [11232]
374.0 :    1 : [11222]
374.1 :    3 : [11171, 11202, 11250]
374.2 :    3 : [11176, 11205, 11239]
374.3 :    2 : [11181, 11235]
374.4 :    2 : [11249, 11255]
374.5 :    1 : [11252]
375.0 :    2 : [11168, 11211]
375.1 :    2 : [11190, 11216]
375.2 :    1 : [11248]
375.7 :    2 : [11175, 11192]
375.8 :    2 : [11169, 11209]
375.9 :    2 : [11223, 11241]
376.0 :    1 : [11253]
376.3 :    3 : [11176, 11182, 11205]
376.4 :    1 : [11181]
376.5 :    2 : [11249, 11255]
376.6 :    1 : [11252]
377.1 :    3 : [11168, 11185, 11211]
377.2 :    3 : [11190, 11216, 11232]
377.3 :    1 : [11248]
377.6 :    3 : [11171, 11222, 11250]
377.7 :    2 : [11202, 11239]
377.9 :    2 : [11209, 11235]
378.0 :    2 : [11223, 11241]
378.1 :    1 : [11253]
378.4 :    1 : [11182]
379.2 :    3 : [11168, 11185, 11211]
379.3 :    5 : [11175, 11190, 11192, 11216, 11232]
379.4 :    2 : [11169, 11248]
379.7 :    3 : [11171, 11222, 11250]
379.8 :    3 : [11202, 11205, 11239]
379.9 :    1 : [11176]
380.0 :    3 : [11181, 11235, 11255]
380.1 :    1 : [11249]
380.3 :    1 : [11252]
380.5 :    1 : [11182]
381.3 :    2 : [11168, 11211]
381.4 :    5 : [11175, 11190, 11192, 11216, 11232]
381.5 :    4 : [11169, 11185, 11209, 11248]
381.6 :    2 : [11223, 11253]
381.7 :    1 : [11241]
381.8 :    3 : [11171, 11222, 11250]
381.9 :    3 : [11202, 11205, 11239]
382.0 :    1 : [11176]
382.1 :    2 : [11235, 11255]
382.2 :    1 : [11181]
382.3 :    1 : [11249]
382.5 :    1 : [11252]
382.6 :    1 : [11182]
383.4 :    2 : [11168, 11211]
383.5 :    4 : [11175, 11190, 11192, 11232]
383.6 :    3 : [11169, 11216, 11248]
383.7 :    2 : [11209, 11253]
383.8 :    1 : [11223]
383.9 :    4 : [11171, 11222, 11241, 11250]
384.0 :    3 : [11185, 11202, 11239]
384.2 :    2 : [11205, 11235]
384.3 :    1 : [11176]
384.4 :    1 : [11255]
384.6 :    2 : [11181, 11249]
384.7 :    1 : [11182]
384.9 :    1 : [11252]
385.6 :    3 : [11175, 11192, 11232]
385.7 :    1 : [11168]
385.8 :    1 : [11169]
385.9 :    1 : [11211]
386.0 :    1 : [11253]
386.1 :    2 : [11190, 11209]
386.2 :    6 : [11171, 11216, 11222, 11223, 11248, 11250]
386.3 :    2 : [11202, 11241]
386.4 :    1 : [11239]
386.7 :    2 : [11205, 11235]
386.9 :    1 : [11176]
387.0 :    2 : [11185, 11255]
387.1 :    1 : [11182]
387.2 :    1 : [11181]
387.3 :    1 : [11249]
387.6 :    1 : [11252]
388.0 :    3 : [11175, 11192, 11232]
388.3 :    1 : [11169]
388.6 :    2 : [11168, 11253]
388.7 :    1 : [11209]
388.9 :    2 : [11222, 11223]
389.0 :    4 : [11171, 11211, 11241, 11250]
389.1 :    1 : [11202]
389.2 :    1 : [11239]
389.3 :    2 : [11190, 11248]
389.5 :    1 : [11216]
389.6 :    1 : [11235]
389.7 :    1 : [11205]
389.9 :    1 : [11176]
390.0 :    1 : [11255]
390.2 :    1 : [11182]
390.4 :    1 : [11181]
390.5 :    1 : [11249]
390.8 :    1 : [11192]
390.9 :    1 : [11175]
391.0 :    2 : [11232, 11252]
391.3 :    1 : [11169]
391.5 :    1 : [11253]
392.0 :    1 : [11209]
392.3 :    1 : [11223]
392.5 :    2 : [11171, 11241]
392.6 :    2 : [11222, 11250]
392.8 :    1 : [11202]
393.1 :    1 : [11239]
395.2 :    1 : [11192]
516.0 :   21 : [11168, 11171, 11175, 11176, 11181, 11202, 11205, 11209, 11211, 11216, 11222, 11223, 11232, 11235, 11239, 11241, 11248, 11250, 11252, 11253, 11255]
516.1 :    1 : [11249]
518.1 :    1 : [11176]
518.7 :   18 : [11168, 11171, 11175, 11181, 11202, 11205, 11209, 11211, 11216, 11222, 11223, 11235, 11241, 11248, 11250, 11252, 11253, 11255]
518.8 :    3 : [11232, 11239, 11249]
520.8 :   19 : [11168, 11171, 11175, 11176, 11181, 11202, 11205, 11209, 11211, 11216, 11222, 11223, 11235, 11241, 11248, 11250, 11252, 11253, 11255]
520.9 :    3 : [11232, 11239, 11249]
522.9 :    1 : [11181]
523.0 :   19 : [11168, 11171, 11175, 11202, 11205, 11209, 11216, 11222, 11223, 11232, 11235, 11239, 11241, 11248, 11249, 11250, 11252, 11253, 11255]
523.1 :    2 : [11176, 11211]
525.1 :    1 : [11241]
525.2 :    6 : [11171, 11175, 11202, 11222, 11239, 11252]
525.3 :   15 : [11168, 11176, 11181, 11205, 11209, 11211, 11216, 11223, 11232, 11235, 11248, 11249, 11250, 11253, 11255]
527.4 :    3 : [11181, 11211, 11241]
527.5 :   19 : [11168, 11171, 11175, 11176, 11202, 11205, 11209, 11216, 11222, 11223, 11232, 11235, 11239, 11248, 11249, 11250, 11252, 11253, 11255]
529.5 :    3 : [11181, 11211, 11241]
529.6 :   19 : [11168, 11171, 11175, 11176, 11202, 11205, 11209, 11216, 11222, 11223, 11232, 11235, 11239, 11248, 11249, 11250, 11252, 11253, 11255]
531.6 :    3 : [11181, 11211, 11241]
531.7 :   19 : [11168, 11171, 11175, 11176, 11202, 11205, 11209, 11216, 11222, 11223, 11232, 11235, 11239, 11248, 11249, 11250, 11252, 11253, 11255]
533.7 :    3 : [11181, 11211, 11241]
533.8 :   19 : [11168, 11171, 11175, 11176, 11202, 11205, 11209, 11216, 11222, 11223, 11232, 11235, 11239, 11248, 11249, 11250, 11252, 11253, 11255]
535.8 :    3 : [11181, 11211, 11241]
535.9 :   19 : [11168, 11171, 11175, 11176, 11202, 11205, 11209, 11216, 11222, 11223, 11232, 11235, 11239, 11248, 11249, 11250, 11252, 11253, 11255]
537.9 :    3 : [11181, 11211, 11241]
538.0 :   19 : [11168, 11171, 11175, 11176, 11202, 11205, 11209, 11216, 11222, 11223, 11232, 11235, 11239, 11248, 11249, 11250, 11252, 11253, 11255]
540.0 :    3 : [11181, 11211, 11241]
540.1 :   19 : [11168, 11171, 11175, 11176, 11202, 11205, 11209, 11216, 11222, 11223, 11232, 11235, 11239, 11248, 11249, 11250, 11252, 11253, 11255]
542.1 :    3 : [11181, 11211, 11241]
542.2 :    2 : [11223, 11232]
542.6 :   17 : [11168, 11171, 11175, 11176, 11202, 11205, 11209, 11216, 11222, 11235, 11239, 11248, 11249, 11250, 11252, 11253, 11255]
544.2 :    1 : [11241]
544.3 :    2 : [11223, 11232]
544.7 :   19 : [11168, 11171, 11175, 11176, 11181, 11202, 11205, 11209, 11211, 11216, 11222, 11235, 11239, 11248, 11249, 11250, 11252, 11253, 11255]
546.4 :    3 : [11223, 11232, 11241]
546.8 :   19 : [11168, 11171, 11175, 11176, 11181, 11202, 11205, 11209, 11211, 11216, 11222, 11235, 11239, 11248, 11249, 11250, 11252, 11253, 11255]
548.5 :    3 : [11223, 11232, 11241]
548.9 :   19 : [11168, 11171, 11175, 11176, 11181, 11202, 11205, 11209, 11211, 11216, 11222, 11235, 11239, 11248, 11249, 11250, 11252, 11253, 11255]
550.6 :    3 : [11223, 11232, 11241]
551.0 :   19 : [11168, 11171, 11175, 11176, 11181, 11202, 11205, 11209, 11211, 11216, 11222, 11235, 11239, 11248, 11249, 11250, 11252, 11253, 11255]
552.7 :    3 : [11223, 11232, 11241]
553.1 :   19 : [11168, 11171, 11175, 11176, 11181, 11202, 11205, 11209, 11211, 11216, 11222, 11235, 11239, 11248, 11249, 11250, 11252, 11253, 11255]
554.8 :    3 : [11223, 11232, 11241]
555.2 :    1 : [11211]
555.6 :    9 : [11168, 11171, 11175, 11176, 11202, 11205, 11209, 11235, 11253]
555.7 :    9 : [11181, 11216, 11222, 11239, 11248, 11249, 11250, 11252, 11255]
556.9 :    3 : [11223, 11232, 11241]
557.7 :    5 : [11175, 11202, 11205, 11209, 11253]
557.8 :   14 : [11168, 11171, 11176, 11181, 11211, 11216, 11222, 11235, 11239, 11248, 11249, 11250, 11252, 11255]
559.0 :    2 : [11223, 11232]
559.8 :    6 : [11175, 11202, 11205, 11209, 11241, 11253]
559.9 :   14 : [11168, 11171, 11176, 11181, 11211, 11216, 11222, 11235, 11239, 11248, 11249, 11250, 11252, 11255]
561.7 :    1 : [11232]
561.9 :    5 : [11175, 11202, 11205, 11209, 11253]
562.0 :   15 : [11168, 11171, 11176, 11181, 11211, 11216, 11222, 11223, 11235, 11239, 11248, 11249, 11250, 11252, 11255]
562.1 :    1 : [11241]
564.0 :    1 : [11232]
564.1 :    2 : [11175, 11250]
564.2 :   16 : [11168, 11171, 11176, 11181, 11202, 11205, 11209, 11211, 11216, 11222, 11235, 11239, 11248, 11252, 11253, 11255]
564.3 :    2 : [11223, 11249]
564.4 :    1 : [11241]
566.4 :    1 : [11232]
566.5 :    6 : [11175, 11176, 11202, 11216, 11235, 11250]
566.6 :   12 : [11168, 11171, 11181, 11205, 11209, 11211, 11222, 11239, 11248, 11252, 11253, 11255]
566.7 :    1 : [11249]
566.8 :    1 : [11223]
566.9 :    1 : [11241]
568.9 :    1 : [11232]
569.0 :    1 : [11175]
569.1 :    5 : [11176, 11202, 11216, 11235, 11250]
569.2 :    9 : [11168, 11171, 11181, 11205, 11209, 11222, 11239, 11248, 11255]
569.3 :    3 : [11211, 11252, 11253]
569.4 :    1 : [11249]
569.5 :    1 : [11223]
569.6 :    1 : [11241]
571.7 :    1 : [11232]
571.9 :    2 : [11175, 11216]
572.0 :    5 : [11171, 11176, 11202, 11235, 11250]
572.1 :    7 : [11168, 11181, 11205, 11209, 11222, 11248, 11255]
572.2 :    4 : [11211, 11239, 11252, 11253]
572.4 :    1 : [11249]
572.6 :    1 : [11223]
572.7 :    1 : [11241]
574.8 :    1 : [11232]
575.1 :    2 : [11175, 11216]
575.2 :    2 : [11176, 11202]
575.3 :    6 : [11171, 11209, 11222, 11235, 11248, 11250]
575.4 :    4 : [11168, 11181, 11205, 11255]
575.5 :    4 : [11211, 11239, 11252, 11253]
575.7 :    1 : [11249]
576.0 :    1 : [11223]
576.2 :    1 : [11241]
577.4 :    3 : [11209, 11222, 11248]
577.5 :    3 : [11181, 11205, 11255]
577.6 :    4 : [11211, 11239, 11252, 11253]
577.8 :    1 : [11249]
578.1 :    1 : [11223]
578.3 :    2 : [11232, 11241]
578.6 :    1 : [11175]
578.7 :    1 : [11216]
578.8 :    2 : [11176, 11202]
578.9 :    3 : [11171, 11235, 11250]
579.0 :    1 : [11168]
580.4 :    2 : [11232, 11241]
580.7 :    1 : [11175]
580.8 :    1 : [11216]
580.9 :    5 : [11176, 11202, 11209, 11222, 11248]
581.0 :    5 : [11171, 11181, 11235, 11250, 11255]
581.1 :    3 : [11168, 11205, 11239]
581.2 :    2 : [11252, 11253]
581.3 :    1 : [11211]
581.5 :    1 : [11249]
581.9 :    1 : [11223]
582.5 :    2 : [11232, 11241]
582.8 :    1 : [11175]
582.9 :    1 : [11216]
583.0 :    3 : [11176, 11202, 11222]
583.1 :    6 : [11171, 11209, 11235, 11248, 11250, 11255]
583.2 :    3 : [11168, 11181, 11205]
583.3 :    2 : [11239, 11252]
583.4 :    1 : [11253]
583.5 :    1 : [11211]
583.7 :    1 : [11249]
584.1 :    1 : [11223]
584.6 :    2 : [11232, 11241]
584.9 :    1 : [11175]
585.0 :    1 : [11216]
585.1 :    2 : [11176, 11202]
585.2 :    1 : [11250]
585.3 :    3 : [11171, 11222, 11235]
585.4 :    3 : [11168, 11209, 11248]
585.5 :    3 : [11181, 11205, 11255]
585.6 :    1 : [11239]
585.7 :    2 : [11252, 11253]
585.8 :    1 : [11211]
586.1 :    1 : [11249]
586.6 :    1 : [11223]
586.7 :    1 : [11232]
587.0 :    1 : [11241]
587.3 :    1 : [11175]
587.4 :    1 : [11216]
587.6 :    2 : [11176, 11202]
587.8 :    4 : [11171, 11222, 11235, 11250]
587.9 :    2 : [11209, 11248]
588.0 :    3 : [11168, 11181, 11255]
588.1 :    1 : [11205]
588.2 :    1 : [11239]
588.3 :    2 : [11252, 11253]
588.5 :    1 : [11211]
588.9 :    1 : [11249]
589.4 :    1 : [11232]
589.5 :    1 : [11223]
590.1 :    3 : [11175, 11216, 11241]
590.4 :    1 : [11202]
590.5 :    1 : [11176]
590.7 :    2 : [11171, 11250]
590.8 :    2 : [11222, 11235]
590.9 :    2 : [11209, 11248]
591.0 :    1 : [11168]
591.1 :    2 : [11181, 11255]
591.2 :    1 : [11205]
591.3 :    1 : [11239]
591.4 :    1 : [11252]
591.5 :    1 : [11253]
591.8 :    1 : [11211]
592.4 :    1 : [11249]
592.6 :    1 : [11232]
594.0 :    2 : [11175, 11216]
