Name: Prefrontal cortex [Glu1], Title: Raster plot from device '95201', Hist: False
111.7 :    3 : [9292, 9305, 9307]
111.8 :   48 : [9248, 9249, 9251, 9253, 9254, 9257, 9260, 9262, 9263, 9264, 9265, 9266, 9268, 9269, 9270, 9271, 9273, 9274, 9276, 9279, 9281, 9286, 9290, 9291, 9293, 9294, 9299, 9301, 9304, 9313, 9317, 9318, 9321, 9322, 9324, 9325, 9326, 9328, 9329, 9332, 9334, 9335, 9338, 9339, 9341, 9342, 9344, 9346]
111.9 :   33 : [9252, 9255, 9256, 9258, 9259, 9261, 9267, 9275, 9278, 9280, 9282, 9283, 9285, 9287, 9288, 9289, 9296, 9298, 9303, 9306, 9309, 9311, 9314, 9315, 9316, 9323, 9327, 9331, 9336, 9337, 9340, 9343, 9345]
112.0 :   11 : [9247, 9250, 9277, 9295, 9297, 9300, 9302, 9310, 9312, 9319, 9333]
112.1 :    4 : [9272, 9284, 9308, 9330]
114.5 :   62 : [9248, 9249, 9251, 9253, 9254, 9256, 9260, 9261, 9262, 9263, 9264, 9265, 9266, 9268, 9269, 9270, 9271, 9273, 9274, 9276, 9278, 9279, 9281, 9283, 9285, 9286, 9287, 9291, 9292, 9293, 9294, 9298, 9299, 9301, 9305, 9306, 9307, 9313, 9314, 9316, 9317, 9318, 9321, 9322, 9323, 9324, 9325, 9326, 9327, 9328, 9329, 9332, 9334, 9335, 9338, 9339, 9341, 9342, 9343, 9344, 9345, 9346]
114.6 :   20 : [9258, 9259, 9272, 9275, 9277, 9280, 9284, 9288, 9289, 9295, 9302, 9303, 9308, 9311, 9312, 9319, 9331, 9333, 9337, 9340]
116.8 :   82 : [9248, 9249, 9251, 9253, 9254, 9256, 9258, 9259, 9260, 9261, 9262, 9263, 9264, 9265, 9266, 9268, 9269, 9270, 9271, 9272, 9273, 9274, 9275, 9276, 9277, 9278, 9279, 9280, 9281, 9283, 9284, 9285, 9286, 9287, 9288, 9289, 9291, 9292, 9293, 9294, 9295, 9298, 9299, 9301, 9302, 9303, 9305, 9306, 9307, 9308, 9311, 9312, 9313, 9314, 9316, 9317, 9318, 9319, 9321, 9322, 9323, 9324, 9325, 9326, 9327, 9328, 9329, 9331, 9332, 9333, 9334, 9335, 9337, 9338, 9339, 9340, 9341, 9342, 9343, 9344, 9345, 9346]
119.0 :   82 : [9248, 9249, 9251, 9253, 9254, 9256, 9258, 9259, 9260, 9261, 9262, 9263, 9264, 9265, 9266, 9268, 9269, 9270, 9271, 9272, 9273, 9274, 9275, 9276, 9277, 9278, 9279, 9280, 9281, 9283, 9284, 9285, 9286, 9287, 9288, 9289, 9291, 9292, 9293, 9294, 9295, 9298, 9299, 9301, 9302, 9303, 9305, 9306, 9307, 9308, 9311, 9312, 9313, 9314, 9316, 9317, 9318, 9319, 9321, 9322, 9323, 9324, 9325, 9326, 9327, 9328, 9329, 9331, 9332, 9333, 9334, 9335, 9337, 9338, 9339, 9340, 9341, 9342, 9343, 9344, 9345, 9346]
121.1 :   80 : [9248, 9249, 9251, 9253, 9254, 9256, 9258, 9259, 9260, 9261, 9262, 9264, 9265, 9266, 9268, 9269, 9270, 9271, 9272, 9273, 9274, 9275, 9276, 9277, 9278, 9279, 9280, 9281, 9283, 9284, 9285, 9286, 9287, 9288, 9289, 9291, 9292, 9293, 9294, 9295, 9298, 9299, 9301, 9302, 9303, 9305, 9307, 9308, 9311, 9312, 9313, 9314, 9316, 9317, 9318, 9319, 9321, 9322, 9323, 9324, 9325, 9326, 9327, 9328, 9329, 9331, 9332, 9333, 9334, 9335, 9337, 9338, 9339, 9340, 9341, 9342, 9343, 9344, 9345, 9346]
121.2 :    2 : [9263, 9306]
123.3 :   82 : [9248, 9249, 9251, 9253, 9254, 9256, 9258, 9259, 9260, 9261, 9262, 9263, 9264, 9265, 9266, 9268, 9269, 9270, 9271, 9272, 9273, 9274, 9275, 9276, 9277, 9278, 9279, 9280, 9281, 9283, 9284, 9285, 9286, 9287, 9288, 9289, 9291, 9292, 9293, 9294, 9295, 9298, 9299, 9301, 9302, 9303, 9305, 9306, 9307, 9308, 9311, 9312, 9313, 9314, 9316, 9317, 9318, 9319, 9321, 9322, 9323, 9324, 9325, 9326, 9327, 9328, 9329, 9331, 9332, 9333, 9334, 9335, 9337, 9338, 9339, 9340, 9341, 9342, 9343, 9344, 9345, 9346]
125.4 :   52 : [9249, 9251, 9254, 9256, 9259, 9261, 9262, 9264, 9265, 9266, 9268, 9269, 9270, 9272, 9273, 9275, 9277, 9278, 9279, 9281, 9283, 9286, 9288, 9289, 9293, 9298, 9299, 9301, 9303, 9307, 9312, 9313, 9316, 9317, 9318, 9319, 9322, 9324, 9326, 9327, 9328, 9331, 9332, 9334, 9338, 9339, 9341, 9342, 9343, 9344, 9345, 9346]
125.5 :   30 : [9248, 9253, 9258, 9260, 9263, 9271, 9274, 9276, 9280, 9284, 9285, 9287, 9291, 9292, 9294, 9295, 9302, 9305, 9306, 9308, 9311, 9314, 9321, 9323, 9325, 9329, 9333, 9335, 9337, 9340]
127.5 :   37 : [9249, 9251, 9256, 9259, 9261, 9262, 9264, 9265, 9266, 9268, 9269, 9270, 9272, 9273, 9275, 9277, 9278, 9283, 9289, 9293, 9301, 9303, 9307, 9313, 9317, 9318, 9322, 9324, 9326, 9328, 9331, 9332, 9334, 9338, 9344, 9345, 9346]
127.6 :   45 : [9248, 9253, 9254, 9258, 9260, 9263, 9271, 9274, 9276, 9279, 9280, 9281, 9284, 9285, 9286, 9287, 9288, 9291, 9292, 9294, 9295, 9298, 9299, 9302, 9305, 9306, 9308, 9311, 9312, 9314, 9316, 9319, 9321, 9323, 9325, 9327, 9329, 9333, 9335, 9337, 9339, 9340, 9341, 9342, 9343]
129.6 :   37 : [9249, 9251, 9256, 9259, 9261, 9262, 9264, 9265, 9266, 9268, 9269, 9270, 9272, 9273, 9275, 9277, 9278, 9283, 9289, 9293, 9301, 9303, 9307, 9313, 9317, 9318, 9322, 9324, 9326, 9328, 9331, 9332, 9334, 9338, 9344, 9345, 9346]
129.7 :   35 : [9248, 9253, 9254, 9258, 9271, 9276, 9279, 9281, 9284, 9285, 9286, 9287, 9291, 9292, 9294, 9295, 9298, 9299, 9305, 9306, 9312, 9314, 9316, 9319, 9321, 9323, 9327, 9329, 9335, 9337, 9339, 9340, 9341, 9342, 9343]
129.8 :   10 : [9260, 9263, 9274, 9280, 9288, 9302, 9308, 9311, 9325, 9333]
131.7 :   36 : [9249, 9251, 9256, 9259, 9261, 9262, 9264, 9265, 9266, 9268, 9269, 9270, 9272, 9273, 9275, 9277, 9278, 9283, 9289, 9293, 9301, 9303, 9307, 9313, 9317, 9318, 9322, 9324, 9326, 9328, 9331, 9334, 9338, 9344, 9345, 9346]
131.8 :   24 : [9253, 9271, 9276, 9279, 9281, 9285, 9286, 9292, 9294, 9298, 9305, 9306, 9316, 9319, 9321, 9323, 9327, 9332, 9335, 9337, 9339, 9340, 9341, 9342]
131.9 :   22 : [9248, 9254, 9258, 9260, 9263, 9274, 9280, 9284, 9287, 9288, 9291, 9295, 9299, 9302, 9308, 9311, 9312, 9314, 9325, 9329, 9333, 9343]
133.8 :   22 : [9251, 9261, 9262, 9266, 9269, 9270, 9272, 9273, 9278, 9283, 9301, 9303, 9313, 9317, 9318, 9322, 9324, 9326, 9328, 9331, 9334, 9344]
133.9 :   33 : [9253, 9256, 9259, 9264, 9265, 9268, 9271, 9275, 9276, 9279, 9281, 9285, 9286, 9293, 9294, 9298, 9306, 9307, 9316, 9319, 9321, 9323, 9327, 9332, 9335, 9337, 9338, 9339, 9340, 9341, 9342, 9345, 9346]
134.0 :   27 : [9248, 9249, 9254, 9258, 9260, 9263, 9274, 9277, 9280, 9284, 9287, 9288, 9289, 9291, 9292, 9295, 9299, 9302, 9305, 9308, 9311, 9312, 9314, 9325, 9329, 9333, 9343]
135.9 :    2 : [9270, 9278]
136.0 :   20 : [9259, 9264, 9265, 9273, 9275, 9279, 9286, 9293, 9294, 9298, 9306, 9316, 9323, 9324, 9327, 9332, 9339, 9340, 9341, 9346]
136.1 :   49 : [9248, 9249, 9251, 9253, 9254, 9256, 9260, 9261, 9262, 9263, 9268, 9269, 9271, 9272, 9276, 9277, 9280, 9281, 9283, 9284, 9285, 9287, 9288, 9291, 9292, 9295, 9299, 9301, 9305, 9307, 9308, 9311, 9312, 9313, 9314, 9317, 9318, 9319, 9321, 9322, 9328, 9329, 9334, 9335, 9337, 9342, 9343, 9344, 9345]
136.2 :    7 : [9266, 9274, 9302, 9303, 9325, 9326, 9338]
136.3 :    4 : [9258, 9289, 9331, 9333]
138.1 :    2 : [9273, 9332]
138.2 :   34 : [9249, 9251, 9253, 9254, 9256, 9262, 9263, 9264, 9269, 9270, 9272, 9275, 9276, 9277, 9279, 9281, 9286, 9292, 9295, 9299, 9305, 9306, 9313, 9314, 9318, 9321, 9323, 9327, 9328, 9335, 9337, 9339, 9342, 9343]
138.3 :   41 : [9248, 9259, 9260, 9261, 9265, 9266, 9268, 9271, 9274, 9278, 9280, 9283, 9284, 9285, 9287, 9288, 9291, 9293, 9294, 9298, 9301, 9302, 9303, 9307, 9308, 9312, 9316, 9317, 9319, 9322, 9324, 9325, 9326, 9329, 9334, 9338, 9340, 9341, 9344, 9345, 9346]
138.5 :    5 : [9258, 9289, 9311, 9331, 9333]
140.3 :   27 : [9249, 9253, 9256, 9263, 9264, 9269, 9270, 9272, 9273, 9275, 9276, 9277, 9281, 9292, 9299, 9305, 9313, 9314, 9318, 9321, 9328, 9332, 9335, 9337, 9339, 9342, 9343]
140.4 :   50 : [9248, 9251, 9254, 9259, 9260, 9261, 9262, 9265, 9266, 9268, 9271, 9274, 9278, 9279, 9280, 9283, 9284, 9285, 9286, 9287, 9288, 9291, 9293, 9294, 9295, 9298, 9301, 9302, 9303, 9306, 9307, 9308, 9312, 9316, 9317, 9319, 9322, 9323, 9324, 9325, 9326, 9327, 9329, 9334, 9338, 9340, 9341, 9344, 9345, 9346]
140.6 :    5 : [9258, 9289, 9311, 9331, 9333]
142.4 :   25 : [9249, 9253, 9256, 9263, 9269, 9270, 9272, 9273, 9275, 9276, 9277, 9281, 9292, 9299, 9305, 9313, 9314, 9318, 9321, 9328, 9332, 9335, 9337, 9339, 9342]
142.5 :   40 : [9248, 9251, 9254, 9261, 9264, 9265, 9266, 9268, 9271, 9274, 9278, 9279, 9280, 9283, 9284, 9285, 9286, 9288, 9291, 9293, 9294, 9295, 9301, 9302, 9303, 9306, 9307, 9312, 9317, 9319, 9322, 9323, 9326, 9329, 9334, 9338, 9341, 9343, 9344, 9346]
142.6 :   10 : [9259, 9260, 9262, 9287, 9316, 9324, 9325, 9327, 9340, 9345]
142.7 :    7 : [9258, 9289, 9298, 9308, 9311, 9331, 9333]
144.5 :    9 : [9263, 9272, 9273, 9275, 9299, 9305, 9321, 9328, 9337]
144.6 :   51 : [9248, 9249, 9251, 9253, 9254, 9256, 9261, 9264, 9265, 9266, 9268, 9269, 9270, 9271, 9274, 9276, 9277, 9278, 9279, 9280, 9281, 9283, 9284, 9285, 9286, 9288, 9291, 9293, 9294, 9295, 9301, 9302, 9303, 9307, 9312, 9313, 9317, 9318, 9319, 9322, 9323, 9326, 9329, 9332, 9334, 9338, 9339, 9341, 9342, 9343, 9344]
144.7 :    6 : [9259, 9260, 9324, 9325, 9335, 9345]
144.8 :   16 : [9258, 9262, 9287, 9289, 9292, 9298, 9306, 9308, 9311, 9314, 9316, 9327, 9331, 9333, 9340, 9346]
146.6 :    5 : [9272, 9273, 9275, 9299, 9305]
146.7 :   53 : [9248, 9249, 9251, 9253, 9254, 9256, 9261, 9264, 9265, 9266, 9268, 9269, 9270, 9271, 9274, 9276, 9277, 9278, 9280, 9281, 9283, 9284, 9285, 9286, 9288, 9291, 9293, 9294, 9295, 9301, 9302, 9303, 9307, 9312, 9313, 9317, 9318, 9319, 9321, 9322, 9323, 9326, 9328, 9329, 9332, 9334, 9337, 9338, 9339, 9341, 9342, 9343, 9344]
146.8 :    4 : [9259, 9260, 9279, 9324]
146.9 :   14 : [9258, 9262, 9287, 9308, 9311, 9314, 9316, 9325, 9327, 9331, 9335, 9340, 9345, 9346]
147.0 :    6 : [9263, 9289, 9292, 9298, 9306, 9333]
148.7 :    4 : [9272, 9273, 9275, 9299]
148.8 :   45 : [9248, 9249, 9251, 9254, 9256, 9264, 9265, 9266, 9268, 9269, 9270, 9271, 9276, 9277, 9278, 9280, 9281, 9283, 9284, 9285, 9291, 9293, 9294, 9295, 9301, 9302, 9303, 9307, 9312, 9313, 9317, 9318, 9319, 9321, 9322, 9323, 9326, 9328, 9332, 9334, 9337, 9339, 9342, 9343, 9344]
148.9 :    8 : [9253, 9259, 9260, 9261, 9279, 9286, 9324, 9329]
149.0 :   19 : [9258, 9262, 9274, 9287, 9288, 9305, 9308, 9311, 9314, 9316, 9325, 9327, 9331, 9335, 9338, 9340, 9341, 9345, 9346]
149.1 :    6 : [9263, 9289, 9292, 9298, 9306, 9333]
150.8 :    3 : [9272, 9273, 9275]
150.9 :   45 : [9248, 9249, 9251, 9254, 9256, 9264, 9265, 9266, 9268, 9269, 9270, 9271, 9276, 9277, 9278, 9280, 9281, 9283, 9284, 9285, 9291, 9293, 9294, 9295, 9301, 9302, 9303, 9307, 9312, 9313, 9317, 9318, 9319, 9321, 9322, 9323, 9326, 9328, 9332, 9334, 9337, 9339, 9342, 9343, 9344]
151.0 :    2 : [9259, 9286]
151.1 :   17 : [9258, 9274, 9279, 9288, 9299, 9305, 9311, 9316, 9324, 9325, 9327, 9329, 9331, 9335, 9338, 9340, 9345]
151.2 :   14 : [9253, 9260, 9261, 9262, 9263, 9287, 9289, 9292, 9298, 9306, 9308, 9314, 9341, 9346]
151.3 :    1 : [9333]
152.9 :    2 : [9272, 9273]
153.0 :   33 : [9251, 9254, 9256, 9264, 9265, 9266, 9268, 9269, 9270, 9275, 9276, 9277, 9280, 9281, 9285, 9293, 9301, 9307, 9313, 9317, 9318, 9319, 9321, 9322, 9323, 9326, 9332, 9334, 9337, 9339, 9342, 9343, 9344]
153.1 :    1 : [9286]
153.2 :   21 : [9258, 9274, 9278, 9279, 9283, 9288, 9291, 9299, 9303, 9305, 9311, 9312, 9316, 9324, 9325, 9327, 9328, 9331, 9335, 9338, 9340]
153.3 :   23 : [9248, 9249, 9253, 9259, 9260, 9261, 9262, 9271, 9284, 9287, 9289, 9292, 9294, 9295, 9298, 9302, 9306, 9308, 9314, 9329, 9341, 9345, 9346]
153.4 :    2 : [9263, 9333]
155.0 :    2 : [9272, 9273]
155.1 :    3 : [9280, 9319, 9323]
155.3 :   50 : [9251, 9254, 9256, 9258, 9264, 9265, 9266, 9268, 9269, 9270, 9274, 9275, 9276, 9277, 9278, 9279, 9281, 9283, 9285, 9286, 9288, 9291, 9293, 9299, 9301, 9303, 9305, 9307, 9311, 9312, 9313, 9316, 9317, 9318, 9321, 9322, 9324, 9325, 9326, 9327, 9328, 9331, 9332, 9334, 9338, 9339, 9340, 9342, 9343, 9344]
155.4 :    1 : [9335]
155.5 :   26 : [9248, 9249, 9253, 9259, 9260, 9261, 9262, 9263, 9271, 9284, 9287, 9289, 9292, 9294, 9295, 9298, 9302, 9306, 9308, 9314, 9329, 9333, 9337, 9341, 9345, 9346]
157.1 :    1 : [9273]
157.2 :    4 : [9272, 9280, 9319, 9323]
157.4 :   24 : [9251, 9256, 9265, 9269, 9276, 9279, 9281, 9283, 9286, 9288, 9291, 9293, 9301, 9303, 9305, 9311, 9317, 9318, 9321, 9325, 9327, 9331, 9339, 9342]
157.5 :   10 : [9254, 9264, 9274, 9277, 9299, 9312, 9328, 9338, 9340, 9344]
157.6 :    8 : [9258, 9268, 9307, 9324, 9326, 9334, 9335, 9343]
157.7 :   35 : [9248, 9249, 9253, 9259, 9260, 9261, 9262, 9263, 9266, 9270, 9271, 9275, 9278, 9284, 9285, 9287, 9289, 9292, 9294, 9295, 9298, 9302, 9306, 9308, 9313, 9314, 9316, 9322, 9329, 9332, 9333, 9337, 9341, 9345, 9346]
159.3 :    1 : [9323]
159.5 :    7 : [9265, 9269, 9280, 9291, 9301, 9325, 9342]
159.6 :    2 : [9318, 9338]
159.7 :    7 : [9256, 9264, 9272, 9277, 9283, 9303, 9328]
159.8 :   17 : [9251, 9258, 9268, 9273, 9274, 9278, 9279, 9286, 9289, 9293, 9294, 9298, 9313, 9317, 9319, 9324, 9344]
159.9 :   48 : [9248, 9249, 9253, 9254, 9259, 9260, 9261, 9262, 9263, 9266, 9270, 9271, 9275, 9276, 9281, 9284, 9285, 9287, 9288, 9292, 9295, 9299, 9302, 9305, 9306, 9307, 9308, 9311, 9312, 9314, 9316, 9321, 9322, 9326, 9327, 9329, 9331, 9332, 9333, 9334, 9335, 9337, 9339, 9340, 9341, 9343, 9345, 9346]
161.6 :    5 : [9269, 9301, 9323, 9325, 9342]
161.8 :    2 : [9277, 9291]
161.9 :    5 : [9265, 9294, 9298, 9313, 9317]
162.0 :   26 : [9248, 9249, 9253, 9254, 9258, 9259, 9260, 9263, 9268, 9271, 9272, 9273, 9274, 9280, 9283, 9284, 9287, 9295, 9308, 9311, 9314, 9329, 9333, 9335, 9341, 9346]
162.1 :   11 : [9256, 9261, 9262, 9288, 9293, 9299, 9305, 9318, 9331, 9334, 9338]
162.2 :   31 : [9251, 9264, 9266, 9270, 9275, 9276, 9278, 9279, 9281, 9285, 9286, 9289, 9292, 9302, 9303, 9306, 9307, 9316, 9319, 9321, 9324, 9326, 9327, 9328, 9332, 9337, 9339, 9340, 9343, 9344, 9345]
162.4 :    2 : [9312, 9322]
163.7 :    5 : [9269, 9301, 9323, 9325, 9342]
163.9 :    2 : [9277, 9291]
164.0 :    2 : [9265, 9298]
164.1 :   22 : [9248, 9249, 9253, 9254, 9258, 9259, 9260, 9263, 9268, 9271, 9283, 9287, 9294, 9295, 9308, 9313, 9314, 9317, 9329, 9335, 9341, 9346]
164.2 :    4 : [9274, 9288, 9311, 9333]
164.3 :    2 : [9332, 9340]
164.4 :    8 : [9251, 9270, 9272, 9280, 9285, 9302, 9319, 9326]
164.5 :   24 : [9264, 9266, 9273, 9275, 9276, 9279, 9281, 9284, 9286, 9292, 9293, 9299, 9305, 9306, 9307, 9316, 9318, 9327, 9331, 9337, 9338, 9339, 9343, 9345]
164.6 :    4 : [9321, 9322, 9324, 9334]
164.7 :    6 : [9256, 9261, 9262, 9278, 9289, 9328]
164.9 :    3 : [9303, 9312, 9344]
165.8 :    2 : [9269, 9323]
165.9 :    3 : [9301, 9325, 9342]
166.1 :    4 : [9265, 9277, 9291, 9298]
166.2 :   21 : [9248, 9249, 9253, 9254, 9258, 9259, 9260, 9263, 9268, 9271, 9283, 9287, 9294, 9295, 9313, 9314, 9317, 9329, 9335, 9341, 9346]
166.4 :    7 : [9274, 9288, 9308, 9311, 9332, 9333, 9340]
166.5 :    5 : [9251, 9272, 9302, 9319, 9326]
166.6 :   27 : [9264, 9266, 9270, 9273, 9275, 9276, 9279, 9280, 9281, 9284, 9285, 9286, 9292, 9293, 9299, 9305, 9306, 9307, 9316, 9318, 9327, 9331, 9337, 9338, 9339, 9343, 9345]
166.7 :    4 : [9321, 9322, 9324, 9334]
166.8 :    4 : [9261, 9262, 9289, 9328]
166.9 :    2 : [9256, 9278]
167.0 :    2 : [9303, 9344]
167.1 :    1 : [9312]
167.9 :    1 : [9269]
168.0 :    3 : [9323, 9325, 9342]
168.1 :    1 : [9301]
168.2 :    1 : [9277]
168.3 :   22 : [9248, 9249, 9253, 9254, 9258, 9260, 9263, 9265, 9271, 9283, 9287, 9291, 9294, 9295, 9298, 9313, 9314, 9317, 9329, 9335, 9341, 9346]
168.4 :    2 : [9259, 9268]
168.5 :    6 : [9274, 9288, 9308, 9311, 9333, 9340]
168.6 :    5 : [9251, 9272, 9302, 9319, 9326]
168.7 :   27 : [9264, 9266, 9270, 9273, 9275, 9276, 9279, 9280, 9281, 9284, 9285, 9286, 9292, 9293, 9299, 9305, 9306, 9307, 9316, 9318, 9327, 9331, 9332, 9338, 9339, 9343, 9345]
168.8 :    5 : [9321, 9322, 9324, 9334, 9337]
168.9 :    2 : [9289, 9328]
169.0 :    4 : [9256, 9261, 9262, 9278]
169.1 :    2 : [9303, 9344]
169.2 :    1 : [9312]
170.0 :    1 : [9269]
170.1 :    3 : [9323, 9325, 9342]
170.2 :    1 : [9301]
170.3 :    1 : [9277]
170.4 :   22 : [9248, 9249, 9253, 9254, 9258, 9260, 9263, 9265, 9271, 9283, 9287, 9291, 9294, 9295, 9298, 9313, 9314, 9317, 9329, 9335, 9341, 9346]
170.5 :    2 : [9259, 9268]
170.6 :    6 : [9274, 9288, 9308, 9311, 9333, 9340]
170.7 :    5 : [9251, 9272, 9302, 9319, 9326]
170.8 :   27 : [9264, 9266, 9270, 9273, 9275, 9276, 9279, 9280, 9281, 9284, 9285, 9286, 9292, 9293, 9299, 9305, 9306, 9307, 9316, 9318, 9327, 9331, 9332, 9338, 9339, 9343, 9345]
170.9 :    5 : [9321, 9322, 9324, 9334, 9337]
171.0 :    2 : [9289, 9328]
171.1 :    4 : [9256, 9261, 9262, 9278]
171.2 :    2 : [9303, 9344]
171.3 :    1 : [9312]
172.1 :    1 : [9269]
172.2 :    3 : [9323, 9325, 9342]
172.3 :    1 : [9301]
172.4 :    1 : [9277]
172.5 :   22 : [9248, 9249, 9253, 9254, 9258, 9260, 9263, 9265, 9271, 9283, 9287, 9291, 9294, 9295, 9298, 9313, 9314, 9317, 9329, 9335, 9341, 9346]
172.6 :    2 : [9259, 9268]
172.7 :    6 : [9274, 9288, 9308, 9311, 9333, 9340]
172.8 :    5 : [9251, 9272, 9302, 9319, 9326]
172.9 :   27 : [9264, 9266, 9270, 9273, 9275, 9276, 9279, 9280, 9281, 9284, 9285, 9286, 9292, 9293, 9299, 9305, 9306, 9307, 9316, 9318, 9327, 9331, 9332, 9338, 9339, 9343, 9345]
173.0 :    5 : [9321, 9322, 9324, 9334, 9337]
173.1 :    2 : [9289, 9328]
173.2 :    4 : [9256, 9261, 9262, 9278]
173.3 :    2 : [9303, 9344]
173.4 :    1 : [9312]
174.2 :    1 : [9269]
174.3 :    3 : [9323, 9325, 9342]
174.4 :    1 : [9301]
174.5 :    1 : [9277]
174.6 :   22 : [9248, 9249, 9253, 9254, 9258, 9260, 9263, 9265, 9271, 9283, 9287, 9291, 9294, 9295, 9298, 9313, 9314, 9317, 9329, 9335, 9341, 9346]
174.7 :    2 : [9259, 9268]
174.8 :    6 : [9274, 9288, 9308, 9311, 9333, 9340]
174.9 :    5 : [9251, 9272, 9302, 9319, 9326]
175.0 :   27 : [9264, 9266, 9270, 9273, 9275, 9276, 9279, 9280, 9281, 9284, 9285, 9286, 9292, 9293, 9299, 9305, 9306, 9307, 9316, 9318, 9327, 9331, 9332, 9338, 9339, 9343, 9345]
175.1 :    5 : [9321, 9322, 9324, 9334, 9337]
175.2 :    2 : [9289, 9328]
175.3 :    4 : [9256, 9261, 9262, 9278]
175.4 :    2 : [9303, 9344]
175.5 :    1 : [9312]
176.3 :    1 : [9269]
176.4 :    3 : [9323, 9325, 9342]
176.5 :    1 : [9301]
176.6 :    1 : [9277]
176.7 :   22 : [9248, 9249, 9253, 9254, 9258, 9260, 9263, 9265, 9271, 9283, 9287, 9291, 9294, 9295, 9298, 9313, 9314, 9317, 9329, 9335, 9341, 9346]
176.8 :    2 : [9259, 9268]
176.9 :    6 : [9274, 9288, 9308, 9311, 9333, 9340]
177.0 :    5 : [9251, 9272, 9302, 9319, 9326]
177.1 :   27 : [9264, 9266, 9270, 9273, 9275, 9276, 9279, 9280, 9281, 9284, 9285, 9286, 9292, 9293, 9299, 9305, 9306, 9307, 9316, 9318, 9327, 9331, 9332, 9338, 9339, 9343, 9345]
177.2 :    5 : [9321, 9322, 9324, 9334, 9337]
177.3 :    2 : [9289, 9328]
177.4 :    4 : [9256, 9261, 9262, 9278]
177.5 :    2 : [9303, 9344]
177.6 :    1 : [9312]
178.4 :    1 : [9269]
178.5 :    3 : [9323, 9325, 9342]
178.6 :    1 : [9301]
178.7 :    1 : [9277]
178.8 :   22 : [9248, 9249, 9253, 9254, 9258, 9260, 9263, 9265, 9271, 9283, 9287, 9291, 9294, 9295, 9298, 9313, 9314, 9317, 9329, 9335, 9341, 9346]
178.9 :    2 : [9259, 9268]
179.0 :    6 : [9274, 9288, 9308, 9311, 9333, 9340]
179.1 :    5 : [9251, 9272, 9302, 9319, 9326]
179.2 :   27 : [9264, 9266, 9270, 9273, 9275, 9276, 9279, 9280, 9281, 9284, 9285, 9286, 9292, 9293, 9299, 9305, 9306, 9307, 9316, 9318, 9327, 9331, 9332, 9338, 9339, 9343, 9345]
179.3 :    5 : [9321, 9322, 9324, 9334, 9337]
179.4 :    2 : [9289, 9328]
179.5 :    4 : [9256, 9261, 9262, 9278]
179.6 :    2 : [9303, 9344]
179.7 :    1 : [9312]
180.5 :    1 : [9269]
180.6 :    3 : [9323, 9325, 9342]
180.7 :    1 : [9301]
180.8 :    1 : [9277]
180.9 :   22 : [9248, 9249, 9253, 9254, 9258, 9260, 9263, 9265, 9271, 9283, 9287, 9291, 9294, 9295, 9298, 9313, 9314, 9317, 9329, 9335, 9341, 9346]
181.0 :    2 : [9259, 9268]
181.1 :    6 : [9274, 9288, 9308, 9311, 9333, 9340]
181.2 :    5 : [9251, 9272, 9302, 9319, 9326]
181.3 :   27 : [9264, 9266, 9270, 9273, 9275, 9276, 9279, 9280, 9281, 9284, 9285, 9286, 9292, 9293, 9299, 9305, 9306, 9307, 9316, 9318, 9327, 9331, 9332, 9338, 9339, 9343, 9345]
181.4 :    5 : [9321, 9322, 9324, 9334, 9337]
181.5 :    2 : [9289, 9328]
181.6 :    4 : [9256, 9261, 9262, 9278]
181.7 :    2 : [9303, 9344]
181.8 :    1 : [9312]
182.6 :    1 : [9269]
182.7 :    3 : [9323, 9325, 9342]
182.8 :    1 : [9301]
182.9 :    1 : [9277]
183.0 :   16 : [9249, 9253, 9254, 9258, 9263, 9271, 9283, 9291, 9295, 9298, 9313, 9314, 9317, 9329, 9335, 9346]
183.1 :    1 : [9268]
183.2 :    3 : [9274, 9288, 9333]
183.3 :    2 : [9251, 9326]
183.4 :   10 : [9270, 9276, 9280, 9285, 9292, 9307, 9318, 9319, 9338, 9345]
183.5 :    4 : [9265, 9299, 9316, 9343]
183.6 :    3 : [9248, 9328, 9340]
183.7 :    5 : [9272, 9284, 9294, 9331, 9332]
183.8 :    3 : [9275, 9289, 9306]
183.9 :    5 : [9259, 9260, 9308, 9322, 9324]
184.0 :    4 : [9287, 9302, 9337, 9341]
184.1 :    4 : [9273, 9311, 9321, 9339]
184.2 :    3 : [9266, 9279, 9293]
184.3 :    4 : [9256, 9262, 9264, 9334]
184.4 :    1 : [9286]
184.5 :    4 : [9261, 9278, 9281, 9305]
184.7 :    2 : [9312, 9327]
184.8 :    2 : [9303, 9325]
185.0 :    2 : [9277, 9344]
185.1 :    2 : [9253, 9346]
185.2 :    4 : [9249, 9268, 9291, 9342]
185.3 :    2 : [9271, 9313]
185.4 :    2 : [9283, 9314]
185.5 :    4 : [9276, 9285, 9307, 9318]
185.6 :    4 : [9269, 9298, 9329, 9335]
185.7 :    5 : [9254, 9288, 9295, 9333, 9338]
185.8 :    2 : [9301, 9323]
185.9 :    4 : [9265, 9316, 9317, 9345]
186.0 :    4 : [9299, 9319, 9328, 9343]
186.1 :    8 : [9248, 9258, 9270, 9274, 9280, 9292, 9326, 9332]
186.2 :    4 : [9263, 9272, 9289, 9340]
186.3 :    3 : [9284, 9306, 9331]
186.4 :    5 : [9251, 9275, 9294, 9322, 9337]
186.5 :    3 : [9260, 9308, 9324]
186.6 :    3 : [9259, 9266, 9311]
186.7 :    6 : [9256, 9262, 9287, 9302, 9321, 9341]
186.8 :    3 : [9273, 9334, 9339]
186.9 :    3 : [9278, 9279, 9293]
187.0 :    2 : [9261, 9264]
187.1 :    2 : [9281, 9286]
187.2 :    1 : [9305]
187.3 :    2 : [9325, 9327]
187.4 :    1 : [9303]
187.5 :    2 : [9277, 9312]
187.6 :    2 : [9253, 9344]
187.7 :    2 : [9268, 9346]
187.8 :    1 : [9249]
187.9 :    4 : [9271, 9291, 9313, 9342]
188.0 :    4 : [9276, 9283, 9307, 9318]
188.1 :    2 : [9285, 9314]
188.3 :    2 : [9269, 9335]
188.4 :    5 : [9288, 9295, 9298, 9329, 9338]
188.5 :    4 : [9254, 9301, 9333, 9345]
188.6 :    1 : [9323]
188.7 :    4 : [9265, 9316, 9317, 9328]
188.8 :    6 : [9280, 9292, 9299, 9319, 9326, 9343]
188.9 :    7 : [9248, 9258, 9263, 9270, 9272, 9274, 9332]
189.0 :    1 : [9289]
189.1 :    3 : [9251, 9306, 9331]
189.2 :    4 : [9284, 9322, 9337, 9340]
189.3 :    1 : [9294]
189.4 :    6 : [9260, 9266, 9275, 9308, 9311, 9324]
189.5 :    2 : [9256, 9334]
189.6 :    5 : [9259, 9262, 9287, 9302, 9321]
189.7 :    3 : [9273, 9339, 9341]
189.8 :    4 : [9261, 9278, 9279, 9293]
190.0 :    2 : [9281, 9286]
190.1 :    2 : [9264, 9305]
190.2 :    2 : [9325, 9327]
190.3 :    1 : [9303]
190.4 :    1 : [9277]
190.5 :    3 : [9253, 9312, 9344]
190.6 :    1 : [9346]
190.7 :    1 : [9268]
190.8 :    3 : [9249, 9271, 9313]
190.9 :    5 : [9283, 9291, 9307, 9318, 9342]
191.0 :    2 : [9276, 9314]
191.1 :    1 : [9285]
191.2 :    1 : [9269]
191.3 :    1 : [9335]
191.4 :    2 : [9298, 9338]
191.5 :    6 : [9254, 9288, 9295, 9301, 9329, 9345]
191.7 :    5 : [9292, 9317, 9323, 9328, 9333]
191.8 :    2 : [9265, 9316]
191.9 :    5 : [9274, 9280, 9299, 9326, 9343]
192.0 :    7 : [9248, 9258, 9263, 9270, 9272, 9319, 9332]
192.1 :    2 : [9289, 9331]
192.2 :    2 : [9251, 9306]
192.3 :    2 : [9322, 9337]
192.4 :    2 : [9284, 9340]
192.5 :    3 : [9266, 9294, 9311]
192.6 :    3 : [9260, 9324, 9334]
192.7 :    4 : [9256, 9262, 9275, 9308]
192.8 :    2 : [9287, 9302]
192.9 :    5 : [9259, 9261, 9278, 9321, 9339]
193.0 :    4 : [9273, 9279, 9293, 9341]
193.3 :    2 : [9281, 9305]
193.4 :    3 : [9286, 9325, 9327]
193.5 :    1 : [9264]
193.6 :    1 : [9303]
193.7 :    3 : [9253, 9277, 9344]
193.8 :    1 : [9346]
193.9 :    1 : [9268]
194.0 :    3 : [9249, 9312, 9313]
194.1 :    3 : [9271, 9283, 9318]
194.2 :    3 : [9291, 9307, 9342]
194.3 :    2 : [9276, 9314]
194.4 :    1 : [9285]
194.5 :    2 : [9269, 9340]
194.6 :    3 : [9294, 9335, 9338]
194.7 :    2 : [9260, 9345]
194.8 :    2 : [9275, 9298]
194.9 :    6 : [9254, 9287, 9295, 9301, 9302, 9329]
195.0 :    5 : [9259, 9288, 9292, 9328, 9339]
195.1 :    6 : [9279, 9293, 9317, 9323, 9333, 9341]
195.3 :    6 : [9265, 9274, 9280, 9299, 9316, 9326]
195.4 :    7 : [9258, 9263, 9270, 9272, 9281, 9319, 9343]
195.5 :    3 : [9248, 9286, 9332]
195.6 :    3 : [9264, 9289, 9331]
195.7 :    3 : [9251, 9306, 9322]
195.8 :    3 : [9253, 9277, 9337]
195.9 :    3 : [9266, 9311, 9346]
196.0 :    2 : [9268, 9284]
196.1 :    6 : [9249, 9256, 9312, 9313, 9324, 9334]
196.2 :    3 : [9262, 9271, 9283]
196.3 :    3 : [9291, 9308, 9342]
196.4 :    4 : [9261, 9276, 9278, 9314]
196.5 :    2 : [9285, 9321]
196.6 :    2 : [9269, 9273]
196.7 :    2 : [9335, 9338]
196.8 :    1 : [9345]
196.9 :    2 : [9298, 9305]
197.0 :    6 : [9254, 9295, 9301, 9325, 9327, 9329]
197.1 :    3 : [9288, 9292, 9328]
197.2 :    4 : [9303, 9317, 9323, 9333]
197.3 :    1 : [9344]
197.4 :    6 : [9265, 9274, 9280, 9299, 9316, 9326]
197.5 :    6 : [9258, 9263, 9270, 9272, 9319, 9343]
197.6 :    3 : [9248, 9318, 9332]
197.7 :    2 : [9289, 9331]
197.8 :    4 : [9251, 9306, 9307, 9322]
197.9 :    1 : [9337]
198.0 :    3 : [9266, 9311, 9340]
198.1 :    2 : [9284, 9294]
198.2 :    5 : [9256, 9260, 9312, 9324, 9334]
198.3 :    1 : [9262]
198.4 :    2 : [9287, 9308]
198.5 :    5 : [9261, 9275, 9278, 9302, 9339]
198.6 :    3 : [9259, 9293, 9321]
198.7 :    3 : [9273, 9279, 9341]
198.9 :    1 : [9281]
199.0 :    2 : [9298, 9305]
199.1 :    6 : [9254, 9286, 9295, 9325, 9327, 9329]
199.2 :    1 : [9288]
199.3 :    5 : [9253, 9277, 9303, 9317, 9333]
199.4 :    3 : [9264, 9344, 9346]
199.5 :    4 : [9265, 9299, 9316, 9326]
199.6 :    8 : [9249, 9258, 9263, 9268, 9272, 9313, 9319, 9343]
199.7 :    4 : [9248, 9283, 9318, 9332]
199.8 :    3 : [9271, 9289, 9331]
199.9 :    6 : [9251, 9291, 9306, 9307, 9322, 9342]
200.0 :    3 : [9276, 9314, 9337]
200.1 :    2 : [9266, 9311]
200.2 :    5 : [9269, 9284, 9285, 9294, 9340]
200.3 :    7 : [9256, 9260, 9312, 9324, 9334, 9335, 9338]
200.4 :    2 : [9262, 9345]
200.5 :    2 : [9287, 9308]
200.6 :    3 : [9261, 9278, 9302]
200.7 :    5 : [9275, 9292, 9293, 9321, 9339]
200.8 :    6 : [9259, 9273, 9279, 9301, 9328, 9341]
201.0 :    2 : [9281, 9323]
201.1 :    3 : [9274, 9298, 9305]
201.2 :    6 : [9254, 9280, 9295, 9325, 9327, 9329]
201.3 :    3 : [9270, 9286, 9288]
201.4 :    5 : [9253, 9277, 9303, 9317, 9333]
201.5 :    2 : [9344, 9346]
201.6 :    5 : [9264, 9265, 9299, 9316, 9326]
201.7 :    6 : [9258, 9263, 9272, 9313, 9319, 9343]
201.8 :    6 : [9248, 9249, 9268, 9283, 9318, 9332]
201.9 :    3 : [9271, 9289, 9331]
202.0 :    5 : [9251, 9291, 9306, 9307, 9322]
202.1 :    2 : [9337, 9342]
202.2 :    4 : [9266, 9276, 9311, 9314]
202.3 :    2 : [9269, 9284]
202.4 :    5 : [9256, 9285, 9312, 9324, 9334]
202.5 :    6 : [9262, 9294, 9335, 9338, 9340, 9345]
202.6 :    2 : [9260, 9308]
202.7 :    2 : [9261, 9278]
202.8 :    1 : [9287]
202.9 :    3 : [9292, 9302, 9321]
203.0 :    5 : [9275, 9293, 9301, 9328, 9339]
203.1 :    2 : [9273, 9279]
203.2 :    4 : [9259, 9298, 9305, 9341]
203.3 :    7 : [9254, 9281, 9295, 9323, 9325, 9327, 9329]
203.4 :    2 : [9274, 9288]
203.5 :    4 : [9280, 9303, 9317, 9333]
203.6 :    2 : [9270, 9344]
203.7 :    7 : [9253, 9265, 9277, 9286, 9299, 9316, 9326]
203.8 :    5 : [9258, 9263, 9272, 9319, 9346]
203.9 :    5 : [9248, 9313, 9318, 9332, 9343]
204.0 :    2 : [9289, 9331]
204.1 :    7 : [9249, 9251, 9264, 9268, 9283, 9307, 9322]
204.2 :    2 : [9271, 9306]
204.3 :    3 : [9266, 9311, 9337]
204.4 :    1 : [9291]
204.5 :    3 : [9314, 9334, 9342]
204.6 :    3 : [9256, 9262, 9276]
204.7 :    2 : [9269, 9284]
204.8 :    6 : [9261, 9285, 9312, 9335, 9338, 9345]
204.9 :    1 : [9324]
205.0 :    3 : [9278, 9294, 9340]
205.1 :    2 : [9260, 9308]
205.2 :    1 : [9292]
205.3 :    1 : [9287]
205.4 :    3 : [9302, 9321, 9328]
205.5 :    3 : [9293, 9301, 9339]
205.6 :    4 : [9254, 9273, 9295, 9298]
205.7 :    3 : [9275, 9279, 9305]
205.8 :    7 : [9288, 9317, 9323, 9325, 9327, 9329, 9341]
205.9 :    3 : [9259, 9274, 9281]
206.0 :    2 : [9280, 9326]
206.1 :    4 : [9270, 9303, 9333, 9344]
206.2 :    6 : [9253, 9258, 9263, 9272, 9277, 9299]
206.3 :    3 : [9265, 9316, 9346]
206.4 :    4 : [9313, 9318, 9319, 9331]
206.5 :    4 : [9251, 9286, 9332, 9343]
206.6 :    6 : [9248, 9249, 9283, 9289, 9307, 9322]
206.7 :    1 : [9268]
206.8 :    3 : [9266, 9271, 9306]
206.9 :    2 : [9334, 9337]
207.0 :    3 : [9264, 9291, 9311]
207.1 :    1 : [9314]
207.2 :    2 : [9256, 9342]
207.3 :    3 : [9262, 9269, 9276]
207.4 :    3 : [9261, 9338, 9345]
207.5 :    2 : [9285, 9335]
207.6 :    1 : [9284]
207.7 :    1 : [9278]
207.8 :    3 : [9292, 9312, 9324]
208.0 :    3 : [9260, 9294, 9308]
208.1 :    2 : [9328, 9340]
208.3 :    3 : [9287, 9301, 9321]
208.4 :    2 : [9293, 9302]
208.5 :    2 : [9298, 9339]
208.6 :    4 : [9254, 9295, 9305, 9317]
208.7 :    5 : [9273, 9274, 9323, 9325, 9327]
208.8 :    1 : [9279]
208.9 :    5 : [9280, 9281, 9288, 9329, 9344]
209.0 :    4 : [9270, 9303, 9326, 9341]
209.1 :    1 : [9275]
209.2 :    7 : [9253, 9258, 9263, 9272, 9277, 9318, 9346]
209.3 :    4 : [9259, 9299, 9313, 9333]
209.4 :    3 : [9265, 9316, 9331]
209.5 :    1 : [9283]
209.6 :    4 : [9251, 9307, 9319, 9332]
209.7 :    2 : [9249, 9322]
209.8 :    5 : [9248, 9266, 9268, 9289, 9343]
209.9 :    3 : [9271, 9286, 9334]
210.1 :    2 : [9306, 9311]
210.2 :    1 : [9337]
210.3 :    2 : [9291, 9314]
210.5 :    4 : [9256, 9262, 9269, 9345]
210.6 :    4 : [9261, 9276, 9338, 9342]
210.8 :    1 : [9335]
210.9 :    1 : [9285]
211.0 :    1 : [9292]
211.1 :    1 : [9278]
211.6 :    1 : [9328]
212.7 :    1 : [9301]
212.8 :    1 : [9324]
213.3 :    1 : [9274]
213.4 :    1 : [9318]
311.7 :    1 : [9332]
311.8 :   49 : [9248, 9249, 9253, 9254, 9256, 9258, 9259, 9262, 9268, 9269, 9271, 9273, 9274, 9275, 9276, 9277, 9280, 9283, 9284, 9285, 9286, 9288, 9291, 9292, 9293, 9294, 9295, 9298, 9305, 9306, 9307, 9311, 9312, 9313, 9314, 9317, 9321, 9323, 9324, 9325, 9327, 9328, 9333, 9334, 9338, 9340, 9344, 9345, 9346]
311.9 :   21 : [9251, 9263, 9264, 9266, 9272, 9278, 9279, 9287, 9299, 9301, 9302, 9303, 9308, 9316, 9318, 9319, 9322, 9331, 9335, 9339, 9341]
312.0 :    7 : [9261, 9265, 9281, 9326, 9329, 9337, 9343]
312.1 :    1 : [9260]
312.2 :    1 : [9289]
313.9 :    2 : [9312, 9340]
314.7 :    2 : [9306, 9327]
314.8 :   16 : [9251, 9253, 9258, 9269, 9271, 9275, 9283, 9284, 9291, 9295, 9298, 9303, 9328, 9332, 9344, 9345]
314.9 :   34 : [9248, 9249, 9254, 9259, 9262, 9266, 9268, 9273, 9277, 9278, 9279, 9280, 9286, 9287, 9288, 9292, 9293, 9294, 9302, 9307, 9308, 9311, 9313, 9314, 9317, 9318, 9319, 9325, 9334, 9335, 9338, 9339, 9341, 9346]
315.0 :   20 : [9256, 9261, 9263, 9264, 9274, 9276, 9281, 9285, 9299, 9301, 9305, 9316, 9321, 9323, 9324, 9326, 9329, 9331, 9333, 9337]
315.1 :    4 : [9260, 9265, 9322, 9343]
315.2 :    1 : [9272]
315.4 :    1 : [9289]
316.3 :    1 : [9340]
316.4 :    1 : [9312]
316.9 :   14 : [9251, 9253, 9258, 9275, 9283, 9291, 9295, 9303, 9306, 9327, 9328, 9332, 9344, 9345]
317.0 :   37 : [9248, 9249, 9254, 9259, 9262, 9266, 9268, 9269, 9271, 9273, 9277, 9278, 9279, 9280, 9284, 9286, 9287, 9288, 9292, 9293, 9294, 9298, 9302, 9307, 9311, 9313, 9314, 9317, 9318, 9319, 9325, 9334, 9335, 9338, 9339, 9341, 9346]
317.1 :   21 : [9256, 9261, 9263, 9264, 9274, 9276, 9281, 9285, 9299, 9301, 9305, 9308, 9316, 9321, 9323, 9324, 9326, 9329, 9331, 9333, 9337]
317.2 :    4 : [9260, 9265, 9322, 9343]
317.3 :    1 : [9272]
318.0 :    1 : [9289]
318.4 :    1 : [9340]
318.5 :    1 : [9312]
319.1 :   15 : [9248, 9249, 9253, 9271, 9277, 9278, 9279, 9283, 9288, 9292, 9293, 9303, 9327, 9328, 9339]
319.3 :   61 : [9251, 9254, 9256, 9258, 9259, 9260, 9261, 9262, 9263, 9264, 9265, 9266, 9268, 9269, 9273, 9274, 9275, 9276, 9280, 9281, 9284, 9285, 9286, 9287, 9291, 9294, 9295, 9298, 9299, 9301, 9302, 9305, 9306, 9307, 9308, 9311, 9313, 9314, 9316, 9317, 9318, 9319, 9321, 9322, 9323, 9324, 9325, 9326, 9329, 9331, 9332, 9333, 9334, 9335, 9337, 9338, 9341, 9343, 9344, 9345, 9346]
319.4 :    1 : [9272]
320.1 :    1 : [9289]
320.5 :    1 : [9340]
320.6 :    1 : [9312]
321.2 :   15 : [9248, 9249, 9253, 9271, 9277, 9278, 9279, 9283, 9288, 9292, 9293, 9303, 9327, 9328, 9339]
321.4 :   20 : [9259, 9261, 9264, 9265, 9273, 9276, 9280, 9281, 9284, 9285, 9291, 9301, 9316, 9317, 9319, 9323, 9324, 9326, 9332, 9343]
321.5 :    7 : [9256, 9298, 9299, 9314, 9322, 9333, 9337]
321.6 :   33 : [9254, 9258, 9260, 9262, 9263, 9266, 9268, 9269, 9272, 9274, 9275, 9286, 9287, 9294, 9295, 9302, 9305, 9306, 9307, 9308, 9311, 9313, 9318, 9321, 9325, 9329, 9331, 9334, 9335, 9338, 9341, 9345, 9346]
321.7 :    2 : [9251, 9344]
322.2 :    1 : [9289]
322.6 :    1 : [9340]
322.7 :    1 : [9312]
323.3 :   15 : [9248, 9249, 9253, 9271, 9277, 9278, 9279, 9283, 9288, 9292, 9293, 9303, 9327, 9328, 9339]
323.5 :   20 : [9259, 9261, 9264, 9265, 9273, 9276, 9280, 9281, 9284, 9285, 9291, 9301, 9316, 9317, 9319, 9323, 9324, 9326, 9332, 9343]
323.7 :   12 : [9254, 9256, 9275, 9299, 9302, 9305, 9314, 9318, 9322, 9329, 9334, 9337]
323.8 :   12 : [9258, 9263, 9274, 9287, 9298, 9308, 9325, 9331, 9333, 9335, 9345, 9346]
323.9 :   16 : [9251, 9262, 9266, 9268, 9269, 9272, 9286, 9294, 9306, 9307, 9311, 9313, 9321, 9338, 9341, 9344]
324.0 :    2 : [9260, 9295]
324.3 :    1 : [9289]
324.9 :    2 : [9312, 9340]
325.4 :   15 : [9248, 9249, 9253, 9271, 9277, 9278, 9279, 9283, 9288, 9292, 9293, 9303, 9327, 9328, 9339]
325.6 :   16 : [9264, 9265, 9273, 9276, 9280, 9281, 9285, 9291, 9301, 9316, 9317, 9319, 9323, 9326, 9332, 9343]
325.8 :    2 : [9256, 9259]
325.9 :    7 : [9261, 9263, 9322, 9325, 9333, 9337, 9345]
326.0 :   28 : [9258, 9262, 9268, 9269, 9272, 9274, 9275, 9284, 9287, 9294, 9298, 9299, 9305, 9306, 9308, 9311, 9313, 9314, 9318, 9321, 9324, 9329, 9331, 9334, 9335, 9338, 9341, 9346]
326.1 :    9 : [9251, 9254, 9260, 9266, 9286, 9295, 9302, 9307, 9344]
326.4 :    1 : [9289]
327.0 :    2 : [9312, 9340]
327.5 :   15 : [9248, 9249, 9253, 9271, 9277, 9278, 9279, 9283, 9288, 9292, 9293, 9303, 9327, 9328, 9339]
327.7 :   16 : [9264, 9265, 9273, 9276, 9280, 9281, 9285, 9291, 9301, 9316, 9317, 9319, 9323, 9326, 9332, 9343]
327.9 :    2 : [9256, 9259]
328.0 :    7 : [9261, 9263, 9322, 9325, 9333, 9337, 9345]
328.1 :   28 : [9258, 9262, 9268, 9269, 9272, 9274, 9275, 9284, 9287, 9294, 9298, 9299, 9305, 9306, 9308, 9311, 9313, 9314, 9318, 9321, 9324, 9329, 9331, 9334, 9335, 9338, 9341, 9346]
328.2 :    2 : [9260, 9295]
328.3 :    6 : [9251, 9266, 9286, 9302, 9307, 9344]
328.4 :    1 : [9254]
328.5 :    1 : [9289]
329.1 :    2 : [9312, 9340]
329.6 :   15 : [9248, 9249, 9253, 9271, 9277, 9278, 9279, 9283, 9288, 9292, 9293, 9303, 9327, 9328, 9339]
329.8 :   16 : [9264, 9265, 9273, 9276, 9280, 9281, 9285, 9291, 9301, 9316, 9317, 9319, 9323, 9326, 9332, 9343]
330.0 :    2 : [9256, 9259]
330.1 :    7 : [9261, 9263, 9322, 9325, 9333, 9337, 9345]
330.2 :   27 : [9258, 9262, 9268, 9272, 9274, 9275, 9284, 9287, 9294, 9298, 9299, 9305, 9306, 9308, 9311, 9313, 9314, 9318, 9321, 9324, 9329, 9331, 9334, 9335, 9338, 9341, 9346]
330.3 :    3 : [9260, 9269, 9295]
330.4 :    6 : [9251, 9266, 9286, 9302, 9307, 9344]
330.6 :    2 : [9254, 9289]
331.2 :    2 : [9312, 9340]
331.7 :   15 : [9248, 9249, 9253, 9271, 9277, 9278, 9279, 9283, 9288, 9292, 9293, 9303, 9327, 9328, 9339]
331.9 :   16 : [9264, 9265, 9273, 9276, 9280, 9281, 9285, 9291, 9301, 9316, 9317, 9319, 9323, 9326, 9332, 9343]
332.1 :    2 : [9256, 9259]
332.2 :    2 : [9261, 9325]
332.3 :   31 : [9258, 9262, 9263, 9268, 9272, 9274, 9275, 9284, 9287, 9294, 9298, 9299, 9305, 9306, 9308, 9311, 9313, 9314, 9318, 9321, 9324, 9329, 9331, 9333, 9334, 9335, 9337, 9338, 9341, 9345, 9346]
332.4 :    3 : [9260, 9269, 9295]
332.5 :    4 : [9251, 9286, 9302, 9307]
332.6 :    3 : [9266, 9322, 9344]
332.7 :    2 : [9254, 9289]
333.3 :    2 : [9312, 9340]
333.8 :   15 : [9248, 9249, 9253, 9271, 9277, 9278, 9279, 9283, 9288, 9292, 9293, 9303, 9327, 9328, 9339]
334.0 :   16 : [9264, 9265, 9273, 9276, 9280, 9281, 9285, 9291, 9301, 9316, 9317, 9319, 9323, 9326, 9332, 9343]
334.2 :    2 : [9256, 9259]
334.3 :    2 : [9261, 9325]
334.4 :   31 : [9258, 9262, 9263, 9268, 9272, 9274, 9275, 9284, 9287, 9294, 9298, 9299, 9305, 9306, 9308, 9311, 9313, 9314, 9318, 9321, 9324, 9329, 9331, 9333, 9334, 9335, 9337, 9338, 9341, 9345, 9346]
334.5 :    3 : [9260, 9269, 9295]
334.6 :    3 : [9251, 9286, 9302]
334.7 :    3 : [9266, 9322, 9344]
334.8 :    3 : [9254, 9289, 9307]
335.4 :    2 : [9312, 9340]
335.9 :   15 : [9248, 9249, 9253, 9271, 9277, 9278, 9279, 9283, 9288, 9292, 9293, 9303, 9327, 9328, 9339]
336.1 :   16 : [9264, 9265, 9273, 9276, 9280, 9281, 9285, 9291, 9301, 9316, 9317, 9319, 9323, 9326, 9332, 9343]
336.3 :    2 : [9256, 9259]
336.4 :    2 : [9261, 9325]
336.5 :   31 : [9258, 9262, 9263, 9268, 9272, 9274, 9275, 9284, 9287, 9294, 9298, 9299, 9305, 9306, 9308, 9311, 9313, 9314, 9318, 9321, 9324, 9329, 9331, 9333, 9334, 9335, 9337, 9338, 9341, 9345, 9346]
336.6 :    3 : [9260, 9269, 9295]
336.7 :    2 : [9251, 9286]
336.8 :    1 : [9266]
336.9 :    5 : [9289, 9302, 9307, 9322, 9344]
337.0 :    1 : [9254]
337.5 :    2 : [9312, 9340]
338.0 :   15 : [9248, 9249, 9253, 9271, 9277, 9278, 9279, 9283, 9288, 9292, 9293, 9303, 9327, 9328, 9339]
338.2 :   16 : [9264, 9265, 9273, 9276, 9280, 9281, 9285, 9291, 9301, 9316, 9317, 9319, 9323, 9326, 9332, 9343]
338.4 :    2 : [9256, 9259]
338.5 :    2 : [9261, 9325]
338.6 :   31 : [9258, 9262, 9263, 9268, 9272, 9274, 9275, 9284, 9287, 9294, 9298, 9299, 9305, 9306, 9308, 9311, 9313, 9314, 9318, 9321, 9324, 9329, 9331, 9333, 9334, 9335, 9337, 9338, 9341, 9345, 9346]
338.7 :    3 : [9260, 9269, 9295]
338.8 :    2 : [9251, 9286]
338.9 :    1 : [9266]
339.0 :    5 : [9289, 9302, 9307, 9322, 9344]
339.1 :    1 : [9254]
339.6 :    2 : [9312, 9340]
340.1 :   15 : [9248, 9249, 9253, 9271, 9277, 9278, 9279, 9283, 9288, 9292, 9293, 9303, 9327, 9328, 9339]
340.3 :   16 : [9264, 9265, 9273, 9276, 9280, 9281, 9285, 9291, 9301, 9316, 9317, 9319, 9323, 9326, 9332, 9343]
340.5 :    2 : [9256, 9259]
340.6 :    2 : [9261, 9325]
340.7 :   31 : [9258, 9262, 9263, 9268, 9272, 9274, 9275, 9284, 9287, 9294, 9298, 9299, 9305, 9306, 9308, 9311, 9313, 9314, 9318, 9321, 9324, 9329, 9331, 9333, 9334, 9335, 9337, 9338, 9341, 9345, 9346]
340.8 :    3 : [9260, 9269, 9295]
340.9 :    2 : [9251, 9286]
341.0 :    1 : [9266]
341.1 :    5 : [9289, 9302, 9307, 9322, 9344]
341.2 :    1 : [9254]
341.7 :    2 : [9312, 9340]
342.2 :   15 : [9248, 9249, 9253, 9271, 9277, 9278, 9279, 9283, 9288, 9292, 9293, 9303, 9327, 9328, 9339]
342.4 :   16 : [9264, 9265, 9273, 9276, 9280, 9281, 9285, 9291, 9301, 9316, 9317, 9319, 9323, 9326, 9332, 9343]
342.7 :    1 : [9325]
342.8 :   34 : [9256, 9258, 9259, 9261, 9262, 9263, 9268, 9272, 9274, 9275, 9284, 9287, 9294, 9298, 9299, 9305, 9306, 9308, 9311, 9313, 9314, 9318, 9321, 9324, 9329, 9331, 9333, 9334, 9335, 9337, 9338, 9341, 9345, 9346]
342.9 :    3 : [9260, 9269, 9295]
343.2 :    8 : [9251, 9266, 9286, 9289, 9302, 9307, 9322, 9344]
343.4 :    1 : [9254]
343.8 :    2 : [9312, 9340]
344.3 :   15 : [9248, 9249, 9253, 9271, 9277, 9278, 9279, 9283, 9288, 9292, 9293, 9303, 9327, 9328, 9339]
344.5 :   16 : [9264, 9265, 9273, 9276, 9280, 9281, 9285, 9291, 9301, 9316, 9317, 9319, 9323, 9326, 9332, 9343]
344.8 :    1 : [9325]
344.9 :   34 : [9256, 9258, 9259, 9261, 9262, 9263, 9268, 9272, 9274, 9275, 9284, 9287, 9294, 9298, 9299, 9305, 9306, 9308, 9311, 9313, 9314, 9318, 9321, 9324, 9329, 9331, 9333, 9334, 9335, 9337, 9338, 9341, 9345, 9346]
345.0 :    3 : [9260, 9269, 9295]
345.3 :    8 : [9251, 9266, 9286, 9289, 9302, 9307, 9322, 9344]
345.6 :    1 : [9254]
345.9 :    2 : [9312, 9340]
346.4 :   15 : [9248, 9249, 9253, 9271, 9277, 9278, 9279, 9283, 9288, 9292, 9293, 9303, 9327, 9328, 9339]
346.6 :   16 : [9264, 9265, 9273, 9276, 9280, 9281, 9285, 9291, 9301, 9316, 9317, 9319, 9323, 9326, 9332, 9343]
346.9 :    1 : [9325]
347.0 :   32 : [9256, 9258, 9259, 9261, 9262, 9263, 9268, 9274, 9275, 9284, 9287, 9294, 9298, 9305, 9306, 9308, 9311, 9313, 9314, 9318, 9321, 9324, 9329, 9331, 9333, 9334, 9335, 9337, 9338, 9341, 9345, 9346]
347.1 :    5 : [9260, 9269, 9272, 9295, 9299]
347.4 :    1 : [9251]
347.5 :    5 : [9266, 9286, 9289, 9302, 9307]
347.6 :    2 : [9322, 9344]
347.8 :    1 : [9254]
348.1 :    2 : [9312, 9340]
348.5 :   15 : [9248, 9249, 9253, 9271, 9277, 9278, 9279, 9283, 9288, 9292, 9293, 9303, 9327, 9328, 9339]
348.7 :   16 : [9264, 9265, 9273, 9276, 9280, 9281, 9285, 9291, 9301, 9316, 9317, 9319, 9323, 9326, 9332, 9343]
349.0 :    1 : [9325]
349.1 :   20 : [9256, 9258, 9261, 9263, 9274, 9284, 9287, 9298, 9306, 9308, 9318, 9324, 9331, 9333, 9334, 9335, 9337, 9338, 9345, 9346]
349.2 :   12 : [9259, 9260, 9262, 9268, 9275, 9294, 9295, 9305, 9311, 9314, 9321, 9329]
349.3 :    5 : [9269, 9272, 9299, 9313, 9341]
349.6 :    2 : [9289, 9302]
349.7 :    6 : [9251, 9266, 9286, 9307, 9322, 9344]
349.9 :    1 : [9254]
350.2 :    2 : [9312, 9340]
350.6 :    1 : [9248]
350.7 :    8 : [9253, 9271, 9277, 9288, 9293, 9327, 9328, 9339]
350.8 :   10 : [9264, 9265, 9285, 9301, 9303, 9316, 9317, 9319, 9332, 9343]
351.1 :    3 : [9278, 9323, 9325]
351.2 :    8 : [9256, 9279, 9281, 9291, 9298, 9324, 9334, 9345]
351.3 :   30 : [9249, 9258, 9259, 9260, 9261, 9262, 9263, 9268, 9273, 9274, 9275, 9284, 9287, 9294, 9295, 9305, 9306, 9308, 9311, 9314, 9318, 9321, 9326, 9329, 9331, 9333, 9335, 9337, 9338, 9346]
351.4 :    2 : [9299, 9341]
351.5 :    2 : [9272, 9283]
351.6 :    4 : [9269, 9276, 9280, 9313]
351.7 :    2 : [9289, 9302]
351.8 :    7 : [9251, 9266, 9286, 9292, 9307, 9322, 9344]
352.0 :    1 : [9254]
352.4 :    2 : [9312, 9340]
352.7 :    1 : [9248]
352.8 :    7 : [9253, 9271, 9277, 9288, 9293, 9327, 9339]
352.9 :   11 : [9264, 9265, 9285, 9301, 9303, 9316, 9317, 9319, 9328, 9332, 9343]
353.2 :    1 : [9323]
353.3 :    2 : [9281, 9291]
353.4 :   13 : [9258, 9260, 9261, 9262, 9263, 9298, 9306, 9308, 9314, 9325, 9331, 9338, 9345]
353.5 :   17 : [9259, 9268, 9274, 9275, 9284, 9287, 9295, 9299, 9305, 9321, 9329, 9333, 9334, 9335, 9337, 9341, 9346]
353.6 :    3 : [9294, 9311, 9324]
353.7 :    4 : [9256, 9272, 9313, 9318]
353.8 :    8 : [9249, 9269, 9278, 9279, 9280, 9283, 9289, 9302]
353.9 :    3 : [9266, 9286, 9307]
354.0 :    3 : [9251, 9322, 9344]
354.1 :    2 : [9254, 9273]
354.2 :    3 : [9276, 9292, 9326]
354.5 :    2 : [9312, 9340]
354.8 :    1 : [9248]
354.9 :    7 : [9253, 9271, 9277, 9288, 9293, 9327, 9339]
355.0 :   11 : [9264, 9265, 9285, 9301, 9303, 9316, 9317, 9319, 9328, 9332, 9343]
355.3 :    1 : [9323]
355.4 :    2 : [9281, 9291]
355.5 :    8 : [9258, 9260, 9262, 9263, 9298, 9306, 9314, 9331]
355.6 :    1 : [9268]
355.7 :   15 : [9259, 9274, 9275, 9284, 9287, 9305, 9308, 9311, 9321, 9324, 9325, 9333, 9334, 9335, 9345]
355.8 :   13 : [9256, 9261, 9272, 9294, 9295, 9299, 9313, 9318, 9329, 9337, 9338, 9341, 9346]
355.9 :    8 : [9249, 9269, 9278, 9279, 9280, 9283, 9289, 9302]
356.0 :    3 : [9266, 9286, 9307]
356.1 :    1 : [9251]
356.2 :    4 : [9254, 9273, 9322, 9344]
356.3 :    3 : [9276, 9292, 9326]
356.6 :    2 : [9312, 9340]
357.0 :    2 : [9288, 9327]
357.1 :    5 : [9248, 9293, 9301, 9317, 9343]
357.2 :    3 : [9265, 9303, 9316]
357.3 :    9 : [9253, 9264, 9271, 9277, 9285, 9319, 9328, 9332, 9339]
357.4 :    1 : [9323]
357.5 :    2 : [9281, 9291]
357.6 :    8 : [9258, 9260, 9262, 9263, 9298, 9306, 9314, 9331]
357.7 :    1 : [9268]
357.8 :   14 : [9274, 9275, 9284, 9287, 9305, 9308, 9311, 9321, 9324, 9325, 9333, 9334, 9335, 9345]
357.9 :   14 : [9256, 9259, 9261, 9272, 9294, 9295, 9299, 9313, 9318, 9329, 9337, 9338, 9341, 9346]
358.0 :    8 : [9249, 9269, 9278, 9279, 9280, 9283, 9289, 9302]
358.1 :    3 : [9266, 9286, 9307]
358.2 :    1 : [9251]
358.3 :    4 : [9254, 9273, 9322, 9344]
358.4 :    3 : [9276, 9292, 9326]
358.7 :    1 : [9312]
358.8 :    1 : [9340]
359.1 :    2 : [9288, 9327]
359.2 :    5 : [9248, 9293, 9301, 9317, 9343]
359.3 :    3 : [9265, 9303, 9316]
359.4 :    9 : [9253, 9264, 9271, 9277, 9285, 9319, 9328, 9332, 9339]
359.5 :    1 : [9323]
359.6 :    2 : [9281, 9291]
359.7 :    8 : [9258, 9260, 9262, 9263, 9298, 9306, 9314, 9331]
359.8 :    1 : [9268]
359.9 :   14 : [9274, 9275, 9284, 9287, 9305, 9308, 9311, 9321, 9324, 9325, 9333, 9334, 9335, 9345]
360.0 :   14 : [9256, 9259, 9261, 9272, 9294, 9295, 9299, 9313, 9318, 9329, 9337, 9338, 9341, 9346]
360.1 :    8 : [9249, 9269, 9278, 9279, 9280, 9283, 9289, 9302]
360.2 :    3 : [9266, 9286, 9307]
360.3 :    1 : [9251]
360.4 :    4 : [9254, 9273, 9322, 9344]
360.5 :    3 : [9276, 9292, 9326]
360.8 :    1 : [9312]
360.9 :    1 : [9340]
361.2 :    2 : [9288, 9327]
361.3 :    5 : [9248, 9293, 9301, 9317, 9343]
361.4 :    3 : [9265, 9303, 9316]
361.5 :    9 : [9253, 9264, 9271, 9277, 9285, 9319, 9328, 9332, 9339]
361.6 :    1 : [9323]
361.7 :    2 : [9281, 9291]
361.8 :    8 : [9258, 9260, 9262, 9263, 9298, 9306, 9314, 9331]
361.9 :    1 : [9268]
362.0 :   14 : [9274, 9275, 9284, 9287, 9305, 9308, 9311, 9321, 9324, 9325, 9333, 9334, 9335, 9345]
362.1 :   14 : [9256, 9259, 9261, 9272, 9294, 9295, 9299, 9313, 9318, 9329, 9337, 9338, 9341, 9346]
362.2 :    8 : [9249, 9269, 9278, 9279, 9280, 9283, 9289, 9302]
362.3 :    3 : [9266, 9286, 9307]
362.4 :    1 : [9251]
362.5 :    4 : [9254, 9273, 9322, 9344]
362.6 :    3 : [9276, 9292, 9326]
362.9 :    1 : [9312]
363.0 :    1 : [9340]
363.3 :    2 : [9288, 9327]
363.4 :    5 : [9248, 9293, 9301, 9317, 9343]
363.5 :    3 : [9265, 9303, 9316]
363.6 :    9 : [9253, 9264, 9271, 9277, 9285, 9319, 9328, 9332, 9339]
363.7 :    1 : [9323]
363.8 :    2 : [9281, 9291]
363.9 :    8 : [9258, 9260, 9262, 9263, 9298, 9306, 9314, 9331]
364.0 :    1 : [9268]
364.1 :   13 : [9274, 9275, 9284, 9287, 9305, 9308, 9311, 9321, 9324, 9325, 9334, 9335, 9345]
364.2 :   13 : [9256, 9259, 9261, 9272, 9294, 9295, 9299, 9313, 9318, 9329, 9337, 9338, 9346]
364.3 :    7 : [9249, 9269, 9278, 9279, 9280, 9283, 9302]
364.4 :    3 : [9266, 9286, 9307]
364.5 :    1 : [9251]
364.6 :    4 : [9254, 9273, 9322, 9344]
364.7 :    6 : [9276, 9289, 9292, 9326, 9333, 9341]
365.0 :    1 : [9312]
365.1 :    1 : [9340]
365.4 :    2 : [9288, 9327]
365.5 :    5 : [9248, 9293, 9301, 9317, 9343]
365.6 :    3 : [9265, 9303, 9316]
365.7 :    9 : [9253, 9264, 9271, 9277, 9285, 9319, 9328, 9332, 9339]
365.8 :    1 : [9323]
365.9 :    2 : [9281, 9291]
366.0 :    4 : [9258, 9306, 9314, 9331]
366.1 :    2 : [9260, 9263]
366.2 :   12 : [9274, 9275, 9284, 9287, 9305, 9308, 9311, 9321, 9324, 9334, 9335, 9345]
366.3 :   16 : [9256, 9259, 9261, 9268, 9272, 9294, 9295, 9298, 9299, 9313, 9318, 9325, 9329, 9337, 9338, 9346]
366.4 :    8 : [9249, 9262, 9269, 9278, 9279, 9280, 9283, 9302]
366.5 :    3 : [9266, 9286, 9307]
366.6 :    1 : [9251]
366.7 :    4 : [9254, 9273, 9322, 9344]
366.8 :    3 : [9276, 9292, 9326]
367.1 :    2 : [9312, 9341]
367.2 :    2 : [9333, 9340]
367.4 :    1 : [9289]
367.5 :    2 : [9288, 9327]
367.6 :    5 : [9248, 9293, 9301, 9317, 9343]
367.7 :    3 : [9265, 9303, 9316]
367.8 :    9 : [9253, 9264, 9271, 9277, 9285, 9319, 9328, 9332, 9339]
367.9 :    1 : [9323]
368.0 :    2 : [9281, 9291]
368.1 :    2 : [9258, 9306]
368.2 :    1 : [9314]
368.3 :    7 : [9305, 9311, 9321, 9324, 9334, 9335, 9345]
368.4 :   11 : [9256, 9259, 9261, 9272, 9294, 9295, 9299, 9313, 9318, 9329, 9337]
368.5 :    7 : [9249, 9263, 9278, 9279, 9280, 9283, 9308]
368.6 :    3 : [9260, 9266, 9307]
368.7 :    2 : [9298, 9325]
368.8 :    5 : [9268, 9273, 9284, 9322, 9344]
368.9 :    5 : [9262, 9269, 9276, 9292, 9326]
369.0 :    2 : [9251, 9331]
369.1 :    3 : [9274, 9286, 9346]
369.2 :    3 : [9275, 9287, 9312]
369.3 :    2 : [9338, 9340]
369.4 :    1 : [9302]
369.5 :    1 : [9254]
369.6 :    2 : [9288, 9327]
369.7 :    7 : [9248, 9293, 9301, 9317, 9333, 9341, 9343]
369.8 :    3 : [9265, 9303, 9316]
369.9 :    9 : [9253, 9264, 9271, 9277, 9285, 9319, 9328, 9332, 9339]
370.0 :    2 : [9289, 9323]
370.1 :    2 : [9281, 9291]
370.4 :    1 : [9305]
370.6 :    6 : [9249, 9278, 9279, 9280, 9283, 9314]
370.7 :    2 : [9272, 9334]
370.8 :    3 : [9306, 9324, 9345]
370.9 :    6 : [9259, 9261, 9273, 9299, 9318, 9329]
371.0 :    6 : [9276, 9292, 9295, 9311, 9321, 9326]
371.1 :    7 : [9258, 9263, 9308, 9313, 9335, 9337, 9344]
371.2 :    3 : [9256, 9266, 9294]
371.3 :    4 : [9260, 9298, 9312, 9322]
371.4 :    3 : [9268, 9284, 9325]
371.5 :    2 : [9269, 9307]
371.6 :    4 : [9251, 9262, 9331, 9340]
371.7 :    5 : [9274, 9286, 9288, 9327, 9346]
371.8 :    6 : [9248, 9275, 9287, 9293, 9317, 9343]
371.9 :    4 : [9265, 9303, 9316, 9338]
372.0 :    8 : [9253, 9271, 9277, 9302, 9319, 9328, 9332, 9339]
372.1 :    2 : [9254, 9323]
372.2 :    1 : [9291]
372.4 :    1 : [9301]
372.5 :    1 : [9281]
372.6 :    2 : [9333, 9341]
372.7 :    3 : [9249, 9280, 9283]
372.8 :    2 : [9285, 9289]
372.9 :    2 : [9264, 9305]
373.1 :    1 : [9292]
373.3 :    2 : [9272, 9279]
373.4 :    2 : [9314, 9334]
373.5 :    3 : [9276, 9306, 9318]
373.6 :    5 : [9259, 9299, 9312, 9324, 9345]
373.7 :    8 : [9261, 9295, 9311, 9321, 9329, 9335, 9337, 9344]
373.8 :    4 : [9258, 9288, 9313, 9326]
373.9 :    5 : [9256, 9266, 9273, 9278, 9294]
374.0 :    2 : [9263, 9308]
374.1 :    4 : [9277, 9319, 9322, 9340]
374.2 :    2 : [9248, 9307]
374.3 :    8 : [9260, 9268, 9291, 9298, 9325, 9327, 9332, 9339]
374.4 :    6 : [9251, 9269, 9284, 9317, 9323, 9343]
374.5 :    4 : [9253, 9303, 9331, 9346]
374.6 :    4 : [9262, 9265, 9274, 9286]
374.7 :    3 : [9275, 9287, 9293]
374.8 :    3 : [9280, 9283, 9301]
374.9 :    3 : [9302, 9316, 9338]
375.0 :    2 : [9254, 9271]
375.1 :    2 : [9281, 9328]
375.2 :    1 : [9249]
375.3 :    1 : [9285]
375.5 :    1 : [9264]
375.7 :    2 : [9305, 9333]
375.8 :    2 : [9292, 9341]
375.9 :    1 : [9279]
376.0 :    1 : [9289]
376.1 :    1 : [9272]
376.2 :    1 : [9276]
376.3 :    1 : [9312]
376.4 :    3 : [9288, 9314, 9318]
376.5 :    5 : [9273, 9306, 9319, 9326, 9334]
376.6 :    3 : [9278, 9299, 9345]
376.7 :    8 : [9277, 9295, 9311, 9321, 9324, 9335, 9337, 9344]
376.8 :    9 : [9256, 9258, 9259, 9261, 9266, 9294, 9313, 9329, 9340]
376.9 :    3 : [9248, 9327, 9332]
377.0 :    3 : [9291, 9317, 9339]
377.1 :    3 : [9307, 9323, 9343]
377.2 :    2 : [9253, 9303]
377.3 :    4 : [9263, 9280, 9308, 9322]
377.4 :    2 : [9265, 9283]
377.5 :    1 : [9293]
377.6 :    6 : [9251, 9268, 9284, 9298, 9301, 9325]
377.7 :    6 : [9260, 9269, 9271, 9316, 9331, 9346]
377.8 :    3 : [9274, 9286, 9328]
377.9 :    6 : [9249, 9262, 9275, 9281, 9287, 9341]
378.1 :    4 : [9254, 9285, 9302, 9338]
378.4 :    1 : [9264]
378.6 :    1 : [9292]
378.8 :    2 : [9279, 9305]
379.0 :    1 : [9276]
379.1 :    1 : [9312]
379.2 :    2 : [9272, 9333]
379.3 :    1 : [9288]
379.4 :    5 : [9263, 9308, 9319, 9322, 9326]
379.5 :    3 : [9273, 9278, 9289]
379.6 :    2 : [9277, 9318]
379.7 :    3 : [9284, 9298, 9314]
379.8 :    4 : [9248, 9260, 9332, 9334]
379.9 :    6 : [9291, 9306, 9327, 9340, 9344, 9345]
380.0 :    6 : [9262, 9299, 9317, 9335, 9337, 9339]
380.1 :   10 : [9256, 9266, 9294, 9295, 9303, 9311, 9313, 9321, 9323, 9343]
380.2 :    8 : [9253, 9254, 9258, 9259, 9280, 9302, 9324, 9338]
380.3 :    3 : [9261, 9283, 9329]
380.4 :    1 : [9307]
380.5 :    2 : [9265, 9293]
380.7 :    2 : [9301, 9328]
380.8 :    2 : [9271, 9316]
381.0 :    2 : [9249, 9281]
381.2 :    4 : [9251, 9268, 9285, 9325]
381.3 :    5 : [9269, 9274, 9331, 9333, 9346]
381.4 :    3 : [9275, 9286, 9287]
381.5 :    1 : [9341]
381.6 :    1 : [9289]
381.7 :    2 : [9264, 9292]
381.8 :    1 : [9314]
381.9 :    1 : [9334]
382.0 :    4 : [9279, 9306, 9344, 9345]
382.1 :    3 : [9299, 9335, 9337]
382.2 :    7 : [9256, 9266, 9294, 9295, 9311, 9313, 9321]
382.3 :    5 : [9258, 9259, 9276, 9305, 9324]
382.4 :    3 : [9261, 9312, 9329]
382.5 :    1 : [9307]
382.6 :    2 : [9288, 9326]
382.7 :    3 : [9272, 9278, 9319]
382.8 :    2 : [9273, 9277]
382.9 :    3 : [9263, 9308, 9322]
383.0 :    1 : [9332]
383.1 :    2 : [9248, 9327]
383.2 :    3 : [9291, 9298, 9318]
383.3 :    8 : [9251, 9268, 9284, 9303, 9317, 9323, 9325, 9339]
383.4 :    9 : [9253, 9269, 9274, 9280, 9331, 9333, 9340, 9343, 9346]
383.5 :    4 : [9260, 9275, 9286, 9287]
383.6 :    3 : [9254, 9283, 9341]
383.7 :    2 : [9289, 9302]
383.8 :    2 : [9262, 9338]
384.0 :    4 : [9265, 9293, 9328, 9334]
384.1 :    1 : [9301]
384.2 :    2 : [9271, 9316]
384.4 :    4 : [9259, 9281, 9305, 9324]
384.5 :    3 : [9249, 9261, 9329]
384.7 :    2 : [9285, 9326]
384.8 :    1 : [9272]
384.9 :    2 : [9273, 9277]
385.0 :    1 : [9322]
385.1 :    4 : [9263, 9292, 9308, 9332]
385.2 :    2 : [9248, 9327]
385.3 :    2 : [9264, 9318]
385.4 :    9 : [9251, 9268, 9284, 9298, 9303, 9317, 9323, 9325, 9339]
385.5 :    8 : [9253, 9269, 9274, 9331, 9333, 9340, 9343, 9346]
385.6 :    7 : [9275, 9279, 9286, 9287, 9314, 9335, 9344]
385.7 :    4 : [9254, 9260, 9283, 9337]
385.8 :    8 : [9256, 9289, 9294, 9299, 9302, 9306, 9313, 9345]
385.9 :    6 : [9266, 9276, 9311, 9312, 9338, 9341]
386.0 :    4 : [9258, 9262, 9295, 9321]
386.1 :    4 : [9265, 9293, 9307, 9328]
386.2 :    2 : [9288, 9301]
386.3 :    4 : [9271, 9278, 9316, 9319]
386.5 :    4 : [9259, 9281, 9305, 9324]
386.6 :    3 : [9249, 9261, 9329]
386.8 :    2 : [9285, 9291]
386.9 :    1 : [9272]
387.0 :    1 : [9280]
387.2 :    2 : [9292, 9322]
387.4 :    4 : [9263, 9264, 9308, 9318]
387.5 :    1 : [9251]
387.6 :    6 : [9268, 9274, 9325, 9331, 9340, 9346]
387.7 :    8 : [9269, 9275, 9279, 9284, 9286, 9287, 9298, 9344]
387.8 :    4 : [9314, 9333, 9335, 9337]
387.9 :    4 : [9254, 9294, 9313, 9334]
388.0 :    6 : [9256, 9266, 9276, 9306, 9312, 9345]
388.1 :    4 : [9289, 9299, 9302, 9311]
388.2 :    7 : [9258, 9260, 9265, 9293, 9295, 9321, 9338]
388.3 :    4 : [9288, 9301, 9307, 9326]
388.4 :    7 : [9262, 9271, 9277, 9278, 9316, 9319, 9341]
388.5 :    1 : [9273]
388.6 :    5 : [9259, 9281, 9305, 9324, 9332]
388.7 :    3 : [9249, 9327, 9329]
388.8 :    2 : [9248, 9261]
388.9 :    3 : [9285, 9291, 9303]
389.0 :    4 : [9272, 9317, 9323, 9339]
389.1 :    3 : [9253, 9280, 9343]
389.2 :    1 : [9283]
389.3 :    1 : [9292]
389.5 :    2 : [9264, 9318]
389.7 :    3 : [9322, 9328, 9340]
389.8 :    2 : [9251, 9279]
389.9 :    2 : [9263, 9308]
390.0 :    4 : [9274, 9331, 9344, 9346]
390.1 :    7 : [9268, 9275, 9276, 9286, 9287, 9312, 9335]
390.2 :    2 : [9325, 9337]
390.3 :   10 : [9254, 9256, 9265, 9269, 9284, 9293, 9294, 9298, 9313, 9314]
390.4 :    6 : [9266, 9288, 9301, 9326, 9334, 9345]
390.5 :    8 : [9271, 9277, 9278, 9299, 9306, 9316, 9319, 9333]
390.6 :    4 : [9273, 9302, 9307, 9311]
390.7 :    5 : [9258, 9281, 9295, 9321, 9332]
390.8 :    3 : [9249, 9305, 9338]
390.9 :    3 : [9260, 9289, 9327]
391.0 :    3 : [9248, 9285, 9291]
391.1 :    2 : [9272, 9303]
391.2 :    5 : [9262, 9280, 9317, 9323, 9339]
391.3 :    4 : [9253, 9259, 9324, 9343]
391.4 :    5 : [9261, 9283, 9292, 9329, 9341]
391.7 :    1 : [9264]
391.8 :    2 : [9328, 9340]
391.9 :    1 : [9279]
392.0 :    1 : [9318]
392.2 :    1 : [9276]
392.3 :    1 : [9312]
392.4 :    2 : [9265, 9293]
392.5 :    3 : [9288, 9301, 9322]
392.6 :    6 : [9251, 9271, 9278, 9316, 9319, 9344]
392.7 :    2 : [9277, 9326]
392.8 :    6 : [9274, 9281, 9331, 9335, 9337, 9346]
392.9 :    6 : [9249, 9275, 9286, 9287, 9294, 9313]
393.0 :    6 : [9256, 9263, 9266, 9273, 9308, 9332]
393.1 :    4 : [9254, 9268, 9285, 9314]
393.2 :    4 : [9307, 9327, 9334, 9345]
393.3 :    7 : [9269, 9280, 9291, 9299, 9303, 9306, 9325]
393.4 :    4 : [9248, 9258, 9284, 9311]
393.5 :    7 : [9292, 9295, 9298, 9302, 9305, 9321, 9339]
393.6 :    3 : [9253, 9317, 9323]
393.7 :    2 : [9283, 9343]
393.8 :    1 : [9272]
393.9 :    1 : [9338]
394.1 :    1 : [9333]
394.2 :    2 : [9264, 9328]
394.3 :    1 : [9340]
394.4 :    1 : [9279]
394.5 :    3 : [9259, 9289, 9324]
394.6 :    1 : [9329]
394.7 :    2 : [9261, 9276]
394.8 :    4 : [9260, 9293, 9312, 9318]
394.9 :    3 : [9262, 9265, 9271]
395.0 :    1 : [9288]
395.1 :    3 : [9278, 9301, 9319]
395.2 :    1 : [9277]
395.3 :    3 : [9281, 9316, 9326]
395.4 :    1 : [9249]
395.5 :    1 : [9332]
395.6 :    3 : [9273, 9285, 9344]
395.7 :    2 : [9280, 9327]
395.8 :    1 : [9291]
395.9 :    2 : [9292, 9303]
396.0 :    4 : [9248, 9294, 9335, 9337]
396.1 :    1 : [9313]
396.2 :    4 : [9256, 9283, 9323, 9339]
396.3 :    3 : [9253, 9266, 9317]
396.4 :    2 : [9307, 9343]
396.5 :    1 : [9251]
396.8 :    3 : [9287, 9305, 9328]
396.9 :    5 : [9254, 9274, 9275, 9331, 9346]
397.0 :    2 : [9272, 9314]
397.1 :    1 : [9345]
397.2 :    3 : [9258, 9264, 9311]
397.3 :    4 : [9279, 9299, 9334, 9340]
397.4 :    2 : [9286, 9322]
397.6 :    4 : [9276, 9306, 9312, 9321]
397.7 :    1 : [9295]
397.8 :    2 : [9271, 9293]
398.0 :    4 : [9265, 9278, 9288, 9319]
398.1 :    1 : [9277]
398.2 :    1 : [9301]
398.3 :    2 : [9281, 9326]
398.4 :    2 : [9316, 9332]
398.6 :    2 : [9249, 9280]
398.7 :    2 : [9285, 9327]
398.8 :    1 : [9273]
398.9 :    3 : [9291, 9292, 9303]
399.3 :    2 : [9248, 9283]
399.4 :    2 : [9253, 9323]
399.5 :    1 : [9339]
399.6 :    1 : [9317]
399.9 :    2 : [9328, 9343]
511.6 :   24 : [9256, 9258, 9272, 9273, 9276, 9277, 9279, 9283, 9286, 9288, 9293, 9295, 9298, 9302, 9303, 9307, 9323, 9327, 9328, 9329, 9335, 9339, 9341, 9343]
511.7 :   50 : [9248, 9249, 9251, 9254, 9260, 9261, 9262, 9263, 9264, 9265, 9268, 9269, 9271, 9274, 9275, 9278, 9281, 9284, 9285, 9287, 9289, 9291, 9292, 9294, 9299, 9301, 9305, 9306, 9308, 9311, 9312, 9313, 9314, 9316, 9318, 9319, 9321, 9322, 9324, 9325, 9326, 9331, 9332, 9334, 9337, 9338, 9340, 9344, 9345, 9346]
511.8 :    4 : [9266, 9280, 9317, 9333]
513.9 :    1 : [9333]
514.6 :   11 : [9273, 9287, 9288, 9295, 9298, 9303, 9306, 9327, 9328, 9337, 9345]
514.7 :   45 : [9248, 9249, 9251, 9254, 9256, 9258, 9260, 9261, 9264, 9265, 9266, 9269, 9271, 9276, 9279, 9281, 9283, 9284, 9286, 9291, 9292, 9294, 9302, 9305, 9307, 9308, 9312, 9313, 9316, 9318, 9319, 9321, 9322, 9324, 9326, 9331, 9332, 9334, 9335, 9338, 9339, 9341, 9343, 9344, 9346]
514.8 :   19 : [9262, 9263, 9268, 9272, 9274, 9275, 9277, 9278, 9280, 9285, 9293, 9299, 9301, 9311, 9314, 9323, 9325, 9329, 9340]
514.9 :    2 : [9289, 9317]
516.3 :    1 : [9333]
516.7 :    1 : [9273]
516.8 :    3 : [9276, 9291, 9326]
516.9 :    1 : [9323]
517.0 :    1 : [9298]
517.1 :    2 : [9327, 9345]
517.2 :   14 : [9251, 9256, 9261, 9284, 9287, 9288, 9295, 9303, 9306, 9307, 9322, 9337, 9338, 9341]
517.3 :   32 : [9249, 9254, 9258, 9260, 9262, 9264, 9265, 9266, 9268, 9269, 9274, 9275, 9283, 9286, 9294, 9302, 9308, 9312, 9313, 9314, 9316, 9321, 9324, 9325, 9329, 9331, 9332, 9334, 9335, 9340, 9344, 9346]
517.4 :   15 : [9248, 9263, 9277, 9279, 9280, 9285, 9292, 9293, 9299, 9305, 9311, 9317, 9318, 9328, 9343]
517.5 :    6 : [9271, 9272, 9281, 9289, 9319, 9339]
517.6 :    2 : [9278, 9301]
518.6 :    1 : [9333]
518.8 :    1 : [9273]
518.9 :    3 : [9276, 9291, 9326]
519.0 :    1 : [9323]
519.1 :    1 : [9298]
519.2 :    2 : [9327, 9345]
519.3 :   10 : [9251, 9256, 9261, 9284, 9288, 9295, 9303, 9306, 9337, 9338]
519.4 :    8 : [9249, 9265, 9283, 9294, 9313, 9321, 9332, 9335]
519.5 :   20 : [9248, 9258, 9266, 9269, 9275, 9279, 9280, 9285, 9287, 9292, 9293, 9299, 9305, 9307, 9314, 9317, 9318, 9328, 9331, 9343]
519.6 :    6 : [9281, 9312, 9319, 9339, 9340, 9341]
519.7 :   14 : [9254, 9260, 9264, 9271, 9272, 9278, 9286, 9301, 9302, 9316, 9324, 9325, 9329, 9334]
519.8 :   11 : [9262, 9263, 9268, 9274, 9277, 9289, 9308, 9311, 9322, 9344, 9346]
520.7 :    1 : [9333]
520.9 :    1 : [9273]
521.0 :    3 : [9276, 9291, 9326]
521.2 :    2 : [9298, 9323]
521.3 :    2 : [9327, 9345]
521.4 :   10 : [9251, 9256, 9261, 9284, 9288, 9295, 9303, 9306, 9337, 9338]
521.5 :    8 : [9249, 9265, 9283, 9294, 9313, 9321, 9332, 9335]
521.6 :   20 : [9248, 9258, 9266, 9269, 9275, 9279, 9280, 9285, 9287, 9292, 9293, 9299, 9305, 9307, 9314, 9317, 9318, 9328, 9331, 9343]
521.7 :    6 : [9281, 9312, 9319, 9339, 9340, 9341]
521.8 :   12 : [9260, 9264, 9271, 9272, 9278, 9301, 9302, 9316, 9324, 9325, 9329, 9334]
521.9 :   12 : [9254, 9262, 9263, 9268, 9274, 9277, 9286, 9289, 9311, 9322, 9344, 9346]
522.0 :    1 : [9308]
522.9 :    1 : [9333]
523.0 :    1 : [9273]
523.1 :    2 : [9276, 9291]
523.2 :    1 : [9326]
523.3 :    1 : [9323]
523.5 :   13 : [9251, 9256, 9261, 9284, 9288, 9295, 9298, 9303, 9306, 9327, 9337, 9338, 9345]
523.6 :    8 : [9249, 9265, 9283, 9294, 9313, 9321, 9332, 9335]
523.7 :   20 : [9248, 9258, 9266, 9269, 9275, 9279, 9280, 9285, 9287, 9292, 9293, 9299, 9305, 9307, 9314, 9317, 9318, 9328, 9331, 9343]
523.8 :    5 : [9281, 9312, 9319, 9339, 9341]
523.9 :   12 : [9260, 9264, 9271, 9272, 9278, 9301, 9302, 9316, 9324, 9325, 9329, 9334]
524.1 :   10 : [9254, 9263, 9268, 9286, 9289, 9308, 9322, 9340, 9344, 9346]
524.2 :    2 : [9262, 9277]
524.3 :    2 : [9274, 9311]
525.1 :    1 : [9273]
525.2 :    2 : [9276, 9291]
525.3 :    2 : [9326, 9333]
525.4 :    1 : [9323]
525.6 :    4 : [9251, 9288, 9298, 9337]
525.7 :    8 : [9249, 9265, 9283, 9295, 9303, 9306, 9327, 9332]
525.8 :   29 : [9248, 9256, 9258, 9261, 9266, 9269, 9275, 9279, 9280, 9284, 9285, 9287, 9292, 9293, 9294, 9299, 9305, 9307, 9313, 9314, 9317, 9318, 9321, 9328, 9331, 9335, 9338, 9343, 9345]
525.9 :    5 : [9281, 9312, 9319, 9339, 9341]
526.0 :   12 : [9260, 9264, 9271, 9272, 9278, 9301, 9302, 9316, 9324, 9325, 9329, 9334]
526.3 :    7 : [9254, 9262, 9263, 9277, 9286, 9289, 9344]
526.4 :    7 : [9268, 9274, 9308, 9311, 9322, 9340, 9346]
527.3 :    3 : [9273, 9276, 9291]
527.4 :    1 : [9326]
527.5 :    2 : [9323, 9333]
527.7 :    4 : [9251, 9288, 9298, 9337]
527.8 :    8 : [9249, 9265, 9283, 9295, 9303, 9306, 9327, 9332]
527.9 :    3 : [9269, 9279, 9343]
528.0 :   31 : [9248, 9256, 9258, 9261, 9266, 9275, 9280, 9281, 9284, 9285, 9287, 9292, 9293, 9294, 9299, 9305, 9307, 9312, 9313, 9314, 9317, 9318, 9319, 9321, 9328, 9331, 9335, 9338, 9339, 9341, 9345]
528.1 :   12 : [9260, 9264, 9271, 9272, 9278, 9301, 9302, 9316, 9324, 9325, 9329, 9334]
528.4 :    7 : [9254, 9262, 9263, 9277, 9286, 9289, 9344]
528.5 :    7 : [9268, 9274, 9308, 9311, 9322, 9340, 9346]
529.4 :    3 : [9273, 9276, 9291]
529.5 :    1 : [9326]
529.6 :    2 : [9323, 9333]
529.8 :    4 : [9251, 9288, 9298, 9337]
529.9 :    6 : [9249, 9265, 9295, 9306, 9327, 9332]
530.0 :    3 : [9269, 9279, 9343]
530.1 :   15 : [9248, 9275, 9280, 9281, 9283, 9285, 9292, 9293, 9303, 9312, 9317, 9319, 9328, 9339, 9341]
530.2 :   30 : [9256, 9258, 9260, 9261, 9264, 9266, 9271, 9272, 9278, 9284, 9287, 9294, 9299, 9301, 9302, 9305, 9307, 9313, 9314, 9316, 9318, 9321, 9324, 9325, 9329, 9331, 9334, 9335, 9338, 9345]
530.5 :    7 : [9254, 9262, 9263, 9277, 9286, 9289, 9344]
530.6 :    7 : [9268, 9274, 9308, 9311, 9322, 9340, 9346]
531.5 :    3 : [9273, 9276, 9291]
531.6 :    1 : [9326]
531.7 :    2 : [9323, 9333]
531.9 :    3 : [9288, 9298, 9337]
532.0 :    7 : [9249, 9251, 9265, 9295, 9306, 9327, 9332]
532.1 :    1 : [9269]
532.2 :    4 : [9279, 9317, 9339, 9343]
532.3 :   20 : [9248, 9260, 9271, 9272, 9275, 9278, 9280, 9281, 9283, 9285, 9292, 9293, 9301, 9302, 9303, 9312, 9316, 9319, 9328, 9341]
532.4 :    5 : [9256, 9284, 9294, 9321, 9338]
532.5 :    1 : [9264]
532.6 :   15 : [9254, 9258, 9261, 9262, 9263, 9277, 9286, 9287, 9289, 9299, 9313, 9314, 9325, 9334, 9344]
532.7 :   16 : [9266, 9268, 9274, 9305, 9307, 9308, 9311, 9318, 9322, 9324, 9329, 9331, 9335, 9340, 9345, 9346]
533.6 :    3 : [9273, 9276, 9291]
533.7 :    1 : [9326]
533.8 :    2 : [9323, 9333]
534.0 :    1 : [9337]
534.1 :    4 : [9251, 9265, 9288, 9332]
534.2 :    5 : [9249, 9269, 9295, 9298, 9306]
534.3 :    5 : [9279, 9317, 9327, 9339, 9343]
534.4 :    3 : [9272, 9278, 9302]
534.5 :   17 : [9248, 9260, 9271, 9275, 9280, 9281, 9283, 9285, 9292, 9293, 9301, 9303, 9312, 9316, 9319, 9328, 9341]
534.6 :    1 : [9264]
534.7 :   19 : [9254, 9256, 9258, 9261, 9262, 9263, 9277, 9286, 9287, 9289, 9294, 9299, 9313, 9314, 9321, 9325, 9334, 9338, 9344]
534.8 :   17 : [9266, 9268, 9274, 9284, 9305, 9307, 9308, 9311, 9318, 9322, 9324, 9329, 9331, 9335, 9340, 9345, 9346]
535.7 :    3 : [9273, 9276, 9291]
535.8 :    1 : [9326]
535.9 :    2 : [9323, 9333]
536.1 :    1 : [9337]
536.2 :    1 : [9288]
536.3 :    7 : [9249, 9251, 9265, 9269, 9295, 9306, 9332]
536.4 :    6 : [9279, 9298, 9317, 9327, 9339, 9343]
536.5 :    3 : [9272, 9278, 9302]
536.7 :    7 : [9248, 9260, 9264, 9271, 9292, 9316, 9328]
536.8 :   28 : [9254, 9256, 9258, 9261, 9262, 9263, 9277, 9280, 9281, 9283, 9285, 9286, 9287, 9289, 9293, 9294, 9299, 9301, 9303, 9312, 9313, 9314, 9319, 9321, 9325, 9334, 9338, 9344]
536.9 :   19 : [9266, 9268, 9274, 9275, 9284, 9305, 9307, 9308, 9311, 9318, 9322, 9324, 9329, 9331, 9335, 9340, 9341, 9345, 9346]
537.8 :    3 : [9273, 9276, 9291]
537.9 :    1 : [9326]
538.0 :    2 : [9323, 9333]
538.4 :    8 : [9249, 9251, 9265, 9269, 9295, 9306, 9332, 9337]
538.5 :    7 : [9279, 9288, 9298, 9317, 9327, 9339, 9343]
538.6 :    3 : [9272, 9278, 9302]
538.8 :    6 : [9248, 9260, 9271, 9292, 9316, 9328]
538.9 :   29 : [9254, 9256, 9258, 9261, 9262, 9263, 9264, 9277, 9280, 9281, 9283, 9285, 9286, 9287, 9289, 9293, 9294, 9299, 9301, 9303, 9312, 9313, 9314, 9319, 9321, 9325, 9334, 9338, 9344]
539.0 :   18 : [9266, 9268, 9274, 9275, 9284, 9305, 9307, 9308, 9311, 9318, 9322, 9324, 9329, 9331, 9335, 9341, 9345, 9346]
539.1 :    1 : [9340]
539.9 :    3 : [9273, 9276, 9291]
540.0 :    1 : [9326]
540.1 :    2 : [9323, 9333]
540.5 :    8 : [9249, 9251, 9265, 9269, 9295, 9306, 9332, 9337]
540.6 :    7 : [9279, 9288, 9298, 9317, 9327, 9339, 9343]
540.7 :    3 : [9272, 9278, 9302]
541.0 :   23 : [9248, 9254, 9256, 9260, 9262, 9271, 9277, 9280, 9281, 9283, 9285, 9286, 9289, 9292, 9293, 9299, 9301, 9303, 9312, 9316, 9319, 9328, 9344]
541.1 :   29 : [9258, 9261, 9263, 9266, 9268, 9274, 9275, 9284, 9287, 9294, 9305, 9307, 9308, 9311, 9313, 9314, 9318, 9321, 9322, 9324, 9325, 9329, 9331, 9334, 9335, 9338, 9341, 9345, 9346]
541.2 :    2 : [9264, 9340]
542.0 :    3 : [9273, 9276, 9291]
542.1 :    1 : [9326]
542.2 :    2 : [9323, 9333]
542.6 :    8 : [9249, 9251, 9265, 9269, 9295, 9306, 9332, 9337]
542.7 :    6 : [9279, 9288, 9298, 9317, 9327, 9343]
542.8 :    4 : [9272, 9278, 9302, 9339]
543.1 :    7 : [9254, 9281, 9289, 9301, 9303, 9312, 9344]
543.2 :   12 : [9256, 9260, 9262, 9268, 9275, 9284, 9286, 9305, 9308, 9318, 9319, 9341]
543.3 :   33 : [9248, 9258, 9261, 9264, 9266, 9271, 9274, 9277, 9280, 9283, 9285, 9287, 9293, 9294, 9299, 9307, 9311, 9313, 9314, 9316, 9321, 9322, 9324, 9325, 9328, 9329, 9331, 9334, 9335, 9338, 9340, 9345, 9346]
543.4 :    2 : [9263, 9292]
544.1 :    3 : [9273, 9276, 9291]
544.2 :    1 : [9326]
544.3 :    2 : [9323, 9333]
544.7 :    4 : [9249, 9251, 9265, 9332]
544.8 :    9 : [9269, 9279, 9288, 9295, 9306, 9317, 9327, 9337, 9343]
544.9 :    4 : [9278, 9298, 9302, 9339]
545.2 :    6 : [9254, 9272, 9281, 9289, 9301, 9303]
545.3 :   12 : [9256, 9260, 9262, 9268, 9275, 9284, 9286, 9305, 9318, 9319, 9341, 9344]
545.4 :   11 : [9248, 9271, 9277, 9280, 9283, 9285, 9293, 9308, 9312, 9316, 9328]
545.5 :   26 : [9258, 9261, 9263, 9264, 9266, 9274, 9287, 9292, 9294, 9299, 9307, 9311, 9313, 9314, 9321, 9322, 9324, 9325, 9329, 9331, 9334, 9335, 9338, 9340, 9345, 9346]
546.2 :    3 : [9273, 9276, 9291]
546.3 :    1 : [9326]
546.4 :    2 : [9323, 9333]
546.8 :    4 : [9249, 9251, 9265, 9332]
546.9 :    9 : [9269, 9279, 9288, 9295, 9306, 9317, 9327, 9337, 9343]
547.0 :    4 : [9278, 9298, 9302, 9339]
547.3 :    5 : [9254, 9281, 9289, 9301, 9303]
547.4 :    5 : [9256, 9268, 9272, 9305, 9318]
547.5 :   19 : [9248, 9260, 9262, 9271, 9275, 9277, 9280, 9283, 9284, 9285, 9286, 9293, 9308, 9312, 9316, 9319, 9328, 9341, 9344]
547.6 :    3 : [9264, 9292, 9340]
547.7 :   23 : [9258, 9261, 9263, 9266, 9274, 9287, 9294, 9299, 9307, 9311, 9313, 9314, 9321, 9322, 9324, 9325, 9329, 9331, 9334, 9335, 9338, 9345, 9346]
548.4 :    4 : [9273, 9276, 9291, 9326]
548.5 :    2 : [9323, 9333]
548.9 :    4 : [9249, 9251, 9265, 9332]
549.0 :    5 : [9279, 9288, 9317, 9327, 9343]
549.1 :    7 : [9269, 9278, 9295, 9302, 9306, 9337, 9339]
549.2 :    1 : [9298]
549.4 :    4 : [9281, 9289, 9301, 9303]
549.5 :    6 : [9254, 9256, 9268, 9272, 9305, 9318]
549.6 :   10 : [9248, 9271, 9277, 9283, 9285, 9286, 9293, 9316, 9319, 9328]
549.7 :    2 : [9340, 9344]
549.8 :   10 : [9260, 9262, 9264, 9275, 9280, 9284, 9292, 9308, 9312, 9341]
549.9 :   23 : [9258, 9261, 9263, 9266, 9274, 9287, 9294, 9299, 9307, 9311, 9313, 9314, 9321, 9322, 9324, 9325, 9329, 9331, 9334, 9335, 9338, 9345, 9346]
550.5 :    4 : [9273, 9276, 9291, 9326]
550.6 :    1 : [9333]
551.0 :    1 : [9251]
551.1 :    9 : [9249, 9265, 9279, 9288, 9317, 9323, 9327, 9332, 9343]
551.2 :    4 : [9269, 9278, 9306, 9337]
551.3 :    1 : [9339]
551.5 :    6 : [9281, 9289, 9295, 9298, 9302, 9303]
551.6 :    1 : [9256]
551.7 :   15 : [9248, 9268, 9271, 9272, 9277, 9283, 9285, 9286, 9293, 9301, 9305, 9316, 9318, 9319, 9328]
551.8 :    3 : [9254, 9340, 9344]
551.9 :    3 : [9264, 9308, 9312]
552.0 :   30 : [9258, 9260, 9261, 9262, 9263, 9266, 9274, 9275, 9280, 9284, 9287, 9292, 9294, 9299, 9307, 9311, 9313, 9314, 9321, 9322, 9324, 9325, 9329, 9331, 9334, 9335, 9338, 9341, 9345, 9346]
552.6 :    1 : [9273]
552.7 :    4 : [9276, 9291, 9326, 9333]
553.1 :    1 : [9251]
553.2 :    9 : [9249, 9265, 9279, 9288, 9317, 9323, 9327, 9332, 9343]
553.3 :    2 : [9278, 9306]
553.4 :    3 : [9269, 9337, 9339]
553.6 :    4 : [9281, 9289, 9302, 9303]
553.7 :    2 : [9256, 9298]
553.8 :    5 : [9268, 9271, 9293, 9316, 9328]
553.9 :   13 : [9248, 9254, 9277, 9283, 9285, 9286, 9295, 9301, 9305, 9318, 9319, 9340, 9344]
554.0 :    1 : [9308]
554.1 :   27 : [9258, 9260, 9261, 9262, 9263, 9264, 9275, 9280, 9287, 9292, 9294, 9299, 9307, 9311, 9312, 9313, 9314, 9321, 9322, 9324, 9325, 9329, 9331, 9335, 9341, 9345, 9346]
554.2 :    4 : [9266, 9274, 9284, 9338]
554.3 :    1 : [9272]
554.4 :    1 : [9334]
554.8 :    5 : [9273, 9276, 9291, 9326, 9333]
555.2 :    1 : [9251]
555.3 :    6 : [9249, 9265, 9288, 9327, 9332, 9343]
555.4 :    1 : [9317]
555.6 :    6 : [9269, 9278, 9279, 9306, 9337, 9339]
555.7 :    4 : [9281, 9289, 9302, 9303]
555.8 :    2 : [9256, 9298]
555.9 :    4 : [9268, 9271, 9316, 9328]
556.0 :    6 : [9283, 9286, 9305, 9318, 9319, 9344]
556.1 :   10 : [9248, 9254, 9277, 9285, 9293, 9295, 9301, 9308, 9323, 9340]
556.2 :   23 : [9258, 9261, 9262, 9263, 9264, 9275, 9280, 9287, 9292, 9294, 9299, 9312, 9313, 9314, 9321, 9322, 9325, 9329, 9331, 9335, 9341, 9345, 9346]
556.3 :    3 : [9260, 9274, 9338]
556.4 :    2 : [9272, 9324]
556.5 :    5 : [9266, 9284, 9307, 9311, 9334]
556.9 :    5 : [9273, 9276, 9291, 9326, 9333]
557.4 :    7 : [9249, 9251, 9265, 9288, 9327, 9332, 9343]
557.6 :    1 : [9317]
557.7 :    5 : [9269, 9278, 9279, 9306, 9337]
557.8 :    4 : [9289, 9302, 9303, 9339]
557.9 :    3 : [9256, 9281, 9298]
558.0 :    1 : [9268]
558.1 :    2 : [9305, 9318]
558.2 :   16 : [9248, 9271, 9277, 9283, 9285, 9286, 9293, 9295, 9301, 9308, 9316, 9319, 9323, 9328, 9340, 9344]
558.3 :   20 : [9258, 9261, 9262, 9263, 9275, 9280, 9287, 9292, 9294, 9299, 9313, 9314, 9321, 9325, 9329, 9331, 9335, 9341, 9345, 9346]
558.4 :    3 : [9260, 9274, 9312]
558.5 :    1 : [9272]
558.6 :    9 : [9254, 9264, 9266, 9284, 9307, 9311, 9324, 9334, 9338]
558.7 :    1 : [9322]
559.0 :    4 : [9273, 9276, 9326, 9333]
559.2 :    1 : [9291]
559.5 :    4 : [9288, 9327, 9332, 9343]
559.6 :    3 : [9249, 9251, 9265]
559.7 :    1 : [9317]
559.8 :    5 : [9269, 9278, 9279, 9306, 9337]
559.9 :    2 : [9289, 9302]
560.0 :    4 : [9281, 9298, 9303, 9339]
560.1 :    1 : [9268]
560.2 :    3 : [9256, 9305, 9318]
560.3 :   12 : [9248, 9271, 9277, 9283, 9285, 9293, 9301, 9316, 9319, 9323, 9328, 9340]
560.4 :   17 : [9258, 9261, 9275, 9280, 9292, 9294, 9295, 9299, 9313, 9314, 9321, 9325, 9329, 9331, 9335, 9345, 9346]
560.5 :    9 : [9260, 9262, 9274, 9286, 9287, 9308, 9312, 9341, 9344]
560.6 :    1 : [9272]
560.7 :   10 : [9254, 9263, 9264, 9266, 9284, 9307, 9311, 9324, 9334, 9338]
560.8 :    1 : [9322]
561.1 :    4 : [9273, 9276, 9326, 9333]
561.3 :    1 : [9291]
561.6 :    4 : [9288, 9327, 9332, 9343]
561.7 :    3 : [9249, 9251, 9265]
561.8 :    1 : [9317]
561.9 :    5 : [9269, 9278, 9279, 9306, 9337]
562.0 :    1 : [9302]
562.1 :    4 : [9281, 9298, 9303, 9339]
562.2 :    2 : [9268, 9289]
562.3 :    3 : [9256, 9305, 9318]
562.4 :   12 : [9248, 9271, 9277, 9283, 9285, 9293, 9301, 9316, 9319, 9323, 9328, 9340]
562.5 :   17 : [9258, 9261, 9275, 9280, 9292, 9294, 9295, 9299, 9313, 9314, 9321, 9325, 9329, 9331, 9335, 9345, 9346]
562.6 :    8 : [9260, 9262, 9274, 9286, 9287, 9308, 9312, 9341]
562.7 :    1 : [9272]
562.8 :    8 : [9254, 9264, 9266, 9284, 9311, 9324, 9334, 9338]
563.0 :    2 : [9263, 9307]
563.1 :    2 : [9322, 9344]
563.2 :    4 : [9273, 9276, 9326, 9333]
563.4 :    1 : [9291]
563.7 :    4 : [9288, 9327, 9332, 9343]
563.8 :    3 : [9249, 9251, 9265]
563.9 :    1 : [9317]
564.0 :    5 : [9269, 9278, 9279, 9306, 9337]
564.2 :    5 : [9281, 9298, 9302, 9303, 9339]
564.4 :    4 : [9256, 9289, 9305, 9318]
564.5 :   12 : [9248, 9271, 9277, 9283, 9285, 9293, 9301, 9316, 9319, 9323, 9328, 9340]
564.6 :   16 : [9258, 9261, 9275, 9280, 9292, 9294, 9295, 9299, 9313, 9314, 9321, 9325, 9331, 9335, 9345, 9346]
564.7 :    8 : [9260, 9262, 9268, 9287, 9308, 9312, 9329, 9341]
564.8 :    1 : [9272]
564.9 :    3 : [9264, 9284, 9338]
565.1 :    1 : [9254]
565.2 :    1 : [9274]
565.3 :    7 : [9263, 9273, 9276, 9286, 9307, 9326, 9333]
565.4 :    2 : [9311, 9322]
565.5 :    2 : [9291, 9344]
565.6 :    1 : [9266]
565.8 :    6 : [9288, 9324, 9327, 9332, 9334, 9343]
565.9 :    3 : [9249, 9251, 9265]
566.0 :    1 : [9317]
566.1 :    5 : [9269, 9278, 9279, 9306, 9337]
566.3 :    4 : [9281, 9298, 9303, 9339]
566.5 :    4 : [9256, 9302, 9305, 9318]
566.6 :   12 : [9248, 9271, 9277, 9283, 9285, 9293, 9301, 9316, 9319, 9323, 9328, 9340]
566.7 :    6 : [9280, 9292, 9294, 9295, 9313, 9321]
566.8 :    3 : [9289, 9312, 9341]
566.9 :    2 : [9272, 9346]
567.0 :    6 : [9260, 9264, 9275, 9308, 9314, 9329]
567.1 :    4 : [9262, 9268, 9287, 9338]
567.2 :    1 : [9284]
567.3 :    5 : [9258, 9261, 9325, 9331, 9335]
567.4 :    4 : [9273, 9276, 9326, 9333]
567.5 :    1 : [9254]
567.6 :    4 : [9286, 9291, 9299, 9345]
567.7 :    2 : [9263, 9307]
567.8 :    3 : [9311, 9322, 9344]
567.9 :    5 : [9274, 9288, 9327, 9332, 9343]
568.0 :    3 : [9249, 9265, 9266]
568.1 :    3 : [9317, 9324, 9334]
568.2 :    3 : [9278, 9279, 9337]
568.3 :    1 : [9251]
568.4 :    3 : [9281, 9303, 9339]
568.5 :    1 : [9298]
568.6 :    4 : [9256, 9269, 9306, 9318]
568.7 :   11 : [9248, 9271, 9283, 9285, 9293, 9301, 9316, 9319, 9323, 9328, 9340]
568.8 :    4 : [9277, 9280, 9292, 9294]
568.9 :    3 : [9302, 9305, 9312]
569.0 :    1 : [9272]
569.1 :    1 : [9264]
569.3 :    2 : [9289, 9341]
569.4 :    5 : [9260, 9308, 9314, 9329, 9346]
569.5 :    6 : [9262, 9273, 9275, 9276, 9287, 9326]
569.6 :    6 : [9261, 9268, 9284, 9325, 9331, 9335]
569.7 :    4 : [9258, 9291, 9313, 9338]
569.8 :    2 : [9321, 9333]
569.9 :    1 : [9295]
570.0 :    2 : [9343, 9345]
570.1 :    4 : [9254, 9265, 9286, 9299]
570.2 :    2 : [9263, 9317]
570.3 :    4 : [9278, 9279, 9307, 9311]
570.4 :    2 : [9274, 9344]
570.5 :    5 : [9266, 9281, 9303, 9322, 9339]
570.6 :    1 : [9324]
570.7 :    4 : [9288, 9327, 9332, 9334]
570.8 :   14 : [9248, 9249, 9251, 9271, 9283, 9285, 9293, 9301, 9316, 9319, 9323, 9328, 9337, 9340]
570.9 :    3 : [9269, 9280, 9292]
571.0 :    4 : [9256, 9298, 9312, 9318]
571.1 :    1 : [9306]
571.2 :    2 : [9264, 9277]
571.3 :    2 : [9294, 9305]
571.6 :    4 : [9273, 9276, 9302, 9326]
571.8 :    2 : [9272, 9291]
571.9 :    1 : [9341]
572.0 :    2 : [9314, 9346]
572.1 :    4 : [9260, 9275, 9287, 9289]
572.2 :   11 : [9261, 9262, 9265, 9268, 9284, 9308, 9313, 9325, 9329, 9331, 9335]
572.3 :    4 : [9258, 9321, 9338, 9343]
572.4 :    3 : [9278, 9295, 9333]
572.5 :    1 : [9279]
572.6 :    1 : [9281]
572.7 :    2 : [9317, 9345]
572.8 :    2 : [9299, 9339]
572.9 :    2 : [9286, 9323]
573.0 :    4 : [9254, 9280, 9292, 9311]
573.1 :    4 : [9263, 9288, 9327, 9332]
573.2 :    6 : [9249, 9274, 9307, 9312, 9319, 9340]
573.3 :    4 : [9266, 9283, 9337, 9344]
573.4 :    1 : [9324]
573.5 :    3 : [9316, 9322, 9334]
573.6 :    5 : [9251, 9264, 9269, 9318, 9328]
573.7 :    8 : [9256, 9273, 9276, 9285, 9293, 9298, 9306, 9326]
573.8 :    1 : [9277]
573.9 :    3 : [9291, 9294, 9301]
574.0 :    2 : [9303, 9305]
574.1 :    2 : [9248, 9271]
574.4 :    1 : [9272]
574.6 :    1 : [9302]
574.8 :    2 : [9265, 9341]
574.9 :    1 : [9343]
575.0 :   12 : [9275, 9279, 9284, 9287, 9313, 9314, 9321, 9323, 9325, 9331, 9335, 9346]
575.1 :    6 : [9258, 9261, 9278, 9281, 9295, 9338]
575.2 :    7 : [9260, 9262, 9268, 9289, 9308, 9329, 9333]
575.3 :    1 : [9280]
575.4 :    1 : [9317]
575.5 :    2 : [9292, 9339]
575.6 :    1 : [9345]
575.7 :    1 : [9299]
575.8 :    6 : [9283, 9288, 9319, 9326, 9327, 9332]
575.9 :    2 : [9249, 9312]
576.0 :    3 : [9276, 9286, 9340]
576.1 :    3 : [9311, 9328, 9337]
576.2 :    4 : [9254, 9273, 9274, 9316]
576.3 :    3 : [9263, 9264, 9285]
576.4 :    3 : [9266, 9293, 9307]
576.5 :    3 : [9269, 9318, 9344]
576.6 :    5 : [9256, 9298, 9301, 9303, 9324]
576.7 :    6 : [9248, 9251, 9271, 9277, 9306, 9334]
576.8 :    1 : [9322]
576.9 :    2 : [9294, 9305]
577.1 :    1 : [9291]
577.3 :    1 : [9272]
577.6 :    1 : [9265]
577.7 :    1 : [9343]
577.8 :    3 : [9278, 9279, 9281]
577.9 :    1 : [9323]
578.0 :    2 : [9280, 9302]
578.1 :    3 : [9313, 9321, 9341]
578.2 :   10 : [9258, 9275, 9284, 9292, 9295, 9314, 9317, 9325, 9331, 9335]
578.3 :    5 : [9254, 9261, 9287, 9338, 9339]
578.4 :    2 : [9333, 9346]
578.5 :    4 : [9260, 9262, 9268, 9276]
578.6 :    6 : [9273, 9283, 9308, 9319, 9326, 9329]
578.7 :    1 : [9289]
578.8 :    4 : [9288, 9312, 9327, 9332]
578.9 :    3 : [9322, 9328, 9345]
579.0 :    3 : [9249, 9299, 9340]
579.2 :    4 : [9264, 9285, 9316, 9337]
579.3 :    1 : [9293]
579.5 :    3 : [9286, 9301, 9311]
579.6 :    3 : [9248, 9271, 9303]
579.7 :    4 : [9269, 9274, 9291, 9318]
579.8 :    1 : [9263]
579.9 :    3 : [9256, 9266, 9277]
580.0 :    5 : [9298, 9306, 9307, 9324, 9344]
580.1 :    2 : [9302, 9305]
580.2 :    1 : [9294]
580.3 :    6 : [9251, 9275, 9284, 9314, 9325, 9334]
580.5 :    1 : [9346]
580.6 :    5 : [9260, 9262, 9268, 9272, 9323]
580.7 :    3 : [9278, 9308, 9329]
580.8 :    3 : [9265, 9281, 9289]
580.9 :    3 : [9279, 9280, 9343]
581.0 :    1 : [9345]
581.1 :    2 : [9292, 9299]
581.2 :    1 : [9326]
581.3 :    1 : [9276]
581.4 :    1 : [9273]
581.5 :    4 : [9313, 9317, 9321, 9339]
581.6 :    3 : [9286, 9295, 9311]
581.7 :    6 : [9258, 9283, 9319, 9331, 9335, 9341]
581.8 :    6 : [9254, 9261, 9269, 9274, 9318, 9338]
581.9 :    3 : [9263, 9287, 9333]
582.0 :    5 : [9256, 9266, 9277, 9312, 9328]
582.1 :    6 : [9298, 9306, 9307, 9324, 9327, 9344]
582.2 :    3 : [9288, 9305, 9332]
582.3 :    2 : [9249, 9294]
582.4 :    5 : [9251, 9264, 9285, 9334, 9340]
582.6 :    4 : [9291, 9293, 9316, 9322]
582.7 :    3 : [9260, 9272, 9337]
582.8 :    4 : [9271, 9301, 9303, 9308]
582.9 :    2 : [9248, 9289]
583.6 :    4 : [9313, 9321, 9323, 9339]
583.7 :    4 : [9286, 9295, 9311, 9325]
583.8 :    6 : [9258, 9275, 9284, 9331, 9335, 9341]
583.9 :    6 : [9254, 9261, 9278, 9302, 9314, 9338]
584.0 :    3 : [9263, 9287, 9333]
584.1 :    4 : [9266, 9280, 9281, 9346]
584.2 :    6 : [9262, 9307, 9324, 9326, 9327, 9344]
584.3 :    5 : [9265, 9268, 9276, 9288, 9332]
584.4 :    5 : [9249, 9279, 9292, 9329, 9343]
584.5 :    6 : [9251, 9264, 9273, 9285, 9334, 9340]
584.6 :    1 : [9345]
584.7 :    2 : [9293, 9316]
584.8 :    4 : [9260, 9299, 9322, 9337]
584.9 :    4 : [9271, 9301, 9303, 9308]
585.0 :    1 : [9289]
585.1 :    3 : [9283, 9317, 9319]
585.3 :    2 : [9269, 9318]
585.5 :    2 : [9277, 9328]
585.6 :    3 : [9256, 9274, 9312]
585.7 :    1 : [9313]
585.8 :    7 : [9286, 9291, 9298, 9305, 9306, 9311, 9325]
585.9 :    5 : [9258, 9284, 9331, 9335, 9341]
586.0 :    6 : [9261, 9275, 9278, 9294, 9314, 9338]
586.1 :    4 : [9263, 9287, 9302, 9333]
586.2 :    5 : [9254, 9266, 9272, 9280, 9281]
586.3 :    5 : [9262, 9307, 9324, 9344, 9346]
586.4 :    2 : [9265, 9268]
586.5 :    4 : [9248, 9279, 9292, 9343]
586.6 :    4 : [9251, 9329, 9334, 9340]
586.8 :    1 : [9345]
586.9 :    3 : [9260, 9299, 9337]
587.0 :    2 : [9308, 9323]
587.1 :    1 : [9339]
587.2 :    5 : [9283, 9289, 9317, 9319, 9322]
587.4 :    3 : [9269, 9318, 9321]
587.5 :    2 : [9295, 9326]
587.6 :    2 : [9277, 9328]
587.7 :    2 : [9256, 9312]
587.8 :    2 : [9276, 9313]
587.9 :    6 : [9273, 9274, 9286, 9291, 9305, 9311]
588.0 :   11 : [9258, 9264, 9285, 9288, 9298, 9306, 9325, 9327, 9331, 9332, 9335]
588.1 :    5 : [9249, 9261, 9284, 9338, 9341]
588.2 :    2 : [9294, 9333]
588.3 :    5 : [9266, 9275, 9287, 9293, 9314]
588.4 :    4 : [9271, 9272, 9303, 9316]
588.5 :    4 : [9263, 9265, 9301, 9324]
588.6 :    4 : [9248, 9279, 9302, 9343]
588.7 :    3 : [9254, 9262, 9340]
588.8 :    5 : [9251, 9268, 9307, 9344, 9346]
588.9 :    1 : [9334]
589.0 :    1 : [9337]
589.1 :    3 : [9260, 9323, 9329]
589.2 :    2 : [9339, 9345]
589.3 :    5 : [9283, 9299, 9308, 9317, 9319]
589.5 :    1 : [9278]
589.6 :    1 : [9326]
589.7 :    5 : [9269, 9280, 9318, 9321, 9328]
589.8 :    4 : [9281, 9289, 9295, 9312]
589.9 :    3 : [9276, 9277, 9313]
590.0 :    2 : [9273, 9322]
590.1 :    4 : [9256, 9264, 9285, 9292]
590.2 :    4 : [9288, 9305, 9327, 9332]
590.3 :    3 : [9249, 9258, 9306]
590.4 :    6 : [9293, 9298, 9311, 9331, 9335, 9338]
590.5 :    5 : [9271, 9274, 9286, 9325, 9333]
590.6 :    6 : [9261, 9265, 9284, 9294, 9303, 9316]
590.7 :    6 : [9248, 9272, 9279, 9301, 9341, 9343]
590.8 :    3 : [9275, 9287, 9340]
590.9 :    2 : [9266, 9314]
591.1 :    2 : [9324, 9337]
591.3 :    2 : [9262, 9263]
591.4 :    6 : [9283, 9291, 9302, 9317, 9319, 9339]
591.5 :    3 : [9251, 9268, 9346]
591.6 :    3 : [9254, 9278, 9344]
591.7 :    2 : [9307, 9334]
591.8 :    3 : [9280, 9328, 9345]
591.9 :    2 : [9312, 9329]
592.0 :    4 : [9260, 9276, 9281, 9299]
592.1 :    1 : [9273]
592.2 :    3 : [9308, 9318, 9321]
592.3 :    5 : [9269, 9285, 9292, 9295, 9313]
592.4 :    2 : [9264, 9277]
592.6 :    3 : [9288, 9327, 9332]
592.7 :    3 : [9256, 9271, 9305]
592.8 :    3 : [9249, 9279, 9293]
592.9 :    4 : [9248, 9265, 9303, 9323]
593.0 :    4 : [9258, 9301, 9306, 9316]
593.1 :    5 : [9289, 9298, 9335, 9340, 9343]
593.2 :    3 : [9331, 9333, 9338]
593.3 :    4 : [9272, 9294, 9325, 9326]
593.4 :    2 : [9261, 9311]
593.5 :    6 : [9274, 9283, 9284, 9291, 9319, 9322]
593.6 :    2 : [9286, 9337]
593.8 :    2 : [9275, 9341]
593.9 :    6 : [9278, 9287, 9314, 9317, 9328, 9339]
594.1 :    2 : [9276, 9280]
594.2 :    2 : [9266, 9273]
594.3 :    1 : [9324]
594.4 :    2 : [9281, 9312]
594.6 :    1 : [9262]
594.7 :    1 : [9292]
594.8 :    1 : [9285]
594.9 :    3 : [9251, 9264, 9268]
595.0 :    1 : [9346]
595.1 :    4 : [9318, 9321, 9323, 9345]
595.2 :    4 : [9263, 9269, 9271, 9295]
595.3 :    2 : [9277, 9299]
595.4 :    9 : [9248, 9288, 9293, 9303, 9313, 9326, 9327, 9332, 9334]
595.5 :    2 : [9249, 9279]
595.6 :    2 : [9301, 9302]
595.7 :    2 : [9265, 9291]
595.8 :    2 : [9305, 9316]
595.9 :    3 : [9256, 9340, 9343]
596.0 :    2 : [9329, 9344]
596.1 :    2 : [9283, 9319]
596.2 :    1 : [9276]
596.3 :    2 : [9272, 9273]
596.4 :    3 : [9258, 9260, 9306]
596.5 :    1 : [9278]
596.6 :    3 : [9280, 9298, 9328]
596.7 :    3 : [9294, 9333, 9337]
596.8 :    4 : [9317, 9335, 9338, 9339]
596.9 :    1 : [9331]
597.1 :    1 : [9281]
597.3 :    2 : [9292, 9325]
597.4 :    1 : [9312]
597.6 :    1 : [9323]
597.7 :    2 : [9261, 9285]
597.8 :    1 : [9326]
597.9 :    1 : [9264]
598.1 :    1 : [9271]
598.2 :    1 : [9291]
598.4 :    1 : [9248]
598.5 :    1 : [9303]
598.6 :    2 : [9276, 9293]
598.7 :    1 : [9279]
598.8 :    2 : [9273, 9301]
599.1 :    2 : [9288, 9319]
599.2 :    3 : [9283, 9327, 9332]
599.3 :    2 : [9249, 9265]
599.5 :    3 : [9278, 9280, 9316]
599.6 :    1 : [9343]
599.8 :    1 : [9328]
600.5 :    3 : [9281, 9323, 9326]
600.6 :    1 : [9292]
601.0 :    1 : [9291]
601.6 :    1 : [9276]
601.9 :    1 : [9273]
603.8 :    1 : [9326]
605.3 :    1 : [9323]
605.8 :    1 : [9291]
