Name: LDT [A1], Title: Raster plot from device '95243', Hist: False
114.5 :   72 : [62536, 62537, 62538, 62540, 62541, 62542, 62543, 62544, 62545, 62546, 62547, 62548, 62549, 62551, 62552, 62553, 62554, 62555, 62556, 62559, 62560, 62561, 62563, 62564, 62566, 62567, 62568, 62569, 62570, 62572, 62573, 62574, 62575, 62577, 62578, 62580, 62582, 62583, 62584, 62585, 62586, 62587, 62588, 62591, 62592, 62594, 62595, 62597, 62598, 62599, 62600, 62601, 62602, 62604, 62605, 62607, 62609, 62610, 62612, 62613, 62614, 62617, 62618, 62619, 62620, 62623, 62624, 62625, 62626, 62627, 62628, 62629]
114.6 :   28 : [62534, 62535, 62539, 62550, 62557, 62558, 62562, 62565, 62571, 62576, 62579, 62581, 62589, 62590, 62593, 62596, 62603, 62606, 62608, 62611, 62615, 62616, 62621, 62622, 62630, 62631, 62632, 62633]
116.7 :  100 : [62534, 62535, 62536, 62537, 62538, 62539, 62540, 62541, 62542, 62543, 62544, 62545, 62546, 62547, 62548, 62549, 62550, 62551, 62552, 62553, 62554, 62555, 62556, 62557, 62558, 62559, 62560, 62561, 62562, 62563, 62564, 62565, 62566, 62567, 62568, 62569, 62570, 62571, 62572, 62573, 62574, 62575, 62576, 62577, 62578, 62579, 62580, 62581, 62582, 62583, 62584, 62585, 62586, 62587, 62588, 62589, 62590, 62591, 62592, 62593, 62594, 62595, 62596, 62597, 62598, 62599, 62600, 62601, 62602, 62603, 62604, 62605, 62606, 62607, 62608, 62609, 62610, 62611, 62612, 62613, 62614, 62615, 62616, 62617, 62618, 62619, 62620, 62621, 62622, 62623, 62624, 62625, 62626, 62627, 62628, 62629, 62630, 62631, 62632, 62633]
118.8 :  100 : [62534, 62535, 62536, 62537, 62538, 62539, 62540, 62541, 62542, 62543, 62544, 62545, 62546, 62547, 62548, 62549, 62550, 62551, 62552, 62553, 62554, 62555, 62556, 62557, 62558, 62559, 62560, 62561, 62562, 62563, 62564, 62565, 62566, 62567, 62568, 62569, 62570, 62571, 62572, 62573, 62574, 62575, 62576, 62577, 62578, 62579, 62580, 62581, 62582, 62583, 62584, 62585, 62586, 62587, 62588, 62589, 62590, 62591, 62592, 62593, 62594, 62595, 62596, 62597, 62598, 62599, 62600, 62601, 62602, 62603, 62604, 62605, 62606, 62607, 62608, 62609, 62610, 62611, 62612, 62613, 62614, 62615, 62616, 62617, 62618, 62619, 62620, 62621, 62622, 62623, 62624, 62625, 62626, 62627, 62628, 62629, 62630, 62631, 62632, 62633]
120.9 :    3 : [62539, 62558, 62606]
121.8 :    1 : [62617]
121.9 :   36 : [62537, 62538, 62540, 62542, 62543, 62547, 62553, 62559, 62560, 62566, 62569, 62572, 62573, 62574, 62575, 62578, 62580, 62582, 62584, 62588, 62592, 62594, 62598, 62599, 62604, 62605, 62614, 62618, 62619, 62620, 62623, 62624, 62625, 62626, 62628, 62629]
122.0 :   35 : [62536, 62541, 62544, 62545, 62546, 62548, 62549, 62551, 62552, 62554, 62555, 62556, 62561, 62563, 62564, 62567, 62568, 62570, 62577, 62583, 62585, 62586, 62587, 62591, 62595, 62597, 62600, 62601, 62602, 62607, 62609, 62610, 62612, 62613, 62627]
122.3 :   16 : [62534, 62550, 62557, 62562, 62565, 62571, 62576, 62579, 62581, 62596, 62603, 62611, 62621, 62622, 62630, 62632]
122.4 :    9 : [62535, 62589, 62590, 62593, 62608, 62615, 62616, 62631, 62633]
124.1 :    1 : [62606]
124.2 :    2 : [62539, 62558]
124.4 :   10 : [62550, 62557, 62565, 62579, 62581, 62603, 62611, 62621, 62622, 62630]
124.5 :    1 : [62608]
124.7 :    1 : [62617]
124.8 :   64 : [62536, 62537, 62538, 62540, 62542, 62543, 62545, 62546, 62547, 62548, 62553, 62554, 62555, 62559, 62560, 62561, 62563, 62564, 62566, 62567, 62568, 62569, 62570, 62572, 62573, 62574, 62575, 62577, 62578, 62580, 62582, 62583, 62584, 62585, 62586, 62587, 62588, 62591, 62592, 62594, 62595, 62597, 62598, 62599, 62600, 62601, 62602, 62604, 62605, 62607, 62609, 62610, 62612, 62614, 62618, 62619, 62620, 62623, 62624, 62625, 62626, 62627, 62628, 62629]
124.9 :    7 : [62541, 62544, 62549, 62551, 62552, 62556, 62613]
125.4 :    3 : [62534, 62596, 62632]
125.5 :   11 : [62535, 62562, 62571, 62576, 62589, 62590, 62593, 62615, 62616, 62631, 62633]
127.0 :    1 : [62581]
127.1 :   10 : [62550, 62557, 62565, 62579, 62603, 62608, 62611, 62621, 62622, 62630]
127.2 :    2 : [62558, 62606]
127.3 :    4 : [62539, 62617, 62620, 62625]
127.4 :   69 : [62536, 62537, 62538, 62540, 62541, 62542, 62543, 62544, 62545, 62546, 62547, 62548, 62549, 62551, 62552, 62553, 62554, 62555, 62556, 62559, 62560, 62561, 62563, 62564, 62566, 62567, 62568, 62569, 62570, 62572, 62573, 62574, 62575, 62577, 62578, 62580, 62582, 62583, 62584, 62585, 62586, 62587, 62588, 62591, 62592, 62594, 62595, 62597, 62598, 62599, 62600, 62601, 62602, 62604, 62605, 62607, 62609, 62610, 62612, 62613, 62614, 62618, 62619, 62623, 62624, 62626, 62627, 62628, 62629]
128.4 :    4 : [62534, 62535, 62596, 62632]
128.5 :   10 : [62562, 62571, 62576, 62589, 62590, 62593, 62615, 62616, 62631, 62633]
129.6 :   81 : [62536, 62537, 62538, 62540, 62541, 62542, 62543, 62544, 62545, 62546, 62547, 62548, 62549, 62550, 62551, 62552, 62553, 62554, 62555, 62556, 62557, 62559, 62560, 62561, 62563, 62564, 62565, 62566, 62567, 62568, 62569, 62570, 62572, 62573, 62574, 62575, 62577, 62578, 62580, 62581, 62582, 62583, 62584, 62585, 62586, 62587, 62588, 62591, 62592, 62594, 62595, 62597, 62598, 62599, 62600, 62601, 62602, 62603, 62604, 62605, 62607, 62609, 62610, 62611, 62612, 62613, 62614, 62617, 62618, 62619, 62620, 62621, 62622, 62623, 62624, 62625, 62626, 62627, 62628, 62629, 62630]
129.7 :    4 : [62558, 62579, 62606, 62608]
129.9 :    1 : [62539]
130.8 :    3 : [62535, 62596, 62632]
130.9 :   11 : [62534, 62562, 62571, 62576, 62589, 62590, 62593, 62615, 62616, 62631, 62633]
131.7 :   72 : [62536, 62537, 62538, 62540, 62541, 62542, 62543, 62544, 62545, 62546, 62547, 62548, 62549, 62551, 62552, 62553, 62554, 62555, 62556, 62559, 62560, 62561, 62563, 62564, 62566, 62567, 62568, 62569, 62570, 62572, 62573, 62574, 62575, 62577, 62578, 62580, 62582, 62583, 62584, 62585, 62586, 62587, 62588, 62591, 62592, 62594, 62595, 62597, 62598, 62599, 62600, 62601, 62602, 62604, 62605, 62607, 62609, 62610, 62612, 62613, 62614, 62617, 62618, 62619, 62620, 62623, 62624, 62625, 62626, 62627, 62628, 62629]
131.8 :   11 : [62550, 62557, 62558, 62565, 62579, 62581, 62603, 62611, 62621, 62622, 62630]
131.9 :    2 : [62606, 62608]
132.2 :    1 : [62539]
133.0 :   10 : [62534, 62535, 62571, 62576, 62590, 62593, 62596, 62616, 62631, 62632]
133.1 :    4 : [62562, 62589, 62615, 62633]
133.8 :   72 : [62536, 62537, 62538, 62540, 62541, 62542, 62543, 62544, 62545, 62546, 62547, 62548, 62549, 62551, 62552, 62553, 62554, 62555, 62556, 62559, 62560, 62561, 62563, 62564, 62566, 62567, 62568, 62569, 62570, 62572, 62573, 62574, 62575, 62577, 62578, 62580, 62582, 62583, 62584, 62585, 62586, 62587, 62588, 62591, 62592, 62594, 62595, 62597, 62598, 62599, 62600, 62601, 62602, 62604, 62605, 62607, 62609, 62610, 62612, 62613, 62614, 62617, 62618, 62619, 62620, 62623, 62624, 62625, 62626, 62627, 62628, 62629]
133.9 :   11 : [62550, 62557, 62558, 62565, 62579, 62581, 62603, 62611, 62621, 62622, 62630]
134.0 :    2 : [62606, 62608]
134.6 :    1 : [62539]
135.1 :   10 : [62534, 62535, 62571, 62576, 62590, 62593, 62596, 62616, 62631, 62632]
135.2 :    4 : [62562, 62589, 62615, 62633]
135.9 :   69 : [62537, 62538, 62540, 62541, 62542, 62543, 62544, 62545, 62546, 62547, 62548, 62549, 62551, 62552, 62553, 62554, 62556, 62559, 62560, 62561, 62563, 62564, 62566, 62567, 62568, 62569, 62570, 62572, 62573, 62574, 62575, 62577, 62578, 62580, 62582, 62583, 62584, 62585, 62586, 62587, 62588, 62591, 62592, 62594, 62595, 62597, 62598, 62599, 62600, 62601, 62602, 62604, 62605, 62607, 62609, 62610, 62612, 62613, 62614, 62617, 62618, 62619, 62620, 62623, 62625, 62626, 62627, 62628, 62629]
136.0 :   14 : [62536, 62550, 62555, 62557, 62558, 62565, 62579, 62581, 62603, 62611, 62621, 62622, 62624, 62630]
136.1 :    2 : [62606, 62608]
137.1 :    1 : [62539]
137.2 :   10 : [62534, 62535, 62571, 62576, 62590, 62593, 62596, 62616, 62631, 62632]
137.3 :    4 : [62562, 62589, 62615, 62633]
138.0 :    3 : [62617, 62620, 62625]
138.1 :   47 : [62537, 62541, 62545, 62547, 62548, 62550, 62552, 62554, 62557, 62558, 62559, 62561, 62565, 62567, 62569, 62570, 62572, 62574, 62575, 62578, 62579, 62581, 62582, 62584, 62586, 62588, 62594, 62595, 62597, 62598, 62599, 62600, 62603, 62604, 62607, 62610, 62611, 62612, 62613, 62621, 62622, 62623, 62626, 62627, 62628, 62629, 62630]
138.2 :   35 : [62536, 62538, 62540, 62542, 62543, 62544, 62546, 62549, 62551, 62553, 62555, 62556, 62560, 62563, 62564, 62566, 62568, 62573, 62577, 62580, 62583, 62585, 62587, 62591, 62592, 62601, 62602, 62605, 62606, 62608, 62609, 62614, 62618, 62619, 62624]
139.4 :   15 : [62534, 62535, 62539, 62562, 62571, 62576, 62589, 62590, 62593, 62596, 62615, 62616, 62631, 62632, 62633]
140.2 :    1 : [62558]
140.3 :   79 : [62536, 62537, 62538, 62540, 62541, 62542, 62543, 62544, 62546, 62547, 62548, 62549, 62550, 62551, 62552, 62553, 62554, 62555, 62556, 62557, 62559, 62560, 62561, 62563, 62564, 62565, 62568, 62569, 62570, 62572, 62573, 62574, 62575, 62577, 62578, 62579, 62581, 62582, 62583, 62584, 62585, 62586, 62587, 62588, 62591, 62592, 62594, 62595, 62597, 62598, 62599, 62600, 62601, 62602, 62603, 62604, 62605, 62606, 62607, 62608, 62609, 62610, 62611, 62612, 62613, 62614, 62617, 62618, 62619, 62620, 62621, 62623, 62624, 62625, 62626, 62627, 62628, 62629, 62630]
140.4 :    5 : [62545, 62566, 62567, 62580, 62622]
141.5 :   15 : [62534, 62535, 62539, 62562, 62571, 62576, 62589, 62590, 62593, 62596, 62615, 62616, 62631, 62632, 62633]
142.4 :   74 : [62536, 62537, 62538, 62540, 62541, 62542, 62543, 62544, 62546, 62547, 62548, 62549, 62550, 62551, 62552, 62553, 62554, 62555, 62556, 62557, 62558, 62560, 62561, 62563, 62564, 62565, 62568, 62569, 62570, 62572, 62573, 62574, 62575, 62577, 62578, 62581, 62582, 62583, 62584, 62585, 62586, 62587, 62588, 62591, 62592, 62594, 62595, 62597, 62598, 62599, 62600, 62601, 62602, 62603, 62604, 62605, 62606, 62607, 62608, 62610, 62612, 62613, 62614, 62617, 62618, 62619, 62620, 62623, 62624, 62625, 62626, 62627, 62629, 62630]
142.5 :   11 : [62545, 62559, 62566, 62567, 62579, 62580, 62609, 62611, 62621, 62622, 62628]
143.6 :   11 : [62535, 62562, 62571, 62576, 62589, 62593, 62596, 62615, 62616, 62632, 62633]
143.7 :    4 : [62534, 62539, 62590, 62631]
144.5 :   58 : [62536, 62538, 62541, 62542, 62543, 62546, 62547, 62548, 62549, 62550, 62551, 62552, 62553, 62560, 62561, 62563, 62564, 62565, 62569, 62570, 62572, 62574, 62575, 62577, 62578, 62582, 62583, 62584, 62585, 62586, 62587, 62588, 62592, 62594, 62595, 62597, 62598, 62599, 62600, 62601, 62602, 62604, 62605, 62606, 62607, 62608, 62610, 62612, 62613, 62614, 62617, 62619, 62623, 62624, 62625, 62627, 62629, 62630]
144.6 :   27 : [62537, 62540, 62544, 62545, 62554, 62555, 62556, 62557, 62558, 62559, 62566, 62567, 62568, 62573, 62579, 62580, 62581, 62591, 62603, 62609, 62611, 62618, 62620, 62621, 62622, 62626, 62628]
145.8 :   15 : [62534, 62535, 62539, 62562, 62571, 62576, 62589, 62590, 62593, 62596, 62615, 62616, 62631, 62632, 62633]
146.6 :   52 : [62536, 62538, 62541, 62543, 62546, 62547, 62548, 62549, 62550, 62551, 62552, 62560, 62563, 62565, 62569, 62570, 62572, 62574, 62575, 62577, 62578, 62582, 62583, 62584, 62585, 62586, 62587, 62592, 62594, 62595, 62597, 62598, 62599, 62600, 62601, 62602, 62604, 62605, 62606, 62607, 62608, 62610, 62613, 62614, 62617, 62619, 62623, 62624, 62625, 62627, 62629, 62630]
146.7 :   33 : [62537, 62540, 62542, 62544, 62545, 62553, 62554, 62555, 62556, 62557, 62558, 62559, 62561, 62564, 62566, 62567, 62568, 62573, 62579, 62580, 62581, 62588, 62591, 62603, 62609, 62611, 62612, 62618, 62620, 62621, 62622, 62626, 62628]
147.9 :   15 : [62534, 62535, 62539, 62562, 62571, 62576, 62589, 62590, 62593, 62596, 62615, 62616, 62631, 62632, 62633]
148.7 :   30 : [62541, 62543, 62546, 62548, 62549, 62550, 62552, 62560, 62572, 62574, 62577, 62583, 62584, 62585, 62586, 62587, 62592, 62594, 62597, 62599, 62600, 62601, 62602, 62605, 62607, 62610, 62613, 62614, 62629, 62630]
148.8 :   53 : [62536, 62537, 62538, 62540, 62542, 62544, 62545, 62547, 62551, 62553, 62554, 62555, 62556, 62557, 62558, 62559, 62561, 62563, 62564, 62565, 62566, 62567, 62568, 62569, 62570, 62573, 62575, 62578, 62579, 62580, 62581, 62582, 62588, 62591, 62595, 62598, 62603, 62604, 62606, 62609, 62611, 62612, 62617, 62618, 62619, 62620, 62621, 62623, 62624, 62625, 62626, 62627, 62628]
148.9 :    2 : [62608, 62622]
150.0 :   12 : [62534, 62535, 62539, 62562, 62571, 62576, 62589, 62590, 62593, 62596, 62616, 62631]
150.1 :    3 : [62615, 62632, 62633]
150.8 :    9 : [62541, 62548, 62552, 62574, 62577, 62584, 62592, 62594, 62600]
150.9 :   73 : [62536, 62537, 62538, 62540, 62542, 62543, 62544, 62545, 62546, 62547, 62549, 62550, 62551, 62553, 62554, 62555, 62556, 62557, 62558, 62559, 62560, 62561, 62563, 62564, 62565, 62566, 62567, 62568, 62569, 62570, 62572, 62573, 62575, 62578, 62579, 62580, 62581, 62582, 62583, 62585, 62586, 62587, 62588, 62591, 62595, 62597, 62598, 62599, 62601, 62602, 62603, 62604, 62605, 62606, 62607, 62609, 62610, 62612, 62613, 62614, 62617, 62618, 62619, 62620, 62621, 62623, 62624, 62625, 62626, 62627, 62628, 62629, 62630]
151.0 :    2 : [62608, 62611]
151.1 :    1 : [62622]
152.2 :   15 : [62534, 62535, 62539, 62562, 62571, 62576, 62589, 62590, 62593, 62596, 62615, 62616, 62631, 62632, 62633]
152.9 :    5 : [62541, 62552, 62574, 62577, 62584]
153.0 :   60 : [62536, 62537, 62538, 62540, 62543, 62544, 62545, 62546, 62547, 62548, 62549, 62551, 62554, 62555, 62557, 62559, 62560, 62561, 62563, 62564, 62566, 62567, 62569, 62572, 62573, 62575, 62578, 62580, 62581, 62582, 62583, 62585, 62586, 62587, 62588, 62591, 62592, 62594, 62595, 62599, 62601, 62602, 62603, 62604, 62605, 62607, 62609, 62610, 62612, 62613, 62614, 62618, 62619, 62623, 62624, 62625, 62626, 62627, 62628, 62630]
153.1 :   10 : [62542, 62553, 62556, 62558, 62579, 62598, 62608, 62611, 62621, 62629]
153.2 :    9 : [62550, 62565, 62568, 62570, 62597, 62600, 62606, 62620, 62622]
153.3 :    1 : [62617]
154.3 :   15 : [62534, 62535, 62539, 62562, 62571, 62576, 62589, 62590, 62593, 62596, 62615, 62616, 62631, 62632, 62633]
155.0 :    3 : [62574, 62577, 62584]
155.1 :    3 : [62541, 62586, 62626]
155.2 :   22 : [62536, 62537, 62540, 62543, 62544, 62563, 62572, 62573, 62579, 62582, 62583, 62587, 62591, 62595, 62598, 62602, 62605, 62607, 62609, 62613, 62614, 62625]
155.3 :   54 : [62538, 62542, 62545, 62546, 62547, 62548, 62549, 62550, 62551, 62552, 62553, 62554, 62555, 62556, 62558, 62559, 62560, 62561, 62564, 62565, 62566, 62567, 62568, 62569, 62570, 62575, 62578, 62580, 62581, 62585, 62588, 62592, 62594, 62597, 62599, 62600, 62601, 62603, 62604, 62608, 62610, 62611, 62612, 62618, 62619, 62620, 62621, 62622, 62623, 62624, 62627, 62628, 62629, 62630]
155.4 :    2 : [62557, 62606]
155.5 :    1 : [62617]
156.4 :   15 : [62534, 62535, 62539, 62562, 62571, 62576, 62589, 62590, 62593, 62596, 62615, 62616, 62631, 62632, 62633]
157.2 :    5 : [62541, 62574, 62584, 62586, 62626]
157.4 :   47 : [62536, 62537, 62540, 62543, 62544, 62545, 62546, 62549, 62551, 62559, 62560, 62561, 62563, 62564, 62565, 62567, 62569, 62572, 62573, 62575, 62578, 62579, 62580, 62581, 62582, 62583, 62588, 62591, 62592, 62595, 62597, 62600, 62601, 62602, 62603, 62607, 62609, 62610, 62613, 62614, 62618, 62619, 62621, 62623, 62624, 62625, 62627]
157.5 :   18 : [62538, 62542, 62550, 62552, 62553, 62558, 62568, 62570, 62577, 62585, 62594, 62598, 62599, 62604, 62605, 62612, 62620, 62629]
157.6 :    8 : [62548, 62555, 62557, 62566, 62606, 62611, 62622, 62630]
157.7 :    6 : [62547, 62554, 62556, 62587, 62617, 62628]
157.8 :    1 : [62608]
158.5 :   11 : [62534, 62535, 62539, 62562, 62576, 62590, 62593, 62615, 62631, 62632, 62633]
158.6 :    3 : [62589, 62596, 62616]
158.7 :    1 : [62571]
159.3 :    2 : [62541, 62586]
159.5 :   10 : [62543, 62551, 62559, 62575, 62580, 62600, 62601, 62609, 62621, 62627]
159.7 :   17 : [62540, 62544, 62555, 62558, 62561, 62563, 62569, 62573, 62582, 62591, 62592, 62607, 62613, 62614, 62619, 62624, 62625]
159.8 :   22 : [62537, 62538, 62542, 62546, 62549, 62552, 62553, 62564, 62567, 62568, 62570, 62574, 62581, 62585, 62598, 62603, 62604, 62605, 62611, 62612, 62623, 62629]
159.9 :   34 : [62536, 62545, 62547, 62548, 62550, 62554, 62556, 62557, 62560, 62565, 62566, 62572, 62577, 62578, 62579, 62583, 62584, 62587, 62588, 62594, 62595, 62597, 62599, 62602, 62606, 62608, 62610, 62617, 62618, 62620, 62622, 62626, 62628, 62630]
160.6 :    2 : [62534, 62535]
160.7 :    1 : [62633]
160.8 :    9 : [62539, 62562, 62576, 62590, 62593, 62615, 62616, 62631, 62632]
161.2 :    3 : [62571, 62589, 62596]
161.6 :    7 : [62541, 62543, 62551, 62575, 62586, 62600, 62627]
161.8 :   14 : [62540, 62544, 62558, 62559, 62563, 62573, 62580, 62582, 62591, 62592, 62607, 62609, 62614, 62619]
161.9 :    5 : [62538, 62569, 62570, 62581, 62612]
162.0 :   13 : [62556, 62566, 62568, 62574, 62579, 62597, 62606, 62608, 62611, 62621, 62622, 62625, 62629]
162.1 :   10 : [62536, 62548, 62549, 62560, 62561, 62567, 62572, 62578, 62595, 62626]
162.2 :   26 : [62537, 62545, 62546, 62552, 62554, 62555, 62564, 62577, 62583, 62584, 62587, 62588, 62594, 62598, 62599, 62601, 62602, 62603, 62605, 62610, 62613, 62617, 62618, 62620, 62624, 62628]
162.3 :    2 : [62553, 62585]
162.4 :    8 : [62542, 62547, 62550, 62557, 62565, 62604, 62623, 62630]
162.7 :    2 : [62534, 62535]
162.9 :    5 : [62539, 62562, 62590, 62593, 62631]
163.0 :    4 : [62576, 62615, 62616, 62632]
163.2 :    1 : [62633]
163.7 :    7 : [62541, 62543, 62551, 62575, 62586, 62600, 62627]
163.8 :    3 : [62571, 62589, 62596]
163.9 :    3 : [62582, 62591, 62614]
164.0 :    6 : [62538, 62559, 62573, 62592, 62609, 62612]
164.1 :   22 : [62540, 62544, 62556, 62558, 62563, 62566, 62568, 62569, 62570, 62574, 62579, 62580, 62581, 62597, 62606, 62607, 62608, 62619, 62621, 62622, 62625, 62629]
164.4 :    8 : [62548, 62553, 62560, 62567, 62583, 62611, 62626, 62628]
164.5 :   30 : [62536, 62537, 62542, 62546, 62547, 62549, 62550, 62552, 62554, 62555, 62561, 62564, 62565, 62577, 62578, 62584, 62587, 62588, 62594, 62595, 62601, 62602, 62603, 62610, 62617, 62618, 62620, 62623, 62624, 62630]
164.6 :    7 : [62557, 62585, 62598, 62599, 62604, 62605, 62613]
164.7 :    1 : [62545]
164.8 :    2 : [62534, 62535]
164.9 :    1 : [62572]
165.0 :    2 : [62539, 62590]
165.1 :    7 : [62562, 62576, 62593, 62615, 62616, 62631, 62632]
165.4 :    1 : [62633]
165.8 :    4 : [62541, 62543, 62600, 62627]
165.9 :    6 : [62551, 62571, 62575, 62586, 62589, 62596]
166.0 :    2 : [62582, 62591]
166.1 :    7 : [62538, 62559, 62573, 62592, 62609, 62612, 62614]
166.2 :   22 : [62540, 62544, 62556, 62558, 62563, 62566, 62568, 62569, 62570, 62574, 62579, 62580, 62581, 62597, 62606, 62607, 62608, 62619, 62621, 62622, 62625, 62629]
166.5 :    8 : [62548, 62553, 62560, 62567, 62583, 62611, 62626, 62628]
166.6 :   30 : [62536, 62537, 62542, 62546, 62547, 62549, 62550, 62552, 62554, 62555, 62561, 62564, 62565, 62577, 62578, 62584, 62587, 62588, 62594, 62595, 62601, 62602, 62603, 62610, 62617, 62618, 62620, 62623, 62624, 62630]
166.7 :    7 : [62557, 62585, 62598, 62599, 62604, 62605, 62613]
167.1 :    2 : [62545, 62572]
167.2 :   10 : [62534, 62535, 62539, 62562, 62576, 62590, 62593, 62615, 62631, 62632]
167.3 :    1 : [62616]
167.6 :    1 : [62633]
167.9 :    4 : [62541, 62543, 62600, 62627]
168.0 :    6 : [62551, 62571, 62575, 62586, 62589, 62596]
168.1 :    2 : [62582, 62591]
168.3 :   22 : [62544, 62556, 62563, 62566, 62568, 62570, 62573, 62574, 62579, 62580, 62581, 62597, 62606, 62607, 62608, 62609, 62612, 62614, 62621, 62622, 62625, 62629]
168.4 :    7 : [62538, 62540, 62558, 62559, 62569, 62592, 62619]
168.6 :    4 : [62553, 62567, 62626, 62628]
168.7 :   34 : [62536, 62537, 62542, 62546, 62547, 62548, 62549, 62550, 62552, 62554, 62555, 62560, 62561, 62564, 62565, 62577, 62578, 62583, 62584, 62587, 62588, 62594, 62595, 62601, 62602, 62603, 62610, 62611, 62617, 62618, 62620, 62623, 62624, 62630]
168.8 :    7 : [62557, 62585, 62598, 62599, 62604, 62605, 62613]
169.2 :    2 : [62545, 62572]
169.3 :   10 : [62534, 62535, 62539, 62562, 62576, 62590, 62593, 62615, 62631, 62632]
169.4 :    1 : [62616]
169.7 :    1 : [62633]
170.0 :    4 : [62541, 62543, 62600, 62627]
170.1 :    6 : [62551, 62571, 62575, 62586, 62589, 62596]
170.2 :    2 : [62582, 62591]
170.4 :   22 : [62544, 62556, 62563, 62566, 62568, 62570, 62573, 62574, 62579, 62580, 62581, 62597, 62606, 62607, 62608, 62609, 62612, 62614, 62621, 62622, 62625, 62629]
170.5 :    7 : [62538, 62540, 62558, 62559, 62569, 62592, 62619]
170.7 :    4 : [62553, 62567, 62626, 62628]
170.8 :   34 : [62536, 62537, 62542, 62546, 62547, 62548, 62549, 62550, 62552, 62554, 62555, 62560, 62561, 62564, 62565, 62577, 62578, 62583, 62584, 62587, 62588, 62594, 62595, 62601, 62602, 62603, 62610, 62611, 62617, 62618, 62620, 62623, 62624, 62630]
170.9 :    7 : [62557, 62585, 62598, 62599, 62604, 62605, 62613]
171.3 :    2 : [62545, 62572]
171.4 :   10 : [62534, 62535, 62539, 62562, 62576, 62590, 62593, 62615, 62631, 62632]
171.5 :    1 : [62616]
171.8 :    1 : [62633]
172.1 :    4 : [62541, 62543, 62600, 62627]
172.2 :    6 : [62551, 62571, 62575, 62586, 62589, 62596]
172.3 :    2 : [62582, 62591]
172.5 :   22 : [62544, 62556, 62563, 62566, 62568, 62570, 62573, 62574, 62579, 62580, 62581, 62597, 62606, 62607, 62608, 62609, 62612, 62614, 62621, 62622, 62625, 62629]
172.6 :    7 : [62538, 62540, 62558, 62559, 62569, 62592, 62619]
172.8 :    4 : [62553, 62567, 62626, 62628]
172.9 :   34 : [62536, 62537, 62542, 62546, 62547, 62548, 62549, 62550, 62552, 62554, 62555, 62560, 62561, 62564, 62565, 62577, 62578, 62583, 62584, 62587, 62588, 62594, 62595, 62601, 62602, 62603, 62610, 62611, 62617, 62618, 62620, 62623, 62624, 62630]
173.0 :    7 : [62557, 62585, 62598, 62599, 62604, 62605, 62613]
173.4 :    2 : [62545, 62572]
173.5 :   10 : [62534, 62535, 62539, 62562, 62576, 62590, 62593, 62615, 62631, 62632]
173.6 :    1 : [62616]
173.9 :    1 : [62633]
174.2 :    4 : [62541, 62543, 62600, 62627]
174.3 :    6 : [62551, 62571, 62575, 62586, 62589, 62596]
174.4 :    2 : [62582, 62591]
174.6 :   22 : [62544, 62556, 62563, 62566, 62568, 62570, 62573, 62574, 62579, 62580, 62581, 62597, 62606, 62607, 62608, 62609, 62612, 62614, 62621, 62622, 62625, 62629]
174.7 :    7 : [62538, 62540, 62558, 62559, 62569, 62592, 62619]
174.9 :    4 : [62553, 62567, 62626, 62628]
175.0 :   34 : [62536, 62537, 62542, 62546, 62547, 62548, 62549, 62550, 62552, 62554, 62555, 62560, 62561, 62564, 62565, 62577, 62578, 62583, 62584, 62587, 62588, 62594, 62595, 62601, 62602, 62603, 62610, 62611, 62617, 62618, 62620, 62623, 62624, 62630]
175.1 :    7 : [62557, 62585, 62598, 62599, 62604, 62605, 62613]
175.5 :    2 : [62545, 62572]
175.6 :   10 : [62534, 62535, 62539, 62562, 62576, 62590, 62593, 62615, 62631, 62632]
175.7 :    1 : [62616]
176.0 :    1 : [62633]
176.3 :    4 : [62541, 62543, 62600, 62627]
176.4 :    6 : [62551, 62571, 62575, 62586, 62589, 62596]
176.5 :    2 : [62582, 62591]
176.7 :   22 : [62544, 62556, 62563, 62566, 62568, 62570, 62573, 62574, 62579, 62580, 62581, 62597, 62606, 62607, 62608, 62609, 62612, 62614, 62621, 62622, 62625, 62629]
176.8 :    7 : [62538, 62540, 62558, 62559, 62569, 62592, 62619]
177.0 :    4 : [62553, 62567, 62626, 62628]
177.1 :   34 : [62536, 62537, 62542, 62546, 62547, 62548, 62549, 62550, 62552, 62554, 62555, 62560, 62561, 62564, 62565, 62577, 62578, 62583, 62584, 62587, 62588, 62594, 62595, 62601, 62602, 62603, 62610, 62611, 62617, 62618, 62620, 62623, 62624, 62630]
177.2 :    7 : [62557, 62585, 62598, 62599, 62604, 62605, 62613]
177.6 :    2 : [62545, 62572]
177.7 :   10 : [62534, 62535, 62539, 62562, 62576, 62590, 62593, 62615, 62631, 62632]
177.8 :    1 : [62616]
178.1 :    1 : [62633]
178.4 :    4 : [62541, 62543, 62600, 62627]
178.5 :    6 : [62551, 62571, 62575, 62586, 62589, 62596]
178.6 :    1 : [62582]
178.8 :   21 : [62544, 62556, 62563, 62566, 62568, 62570, 62573, 62574, 62579, 62580, 62581, 62597, 62606, 62607, 62608, 62609, 62612, 62614, 62621, 62622, 62629]
178.9 :    6 : [62538, 62540, 62559, 62569, 62592, 62619]
179.0 :    1 : [62558]
179.1 :    3 : [62553, 62626, 62628]
179.2 :   15 : [62542, 62546, 62547, 62548, 62550, 62560, 62561, 62565, 62588, 62594, 62601, 62603, 62610, 62611, 62630]
179.3 :    3 : [62557, 62599, 62605]
179.4 :    2 : [62536, 62591]
179.5 :    5 : [62549, 62585, 62602, 62613, 62625]
179.7 :    6 : [62552, 62555, 62567, 62577, 62587, 62618]
179.8 :   11 : [62534, 62535, 62539, 62562, 62576, 62590, 62593, 62615, 62620, 62631, 62632]
179.9 :   13 : [62537, 62554, 62564, 62572, 62578, 62583, 62584, 62595, 62598, 62604, 62616, 62623, 62624]
180.0 :    2 : [62545, 62617]
180.2 :    1 : [62633]
180.5 :    2 : [62600, 62627]
180.6 :    3 : [62571, 62589, 62596]
180.8 :    1 : [62541]
180.9 :    6 : [62544, 62566, 62568, 62586, 62608, 62621]
181.0 :    5 : [62569, 62592, 62607, 62609, 62622]
181.1 :    3 : [62556, 62582, 62606]
181.2 :    4 : [62540, 62543, 62551, 62619]
181.3 :    7 : [62553, 62560, 62565, 62573, 62574, 62594, 62601]
181.4 :    4 : [62542, 62559, 62563, 62603]
181.5 :    4 : [62558, 62588, 62599, 62610]
181.6 :    5 : [62546, 62561, 62579, 62612, 62628]
181.7 :    4 : [62550, 62570, 62581, 62629]
181.8 :    5 : [62575, 62580, 62597, 62605, 62626]
181.9 :   13 : [62534, 62535, 62536, 62539, 62562, 62576, 62585, 62590, 62591, 62593, 62615, 62631, 62632]
182.0 :    5 : [62538, 62602, 62613, 62616, 62630]
182.1 :    8 : [62547, 62549, 62555, 62567, 62577, 62587, 62618, 62625]
182.2 :    4 : [62552, 62557, 62614, 62620]
182.3 :    9 : [62554, 62564, 62572, 62583, 62584, 62598, 62604, 62623, 62633]
182.4 :    7 : [62537, 62548, 62578, 62595, 62611, 62617, 62624]
182.5 :    1 : [62545]
182.7 :    3 : [62571, 62589, 62596]
183.1 :    1 : [62600]
183.3 :    1 : [62608]
183.4 :    3 : [62541, 62544, 62568]
183.5 :    3 : [62586, 62621, 62627]
183.6 :    4 : [62566, 62592, 62607, 62609]
183.7 :    5 : [62556, 62569, 62582, 62606, 62622]
183.8 :    5 : [62540, 62543, 62551, 62601, 62619]
183.9 :    6 : [62553, 62560, 62565, 62573, 62574, 62594]
184.0 :   12 : [62534, 62535, 62542, 62559, 62563, 62576, 62579, 62593, 62603, 62615, 62631, 62632]
184.1 :    2 : [62599, 62612]
184.2 :    6 : [62546, 62550, 62561, 62588, 62610, 62628]
184.3 :    4 : [62558, 62570, 62581, 62629]
184.4 :    6 : [62539, 62575, 62580, 62597, 62626, 62633]
184.5 :    1 : [62605]
184.6 :    4 : [62536, 62538, 62585, 62616]
184.7 :    4 : [62547, 62591, 62602, 62630]
184.8 :    9 : [62555, 62557, 62587, 62590, 62596, 62613, 62614, 62618, 62625]
184.9 :    6 : [62549, 62552, 62567, 62577, 62589, 62620]
185.0 :    5 : [62554, 62564, 62572, 62584, 62598]
185.1 :    9 : [62537, 62548, 62571, 62578, 62583, 62604, 62611, 62623, 62624]
185.2 :    4 : [62545, 62562, 62595, 62617]
185.9 :    1 : [62600]
186.0 :    1 : [62608]
186.2 :    2 : [62544, 62621]
186.3 :    4 : [62534, 62541, 62568, 62627]
186.4 :    4 : [62566, 62586, 62607, 62622]
186.5 :    4 : [62556, 62569, 62592, 62609]
186.6 :    4 : [62576, 62582, 62593, 62606]
186.7 :    8 : [62535, 62540, 62543, 62551, 62565, 62601, 62619, 62632]
186.8 :    9 : [62539, 62553, 62560, 62573, 62574, 62579, 62594, 62631, 62633]
186.9 :    5 : [62542, 62559, 62563, 62603, 62612]
187.0 :    3 : [62561, 62599, 62616]
187.1 :    6 : [62546, 62550, 62581, 62588, 62610, 62628]
187.2 :    3 : [62570, 62615, 62629]
187.3 :    6 : [62575, 62580, 62589, 62590, 62597, 62626]
187.4 :    3 : [62538, 62558, 62596]
187.5 :    2 : [62571, 62630]
187.6 :    2 : [62585, 62605]
187.7 :    5 : [62536, 62547, 62557, 62602, 62614]
187.8 :    3 : [62562, 62591, 62618]
187.9 :    8 : [62552, 62555, 62567, 62577, 62587, 62613, 62620, 62625]
188.0 :    3 : [62549, 62584, 62611]
188.1 :   10 : [62548, 62554, 62564, 62572, 62578, 62583, 62598, 62604, 62623, 62624]
188.2 :    4 : [62537, 62545, 62595, 62617]
188.9 :    2 : [62600, 62608]
189.0 :    1 : [62534]
189.3 :    3 : [62576, 62621, 62627]
189.4 :    4 : [62535, 62544, 62593, 62632]
189.5 :    3 : [62541, 62568, 62622]
189.6 :    6 : [62539, 62566, 62586, 62607, 62631, 62633]
189.7 :    5 : [62556, 62565, 62569, 62592, 62609]
189.8 :    3 : [62582, 62606, 62616]
189.9 :    7 : [62540, 62543, 62551, 62579, 62601, 62615, 62619]
190.0 :    6 : [62553, 62560, 62573, 62574, 62590, 62594]
190.1 :    4 : [62542, 62559, 62563, 62603]
190.2 :    5 : [62550, 62589, 62596, 62599, 62612]
190.3 :    7 : [62546, 62561, 62571, 62581, 62588, 62610, 62628]
190.4 :    2 : [62570, 62629]
190.5 :    4 : [62575, 62580, 62597, 62626]
190.7 :    3 : [62538, 62562, 62630]
190.8 :    1 : [62558]
190.9 :    2 : [62547, 62614]
191.0 :    3 : [62557, 62585, 62605]
191.1 :    2 : [62536, 62602]
191.2 :    4 : [62555, 62587, 62591, 62618]
191.3 :    7 : [62552, 62567, 62577, 62611, 62613, 62620, 62625]
191.4 :    5 : [62549, 62564, 62572, 62584, 62598]
191.5 :    7 : [62548, 62554, 62578, 62583, 62604, 62623, 62624]
191.6 :    4 : [62537, 62545, 62595, 62617]
191.7 :    3 : [62566, 62586, 62607]
191.8 :    3 : [62556, 62569, 62609]
191.9 :    2 : [62534, 62582]
192.0 :    2 : [62551, 62619]
192.1 :    3 : [62560, 62574, 62608]
192.3 :    3 : [62535, 62550, 62632]
192.4 :    5 : [62576, 62581, 62588, 62593, 62600]
192.6 :    4 : [62575, 62580, 62597, 62626]
192.7 :    4 : [62539, 62621, 62631, 62633]
192.8 :    2 : [62627, 62630]
192.9 :    2 : [62558, 62616]
193.0 :    6 : [62544, 62547, 62568, 62614, 62615, 62622]
193.1 :    3 : [62541, 62585, 62605]
193.2 :    5 : [62536, 62565, 62590, 62596, 62602]
193.3 :    7 : [62555, 62587, 62589, 62591, 62592, 62606, 62618]
193.4 :    8 : [62540, 62552, 62567, 62577, 62579, 62613, 62620, 62625]
193.5 :    8 : [62543, 62549, 62564, 62571, 62572, 62584, 62598, 62601]
193.6 :   11 : [62548, 62553, 62554, 62573, 62578, 62583, 62594, 62603, 62604, 62623, 62624]
193.7 :    7 : [62537, 62542, 62545, 62559, 62563, 62595, 62617]
193.8 :    4 : [62546, 62561, 62599, 62612]
193.9 :    3 : [62562, 62610, 62628]
194.0 :    2 : [62570, 62629]
194.2 :    2 : [62538, 62608]
194.5 :    1 : [62600]
194.6 :    1 : [62557]
194.8 :    1 : [62621]
194.9 :    2 : [62611, 62627]
195.0 :    1 : [62558]
195.1 :    4 : [62544, 62566, 62568, 62622]
195.2 :    8 : [62534, 62541, 62556, 62585, 62586, 62605, 62607, 62609]
195.3 :    3 : [62536, 62565, 62569]
195.4 :    6 : [62555, 62582, 62589, 62591, 62592, 62606]
195.5 :    8 : [62540, 62551, 62577, 62579, 62613, 62619, 62620, 62625]
195.6 :    9 : [62535, 62543, 62549, 62560, 62564, 62574, 62598, 62601, 62632]
195.7 :    5 : [62550, 62553, 62573, 62594, 62603]
195.8 :    6 : [62542, 62559, 62563, 62576, 62595, 62617]
195.9 :    7 : [62546, 62561, 62581, 62588, 62593, 62599, 62612]
196.0 :    3 : [62562, 62610, 62628]
196.1 :    8 : [62570, 62575, 62580, 62597, 62626, 62629, 62631, 62633]
196.2 :    1 : [62539]
196.3 :    2 : [62538, 62630]
196.4 :    2 : [62615, 62616]
196.5 :    1 : [62614]
196.6 :    2 : [62547, 62590]
196.7 :    2 : [62557, 62596]
196.9 :    2 : [62571, 62602]
197.0 :    3 : [62611, 62618, 62627]
197.1 :    3 : [62558, 62567, 62587]
197.2 :    4 : [62544, 62552, 62566, 62568]
197.3 :   13 : [62541, 62554, 62556, 62572, 62583, 62584, 62585, 62586, 62604, 62605, 62607, 62609, 62623]
197.4 :    5 : [62536, 62548, 62569, 62578, 62624]
197.5 :    7 : [62537, 62545, 62555, 62582, 62591, 62592, 62606]
197.6 :    8 : [62540, 62551, 62577, 62579, 62613, 62619, 62620, 62625]
197.7 :    8 : [62535, 62543, 62549, 62560, 62564, 62574, 62601, 62632]
197.8 :    6 : [62550, 62553, 62573, 62594, 62603, 62608]
197.9 :    6 : [62542, 62559, 62563, 62576, 62595, 62617]
198.0 :    7 : [62546, 62561, 62581, 62588, 62593, 62599, 62612]
198.1 :    2 : [62610, 62628]
198.2 :    8 : [62570, 62575, 62580, 62597, 62626, 62629, 62631, 62633]
198.3 :    2 : [62539, 62600]
198.4 :    2 : [62538, 62630]
198.5 :    3 : [62615, 62616, 62621]
198.6 :    1 : [62614]
198.7 :    2 : [62547, 62590]
198.8 :    4 : [62534, 62557, 62589, 62596]
198.9 :    1 : [62622]
199.0 :    1 : [62571]
199.1 :    3 : [62565, 62611, 62627]
199.2 :    3 : [62558, 62602, 62618]
199.3 :    3 : [62544, 62568, 62587]
199.4 :    6 : [62541, 62552, 62562, 62567, 62585, 62605]
199.5 :    7 : [62536, 62566, 62572, 62584, 62586, 62598, 62607]
199.6 :   14 : [62548, 62554, 62555, 62556, 62569, 62578, 62583, 62591, 62592, 62604, 62606, 62609, 62623, 62624]
199.7 :    9 : [62537, 62540, 62545, 62577, 62579, 62582, 62613, 62620, 62625]
199.8 :    6 : [62543, 62549, 62551, 62564, 62601, 62619]
199.9 :    7 : [62553, 62560, 62573, 62574, 62594, 62603, 62608]
200.0 :    7 : [62542, 62550, 62559, 62563, 62576, 62595, 62617]
200.1 :    5 : [62546, 62561, 62593, 62599, 62612]
200.2 :    3 : [62581, 62610, 62628]
200.3 :    5 : [62570, 62588, 62629, 62631, 62633]
200.4 :    2 : [62539, 62575]
200.5 :    3 : [62580, 62597, 62626]
200.6 :    5 : [62538, 62600, 62615, 62616, 62630]
200.8 :    2 : [62590, 62621]
200.9 :    4 : [62534, 62557, 62589, 62614]
201.0 :    1 : [62547]
201.1 :    1 : [62571]
201.2 :    2 : [62622, 62627]
201.3 :    2 : [62535, 62611]
201.4 :    2 : [62565, 62632]
201.5 :    1 : [62562]
201.6 :    1 : [62585]
201.7 :    3 : [62544, 62602, 62618]
201.8 :    6 : [62541, 62558, 62568, 62579, 62587, 62605]
201.9 :    6 : [62536, 62552, 62555, 62566, 62567, 62620]
202.0 :   15 : [62554, 62556, 62564, 62572, 62577, 62583, 62584, 62586, 62592, 62598, 62604, 62606, 62607, 62609, 62623]
202.1 :    8 : [62548, 62569, 62576, 62578, 62591, 62613, 62624, 62625]
202.2 :    8 : [62537, 62540, 62543, 62545, 62582, 62593, 62601, 62608]
202.3 :    5 : [62551, 62553, 62595, 62617, 62619]
202.4 :    9 : [62549, 62550, 62560, 62563, 62573, 62574, 62603, 62631, 62633]
202.5 :    4 : [62539, 62542, 62559, 62594]
202.6 :    5 : [62546, 62561, 62596, 62599, 62612]
202.7 :    5 : [62581, 62610, 62615, 62616, 62628]
202.8 :    3 : [62570, 62588, 62629]
202.9 :    2 : [62575, 62590]
203.0 :    6 : [62534, 62538, 62580, 62589, 62597, 62626]
203.1 :    2 : [62600, 62630]
203.2 :    1 : [62571]
203.3 :    1 : [62621]
203.4 :    3 : [62535, 62557, 62614]
203.5 :    1 : [62632]
203.6 :    2 : [62547, 62627]
203.8 :    2 : [62562, 62622]
203.9 :    2 : [62565, 62611]
204.2 :    2 : [62576, 62579]
204.3 :    1 : [62593]
204.5 :    6 : [62544, 62585, 62602, 62618, 62631, 62633]
204.6 :    4 : [62539, 62541, 62568, 62587]
204.7 :    5 : [62552, 62555, 62567, 62605, 62620]
204.8 :   13 : [62556, 62564, 62566, 62572, 62583, 62584, 62586, 62598, 62604, 62606, 62607, 62608, 62615]
204.9 :   12 : [62536, 62548, 62554, 62558, 62569, 62577, 62578, 62592, 62596, 62609, 62616, 62623]
205.0 :    6 : [62537, 62540, 62545, 62582, 62590, 62624]
205.1 :    5 : [62543, 62591, 62601, 62617, 62625]
205.2 :    8 : [62534, 62550, 62551, 62553, 62560, 62595, 62613, 62619]
205.3 :    6 : [62559, 62563, 62571, 62573, 62574, 62603]
205.4 :    4 : [62542, 62561, 62594, 62599]
205.5 :    4 : [62546, 62581, 62589, 62612]
205.6 :    2 : [62549, 62628]
205.7 :    3 : [62570, 62610, 62629]
205.8 :    3 : [62535, 62575, 62588]
205.9 :    5 : [62538, 62597, 62626, 62630, 62632]
206.0 :    2 : [62580, 62600]
206.1 :    1 : [62621]
206.3 :    2 : [62562, 62614]
206.4 :    1 : [62557]
206.5 :    1 : [62576]
206.6 :    2 : [62547, 62627]
206.7 :    1 : [62593]
206.8 :    1 : [62622]
206.9 :    1 : [62565]
207.0 :    3 : [62611, 62631, 62633]
207.1 :    1 : [62539]
207.2 :    1 : [62615]
207.3 :    1 : [62579]
207.4 :    1 : [62596]
207.5 :    1 : [62616]
207.6 :    1 : [62590]
207.8 :    2 : [62534, 62608]
208.0 :    1 : [62571]
208.2 :    1 : [62589]
208.3 :    1 : [62618]
208.4 :    2 : [62535, 62544]
208.5 :    1 : [62632]
208.6 :    1 : [62587]
208.7 :    3 : [62541, 62568, 62602]
208.8 :    1 : [62606]
208.9 :    5 : [62550, 62556, 62572, 62584, 62598]
209.0 :    5 : [62566, 62567, 62583, 62604, 62620]
209.1 :    5 : [62554, 62562, 62564, 62609, 62623]
209.2 :    7 : [62540, 62545, 62548, 62552, 62578, 62585, 62592]
209.4 :    3 : [62601, 62607, 62624]
209.5 :    1 : [62576]
209.7 :    2 : [62553, 62555]
209.8 :    3 : [62569, 62586, 62593]
209.9 :    1 : [62581]
210.0 :    2 : [62546, 62603]
210.1 :    4 : [62537, 62561, 62631, 62633]
210.2 :    5 : [62539, 62543, 62560, 62599, 62615]
210.4 :    2 : [62596, 62630]
210.7 :    2 : [62590, 62616]
210.8 :    1 : [62534]
211.2 :    1 : [62571]
211.6 :    1 : [62535]
211.7 :    1 : [62589]
211.8 :    1 : [62632]
316.7 :   32 : [62535, 62540, 62544, 62546, 62547, 62553, 62555, 62561, 62566, 62568, 62573, 62574, 62580, 62582, 62587, 62590, 62591, 62594, 62598, 62599, 62601, 62602, 62604, 62605, 62606, 62608, 62617, 62620, 62622, 62623, 62628, 62631]
316.8 :    7 : [62548, 62549, 62550, 62558, 62577, 62585, 62609]
319.3 :   16 : [62540, 62546, 62547, 62548, 62553, 62561, 62574, 62577, 62580, 62587, 62598, 62599, 62602, 62604, 62623, 62628]
319.4 :   19 : [62535, 62549, 62550, 62555, 62558, 62566, 62568, 62585, 62590, 62591, 62594, 62601, 62605, 62606, 62608, 62617, 62620, 62622, 62631]
321.4 :   15 : [62540, 62546, 62548, 62553, 62561, 62574, 62577, 62580, 62587, 62598, 62599, 62602, 62604, 62623, 62628]
321.5 :   18 : [62547, 62549, 62550, 62555, 62558, 62566, 62568, 62585, 62590, 62591, 62594, 62601, 62605, 62606, 62608, 62617, 62620, 62622]
321.6 :    2 : [62535, 62631]
323.5 :   15 : [62540, 62546, 62548, 62553, 62561, 62574, 62577, 62580, 62587, 62598, 62599, 62602, 62604, 62623, 62628]
323.6 :    7 : [62555, 62558, 62585, 62590, 62591, 62594, 62605]
323.7 :    9 : [62535, 62547, 62550, 62566, 62568, 62601, 62606, 62620, 62631]
323.8 :    2 : [62608, 62622]
323.9 :    2 : [62549, 62617]
325.6 :    5 : [62574, 62577, 62587, 62598, 62604]
325.9 :   12 : [62535, 62547, 62550, 62561, 62585, 62590, 62601, 62620, 62622, 62623, 62628, 62631]
326.0 :   16 : [62546, 62548, 62549, 62553, 62555, 62558, 62566, 62568, 62580, 62591, 62594, 62599, 62602, 62606, 62608, 62617]
326.1 :    2 : [62540, 62605]
327.7 :    5 : [62574, 62577, 62587, 62598, 62604]
328.0 :    9 : [62547, 62550, 62561, 62585, 62601, 62620, 62622, 62623, 62628]
328.1 :   18 : [62535, 62546, 62548, 62549, 62553, 62558, 62566, 62568, 62580, 62590, 62591, 62594, 62599, 62602, 62606, 62608, 62617, 62631]
328.2 :    1 : [62555]
328.3 :    2 : [62540, 62605]
329.8 :    5 : [62574, 62577, 62587, 62598, 62604]
330.1 :    8 : [62547, 62550, 62561, 62585, 62601, 62620, 62623, 62628]
330.2 :    1 : [62622]
330.3 :    4 : [62535, 62590, 62608, 62631]
330.4 :   17 : [62540, 62546, 62548, 62549, 62553, 62555, 62558, 62566, 62568, 62580, 62591, 62594, 62599, 62602, 62605, 62606, 62617]
331.9 :    5 : [62574, 62577, 62587, 62598, 62604]
332.4 :    5 : [62561, 62608, 62622, 62628, 62631]
332.5 :   16 : [62535, 62540, 62548, 62550, 62555, 62566, 62568, 62585, 62590, 62591, 62594, 62601, 62602, 62605, 62606, 62620]
332.6 :    9 : [62546, 62547, 62549, 62553, 62558, 62580, 62599, 62617, 62623]
334.0 :    5 : [62574, 62577, 62587, 62598, 62604]
334.5 :    5 : [62561, 62608, 62622, 62628, 62631]
334.6 :   16 : [62535, 62540, 62548, 62550, 62555, 62566, 62568, 62585, 62590, 62591, 62594, 62601, 62602, 62605, 62606, 62620]
334.7 :    9 : [62546, 62547, 62549, 62553, 62558, 62580, 62599, 62617, 62623]
336.1 :    5 : [62574, 62577, 62587, 62598, 62604]
336.6 :    5 : [62561, 62608, 62622, 62628, 62631]
336.7 :   14 : [62535, 62548, 62550, 62555, 62566, 62568, 62585, 62590, 62594, 62601, 62602, 62605, 62606, 62620]
336.8 :   11 : [62540, 62546, 62547, 62549, 62553, 62558, 62580, 62591, 62599, 62617, 62623]
338.2 :    5 : [62574, 62577, 62587, 62598, 62604]
338.7 :    5 : [62561, 62608, 62622, 62628, 62631]
338.8 :   13 : [62535, 62548, 62550, 62555, 62566, 62585, 62590, 62594, 62601, 62602, 62605, 62606, 62620]
338.9 :   12 : [62540, 62546, 62547, 62549, 62553, 62558, 62568, 62580, 62591, 62599, 62617, 62623]
340.3 :    5 : [62574, 62577, 62587, 62598, 62604]
340.8 :    5 : [62561, 62608, 62622, 62628, 62631]
340.9 :   13 : [62535, 62548, 62550, 62555, 62566, 62585, 62590, 62594, 62601, 62602, 62605, 62606, 62620]
341.0 :   12 : [62540, 62546, 62547, 62549, 62553, 62558, 62568, 62580, 62591, 62599, 62617, 62623]
342.4 :    5 : [62574, 62577, 62587, 62598, 62604]
342.9 :    5 : [62561, 62608, 62622, 62628, 62631]
343.0 :   13 : [62535, 62548, 62550, 62555, 62566, 62585, 62590, 62594, 62601, 62602, 62605, 62606, 62620]
343.1 :   11 : [62546, 62547, 62549, 62553, 62558, 62568, 62580, 62591, 62599, 62617, 62623]
343.2 :    1 : [62540]
344.5 :    5 : [62574, 62577, 62587, 62598, 62604]
345.0 :    5 : [62561, 62608, 62622, 62628, 62631]
345.1 :   13 : [62535, 62548, 62550, 62555, 62566, 62585, 62590, 62594, 62601, 62602, 62605, 62606, 62620]
345.3 :   12 : [62540, 62546, 62547, 62549, 62553, 62558, 62568, 62580, 62591, 62599, 62617, 62623]
346.6 :    5 : [62574, 62577, 62587, 62598, 62604]
347.1 :    5 : [62561, 62608, 62622, 62628, 62631]
347.2 :    2 : [62535, 62590]
347.3 :    4 : [62548, 62594, 62601, 62602]
347.4 :    9 : [62546, 62547, 62549, 62550, 62553, 62585, 62599, 62605, 62617]
347.5 :    4 : [62540, 62566, 62606, 62620]
347.6 :    6 : [62555, 62558, 62568, 62580, 62591, 62623]
348.7 :    5 : [62574, 62577, 62587, 62598, 62604]
349.3 :    2 : [62608, 62628]
349.4 :    5 : [62535, 62548, 62561, 62594, 62631]
349.5 :   12 : [62546, 62547, 62549, 62553, 62585, 62590, 62599, 62601, 62602, 62605, 62617, 62622]
349.6 :    3 : [62540, 62606, 62620]
349.7 :    8 : [62550, 62555, 62558, 62566, 62568, 62580, 62591, 62623]
350.8 :    1 : [62598]
350.9 :    2 : [62577, 62587]
351.1 :    1 : [62574]
351.2 :    1 : [62604]
351.4 :    1 : [62628]
351.5 :    3 : [62548, 62561, 62594]
351.6 :   13 : [62546, 62547, 62549, 62553, 62585, 62590, 62599, 62601, 62602, 62608, 62617, 62622, 62631]
351.7 :    4 : [62540, 62605, 62606, 62620]
351.8 :    9 : [62535, 62550, 62555, 62558, 62566, 62568, 62580, 62591, 62623]
352.9 :    1 : [62598]
353.1 :    2 : [62577, 62587]
353.3 :    2 : [62574, 62604]
353.5 :    1 : [62628]
353.6 :    3 : [62548, 62561, 62594]
353.7 :    6 : [62546, 62553, 62590, 62601, 62608, 62631]
353.8 :   11 : [62540, 62547, 62549, 62585, 62599, 62602, 62605, 62606, 62617, 62620, 62622]
353.9 :    6 : [62535, 62555, 62566, 62568, 62580, 62591]
354.0 :    3 : [62550, 62558, 62623]
355.0 :    1 : [62598]
355.2 :    2 : [62577, 62587]
355.4 :    2 : [62574, 62604]
355.7 :    2 : [62561, 62628]
355.8 :    7 : [62546, 62548, 62553, 62594, 62601, 62608, 62631]
355.9 :   12 : [62540, 62547, 62549, 62585, 62590, 62599, 62602, 62605, 62606, 62617, 62620, 62622]
356.0 :    5 : [62555, 62566, 62568, 62580, 62591]
356.1 :    2 : [62535, 62550]
356.2 :    1 : [62623]
356.3 :    1 : [62558]
357.2 :    1 : [62598]
357.3 :    2 : [62577, 62587]
357.5 :    2 : [62574, 62604]
357.8 :    2 : [62561, 62628]
357.9 :    7 : [62546, 62548, 62553, 62594, 62601, 62608, 62631]
358.0 :   10 : [62540, 62547, 62549, 62585, 62590, 62599, 62602, 62605, 62617, 62620]
358.1 :    5 : [62566, 62568, 62580, 62591, 62606]
358.2 :    2 : [62550, 62622]
358.4 :    1 : [62623]
358.5 :    1 : [62535]
358.6 :    1 : [62558]
358.9 :    1 : [62555]
359.3 :    1 : [62598]
359.4 :    2 : [62577, 62587]
359.6 :    2 : [62574, 62604]
359.9 :    2 : [62561, 62628]
360.0 :    5 : [62546, 62548, 62553, 62594, 62631]
360.1 :   10 : [62540, 62547, 62549, 62585, 62590, 62599, 62602, 62605, 62617, 62620]
360.2 :    1 : [62580]
360.5 :    3 : [62606, 62622, 62623]
360.8 :    1 : [62591]
360.9 :    5 : [62535, 62558, 62568, 62601, 62608]
361.0 :    1 : [62566]
361.1 :    1 : [62555]
361.2 :    1 : [62550]
361.4 :    1 : [62598]
361.5 :    2 : [62577, 62587]
361.7 :    2 : [62574, 62604]
362.0 :    2 : [62561, 62628]
362.1 :    5 : [62546, 62548, 62553, 62594, 62631]
362.2 :    5 : [62540, 62547, 62549, 62599, 62617]
362.8 :    1 : [62622]
362.9 :    1 : [62606]
363.1 :    4 : [62585, 62590, 62601, 62620]
363.2 :    5 : [62535, 62558, 62591, 62602, 62605]
363.3 :    4 : [62566, 62568, 62608, 62623]
363.4 :    1 : [62580]
363.5 :    3 : [62550, 62555, 62598]
363.6 :    2 : [62577, 62587]
363.8 :    2 : [62574, 62604]
364.3 :    4 : [62540, 62546, 62594, 62628]
364.4 :    5 : [62547, 62548, 62549, 62553, 62631]
364.5 :    1 : [62617]
364.6 :    1 : [62561]
364.7 :    1 : [62599]
365.3 :    1 : [62622]
365.4 :    1 : [62606]
365.5 :    4 : [62585, 62590, 62605, 62620]
365.6 :    5 : [62535, 62591, 62601, 62602, 62623]
365.7 :    6 : [62558, 62566, 62568, 62580, 62587, 62608]
365.9 :    2 : [62574, 62577]
366.0 :    1 : [62550]
366.1 :    2 : [62555, 62604]
366.2 :    1 : [62598]
366.7 :    1 : [62540]
366.8 :    5 : [62546, 62547, 62548, 62594, 62628]
366.9 :    4 : [62549, 62553, 62617, 62631]
367.0 :    2 : [62561, 62599]
367.8 :    1 : [62587]
368.0 :    1 : [62622]
368.1 :    7 : [62574, 62585, 62590, 62605, 62606, 62620, 62623]
368.2 :    3 : [62535, 62601, 62602]
368.3 :    2 : [62577, 62580]
368.4 :    4 : [62558, 62566, 62591, 62608]
368.5 :    1 : [62568]
368.6 :    1 : [62598]
368.8 :    2 : [62550, 62604]
369.0 :    1 : [62555]
369.3 :    1 : [62540]
369.4 :    2 : [62546, 62628]
369.5 :    5 : [62547, 62548, 62561, 62594, 62631]
369.6 :    1 : [62599]
369.7 :    3 : [62549, 62553, 62617]
370.1 :    1 : [62587]
370.5 :    1 : [62574]
370.9 :    4 : [62577, 62605, 62620, 62623]
371.0 :    4 : [62585, 62590, 62602, 62622]
371.1 :    1 : [62580]
371.2 :    3 : [62535, 62601, 62606]
371.3 :    2 : [62566, 62598]
371.4 :    2 : [62591, 62604]
371.5 :    2 : [62558, 62608]
371.6 :    1 : [62568]
371.9 :    1 : [62550]
372.2 :    3 : [62540, 62555, 62628]
372.4 :    5 : [62546, 62547, 62548, 62561, 62599]
372.5 :    2 : [62594, 62631]
372.7 :    1 : [62617]
372.8 :    2 : [62549, 62553]
372.9 :    1 : [62587]
373.2 :    1 : [62574]
373.8 :    1 : [62577]
374.0 :    1 : [62623]
374.1 :    2 : [62605, 62620]
374.2 :    4 : [62580, 62585, 62590, 62602]
374.3 :    3 : [62555, 62598, 62604]
374.4 :    1 : [62622]
374.5 :    2 : [62535, 62601]
374.7 :    2 : [62566, 62606]
374.8 :    1 : [62591]
374.9 :    2 : [62558, 62608]
375.1 :    1 : [62568]
375.4 :    1 : [62550]
375.5 :    2 : [62540, 62628]
375.6 :    2 : [62548, 62599]
375.7 :    3 : [62546, 62547, 62561]
375.8 :    1 : [62631]
375.9 :    1 : [62594]
376.0 :    2 : [62587, 62617]
376.2 :    2 : [62574, 62605]
376.3 :    2 : [62549, 62553]
376.5 :    1 : [62622]
376.6 :    2 : [62535, 62601]
376.8 :    2 : [62566, 62606]
376.9 :    1 : [62591]
377.0 :    2 : [62558, 62608]
377.1 :    1 : [62577]
377.2 :    1 : [62568]
377.4 :    1 : [62623]
377.5 :    1 : [62550]
377.6 :    3 : [62540, 62598, 62604]
377.7 :    6 : [62548, 62580, 62585, 62599, 62602, 62620]
377.8 :    4 : [62546, 62547, 62555, 62590]
377.9 :    1 : [62631]
378.0 :    1 : [62594]
378.1 :    1 : [62617]
378.4 :    2 : [62549, 62553]
378.9 :    1 : [62606]
379.0 :    1 : [62591]
379.1 :    2 : [62558, 62628]
379.3 :    2 : [62561, 62568]
379.4 :    1 : [62587]
379.5 :    1 : [62623]
379.6 :    3 : [62550, 62574, 62605]
379.7 :    1 : [62598]
379.8 :    4 : [62580, 62585, 62602, 62620]
379.9 :    2 : [62555, 62590]
380.2 :    3 : [62535, 62617, 62622]
380.3 :    1 : [62601]
380.4 :    1 : [62566]
380.5 :    2 : [62549, 62553]
380.7 :    1 : [62577]
380.8 :    1 : [62608]
381.0 :    1 : [62606]
381.1 :    3 : [62540, 62591, 62599]
381.2 :    4 : [62548, 62558, 62604, 62628]
381.3 :    1 : [62547]
381.4 :    3 : [62546, 62561, 62568]
381.5 :    2 : [62587, 62631]
381.6 :    1 : [62623]
381.7 :    3 : [62550, 62574, 62605]
381.8 :    1 : [62594]
381.9 :    4 : [62580, 62585, 62602, 62620]
382.0 :    1 : [62590]
382.1 :    1 : [62555]
382.3 :    2 : [62535, 62617]
382.5 :    2 : [62601, 62622]
382.6 :    3 : [62549, 62553, 62566]
382.8 :    1 : [62577]
383.0 :    1 : [62608]
383.1 :    1 : [62606]
383.2 :    3 : [62540, 62591, 62599]
383.3 :    4 : [62558, 62598, 62604, 62628]
383.4 :    1 : [62548]
383.5 :    4 : [62546, 62547, 62561, 62568]
383.6 :    2 : [62587, 62631]
383.7 :    1 : [62623]
383.8 :    1 : [62550]
383.9 :    1 : [62605]
384.0 :    5 : [62580, 62585, 62594, 62602, 62620]
384.1 :    1 : [62590]
384.4 :    1 : [62617]
384.6 :    1 : [62555]
384.7 :    3 : [62535, 62549, 62553]
384.9 :    2 : [62577, 62601]
385.0 :    2 : [62566, 62622]
385.4 :    3 : [62599, 62604, 62628]
385.5 :    3 : [62574, 62598, 62608]
385.6 :    5 : [62540, 62558, 62561, 62591, 62606]
385.7 :    2 : [62548, 62587]
385.8 :    2 : [62547, 62623]
385.9 :    2 : [62546, 62568]
386.0 :    1 : [62631]
386.3 :    2 : [62580, 62620]
386.4 :    3 : [62550, 62602, 62605]
386.5 :    2 : [62585, 62594]
386.6 :    2 : [62590, 62617]
387.1 :    1 : [62577]
387.2 :    1 : [62553]
387.3 :    2 : [62535, 62549]
387.5 :    2 : [62555, 62604]
387.6 :    1 : [62601]
387.7 :    2 : [62566, 62574]
387.8 :    2 : [62587, 62622]
387.9 :    2 : [62598, 62599]
388.0 :    1 : [62628]
388.1 :    2 : [62540, 62561]
388.2 :    1 : [62548]
388.4 :    3 : [62547, 62608, 62623]
388.5 :    2 : [62546, 62591]
388.6 :    2 : [62558, 62631]
388.7 :    1 : [62606]
389.0 :    2 : [62568, 62580]
389.1 :    3 : [62602, 62605, 62620]
389.3 :    2 : [62585, 62594]
389.4 :    1 : [62617]
389.5 :    2 : [62550, 62590]
389.6 :    1 : [62577]
390.1 :    2 : [62574, 62604]
390.2 :    1 : [62587]
390.3 :    1 : [62553]
390.5 :    2 : [62535, 62549]
390.6 :    1 : [62598]
390.7 :    1 : [62599]
390.9 :    1 : [62628]
391.0 :    2 : [62561, 62601]
391.1 :    1 : [62566]
391.2 :    2 : [62540, 62548]
391.5 :    2 : [62547, 62623]
391.7 :    1 : [62546]
391.9 :    1 : [62631]
392.0 :    1 : [62622]
392.4 :    1 : [62580]
392.6 :    1 : [62577]
392.8 :    1 : [62602]
392.9 :    2 : [62605, 62620]
393.0 :    2 : [62574, 62604]
393.2 :    1 : [62587]
393.4 :    2 : [62585, 62594]
393.5 :    1 : [62617]
393.9 :    1 : [62598]
394.7 :    1 : [62599]
397.0 :    1 : [62574]
516.0 :   24 : [62535, 62540, 62546, 62548, 62549, 62550, 62553, 62558, 62568, 62574, 62577, 62580, 62585, 62587, 62590, 62591, 62594, 62598, 62601, 62602, 62604, 62605, 62606, 62623]
518.1 :    9 : [62535, 62550, 62558, 62577, 62587, 62590, 62598, 62601, 62606]
518.7 :   14 : [62540, 62548, 62549, 62553, 62568, 62574, 62580, 62585, 62591, 62594, 62602, 62604, 62605, 62623]
518.8 :    1 : [62546]
520.2 :    3 : [62577, 62587, 62598]
520.8 :   20 : [62535, 62540, 62548, 62549, 62550, 62553, 62558, 62568, 62574, 62580, 62585, 62590, 62591, 62594, 62601, 62602, 62604, 62605, 62606, 62623]
520.9 :    1 : [62546]
522.3 :    2 : [62587, 62598]
522.9 :    1 : [62604]
523.0 :   17 : [62540, 62546, 62548, 62549, 62550, 62553, 62558, 62568, 62574, 62580, 62585, 62591, 62594, 62601, 62602, 62605, 62623]
523.1 :    4 : [62535, 62577, 62590, 62606]
524.4 :    2 : [62587, 62598]
525.1 :    1 : [62604]
525.2 :    9 : [62548, 62549, 62553, 62580, 62585, 62591, 62601, 62602, 62605]
525.3 :   11 : [62535, 62540, 62546, 62550, 62558, 62568, 62574, 62590, 62594, 62606, 62623]
525.4 :    1 : [62577]
526.5 :    2 : [62587, 62598]
527.3 :    1 : [62604]
527.4 :    3 : [62549, 62601, 62602]
527.5 :   18 : [62535, 62540, 62546, 62548, 62550, 62553, 62558, 62568, 62574, 62577, 62580, 62585, 62590, 62591, 62594, 62605, 62606, 62623]
528.6 :    2 : [62587, 62598]
529.4 :    1 : [62604]
529.5 :    3 : [62549, 62601, 62602]
529.6 :   18 : [62535, 62540, 62546, 62548, 62550, 62553, 62558, 62568, 62574, 62577, 62580, 62585, 62590, 62591, 62594, 62605, 62606, 62623]
530.7 :    2 : [62587, 62598]
531.5 :    1 : [62604]
531.6 :    3 : [62549, 62601, 62602]
531.7 :   18 : [62535, 62540, 62546, 62548, 62550, 62553, 62558, 62568, 62574, 62577, 62580, 62585, 62590, 62591, 62594, 62605, 62606, 62623]
532.8 :    2 : [62587, 62598]
533.6 :    1 : [62604]
533.7 :    3 : [62549, 62601, 62602]
533.8 :   18 : [62535, 62540, 62546, 62548, 62550, 62553, 62558, 62568, 62574, 62577, 62580, 62585, 62590, 62591, 62594, 62605, 62606, 62623]
534.9 :    2 : [62587, 62598]
535.7 :    1 : [62604]
535.8 :    3 : [62549, 62601, 62602]
535.9 :   18 : [62535, 62540, 62546, 62548, 62550, 62553, 62558, 62568, 62574, 62577, 62580, 62585, 62590, 62591, 62594, 62605, 62606, 62623]
537.0 :    2 : [62587, 62598]
537.8 :    1 : [62604]
537.9 :    3 : [62549, 62601, 62602]
538.0 :   18 : [62535, 62540, 62546, 62548, 62550, 62553, 62558, 62568, 62574, 62577, 62580, 62585, 62590, 62591, 62594, 62605, 62606, 62623]
539.7 :    2 : [62587, 62598]
539.9 :    1 : [62604]
540.0 :    3 : [62549, 62601, 62602]
540.1 :   17 : [62535, 62540, 62546, 62548, 62550, 62553, 62558, 62568, 62574, 62580, 62585, 62590, 62591, 62594, 62605, 62606, 62623]
540.6 :    1 : [62577]
541.8 :    2 : [62587, 62598]
542.0 :    1 : [62604]
542.1 :    3 : [62549, 62601, 62602]
542.2 :    5 : [62535, 62548, 62568, 62585, 62606]
542.6 :   11 : [62540, 62546, 62550, 62553, 62558, 62580, 62590, 62591, 62594, 62605, 62623]
542.7 :    2 : [62574, 62577]
543.9 :    2 : [62587, 62598]
544.1 :    1 : [62604]
544.3 :    3 : [62568, 62585, 62606]
544.7 :   16 : [62535, 62540, 62546, 62548, 62549, 62550, 62553, 62558, 62580, 62590, 62591, 62594, 62601, 62602, 62605, 62623]
544.8 :    2 : [62574, 62577]
546.0 :    2 : [62587, 62598]
546.4 :    4 : [62568, 62585, 62604, 62606]
546.8 :   16 : [62535, 62540, 62546, 62548, 62549, 62550, 62553, 62558, 62580, 62590, 62591, 62594, 62601, 62602, 62605, 62623]
546.9 :    2 : [62574, 62577]
548.5 :    4 : [62568, 62585, 62604, 62606]
548.6 :    1 : [62598]
548.9 :   17 : [62535, 62540, 62546, 62548, 62549, 62550, 62553, 62558, 62580, 62587, 62590, 62591, 62594, 62601, 62602, 62605, 62623]
549.0 :    2 : [62574, 62577]
550.6 :    4 : [62568, 62585, 62604, 62606]
550.7 :    1 : [62598]
551.0 :   17 : [62535, 62540, 62546, 62548, 62549, 62550, 62553, 62558, 62580, 62587, 62590, 62591, 62594, 62601, 62602, 62605, 62623]
551.1 :    1 : [62574]
551.8 :    1 : [62577]
552.7 :    4 : [62568, 62585, 62604, 62606]
552.8 :    1 : [62598]
553.1 :   16 : [62535, 62540, 62546, 62548, 62549, 62550, 62553, 62558, 62580, 62590, 62591, 62594, 62601, 62602, 62605, 62623]
553.6 :    1 : [62574]
553.9 :    2 : [62577, 62587]
554.8 :    3 : [62568, 62585, 62606]
554.9 :    1 : [62598]
555.0 :    1 : [62604]
555.5 :    1 : [62602]
555.6 :   11 : [62535, 62540, 62546, 62548, 62549, 62553, 62580, 62590, 62594, 62601, 62623]
555.7 :    5 : [62550, 62558, 62574, 62591, 62605]
556.1 :    1 : [62587]
556.8 :    1 : [62577]
556.9 :    3 : [62568, 62585, 62606]
557.0 :    1 : [62598]
557.1 :    1 : [62604]
557.7 :   10 : [62535, 62540, 62546, 62548, 62549, 62580, 62594, 62601, 62602, 62623]
557.8 :    7 : [62550, 62553, 62558, 62574, 62590, 62591, 62605]
558.3 :    1 : [62587]
558.9 :    1 : [62577]
559.0 :    2 : [62568, 62606]
559.1 :    1 : [62598]
559.2 :    1 : [62604]
559.8 :   11 : [62535, 62540, 62546, 62548, 62549, 62580, 62585, 62594, 62601, 62602, 62623]
559.9 :    6 : [62550, 62553, 62558, 62590, 62591, 62605]
560.5 :    1 : [62587]
560.8 :    1 : [62574]
561.1 :    3 : [62568, 62577, 62606]
561.3 :    2 : [62598, 62604]
561.9 :    8 : [62535, 62540, 62546, 62549, 62580, 62594, 62602, 62623]
562.0 :    7 : [62548, 62550, 62553, 62585, 62590, 62591, 62601]
562.1 :    1 : [62558]
562.8 :    1 : [62587]
563.0 :    2 : [62574, 62605]
563.3 :    1 : [62568]
563.4 :    2 : [62577, 62606]
563.6 :    1 : [62598]
564.1 :    5 : [62535, 62580, 62591, 62594, 62623]
564.2 :    7 : [62540, 62546, 62549, 62553, 62590, 62602, 62604]
564.3 :    3 : [62548, 62550, 62601]
564.4 :    2 : [62558, 62585]
565.3 :    3 : [62574, 62587, 62605]
565.7 :    1 : [62568]
565.8 :    2 : [62577, 62606]
566.0 :    1 : [62598]
566.5 :    6 : [62535, 62580, 62590, 62591, 62594, 62623]
566.6 :    6 : [62540, 62546, 62549, 62553, 62602, 62604]
566.7 :    3 : [62548, 62550, 62601]
566.8 :    1 : [62585]
566.9 :    1 : [62558]
567.7 :    1 : [62605]
567.9 :    1 : [62574]
568.1 :    1 : [62587]
568.3 :    1 : [62568]
568.4 :    1 : [62577]
568.5 :    1 : [62606]
568.8 :    1 : [62598]
569.0 :    1 : [62535]
569.1 :    6 : [62580, 62590, 62591, 62594, 62604, 62623]
569.2 :    3 : [62540, 62553, 62602]
569.3 :    2 : [62546, 62549]
569.4 :    3 : [62548, 62550, 62601]
569.6 :    2 : [62558, 62585]
570.4 :    1 : [62605]
570.7 :    1 : [62574]
571.2 :    2 : [62568, 62587]
571.4 :    1 : [62577]
571.5 :    1 : [62606]
571.8 :    1 : [62598]
571.9 :    3 : [62535, 62591, 62623]
572.0 :    4 : [62580, 62590, 62594, 62604]
572.1 :    3 : [62540, 62553, 62602]
572.2 :    2 : [62546, 62549]
572.4 :    3 : [62548, 62550, 62601]
572.6 :    1 : [62585]
572.7 :    1 : [62558]
573.4 :    1 : [62605]
573.8 :    1 : [62574]
574.5 :    1 : [62568]
574.7 :    2 : [62577, 62587]
574.8 :    1 : [62606]
575.1 :    2 : [62604, 62623]
575.2 :    5 : [62535, 62580, 62591, 62594, 62598]
575.3 :    2 : [62553, 62590]
575.4 :    2 : [62540, 62602]
575.5 :    2 : [62546, 62549]
575.7 :    1 : [62548]
575.8 :    2 : [62550, 62601]
576.1 :    2 : [62558, 62585]
576.8 :    3 : [62577, 62587, 62605]
576.9 :    1 : [62606]
577.2 :    1 : [62574]
577.3 :    2 : [62594, 62598]
577.4 :    1 : [62553]
577.5 :    2 : [62540, 62602]
577.6 :    2 : [62546, 62549]
577.8 :    1 : [62548]
577.9 :    2 : [62550, 62601]
578.1 :    1 : [62568]
578.2 :    2 : [62558, 62585]
578.7 :    3 : [62535, 62604, 62623]
578.8 :    2 : [62580, 62591]
578.9 :    3 : [62587, 62590, 62605]
579.3 :    1 : [62574]
579.4 :    1 : [62598]
580.2 :    1 : [62568]
580.4 :    1 : [62577]
580.6 :    1 : [62606]
580.8 :    4 : [62535, 62594, 62604, 62623]
580.9 :    2 : [62580, 62591]
581.0 :    3 : [62553, 62587, 62590]
581.1 :    2 : [62540, 62602]
581.2 :    1 : [62546]
581.3 :    1 : [62549]
581.4 :    1 : [62574]
581.5 :    2 : [62548, 62598]
581.6 :    2 : [62550, 62601]
582.0 :    2 : [62558, 62585]
582.3 :    1 : [62568]
582.6 :    2 : [62577, 62605]
582.8 :    1 : [62606]
582.9 :    4 : [62535, 62594, 62604, 62623]
583.0 :    2 : [62580, 62591]
583.1 :    3 : [62553, 62587, 62590]
583.2 :    2 : [62540, 62602]
583.3 :    1 : [62546]
583.4 :    1 : [62549]
583.5 :    1 : [62574]
583.6 :    1 : [62598]
583.7 :    1 : [62548]
583.8 :    2 : [62550, 62601]
584.3 :    2 : [62558, 62585]
584.5 :    1 : [62568]
584.8 :    1 : [62605]
584.9 :    1 : [62577]
585.0 :    2 : [62604, 62623]
585.1 :    3 : [62535, 62580, 62591]
585.2 :    3 : [62590, 62594, 62606]
585.4 :    1 : [62553]
585.5 :    2 : [62540, 62602]
585.6 :    1 : [62587]
585.7 :    2 : [62546, 62574]
585.8 :    1 : [62549]
585.9 :    1 : [62598]
586.1 :    1 : [62548]
586.2 :    2 : [62550, 62601]
586.8 :    2 : [62558, 62585]
587.1 :    1 : [62568]
587.3 :    2 : [62604, 62605]
587.4 :    1 : [62623]
587.6 :    4 : [62535, 62577, 62580, 62591]
587.7 :    1 : [62594]
587.8 :    1 : [62590]
587.9 :    2 : [62553, 62606]
588.1 :    2 : [62540, 62602]
588.3 :    2 : [62546, 62574]
588.4 :    1 : [62549]
588.7 :    2 : [62587, 62598]
588.8 :    1 : [62548]
589.0 :    2 : [62550, 62601]
589.7 :    2 : [62558, 62585]
590.0 :    1 : [62604]
590.1 :    1 : [62605]
590.2 :    2 : [62568, 62623]
590.4 :    1 : [62591]
590.5 :    2 : [62535, 62580]
590.6 :    1 : [62594]
590.7 :    1 : [62590]
590.8 :    1 : [62577]
590.9 :    1 : [62553]
591.2 :    2 : [62540, 62602]
591.5 :    3 : [62546, 62574, 62606]
591.7 :    1 : [62549]
592.3 :    1 : [62548]
592.7 :    2 : [62550, 62601]
593.6 :    1 : [62604]
593.9 :    1 : [62605]
594.4 :    1 : [62623]
