Name: Bed nucleus of the stria terminalis [Glu], Title: Raster plot from device '95216', Hist: False
113.3 :   90 : [15878, 15879, 15880, 15881, 15882, 15883, 15884, 15885, 15886, 15887, 15888, 15890, 15891, 15892, 15894, 15895, 15896, 15897, 15898, 15900, 15901, 15902, 15904, 15905, 15906, 15907, 15909, 15910, 15911, 15912, 15913, 15914, 15915, 15916, 15917, 15918, 15919, 15920, 15921, 15923, 15924, 15925, 15926, 15927, 15928, 15929, 15930, 15931, 15932, 15934, 15935, 15936, 15937, 15938, 15939, 15940, 15941, 15942, 15945, 15946, 15947, 15948, 15949, 15950, 15951, 15953, 15954, 15955, 15956, 15957, 15958, 15959, 15960, 15961, 15962, 15963, 15964, 15965, 15966, 15967, 15968, 15969, 15970, 15971, 15972, 15973, 15974, 15975, 15976, 15977]
113.4 :   10 : [15889, 15893, 15899, 15903, 15908, 15922, 15933, 15943, 15944, 15952]
116.0 :    1 : [15885]
116.1 :   32 : [15878, 15883, 15884, 15891, 15892, 15894, 15896, 15905, 15909, 15910, 15911, 15913, 15914, 15915, 15917, 15918, 15923, 15924, 15925, 15927, 15928, 15931, 15942, 15946, 15950, 15951, 15955, 15956, 15960, 15972, 15975, 15976]
116.2 :   55 : [15879, 15880, 15881, 15882, 15886, 15887, 15888, 15890, 15895, 15897, 15898, 15900, 15901, 15902, 15904, 15906, 15907, 15912, 15916, 15919, 15920, 15921, 15926, 15929, 15930, 15932, 15934, 15935, 15936, 15937, 15938, 15939, 15940, 15941, 15945, 15947, 15948, 15949, 15953, 15954, 15958, 15959, 15961, 15962, 15963, 15964, 15965, 15967, 15968, 15969, 15970, 15971, 15973, 15974, 15977]
116.3 :    2 : [15957, 15966]
119.6 :    1 : [15885]
119.8 :    4 : [15911, 15946, 15950, 15972]
119.9 :    4 : [15891, 15915, 15931, 15951]
120.0 :    5 : [15883, 15923, 15925, 15955, 15975]
120.1 :    4 : [15892, 15896, 15914, 15927]
120.2 :    2 : [15942, 15976]
120.3 :    3 : [15909, 15918, 15924]
120.4 :    5 : [15878, 15894, 15913, 15928, 15956]
120.5 :    1 : [15917]
120.6 :    2 : [15884, 15905]
120.8 :    1 : [15910]
121.0 :    1 : [15960]
121.2 :    1 : [15887]
