Name: SNc [DA], Title: Raster plot from device '95191', Hist: False
110.6 :    2 : [5909, 5960]
110.7 :    1 : [5952]
110.8 :    2 : [5882, 5899]
110.9 :    1 : [5931]
111.0 :    2 : [5875, 5959]
111.1 :    2 : [5879, 5938]
111.3 :    1 : [5885]
111.4 :    4 : [5863, 5886, 5906, 5946]
111.5 :    2 : [5878, 5939]
111.6 :    2 : [5894, 5930]
111.7 :    2 : [5868, 5949]
111.9 :    1 : [5927]
112.2 :    1 : [5955]
112.3 :    2 : [5900, 5948]
112.4 :    2 : [5867, 5884]
112.5 :    1 : [5958]
112.9 :    3 : [5909, 5952, 5960]
113.0 :    2 : [5872, 5931]
113.1 :    3 : [5882, 5933, 5959]
113.3 :    3 : [5908, 5953, 5957]
113.4 :    2 : [5891, 5899]
113.5 :    2 : [5922, 5932]
113.6 :    1 : [5875]
113.7 :    3 : [5863, 5879, 5938]
113.8 :    2 : [5878, 5886]
113.9 :    3 : [5885, 5894, 5930]
114.0 :    1 : [5946]
114.1 :    4 : [5906, 5907, 5939, 5961]
114.2 :    3 : [5868, 5873, 5927]
114.4 :    1 : [5949]
114.5 :    4 : [5900, 5917, 5941, 5955]
114.6 :    2 : [5884, 5948]
114.7 :    2 : [5867, 5958]
115.0 :    2 : [5920, 5960]
115.1 :    3 : [5909, 5931, 5952]
115.2 :    3 : [5882, 5912, 5959]
115.4 :    2 : [5933, 5947]
115.5 :    1 : [5953]
115.6 :    2 : [5908, 5918]
115.7 :    1 : [5872]
115.8 :    4 : [5863, 5877, 5922, 5938]
115.9 :   57 : [5862, 5864, 5865, 5866, 5869, 5870, 5871, 5874, 5876, 5878, 5880, 5881, 5883, 5887, 5888, 5889, 5890, 5891, 5892, 5893, 5895, 5896, 5897, 5898, 5901, 5902, 5903, 5904, 5905, 5910, 5911, 5913, 5914, 5915, 5916, 5919, 5921, 5923, 5924, 5925, 5926, 5928, 5929, 5932, 5934, 5935, 5936, 5937, 5940, 5942, 5943, 5944, 5945, 5950, 5951, 5954, 5956]
116.0 :    4 : [5879, 5894, 5930, 5957]
116.1 :    2 : [5886, 5946]
116.2 :    2 : [5907, 5961]
116.3 :    2 : [5868, 5873]
116.4 :    1 : [5939]
116.5 :    1 : [5899]
116.6 :    1 : [5900]
116.7 :    5 : [5917, 5927, 5941, 5948, 5955]
116.8 :    2 : [5867, 5958]
116.9 :    1 : [5884]
117.0 :    1 : [5875]
117.1 :    1 : [5885]
117.2 :    5 : [5906, 5909, 5920, 5931, 5960]
117.3 :    2 : [5882, 5959]
117.4 :    1 : [5912]
117.5 :    1 : [5947]
117.6 :    2 : [5933, 5952]
117.7 :    2 : [5908, 5918]
117.8 :    2 : [5949, 5953]
117.9 :    3 : [5877, 5922, 5938]
118.0 :    5 : [5872, 5893, 5896, 5903, 5924]
118.1 :   52 : [5862, 5864, 5865, 5866, 5869, 5870, 5871, 5874, 5876, 5880, 5881, 5883, 5887, 5888, 5889, 5890, 5892, 5894, 5895, 5897, 5898, 5901, 5902, 5904, 5905, 5910, 5911, 5913, 5914, 5915, 5916, 5919, 5921, 5923, 5925, 5926, 5928, 5929, 5930, 5934, 5935, 5936, 5937, 5940, 5942, 5943, 5944, 5945, 5950, 5951, 5954, 5956]
118.2 :    3 : [5878, 5891, 5932]
118.3 :    2 : [5907, 5961]
118.4 :    4 : [5868, 5873, 5879, 5946]
118.7 :    2 : [5900, 5939]
118.8 :    2 : [5886, 5899]
118.9 :    5 : [5867, 5917, 5941, 5955, 5958]
119.0 :    2 : [5884, 5927]
119.4 :    4 : [5863, 5882, 5906, 5957]
119.5 :    3 : [5912, 5920, 5960]
119.6 :    4 : [5885, 5909, 5931, 5947]
119.9 :    3 : [5908, 5933, 5949]
120.0 :    2 : [5877, 5922]
120.1 :    4 : [5872, 5893, 5896, 5903]
120.2 :   52 : [5862, 5864, 5865, 5866, 5869, 5870, 5871, 5874, 5876, 5880, 5881, 5883, 5887, 5888, 5889, 5890, 5892, 5895, 5897, 5898, 5901, 5902, 5904, 5905, 5910, 5911, 5913, 5914, 5915, 5916, 5919, 5921, 5923, 5925, 5926, 5928, 5929, 5930, 5934, 5935, 5936, 5937, 5940, 5942, 5943, 5944, 5945, 5948, 5950, 5951, 5954, 5956]
120.3 :    1 : [5878]
120.4 :    3 : [5907, 5938, 5961]
120.5 :    2 : [5873, 5953]
120.6 :    2 : [5868, 5952]
120.7 :    2 : [5879, 5932]
120.8 :    4 : [5891, 5900, 5939, 5946]
120.9 :    1 : [5899]
121.0 :    5 : [5867, 5917, 5955, 5958, 5959]
121.1 :    2 : [5884, 5927]
121.3 :    1 : [5941]
121.4 :    1 : [5924]
121.5 :    3 : [5863, 5882, 5957]
121.6 :    2 : [5912, 5960]
121.7 :    1 : [5947]
121.8 :    2 : [5885, 5894]
121.9 :    1 : [5906]
122.1 :    1 : [5920]
122.2 :    6 : [5872, 5893, 5896, 5903, 5909, 5949]
122.3 :    8 : [5870, 5905, 5910, 5922, 5925, 5930, 5948, 5950]
122.4 :    6 : [5864, 5874, 5878, 5904, 5913, 5916]
122.5 :   32 : [5862, 5865, 5866, 5869, 5876, 5881, 5883, 5887, 5888, 5889, 5892, 5895, 5898, 5901, 5902, 5908, 5911, 5914, 5921, 5923, 5928, 5929, 5931, 5935, 5936, 5937, 5942, 5943, 5944, 5945, 5951, 5954]
122.6 :   11 : [5871, 5880, 5890, 5897, 5915, 5919, 5926, 5933, 5934, 5940, 5956]
122.7 :    3 : [5868, 5907, 5938]
122.9 :    5 : [5873, 5879, 5900, 5939, 5953]
123.1 :    4 : [5867, 5946, 5958, 5959]
123.2 :    2 : [5917, 5927]
123.3 :    2 : [5877, 5884]
123.4 :    1 : [5955]
123.5 :    1 : [5924]
123.6 :    3 : [5863, 5882, 5941]
123.7 :    2 : [5912, 5960]
123.9 :    1 : [5894]
124.0 :    1 : [5932]
124.2 :    2 : [5891, 5957]
124.3 :    6 : [5872, 5885, 5893, 5896, 5903, 5961]
124.4 :    2 : [5870, 5930]
124.5 :    2 : [5878, 5950]
124.6 :    3 : [5899, 5910, 5925]
124.7 :    2 : [5905, 5949]
124.8 :    2 : [5868, 5906]
125.0 :    6 : [5864, 5874, 5900, 5904, 5913, 5916]
125.1 :   19 : [5862, 5876, 5887, 5888, 5889, 5892, 5898, 5901, 5902, 5914, 5922, 5923, 5929, 5935, 5936, 5939, 5943, 5945, 5954]
125.2 :   17 : [5865, 5866, 5867, 5869, 5880, 5881, 5883, 5895, 5911, 5919, 5921, 5928, 5937, 5942, 5944, 5951, 5959]
125.3 :   12 : [5871, 5879, 5890, 5897, 5907, 5915, 5926, 5934, 5938, 5940, 5947, 5956]
125.4 :    2 : [5877, 5927]
125.5 :    1 : [5920]
125.6 :    2 : [5946, 5958]
125.7 :    3 : [5863, 5884, 5953]
125.8 :    3 : [5873, 5912, 5917]
125.9 :    1 : [5908]
126.1 :    4 : [5882, 5948, 5955, 5960]
126.2 :    3 : [5894, 5909, 5941]
126.4 :    2 : [5896, 5903]
126.5 :    1 : [5893]
126.6 :    2 : [5870, 5930]
126.7 :    3 : [5872, 5899, 5961]
126.8 :    1 : [5878]
127.0 :    1 : [5924]
127.1 :    2 : [5868, 5950]
127.2 :    3 : [5885, 5910, 5925]
127.4 :    1 : [5905]
127.5 :    3 : [5877, 5900, 5947]
127.7 :    2 : [5867, 5959]
127.8 :    2 : [5863, 5949]
127.9 :    2 : [5912, 5939]
128.1 :    1 : [5879]
128.2 :    1 : [5927]
128.3 :    1 : [5948]
128.4 :    4 : [5874, 5884, 5904, 5916]
128.5 :    2 : [5864, 5913]
128.6 :    2 : [5901, 5929]
128.7 :    5 : [5862, 5876, 5898, 5902, 5903]
128.8 :    4 : [5889, 5892, 5935, 5943]
128.9 :    8 : [5887, 5888, 5894, 5914, 5936, 5945, 5954, 5958]
129.0 :    5 : [5896, 5923, 5944, 5946, 5960]
129.1 :    3 : [5899, 5937, 5938]
129.2 :    7 : [5865, 5882, 5883, 5893, 5911, 5917, 5924]
129.3 :    2 : [5895, 5907]
129.4 :    3 : [5870, 5921, 5930]
129.5 :    1 : [5881]
129.6 :    2 : [5942, 5961]
129.7 :    1 : [5877]
129.8 :    2 : [5868, 5878]
129.9 :    1 : [5866]
130.0 :    2 : [5872, 5947]
130.2 :    1 : [5912]
130.7 :    2 : [5863, 5867]
130.8 :    2 : [5900, 5959]
130.9 :    1 : [5948]
131.0 :    1 : [5910]
131.2 :    1 : [5925]
131.5 :    1 : [5924]
131.8 :    1 : [5903]
131.9 :    1 : [5899]
132.4 :    1 : [5877]
132.6 :    1 : [5896]
133.0 :    1 : [5947]
133.6 :    1 : [5912]
134.1 :    1 : [5948]
134.3 :    1 : [5924]
310.5 :    4 : [5882, 5887, 5920, 5943]
310.6 :    2 : [5862, 5878]
310.7 :    4 : [5869, 5883, 5888, 5921]
310.8 :    2 : [5893, 5916]
310.9 :    5 : [5864, 5912, 5914, 5931, 5942]
311.0 :    4 : [5874, 5877, 5922, 5955]
311.2 :    3 : [5875, 5910, 5924]
311.3 :    1 : [5917]
311.5 :    2 : [5908, 5954]
311.6 :    5 : [5895, 5904, 5938, 5941, 5946]
311.7 :    5 : [5884, 5902, 5906, 5944, 5960]
311.8 :    1 : [5909]
312.0 :    1 : [5889]
312.1 :    1 : [5865]
312.2 :    1 : [5897]
312.3 :    2 : [5886, 5945]
312.5 :    1 : [5881]
312.6 :    3 : [5882, 5887, 5943]
312.7 :    1 : [5862]
312.8 :    5 : [5869, 5888, 5891, 5920, 5921]
312.9 :    3 : [5878, 5893, 5952]
313.0 :    4 : [5883, 5912, 5914, 5931]
313.1 :    5 : [5871, 5877, 5885, 5916, 5922]
313.2 :    3 : [5864, 5942, 5949]
313.3 :    2 : [5874, 5955]
313.4 :    3 : [5898, 5917, 5961]
313.5 :    3 : [5875, 5910, 5924]
313.6 :    1 : [5954]
313.7 :    2 : [5941, 5946]
313.8 :    4 : [5902, 5906, 5908, 5960]
313.9 :    3 : [5895, 5904, 5938]
314.0 :    3 : [5884, 5944, 5957]
314.1 :    2 : [5889, 5909]
314.4 :    3 : [5865, 5886, 5945]
314.5 :    1 : [5897]
314.6 :    2 : [5881, 5928]
314.7 :    1 : [5887]
314.8 :    1 : [5862]
314.9 :    2 : [5891, 5921]
315.0 :    4 : [5878, 5880, 5893, 5952]
315.1 :    3 : [5883, 5914, 5931]
315.2 :    4 : [5871, 5885, 5916, 5920]
315.3 :    2 : [5864, 5942]
315.4 :    2 : [5874, 5955]
315.5 :    4 : [5882, 5917, 5949, 5961]
315.6 :    1 : [5924]
315.7 :    2 : [5898, 5933]
315.8 :    2 : [5941, 5946]
315.9 :    6 : [5869, 5875, 5906, 5908, 5910, 5960]
316.0 :    3 : [5895, 5904, 5938]
316.2 :    3 : [5888, 5909, 5943]
316.3 :    3 : [5884, 5912, 5957]
316.4 :    1 : [5944]
316.5 :    1 : [5886]
316.6 :    1 : [5877]
316.7 :    3 : [5881, 5922, 5928]
316.9 :    2 : [5865, 5887]
317.0 :    2 : [5891, 5897]
317.1 :    3 : [5880, 5893, 5954]
317.2 :    3 : [5883, 5902, 5914]
317.3 :    4 : [5871, 5885, 5916, 5936]
317.4 :    2 : [5864, 5942]
317.5 :    1 : [5874]
317.6 :    3 : [5889, 5917, 5949]
317.8 :    1 : [5945]
317.9 :    1 : [5941]
318.0 :    4 : [5906, 5908, 5920, 5933]
318.1 :    6 : [5862, 5895, 5898, 5904, 5952, 5960]
318.2 :    1 : [5894]
318.3 :    4 : [5878, 5909, 5921, 5943]
318.4 :    2 : [5884, 5931]
318.6 :    2 : [5886, 5961]
318.7 :    6 : [5875, 5877, 5882, 5910, 5955, 5957]
318.8 :    2 : [5881, 5924]
319.0 :    2 : [5865, 5887]
319.1 :    3 : [5891, 5938, 5946]
319.2 :    4 : [5869, 5880, 5944, 5954]
319.3 :    1 : [5902]
319.4 :    2 : [5871, 5936]
319.5 :    2 : [5888, 5942]
319.6 :    1 : [5874]
319.7 :    2 : [5864, 5949]
319.8 :    2 : [5897, 5912]
320.0 :    1 : [5941]
320.1 :    3 : [5906, 5908, 5922]
320.2 :    2 : [5862, 5928]
320.3 :    2 : [5883, 5894]
320.4 :    3 : [5878, 5916, 5943]
320.5 :    4 : [5884, 5893, 5931, 5960]
320.6 :    1 : [5885]
320.7 :    3 : [5886, 5926, 5961]
320.8 :    5 : [5875, 5877, 5910, 5914, 5957]
320.9 :    3 : [5881, 5898, 5924]
321.0 :    1 : [5904]
321.1 :    4 : [5865, 5887, 5889, 5945]
321.2 :    4 : [5895, 5905, 5917, 5938]
321.3 :    3 : [5880, 5952, 5954]
321.4 :    2 : [5920, 5933]
321.5 :    1 : [5936]
321.7 :    2 : [5874, 5921]
321.8 :    2 : [5871, 5882]
321.9 :    2 : [5897, 5909]
322.2 :    3 : [5906, 5908, 5955]
322.3 :    1 : [5864]
322.4 :    2 : [5883, 5891]
322.5 :    2 : [5878, 5946]
322.6 :    2 : [5893, 5960]
322.7 :    3 : [5869, 5885, 5894]
322.8 :    4 : [5886, 5888, 5902, 5926]
322.9 :    3 : [5877, 5914, 5957]
323.0 :    3 : [5910, 5942, 5949]
323.1 :    1 : [5898]
323.2 :    1 : [5889]
323.3 :    4 : [5895, 5912, 5917, 5944]
323.4 :    4 : [5880, 5922, 5941, 5954]
323.5 :    4 : [5865, 5905, 5920, 5928]
323.9 :    4 : [5862, 5884, 5916, 5943]
324.0 :    2 : [5881, 5909]
324.1 :    1 : [5931]
324.3 :    2 : [5955, 5961]
324.4 :    4 : [5875, 5904, 5908, 5924]
324.5 :    2 : [5891, 5945]
324.6 :    4 : [5871, 5878, 5906, 5946]
324.7 :    2 : [5887, 5960]
324.8 :    2 : [5869, 5952]
324.9 :    6 : [5888, 5902, 5926, 5933, 5936, 5938]
325.0 :    1 : [5894]
325.1 :    4 : [5882, 5886, 5942, 5949]
325.2 :    2 : [5874, 5914]
325.3 :    3 : [5889, 5921, 5957]
325.4 :    6 : [5864, 5877, 5895, 5898, 5910, 5912]
325.5 :    2 : [5897, 5941]
325.6 :    4 : [5880, 5917, 5920, 5954]
325.9 :    2 : [5883, 5905]
326.0 :    5 : [5862, 5884, 5893, 5916, 5943]
326.1 :    1 : [5881]
326.2 :    3 : [5865, 5909, 5931]
326.4 :    2 : [5885, 5961]
326.5 :    3 : [5875, 5904, 5924]
326.6 :    1 : [5945]
326.7 :    1 : [5908]
326.8 :    1 : [5960]
326.9 :    3 : [5887, 5922, 5952]
327.0 :    5 : [5878, 5902, 5926, 5933, 5936]
327.1 :    2 : [5928, 5938]
327.2 :    3 : [5882, 5942, 5949]
327.4 :    4 : [5874, 5894, 5906, 5921]
327.5 :    2 : [5895, 5912]
327.6 :    1 : [5941]
327.7 :    2 : [5897, 5914]
327.8 :    1 : [5920]
327.9 :    4 : [5880, 5886, 5898, 5957]
328.0 :    2 : [5883, 5955]
328.1 :    5 : [5884, 5893, 5910, 5916, 5917]
328.2 :    2 : [5881, 5954]
328.3 :    4 : [5871, 5877, 5891, 5943]
328.4 :    4 : [5862, 5869, 5931, 5946]
328.6 :    3 : [5888, 5904, 5924]
328.7 :    4 : [5875, 5885, 5905, 5909]
328.8 :    1 : [5961]
328.9 :    1 : [5960]
329.0 :    2 : [5922, 5952]
329.1 :    4 : [5902, 5926, 5933, 5936]
329.2 :    3 : [5887, 5889, 5928]
329.3 :    1 : [5949]
329.4 :    2 : [5908, 5942]
329.5 :    2 : [5921, 5938]
329.6 :    3 : [5865, 5895, 5912]
329.7 :    1 : [5874]
329.9 :    1 : [5878]
330.0 :    3 : [5894, 5897, 5941]
330.2 :    3 : [5883, 5916, 5920]
330.3 :    3 : [5881, 5893, 5955]
330.4 :    2 : [5884, 5945]
330.5 :    1 : [5891]
330.6 :    4 : [5869, 5880, 5914, 5946]
330.7 :    2 : [5888, 5904]
330.8 :    2 : [5898, 5943]
330.9 :    2 : [5882, 5924]
331.0 :    2 : [5917, 5931]
331.1 :    5 : [5862, 5885, 5922, 5952, 5957]
331.2 :    3 : [5875, 5926, 5933]
331.3 :    2 : [5928, 5936]
331.4 :    5 : [5902, 5906, 5954, 5960, 5961]
331.5 :    2 : [5909, 5910]
331.6 :    1 : [5889]
331.7 :    2 : [5886, 5921]
331.8 :    1 : [5949]
331.9 :    2 : [5887, 5942]
332.0 :    1 : [5912]
332.1 :    1 : [5895]
332.2 :    1 : [5938]
332.3 :    2 : [5874, 5916]
332.4 :    2 : [5881, 5905]
332.6 :    3 : [5897, 5908, 5945]
332.7 :    2 : [5883, 5941]
332.8 :    3 : [5893, 5904, 5955]
332.9 :    2 : [5894, 5920]
333.0 :    3 : [5869, 5882, 5891]
333.1 :    3 : [5884, 5888, 5946]
333.2 :    1 : [5922]
333.3 :    2 : [5933, 5952]
333.5 :    1 : [5928]
333.6 :    2 : [5924, 5926]
333.7 :    1 : [5943]
333.8 :    2 : [5880, 5936]
333.9 :    2 : [5885, 5931]
334.1 :    2 : [5875, 5878]
334.2 :    2 : [5902, 5921]
334.4 :    2 : [5889, 5960]
334.6 :    3 : [5862, 5949, 5961]
334.7 :    1 : [5881]
334.9 :    2 : [5912, 5942]
335.0 :    2 : [5916, 5945]
335.1 :    2 : [5887, 5895]
335.4 :    3 : [5874, 5882, 5904]
335.5 :    1 : [5922]
335.6 :    4 : [5883, 5893, 5938, 5955]
335.7 :    3 : [5888, 5897, 5909]
335.8 :    1 : [5869]
335.9 :    2 : [5891, 5946]
336.0 :    2 : [5933, 5952]
336.1 :    2 : [5894, 5928]
336.2 :    1 : [5941]
336.4 :    1 : [5884]
336.5 :    1 : [5926]
336.6 :    1 : [5920]
336.7 :    1 : [5936]
336.8 :    1 : [5924]
337.2 :    1 : [5921]
337.6 :    1 : [5881]
337.8 :    2 : [5885, 5945]
338.0 :    1 : [5882]
338.1 :    2 : [5889, 5902]
338.2 :    2 : [5894, 5916]
338.3 :    1 : [5922]
338.5 :    1 : [5904]
338.8 :    1 : [5949]
339.0 :    2 : [5888, 5912]
339.1 :    1 : [5928]
339.3 :    3 : [5869, 5933, 5952]
339.6 :    1 : [5893]
340.0 :    1 : [5955]
340.5 :    1 : [5946]
341.3 :    1 : [5882]
341.5 :    1 : [5945]
341.7 :    1 : [5894]
341.9 :    1 : [5922]
343.8 :    1 : [5894]
346.1 :    1 : [5894]
348.7 :    1 : [5894]
351.7 :    1 : [5894]
510.4 :    2 : [5883, 5939]
510.5 :    1 : [5875]
510.6 :    3 : [5879, 5882, 5896]
510.7 :    1 : [5929]
510.8 :    2 : [5906, 5910]
510.9 :    5 : [5871, 5898, 5902, 5915, 5949]
511.0 :    2 : [5868, 5943]
511.1 :    1 : [5952]
511.2 :    1 : [5866]
511.6 :    3 : [5869, 5916, 5955]
511.9 :    1 : [5925]
512.0 :    2 : [5872, 5905]
512.1 :    1 : [5931]
512.2 :    1 : [5946]
512.3 :    1 : [5899]
512.4 :    2 : [5911, 5959]
512.5 :    2 : [5939, 5942]
512.6 :    1 : [5875]
512.7 :    4 : [5879, 5882, 5896, 5936]
512.8 :    1 : [5929]
512.9 :    2 : [5906, 5910]
513.0 :    7 : [5871, 5898, 5902, 5915, 5944, 5949, 5961]
513.1 :    2 : [5868, 5943]
513.2 :    2 : [5876, 5952]
513.3 :    2 : [5880, 5890]
513.4 :    1 : [5948]
513.7 :    3 : [5869, 5916, 5955]
513.8 :    1 : [5883]
514.0 :    1 : [5909]
514.1 :    3 : [5872, 5905, 5917]
514.2 :    2 : [5887, 5931]
514.3 :    1 : [5946]
514.5 :    4 : [5911, 5950, 5954, 5959]
514.6 :    5 : [5866, 5889, 5941, 5942, 5953]
514.8 :    2 : [5884, 5947]
515.0 :    1 : [5924]
515.1 :    2 : [5898, 5961]
515.2 :    1 : [5862]
515.3 :    4 : [5876, 5925, 5937, 5952]
515.4 :    3 : [5865, 5875, 5880]
515.5 :    2 : [5901, 5948]
515.7 :    2 : [5910, 5940]
515.8 :    4 : [5869, 5899, 5906, 5939]
515.9 :    4 : [5871, 5879, 5915, 5926]
516.0 :    2 : [5896, 5929]
516.1 :    2 : [5868, 5949]
516.2 :    3 : [5872, 5917, 5936]
516.3 :    3 : [5873, 5882, 5902]
516.4 :    4 : [5894, 5907, 5944, 5946]
516.5 :    1 : [5932]
516.6 :    3 : [5911, 5943, 5950]
516.7 :    5 : [5889, 5890, 5919, 5941, 5953]
516.9 :    3 : [5883, 5884, 5947]
517.1 :    3 : [5912, 5924, 5955]
517.2 :    3 : [5916, 5931, 5961]
517.3 :    4 : [5862, 5898, 5905, 5909]
517.4 :    1 : [5937]
517.6 :    1 : [5901]
517.7 :    2 : [5887, 5959]
517.8 :    3 : [5940, 5954, 5956]
517.9 :    2 : [5866, 5899]
518.0 :    1 : [5926]
518.2 :    1 : [5942]
518.3 :    3 : [5876, 5935, 5936]
518.4 :    2 : [5873, 5952]
518.5 :    4 : [5894, 5906, 5907, 5925]
518.6 :    2 : [5932, 5946]
518.7 :    4 : [5875, 5910, 5948, 5950]
518.8 :    4 : [5865, 5889, 5911, 5919]
519.0 :    3 : [5880, 5939, 5947]
519.1 :    2 : [5879, 5917]
519.2 :    6 : [5869, 5871, 5912, 5924, 5929, 5949]
519.4 :    4 : [5868, 5882, 5896, 5905]
519.5 :    3 : [5900, 5915, 5944]
519.7 :    2 : [5898, 5902]
519.8 :    3 : [5872, 5887, 5943]
519.9 :    1 : [5956]
520.0 :    2 : [5883, 5890]
520.1 :    1 : [5953]
520.2 :    3 : [5892, 5941, 5961]
520.3 :    1 : [5942]
520.4 :    4 : [5876, 5916, 5931, 5936]
520.5 :    4 : [5873, 5884, 5909, 5955]
520.6 :    2 : [5907, 5959]
520.7 :    3 : [5899, 5901, 5946]
520.8 :    1 : [5862]
520.9 :    3 : [5865, 5937, 5940]
521.0 :    2 : [5866, 5889]
521.1 :    1 : [5880]
521.2 :    2 : [5911, 5954]
521.3 :    3 : [5869, 5912, 5924]
521.4 :    1 : [5906]
521.5 :    2 : [5882, 5926]
521.6 :    3 : [5900, 5910, 5915]
521.7 :    2 : [5925, 5932]
521.8 :    4 : [5875, 5898, 5922, 5935]
521.9 :    5 : [5872, 5894, 5919, 5950, 5952]
522.0 :    1 : [5956]
522.1 :    1 : [5879]
522.2 :    4 : [5913, 5939, 5948, 5953]
522.3 :    4 : [5892, 5917, 5929, 5941]
522.4 :    2 : [5871, 5942]
522.5 :    4 : [5916, 5931, 5947, 5949]
522.6 :    6 : [5873, 5884, 5896, 5909, 5944, 5955]
522.7 :    1 : [5868]
522.8 :    2 : [5905, 5907]
523.0 :    3 : [5887, 5902, 5937]
523.1 :    1 : [5889]
523.2 :    3 : [5883, 5890, 5943]
523.3 :    1 : [5880]
523.4 :    2 : [5936, 5959]
523.5 :    2 : [5912, 5961]
523.6 :    3 : [5876, 5924, 5926]
523.7 :    2 : [5900, 5915]
523.8 :    2 : [5925, 5932]
523.9 :    5 : [5898, 5899, 5911, 5922, 5935]
524.0 :    5 : [5862, 5872, 5894, 5919, 5952]
524.1 :    1 : [5866]
524.3 :    5 : [5901, 5906, 5913, 5940, 5948]
524.4 :    4 : [5865, 5892, 5941, 5946]
524.6 :    2 : [5947, 5949]
524.7 :    3 : [5942, 5954, 5955]
524.8 :    3 : [5868, 5884, 5910]
524.9 :    2 : [5882, 5905]
525.0 :    1 : [5869]
525.1 :    2 : [5887, 5937]
525.2 :    2 : [5875, 5907]
525.3 :    2 : [5943, 5950]
525.4 :    2 : [5879, 5956]
525.5 :    1 : [5936]
525.6 :    3 : [5929, 5939, 5961]
525.7 :    3 : [5876, 5880, 5926]
525.8 :    5 : [5871, 5896, 5915, 5917, 5953]
525.9 :    3 : [5900, 5912, 5931]
526.0 :    4 : [5898, 5922, 5935, 5944]
526.1 :    3 : [5873, 5909, 5916]
526.3 :    1 : [5924]
526.4 :    7 : [5872, 5901, 5902, 5913, 5940, 5948, 5959]
526.5 :    1 : [5946]
526.6 :    3 : [5865, 5890, 5892]
526.7 :    1 : [5883]
526.8 :    5 : [5889, 5941, 5947, 5954, 5955]
527.0 :    2 : [5882, 5905]
527.2 :    4 : [5869, 5884, 5887, 5937]
527.3 :    2 : [5875, 5925]
527.4 :    4 : [5932, 5942, 5943, 5950]
527.5 :    6 : [5862, 5879, 5894, 5899, 5911, 5956]
527.6 :    3 : [5866, 5906, 5919]
527.7 :    3 : [5929, 5939, 5952]
527.8 :    1 : [5876]
527.9 :    4 : [5871, 5896, 5907, 5917]
528.0 :    3 : [5926, 5931, 5953]
528.1 :    4 : [5898, 5915, 5935, 5944]
528.2 :    2 : [5916, 5949]
528.3 :    4 : [5873, 5900, 5909, 5910]
528.4 :    2 : [5868, 5880]
528.5 :    3 : [5901, 5902, 5948]
528.6 :    2 : [5912, 5913]
528.7 :    1 : [5890]
528.8 :    2 : [5865, 5883]
528.9 :    3 : [5946, 5954, 5955]
529.0 :    2 : [5889, 5892]
529.1 :    4 : [5872, 5882, 5905, 5936]
529.2 :    1 : [5961]
529.3 :    2 : [5887, 5947]
529.4 :    2 : [5924, 5937]
529.5 :    4 : [5922, 5925, 5941, 5943]
529.6 :    6 : [5862, 5869, 5894, 5899, 5932, 5956]
529.7 :    1 : [5866]
529.8 :    3 : [5919, 5939, 5959]
529.9 :    2 : [5876, 5952]
530.0 :    2 : [5884, 5917]
530.1 :    2 : [5931, 5940]
530.2 :    1 : [5935]
530.3 :    1 : [5953]
530.4 :    2 : [5910, 5949]
530.5 :    1 : [5916]
530.6 :    7 : [5868, 5873, 5898, 5901, 5909, 5926, 5948]
530.8 :    2 : [5890, 5942]
530.9 :    2 : [5883, 5915]
531.0 :    5 : [5875, 5879, 5900, 5913, 5954]
531.2 :    3 : [5905, 5906, 5950]
531.3 :    3 : [5929, 5936, 5961]
531.4 :    4 : [5865, 5887, 5889, 5896]
531.5 :    2 : [5882, 5907]
531.6 :    4 : [5922, 5943, 5946, 5955]
531.7 :    4 : [5862, 5871, 5892, 5899]
531.8 :    3 : [5866, 5925, 5944]
531.9 :    3 : [5894, 5939, 5959]
532.0 :    4 : [5876, 5880, 5932, 5956]
532.1 :    2 : [5917, 5937]
532.2 :    3 : [5912, 5919, 5947]
532.3 :    3 : [5869, 5902, 5952]
532.4 :    1 : [5940]
532.5 :    2 : [5910, 5931]
532.6 :    2 : [5872, 5935]
532.8 :    2 : [5941, 5949]
532.9 :    2 : [5890, 5948]
533.0 :    3 : [5868, 5883, 5953]
533.1 :    3 : [5901, 5909, 5916]
533.2 :    3 : [5873, 5875, 5879]
533.3 :    1 : [5906]
533.4 :    3 : [5905, 5950, 5954]
533.5 :    3 : [5896, 5898, 5929]
533.6 :    2 : [5884, 5936]
533.7 :    4 : [5913, 5922, 5926, 5961]
533.8 :    2 : [5862, 5899]
533.9 :    3 : [5866, 5871, 5943]
534.0 :    4 : [5889, 5939, 5944, 5959]
534.1 :    1 : [5887]
534.2 :    1 : [5882]
534.3 :    4 : [5865, 5894, 5917, 5925]
534.6 :    5 : [5876, 5900, 5902, 5910, 5915]
534.7 :    2 : [5932, 5956]
534.8 :    3 : [5919, 5940, 5955]
534.9 :    1 : [5946]
535.0 :    2 : [5890, 5952]
535.2 :    1 : [5931]
535.3 :    2 : [5883, 5892]
535.4 :    2 : [5906, 5949]
535.5 :    2 : [5879, 5937]
535.6 :    2 : [5875, 5935]
535.7 :    1 : [5868]
535.8 :    2 : [5896, 5950]
535.9 :    3 : [5869, 5929, 5948]
536.0 :    1 : [5862]
536.1 :    5 : [5866, 5899, 5901, 5909, 5959]
536.2 :    7 : [5873, 5916, 5922, 5939, 5953, 5954, 5961]
536.3 :    2 : [5905, 5936]
536.4 :    2 : [5871, 5944]
536.7 :    2 : [5910, 5943]
537.0 :    1 : [5917]
537.1 :    1 : [5902]
537.2 :    1 : [5894]
537.3 :    3 : [5887, 5913, 5925]
537.4 :    2 : [5889, 5890]
537.5 :    1 : [5906]
537.6 :    1 : [5940]
537.7 :    2 : [5876, 5882]
538.0 :    3 : [5879, 5883, 5932]
538.1 :    1 : [5956]
538.2 :    2 : [5919, 5959]
538.3 :    1 : [5896]
538.4 :    1 : [5875]
538.6 :    3 : [5929, 5950, 5952]
538.7 :    4 : [5862, 5866, 5931, 5949]
538.9 :    2 : [5899, 5922]
539.1 :    3 : [5868, 5939, 5944]
539.3 :    3 : [5871, 5910, 5961]
539.5 :    1 : [5936]
539.9 :    2 : [5902, 5954]
540.0 :    1 : [5906]
540.4 :    2 : [5890, 5959]
540.5 :    1 : [5917]
541.1 :    2 : [5879, 5905]
541.3 :    1 : [5896]
541.5 :    1 : [5883]
541.8 :    1 : [5940]
541.9 :    1 : [5929]
542.0 :    2 : [5866, 5875]
542.1 :    1 : [5862]
542.5 :    2 : [5910, 5950]
542.7 :    2 : [5922, 5944]
542.8 :    1 : [5899]
543.0 :    1 : [5906]
543.3 :    1 : [5959]
543.6 :    1 : [5939]
547.9 :    1 : [5959]
