Name: Motor cortex [Glu1], Title: Raster plot from device '95169', Hist: False
114.5 :   72 : [707, 708, 709, 710, 712, 713, 715, 718, 720, 721, 722, 723, 725, 726, 727, 728, 729, 730, 731, 732, 733, 735, 736, 738, 740, 741, 742, 743, 744, 745, 746, 748, 749, 750, 751, 754, 755, 756, 757, 758, 761, 762, 763, 765, 766, 767, 768, 770, 773, 774, 775, 776, 777, 778, 779, 781, 782, 786, 787, 788, 789, 790, 792, 793, 795, 796, 797, 800, 801, 802, 804, 806]
114.6 :   28 : [711, 714, 716, 717, 719, 724, 734, 737, 739, 747, 752, 753, 759, 760, 764, 769, 771, 772, 780, 783, 784, 785, 791, 794, 798, 799, 803, 805]
116.7 :   99 : [707, 708, 709, 710, 711, 712, 713, 714, 715, 716, 717, 718, 719, 720, 721, 722, 723, 724, 725, 726, 727, 728, 729, 730, 731, 732, 733, 734, 735, 736, 737, 738, 739, 740, 741, 742, 743, 744, 745, 746, 747, 748, 749, 750, 751, 752, 753, 754, 755, 756, 757, 758, 759, 760, 761, 762, 763, 764, 765, 766, 767, 768, 769, 770, 771, 772, 773, 774, 775, 776, 777, 778, 779, 780, 781, 782, 783, 784, 785, 786, 787, 788, 789, 790, 792, 793, 794, 795, 796, 797, 798, 799, 800, 801, 802, 803, 804, 805, 806]
116.8 :    1 : [791]
118.8 :   99 : [707, 708, 709, 710, 711, 712, 713, 714, 715, 716, 717, 718, 719, 720, 721, 722, 723, 724, 725, 726, 727, 728, 729, 730, 731, 732, 733, 734, 735, 736, 737, 738, 739, 740, 741, 742, 743, 744, 745, 746, 747, 748, 749, 750, 751, 752, 753, 754, 755, 756, 757, 758, 759, 760, 761, 762, 763, 764, 765, 766, 767, 768, 769, 770, 771, 772, 773, 774, 775, 776, 777, 778, 779, 780, 781, 782, 783, 784, 785, 786, 787, 788, 789, 790, 792, 793, 794, 795, 796, 797, 798, 799, 800, 801, 802, 803, 804, 805, 806]
118.9 :    1 : [791]
120.9 :    5 : [734, 753, 769, 798, 803]
121.0 :    1 : [791]
121.8 :    7 : [709, 713, 770, 781, 787, 788, 804]
121.9 :   28 : [708, 710, 712, 715, 720, 723, 725, 726, 727, 728, 733, 735, 736, 738, 741, 742, 743, 745, 748, 754, 755, 765, 767, 768, 775, 786, 800, 801]
122.0 :   37 : [707, 718, 721, 722, 729, 730, 731, 732, 740, 744, 746, 749, 750, 751, 756, 757, 758, 761, 762, 763, 766, 773, 774, 776, 777, 778, 779, 782, 789, 790, 792, 793, 795, 796, 797, 802, 806]
122.3 :   10 : [719, 739, 747, 759, 760, 764, 772, 780, 784, 799]
122.4 :   12 : [711, 714, 716, 717, 724, 737, 752, 771, 783, 785, 794, 805]
124.2 :    5 : [734, 753, 769, 798, 803]
124.4 :    7 : [739, 747, 760, 772, 780, 791, 799]
124.5 :    4 : [717, 724, 794, 805]
124.7 :    4 : [713, 781, 787, 804]
124.8 :   63 : [707, 708, 709, 710, 712, 715, 718, 720, 721, 722, 723, 725, 726, 727, 728, 729, 730, 731, 732, 733, 735, 736, 738, 740, 741, 742, 743, 745, 746, 748, 749, 750, 751, 754, 755, 756, 757, 758, 761, 762, 763, 765, 766, 767, 768, 770, 773, 774, 775, 776, 778, 779, 782, 786, 788, 789, 790, 795, 796, 797, 800, 801, 806]
124.9 :    5 : [744, 777, 792, 793, 802]
125.4 :    1 : [784]
125.5 :   11 : [711, 714, 716, 719, 737, 752, 759, 764, 771, 783, 785]
127.0 :    1 : [780]
127.1 :    9 : [717, 724, 739, 747, 760, 772, 794, 799, 805]
127.2 :    1 : [734]
127.3 :    8 : [713, 753, 769, 781, 787, 798, 803, 804]
127.4 :   69 : [707, 708, 709, 710, 712, 715, 718, 720, 721, 722, 723, 725, 726, 727, 728, 729, 730, 731, 732, 733, 735, 736, 738, 740, 741, 742, 743, 744, 745, 746, 748, 749, 750, 751, 754, 755, 756, 757, 758, 761, 762, 763, 765, 766, 767, 768, 770, 773, 774, 775, 776, 777, 778, 779, 782, 786, 788, 789, 790, 791, 792, 793, 795, 796, 797, 800, 801, 802, 806]
128.4 :    3 : [719, 764, 784]
128.5 :    9 : [711, 714, 716, 737, 752, 759, 771, 783, 785]
129.6 :   78 : [707, 708, 709, 710, 712, 713, 715, 718, 720, 721, 722, 723, 725, 726, 727, 728, 729, 730, 731, 732, 733, 735, 736, 738, 739, 740, 741, 742, 743, 744, 745, 746, 747, 748, 749, 750, 751, 754, 755, 756, 757, 758, 760, 761, 762, 763, 765, 766, 767, 768, 770, 772, 773, 774, 775, 776, 777, 778, 779, 780, 781, 782, 786, 787, 788, 789, 790, 792, 793, 795, 796, 797, 799, 800, 801, 802, 804, 806]
129.7 :    4 : [717, 724, 794, 805]
129.8 :    4 : [734, 769, 798, 803]
129.9 :    1 : [753]
130.3 :    1 : [791]
130.8 :    3 : [719, 764, 784]
130.9 :    9 : [711, 714, 716, 737, 752, 759, 771, 783, 785]
131.7 :   72 : [707, 708, 709, 710, 712, 713, 715, 718, 720, 721, 722, 723, 725, 726, 727, 728, 729, 730, 731, 732, 733, 735, 736, 738, 740, 741, 742, 743, 744, 745, 746, 748, 749, 750, 751, 754, 755, 756, 757, 758, 761, 762, 763, 765, 766, 767, 768, 770, 773, 774, 775, 776, 777, 778, 779, 781, 782, 786, 787, 788, 789, 790, 792, 793, 795, 796, 797, 800, 801, 802, 804, 806]
131.8 :   10 : [717, 724, 739, 747, 760, 772, 780, 794, 799, 805]
131.9 :    3 : [734, 769, 803]
132.0 :    1 : [798]
132.2 :    1 : [753]
132.9 :    1 : [791]
133.0 :   11 : [711, 714, 719, 737, 752, 759, 764, 771, 783, 784, 785]
133.1 :    1 : [716]
133.8 :   72 : [707, 708, 709, 710, 712, 713, 715, 718, 720, 721, 722, 723, 725, 726, 727, 728, 729, 730, 731, 732, 733, 735, 736, 738, 740, 741, 742, 743, 744, 745, 746, 748, 749, 750, 751, 754, 755, 756, 757, 758, 761, 762, 763, 765, 766, 767, 768, 770, 773, 774, 775, 776, 777, 778, 779, 781, 782, 786, 787, 788, 789, 790, 792, 793, 795, 796, 797, 800, 801, 802, 804, 806]
133.9 :   10 : [717, 724, 739, 747, 760, 772, 780, 794, 799, 805]
134.0 :    3 : [734, 769, 803]
134.1 :    1 : [798]
134.3 :    1 : [753]
135.1 :   11 : [711, 714, 719, 737, 752, 759, 764, 771, 783, 784, 785]
135.2 :    2 : [716, 791]
135.9 :   68 : [707, 709, 710, 712, 713, 715, 718, 721, 722, 723, 725, 726, 727, 728, 729, 730, 731, 732, 733, 735, 736, 738, 740, 741, 742, 743, 744, 745, 746, 748, 749, 750, 751, 754, 755, 756, 757, 758, 761, 762, 763, 765, 766, 767, 768, 770, 773, 774, 775, 776, 777, 778, 779, 781, 782, 786, 787, 789, 790, 793, 795, 796, 797, 800, 801, 802, 804, 806]
136.0 :   14 : [708, 717, 720, 724, 739, 747, 760, 772, 780, 788, 792, 794, 799, 805]
136.1 :    3 : [734, 769, 803]
136.2 :    1 : [798]
136.4 :    1 : [753]
137.2 :   11 : [711, 714, 719, 737, 752, 759, 764, 771, 783, 784, 785]
137.3 :    2 : [716, 791]
138.0 :    4 : [713, 781, 787, 804]
138.1 :   47 : [708, 710, 717, 718, 720, 721, 723, 724, 726, 728, 729, 732, 733, 738, 739, 741, 743, 744, 747, 749, 751, 754, 755, 756, 758, 760, 762, 763, 765, 766, 768, 772, 773, 774, 776, 778, 780, 782, 786, 788, 790, 794, 799, 800, 801, 802, 805]
138.2 :   34 : [707, 709, 712, 715, 722, 725, 727, 730, 731, 734, 735, 736, 740, 742, 745, 746, 748, 750, 757, 761, 767, 769, 770, 775, 777, 779, 789, 792, 793, 795, 796, 797, 803, 806]
138.3 :    1 : [798]
138.5 :    1 : [753]
139.4 :   13 : [711, 714, 716, 719, 737, 752, 759, 764, 771, 783, 784, 785, 791]
140.2 :    2 : [713, 739]
140.3 :   76 : [708, 709, 712, 715, 717, 718, 720, 721, 723, 724, 725, 726, 727, 728, 729, 730, 731, 732, 733, 734, 735, 736, 738, 741, 742, 743, 744, 745, 746, 747, 748, 749, 750, 751, 754, 755, 756, 757, 758, 760, 761, 762, 763, 765, 766, 768, 769, 770, 772, 773, 774, 775, 776, 777, 778, 781, 782, 786, 787, 788, 789, 790, 792, 793, 794, 795, 796, 797, 799, 800, 801, 802, 803, 804, 805, 806]
140.4 :    8 : [707, 710, 722, 740, 767, 779, 780, 798]
140.6 :    1 : [753]
141.5 :   13 : [711, 714, 716, 719, 737, 752, 759, 764, 771, 783, 784, 785, 791]
142.4 :   73 : [708, 709, 712, 713, 715, 718, 720, 721, 723, 724, 725, 726, 727, 728, 729, 730, 731, 732, 733, 734, 735, 736, 738, 739, 741, 742, 743, 744, 745, 746, 748, 749, 750, 751, 754, 755, 756, 757, 758, 760, 762, 763, 765, 766, 768, 769, 770, 773, 774, 775, 776, 777, 778, 781, 782, 786, 787, 788, 789, 790, 792, 793, 794, 796, 797, 799, 800, 801, 802, 803, 804, 805, 806]
142.5 :   13 : [707, 710, 717, 722, 740, 747, 761, 767, 772, 779, 780, 795, 798]
142.7 :    1 : [753]
143.6 :    8 : [714, 716, 737, 752, 764, 771, 784, 785]
143.7 :    5 : [711, 719, 759, 783, 791]
144.5 :   59 : [708, 709, 713, 718, 720, 721, 723, 725, 726, 727, 729, 730, 731, 732, 733, 734, 736, 738, 739, 741, 742, 743, 744, 745, 746, 748, 749, 750, 751, 754, 755, 756, 757, 758, 760, 762, 763, 768, 769, 770, 773, 774, 775, 776, 777, 781, 782, 789, 790, 792, 793, 796, 797, 800, 801, 802, 803, 804, 806]
144.6 :   27 : [707, 710, 712, 715, 717, 722, 724, 728, 735, 740, 747, 761, 765, 766, 767, 772, 778, 779, 780, 786, 787, 788, 794, 795, 798, 799, 805]
144.8 :    1 : [753]
145.8 :   13 : [711, 714, 716, 719, 737, 752, 759, 764, 771, 783, 784, 785, 791]
146.6 :   53 : [708, 709, 713, 718, 721, 723, 725, 726, 727, 729, 730, 733, 734, 736, 738, 739, 741, 743, 744, 745, 746, 748, 749, 750, 751, 754, 755, 756, 757, 758, 760, 762, 763, 768, 769, 770, 773, 774, 775, 776, 777, 781, 782, 789, 790, 793, 796, 797, 800, 802, 803, 804, 806]
146.7 :   33 : [707, 710, 712, 715, 717, 720, 722, 724, 728, 731, 732, 735, 740, 742, 747, 761, 765, 766, 767, 772, 778, 779, 780, 786, 787, 788, 792, 794, 795, 798, 799, 801, 805]
146.9 :    1 : [753]
147.9 :   12 : [711, 714, 716, 719, 737, 752, 759, 764, 771, 783, 784, 785]
148.0 :    1 : [791]
148.7 :   31 : [718, 721, 730, 733, 738, 739, 741, 744, 745, 746, 749, 751, 754, 755, 756, 757, 760, 763, 768, 769, 773, 774, 776, 781, 789, 790, 793, 796, 800, 803, 806]
148.8 :   55 : [707, 708, 709, 710, 712, 713, 715, 717, 720, 722, 723, 724, 725, 726, 727, 728, 729, 731, 732, 734, 735, 736, 740, 742, 743, 747, 748, 750, 758, 761, 762, 765, 766, 767, 770, 772, 775, 777, 778, 779, 780, 782, 786, 787, 788, 792, 794, 795, 797, 798, 799, 801, 802, 804, 805]
149.0 :    1 : [753]
150.0 :    7 : [711, 716, 719, 752, 759, 783, 784]
150.1 :    6 : [714, 737, 764, 771, 785, 791]
150.8 :    4 : [721, 738, 763, 781]
150.9 :   78 : [707, 708, 709, 710, 712, 713, 715, 717, 718, 720, 722, 723, 724, 725, 726, 727, 728, 729, 730, 731, 732, 733, 735, 736, 739, 740, 741, 742, 743, 744, 745, 746, 747, 748, 750, 751, 754, 755, 756, 757, 758, 760, 761, 762, 765, 766, 767, 768, 770, 772, 773, 774, 775, 776, 777, 778, 779, 780, 782, 786, 787, 788, 789, 790, 792, 793, 794, 795, 796, 797, 798, 799, 800, 801, 802, 803, 804, 806]
151.0 :    2 : [734, 749]
151.1 :    2 : [753, 805]
151.2 :    1 : [769]
152.2 :   13 : [711, 714, 716, 719, 737, 752, 759, 764, 771, 783, 784, 785, 791]
152.9 :    2 : [738, 763]
153.0 :   62 : [707, 708, 709, 710, 712, 713, 715, 717, 718, 720, 721, 722, 723, 724, 726, 727, 728, 729, 731, 732, 733, 735, 736, 741, 743, 744, 745, 746, 750, 751, 754, 755, 756, 757, 758, 761, 762, 765, 767, 772, 774, 775, 776, 777, 778, 781, 787, 788, 789, 790, 792, 793, 794, 795, 796, 797, 798, 799, 800, 801, 804, 806]
153.1 :    6 : [747, 748, 766, 768, 770, 779]
153.2 :   13 : [725, 730, 739, 740, 742, 753, 760, 773, 780, 782, 786, 802, 805]
153.3 :    4 : [734, 749, 769, 803]
154.3 :   13 : [711, 714, 716, 719, 737, 752, 759, 764, 771, 783, 784, 785, 791]
155.0 :    2 : [738, 763]
155.1 :    3 : [751, 796, 798]
155.2 :   15 : [726, 731, 732, 733, 735, 736, 748, 755, 765, 794, 795, 800, 801, 804, 806]
155.3 :   61 : [707, 708, 709, 712, 713, 715, 717, 718, 720, 721, 722, 723, 725, 727, 728, 729, 730, 739, 740, 741, 742, 743, 744, 745, 746, 747, 750, 753, 754, 756, 757, 758, 760, 761, 762, 766, 767, 768, 770, 772, 773, 774, 775, 776, 777, 778, 779, 780, 781, 782, 786, 787, 788, 789, 790, 792, 793, 797, 799, 802, 805]
155.4 :    2 : [710, 724]
155.5 :    4 : [734, 749, 769, 803]
156.4 :   13 : [711, 714, 716, 719, 737, 752, 759, 764, 771, 783, 784, 785, 791]
157.2 :    3 : [751, 763, 796]
157.3 :    1 : [798]
157.4 :   34 : [708, 709, 715, 717, 726, 730, 731, 732, 733, 735, 736, 739, 746, 748, 753, 755, 758, 761, 762, 774, 776, 778, 782, 788, 789, 794, 795, 799, 800, 801, 802, 804, 805, 806]
157.5 :   32 : [712, 713, 718, 720, 721, 725, 727, 728, 729, 738, 740, 742, 743, 745, 750, 754, 757, 760, 765, 766, 767, 768, 770, 772, 773, 777, 779, 781, 786, 787, 792, 793]
157.6 :    6 : [710, 723, 724, 756, 790, 797]
157.7 :   11 : [707, 722, 734, 741, 744, 747, 749, 769, 775, 780, 803]
158.5 :   12 : [711, 714, 716, 719, 737, 752, 764, 771, 783, 784, 785, 791]
158.6 :    1 : [759]
159.5 :   11 : [717, 733, 748, 753, 755, 761, 774, 776, 788, 794, 798]
159.6 :    3 : [738, 762, 763]
159.7 :   16 : [709, 713, 715, 726, 731, 732, 735, 742, 751, 765, 778, 795, 800, 801, 804, 806]
159.8 :   30 : [720, 721, 725, 727, 728, 729, 734, 739, 740, 743, 744, 746, 754, 757, 766, 767, 768, 770, 772, 773, 777, 779, 780, 781, 786, 787, 792, 793, 796, 799]
159.9 :   27 : [707, 708, 710, 712, 718, 722, 723, 724, 730, 736, 741, 745, 747, 749, 750, 756, 758, 760, 769, 775, 782, 789, 790, 797, 802, 803, 805]
160.6 :    2 : [714, 791]
160.8 :   10 : [711, 716, 719, 737, 752, 764, 771, 783, 784, 785]
161.3 :    1 : [759]
161.6 :    6 : [753, 755, 761, 774, 776, 798]
161.8 :   12 : [709, 715, 731, 735, 738, 742, 762, 763, 778, 795, 801, 806]
161.9 :    8 : [733, 740, 748, 754, 779, 781, 787, 796]
162.0 :   13 : [707, 710, 717, 734, 757, 760, 768, 777, 782, 786, 788, 794, 804]
162.1 :    9 : [712, 730, 736, 739, 749, 751, 775, 780, 793]
162.2 :   30 : [708, 713, 718, 720, 721, 722, 723, 724, 726, 728, 729, 732, 741, 743, 744, 745, 747, 750, 756, 758, 765, 769, 773, 789, 790, 792, 799, 800, 803, 805]
162.3 :    2 : [766, 770]
162.4 :    7 : [725, 727, 746, 767, 772, 797, 802]
162.7 :    2 : [714, 791]
162.9 :    6 : [711, 716, 719, 752, 783, 784]
163.0 :    4 : [737, 764, 771, 785]
163.7 :    6 : [753, 755, 761, 774, 776, 798]
163.8 :    1 : [759]
163.9 :    2 : [731, 763]
164.0 :    3 : [779, 795, 801]
164.1 :   25 : [707, 709, 710, 715, 717, 734, 735, 738, 740, 742, 748, 754, 757, 760, 762, 768, 777, 778, 781, 782, 786, 788, 794, 796, 806]
164.2 :    1 : [787]
164.3 :    1 : [769]
164.4 :    4 : [741, 745, 775, 789]
164.5 :   33 : [708, 712, 720, 721, 722, 723, 724, 725, 726, 729, 730, 732, 733, 736, 743, 744, 746, 747, 749, 750, 751, 756, 758, 767, 773, 780, 790, 797, 799, 802, 803, 804, 805]
164.6 :    9 : [713, 728, 739, 765, 770, 772, 792, 793, 800]
164.7 :    2 : [718, 766]
164.8 :    2 : [714, 791]
164.9 :    1 : [727]
165.0 :    3 : [711, 716, 752]
165.1 :    7 : [719, 737, 764, 771, 783, 784, 785]
165.8 :    2 : [774, 776]
165.9 :    3 : [755, 759, 761]
166.1 :    7 : [731, 753, 763, 779, 795, 798, 801]
166.2 :   25 : [707, 709, 710, 715, 717, 734, 735, 738, 740, 742, 748, 754, 757, 760, 762, 768, 777, 778, 781, 782, 786, 788, 794, 796, 806]
166.4 :    2 : [769, 787]
166.5 :    4 : [741, 745, 775, 789]
166.6 :   33 : [708, 712, 720, 721, 722, 723, 724, 725, 726, 729, 730, 732, 733, 736, 743, 744, 746, 747, 749, 750, 751, 756, 758, 767, 773, 780, 790, 797, 799, 802, 803, 804, 805]
166.7 :    9 : [713, 728, 739, 765, 770, 772, 792, 793, 800]
166.8 :    2 : [718, 766]
167.0 :    1 : [727]
167.1 :    2 : [714, 752]
167.2 :    7 : [711, 716, 719, 764, 771, 783, 784]
167.3 :    3 : [737, 785, 791]
168.0 :    4 : [755, 759, 761, 774]
168.1 :    1 : [776]
168.2 :    1 : [753]
168.3 :   22 : [707, 709, 710, 715, 717, 734, 735, 738, 742, 748, 754, 763, 768, 777, 778, 779, 781, 782, 786, 795, 796, 806]
168.4 :    9 : [731, 740, 757, 760, 762, 788, 794, 798, 801]
168.5 :    1 : [787]
168.6 :    2 : [745, 789]
168.7 :   36 : [708, 712, 720, 721, 722, 723, 724, 725, 726, 729, 730, 732, 733, 736, 741, 743, 744, 746, 747, 749, 750, 751, 756, 758, 767, 769, 773, 775, 780, 790, 797, 799, 802, 803, 804, 805]
168.8 :    9 : [713, 728, 739, 765, 770, 772, 792, 793, 800]
168.9 :    2 : [718, 766]
169.2 :    3 : [714, 727, 752]
169.3 :    7 : [711, 716, 719, 764, 771, 783, 784]
169.4 :    3 : [737, 785, 791]
170.1 :    4 : [755, 759, 761, 774]
170.2 :    1 : [776]
170.3 :    1 : [753]
170.4 :   22 : [707, 709, 710, 715, 717, 734, 735, 738, 742, 748, 754, 763, 768, 777, 778, 779, 781, 782, 786, 795, 796, 806]
170.5 :    9 : [731, 740, 757, 760, 762, 788, 794, 798, 801]
170.6 :    1 : [787]
170.7 :    2 : [745, 789]
170.8 :   36 : [708, 712, 720, 721, 722, 723, 724, 725, 726, 729, 730, 732, 733, 736, 741, 743, 744, 746, 747, 749, 750, 751, 756, 758, 767, 769, 773, 775, 780, 790, 797, 799, 802, 803, 804, 805]
170.9 :    9 : [713, 728, 739, 765, 770, 772, 792, 793, 800]
171.0 :    2 : [718, 766]
171.3 :    3 : [714, 727, 752]
171.4 :    7 : [711, 716, 719, 764, 771, 783, 784]
171.5 :    3 : [737, 785, 791]
172.2 :    4 : [755, 759, 761, 774]
172.3 :    1 : [776]
172.4 :    1 : [753]
172.5 :   22 : [707, 709, 710, 715, 717, 734, 735, 738, 742, 748, 754, 763, 768, 777, 778, 779, 781, 782, 786, 795, 796, 806]
172.6 :    9 : [731, 740, 757, 760, 762, 788, 794, 798, 801]
172.7 :    1 : [787]
172.8 :    2 : [745, 789]
172.9 :   36 : [708, 712, 720, 721, 722, 723, 724, 725, 726, 729, 730, 732, 733, 736, 741, 743, 744, 746, 747, 749, 750, 751, 756, 758, 767, 769, 773, 775, 780, 790, 797, 799, 802, 803, 804, 805]
173.0 :    9 : [713, 728, 739, 765, 770, 772, 792, 793, 800]
173.1 :    2 : [718, 766]
173.4 :    3 : [714, 727, 752]
173.5 :    7 : [711, 716, 719, 764, 771, 783, 784]
173.6 :    3 : [737, 785, 791]
174.3 :    4 : [755, 759, 761, 774]
174.4 :    1 : [776]
174.5 :    1 : [753]
174.6 :   22 : [707, 709, 710, 715, 717, 734, 735, 738, 742, 748, 754, 763, 768, 777, 778, 779, 781, 782, 786, 795, 796, 806]
174.7 :    9 : [731, 740, 757, 760, 762, 788, 794, 798, 801]
174.8 :    1 : [787]
174.9 :    2 : [745, 789]
175.0 :   36 : [708, 712, 720, 721, 722, 723, 724, 725, 726, 729, 730, 732, 733, 736, 741, 743, 744, 746, 747, 749, 750, 751, 756, 758, 767, 769, 773, 775, 780, 790, 797, 799, 802, 803, 804, 805]
175.1 :    9 : [713, 728, 739, 765, 770, 772, 792, 793, 800]
175.2 :    2 : [718, 766]
175.5 :    3 : [714, 727, 752]
175.6 :    7 : [711, 716, 719, 764, 771, 783, 784]
175.7 :    3 : [737, 785, 791]
176.4 :    4 : [755, 759, 761, 774]
176.5 :    1 : [776]
176.6 :    1 : [753]
176.7 :   22 : [707, 709, 710, 715, 717, 734, 735, 738, 742, 748, 754, 763, 768, 777, 778, 779, 781, 782, 786, 795, 796, 806]
176.8 :    9 : [731, 740, 757, 760, 762, 788, 794, 798, 801]
176.9 :    1 : [787]
177.0 :    2 : [745, 789]
177.1 :   36 : [708, 712, 720, 721, 722, 723, 724, 725, 726, 729, 730, 732, 733, 736, 741, 743, 744, 746, 747, 749, 750, 751, 756, 758, 767, 769, 773, 775, 780, 790, 797, 799, 802, 803, 804, 805]
177.2 :    9 : [713, 728, 739, 765, 770, 772, 792, 793, 800]
177.3 :    2 : [718, 766]
177.6 :    3 : [714, 727, 752]
177.7 :    7 : [711, 716, 719, 764, 771, 783, 784]
177.8 :    3 : [737, 785, 791]
178.5 :    3 : [755, 759, 774]
178.6 :    1 : [776]
178.7 :    1 : [753]
178.8 :   21 : [707, 709, 710, 715, 717, 734, 738, 742, 748, 754, 763, 768, 777, 778, 779, 781, 782, 786, 795, 796, 806]
178.9 :    9 : [731, 740, 757, 760, 762, 788, 794, 798, 801]
179.0 :    1 : [787]
179.1 :    2 : [745, 789]
179.2 :   18 : [708, 721, 723, 724, 725, 726, 732, 736, 743, 747, 750, 756, 758, 769, 780, 799, 802, 805]
179.3 :    6 : [713, 735, 739, 770, 772, 793]
179.4 :    2 : [718, 722]
179.5 :    3 : [751, 761, 792]
179.6 :    3 : [765, 767, 804]
179.7 :    9 : [714, 727, 729, 730, 752, 766, 790, 797, 803]
179.8 :   12 : [711, 712, 716, 719, 728, 733, 744, 764, 771, 775, 783, 784]
179.9 :    8 : [720, 737, 746, 749, 773, 785, 791, 800]
180.0 :    1 : [741]
180.6 :    1 : [759]
180.7 :    1 : [755]
180.8 :    1 : [753]
180.9 :    5 : [709, 715, 738, 763, 806]
181.0 :    3 : [731, 757, 798]
181.1 :    6 : [707, 734, 762, 774, 778, 795]
181.2 :    4 : [710, 781, 789, 796]
181.3 :   10 : [721, 724, 726, 742, 750, 754, 756, 769, 777, 802]
181.4 :    5 : [708, 732, 772, 779, 799]
181.5 :    5 : [718, 723, 736, 758, 776]
181.6 :    5 : [743, 770, 782, 793, 805]
181.7 :    3 : [713, 780, 788]
181.8 :    6 : [714, 722, 735, 752, 768, 801]
181.9 :    9 : [711, 716, 719, 764, 771, 783, 784, 786, 792]
182.0 :    9 : [717, 727, 737, 748, 765, 767, 785, 787, 791]
182.1 :   11 : [729, 730, 740, 751, 761, 766, 790, 794, 797, 803, 804]
182.2 :    5 : [712, 725, 744, 745, 775]
182.3 :    7 : [720, 728, 733, 746, 760, 773, 800]
182.4 :    2 : [741, 749]
182.5 :    2 : [739, 747]
182.7 :    1 : [759]
182.9 :    1 : [753]
183.3 :    2 : [755, 763]
183.4 :    2 : [715, 738]
183.5 :    3 : [709, 798, 806]
183.6 :    2 : [731, 757]
183.7 :    6 : [707, 734, 762, 774, 778, 795]
183.8 :    4 : [750, 769, 781, 796]
183.9 :   12 : [710, 714, 721, 724, 726, 742, 752, 756, 777, 789, 799, 802]
184.0 :   11 : [708, 719, 732, 754, 764, 771, 772, 779, 783, 784, 805]
184.1 :    4 : [723, 736, 776, 785]
184.2 :    5 : [718, 743, 758, 770, 782]
184.3 :    1 : [780]
184.4 :    4 : [713, 788, 793, 801]
184.5 :    3 : [711, 722, 768]
184.6 :    4 : [735, 748, 786, 792]
184.7 :    3 : [717, 727, 765]
184.8 :   12 : [725, 729, 730, 740, 761, 766, 767, 787, 790, 794, 797, 803]
184.9 :    5 : [712, 744, 751, 760, 804]
185.0 :    8 : [720, 728, 733, 745, 746, 775, 791, 800]
185.1 :    4 : [739, 741, 749, 773]
185.2 :    2 : [716, 747]
185.3 :    1 : [737]
185.5 :    2 : [753, 759]
186.1 :    3 : [764, 783, 784]
186.2 :    4 : [715, 755, 763, 798]
186.3 :    3 : [709, 738, 806]
186.4 :    2 : [731, 757]
186.6 :    8 : [707, 734, 752, 762, 774, 778, 795, 796]
186.7 :    7 : [710, 750, 769, 781, 789, 799, 802]
186.8 :    9 : [719, 721, 724, 726, 742, 754, 756, 777, 805]
186.9 :    6 : [708, 711, 732, 771, 772, 779]
187.0 :    7 : [714, 718, 723, 736, 758, 776, 785]
187.1 :    3 : [743, 770, 782]
187.2 :    2 : [780, 788]
187.3 :    1 : [801]
187.4 :    2 : [713, 768]
187.5 :    4 : [722, 748, 786, 793]
187.6 :    3 : [717, 791, 792]
187.7 :    3 : [725, 735, 794]
187.8 :    7 : [727, 740, 760, 765, 767, 787, 790]
187.9 :   10 : [712, 716, 729, 730, 737, 751, 761, 766, 797, 803]
188.0 :    8 : [728, 733, 739, 744, 745, 746, 775, 804]
188.1 :    8 : [720, 741, 747, 749, 753, 759, 773, 800]
188.7 :    2 : [783, 784]
188.8 :    1 : [764]
189.1 :    1 : [798]
189.3 :    2 : [709, 752]
189.4 :    3 : [715, 755, 763]
189.5 :    2 : [738, 806]
189.6 :    3 : [719, 731, 757]
189.7 :    4 : [711, 714, 771, 785]
189.8 :    8 : [707, 734, 762, 774, 778, 795, 796, 799]
189.9 :    5 : [710, 750, 769, 781, 802]
190.0 :    9 : [721, 724, 726, 742, 754, 756, 777, 789, 805]
190.1 :    4 : [708, 732, 772, 779]
190.2 :    3 : [723, 758, 776]
190.3 :    4 : [718, 736, 743, 782]
190.4 :    2 : [770, 780]
190.5 :    3 : [788, 791, 801]
190.6 :    1 : [768]
190.7 :    3 : [716, 737, 786]
190.8 :    3 : [713, 717, 748]
190.9 :    3 : [722, 793, 794]
191.0 :    3 : [725, 759, 792]
191.1 :    4 : [727, 735, 753, 760]
191.2 :    9 : [739, 740, 765, 766, 767, 787, 790, 797, 803]
191.3 :    3 : [712, 729, 730]
191.4 :   11 : [720, 728, 733, 744, 745, 746, 747, 751, 761, 800, 804]
191.5 :    6 : [715, 741, 749, 763, 773, 775]
191.6 :    2 : [784, 806]
191.7 :    4 : [731, 757, 764, 783]
191.9 :    1 : [796]
192.0 :    2 : [710, 802]
192.1 :    3 : [721, 742, 754]
192.2 :    1 : [708]
192.3 :    1 : [758]
192.4 :    2 : [743, 752]
192.5 :    1 : [798]
192.6 :    2 : [719, 801]
192.7 :    3 : [709, 768, 771]
192.8 :    4 : [711, 714, 785, 786]
192.9 :    3 : [713, 717, 755]
193.0 :    2 : [722, 793]
193.1 :    2 : [738, 792]
193.2 :    3 : [727, 735, 760]
193.3 :   12 : [734, 740, 762, 765, 766, 767, 778, 787, 790, 797, 799, 803]
193.4 :    7 : [707, 712, 729, 730, 774, 795, 805]
193.5 :   17 : [720, 726, 728, 733, 744, 745, 746, 747, 750, 751, 756, 761, 769, 781, 789, 800, 804]
193.6 :    7 : [724, 732, 741, 749, 773, 775, 777]
193.7 :    2 : [772, 779]
193.8 :    3 : [723, 776, 791]
193.9 :    4 : [718, 736, 737, 782]
194.0 :    3 : [716, 770, 780]
194.1 :    1 : [788]
194.3 :    1 : [759]
194.4 :    2 : [748, 753]
194.5 :    1 : [794]
194.6 :    2 : [725, 798]
194.8 :    2 : [709, 739]
194.9 :    1 : [784]
195.0 :    5 : [715, 755, 763, 764, 783]
195.1 :    2 : [793, 806]
195.2 :    3 : [731, 738, 757]
195.3 :    3 : [727, 735, 796]
195.4 :    5 : [734, 762, 778, 799, 803]
195.5 :    8 : [707, 710, 721, 742, 774, 795, 802, 805]
195.6 :   13 : [720, 726, 746, 750, 751, 754, 756, 761, 769, 781, 789, 800, 804]
195.7 :    5 : [708, 724, 732, 741, 777]
195.8 :    4 : [752, 758, 772, 779]
195.9 :    4 : [723, 743, 776, 791]
196.0 :    5 : [718, 719, 736, 737, 782]
196.1 :    4 : [770, 771, 780, 801]
196.2 :    4 : [714, 768, 785, 788]
196.3 :    1 : [711]
196.4 :    3 : [717, 759, 786]
196.5 :    2 : [748, 753]
196.6 :    2 : [713, 794]
196.7 :    3 : [722, 725, 760]
196.8 :    1 : [792]
196.9 :    2 : [709, 739]
197.0 :    6 : [747, 765, 767, 784, 787, 790]
197.1 :   10 : [712, 715, 730, 740, 755, 763, 764, 766, 783, 797]
197.2 :    5 : [729, 733, 744, 793, 806]
197.3 :    6 : [728, 731, 738, 745, 757, 773]
197.4 :    5 : [727, 735, 749, 775, 796]
197.5 :    5 : [734, 762, 778, 799, 803]
197.6 :    9 : [707, 710, 716, 721, 742, 774, 795, 802, 805]
197.7 :   13 : [720, 726, 746, 750, 751, 754, 756, 761, 769, 781, 789, 800, 804]
197.8 :    4 : [708, 724, 732, 777]
197.9 :    4 : [752, 758, 772, 779]
198.0 :    3 : [723, 743, 776]
198.1 :    4 : [718, 719, 736, 782]
198.2 :    5 : [770, 771, 780, 798, 801]
198.3 :    4 : [714, 768, 785, 788]
198.4 :    1 : [711]
198.5 :    2 : [717, 786]
198.6 :    1 : [748]
198.7 :    1 : [794]
198.8 :    3 : [713, 725, 760]
199.0 :    3 : [709, 722, 739]
199.1 :    1 : [792]
199.2 :    3 : [747, 755, 790]
199.3 :   10 : [712, 715, 740, 763, 765, 766, 767, 787, 793, 797]
199.4 :    6 : [729, 730, 738, 744, 791, 806]
199.5 :    8 : [727, 728, 731, 733, 735, 737, 745, 757]
199.6 :    8 : [734, 741, 749, 762, 773, 778, 799, 803]
199.7 :    7 : [707, 716, 774, 775, 795, 796, 805]
199.8 :   13 : [710, 720, 726, 746, 750, 751, 756, 761, 769, 781, 800, 802, 804]
199.9 :    8 : [721, 724, 732, 742, 754, 759, 777, 789]
200.0 :    3 : [708, 772, 779]
200.1 :    4 : [723, 753, 758, 776]
200.2 :    5 : [718, 719, 736, 743, 782]
200.3 :    3 : [770, 771, 780]
200.4 :    4 : [714, 788, 798, 801]
200.5 :    3 : [711, 768, 784]
200.7 :    1 : [764]
200.8 :    5 : [717, 748, 783, 786, 794]
200.9 :    1 : [725]
201.1 :    3 : [709, 739, 760]
201.3 :    1 : [713]
201.4 :    1 : [722]
201.5 :    2 : [747, 792]
201.6 :    3 : [737, 752, 791]
201.7 :    7 : [715, 727, 755, 766, 767, 790, 799]
201.8 :    8 : [712, 716, 740, 763, 765, 787, 793, 797]
201.9 :    8 : [729, 730, 733, 738, 744, 803, 805, 806]
202.0 :   10 : [720, 728, 731, 735, 745, 746, 757, 759, 773, 800]
202.1 :    9 : [707, 734, 741, 749, 762, 774, 778, 785, 796]
202.2 :    6 : [750, 753, 769, 775, 781, 795]
202.3 :   12 : [710, 719, 721, 724, 726, 751, 756, 761, 777, 789, 802, 804]
202.4 :    5 : [732, 742, 754, 771, 772]
202.5 :    4 : [708, 714, 723, 779]
202.6 :    4 : [711, 758, 776, 784]
202.7 :    5 : [718, 736, 743, 782, 798]
202.8 :    3 : [764, 770, 780]
202.9 :    3 : [783, 788, 801]
203.1 :    1 : [768]
203.3 :    1 : [794]
203.4 :    5 : [709, 717, 725, 748, 786]
203.6 :    2 : [739, 760]
203.8 :    1 : [737]
203.9 :    3 : [716, 752, 791]
204.0 :    2 : [713, 747]
204.2 :    1 : [722]
204.3 :    2 : [759, 799]
204.4 :    3 : [719, 785, 792]
204.5 :    6 : [755, 766, 767, 771, 790, 805]
204.6 :    7 : [712, 714, 715, 727, 753, 787, 797]
204.7 :    8 : [711, 730, 740, 744, 763, 765, 803, 806]
204.8 :    7 : [728, 729, 733, 738, 757, 793, 800]
204.9 :   11 : [720, 731, 741, 745, 746, 749, 762, 773, 778, 784, 796]
205.0 :    5 : [707, 734, 735, 774, 795]
205.1 :    6 : [726, 750, 769, 775, 781, 802]
205.2 :   10 : [710, 721, 724, 732, 742, 754, 756, 764, 777, 789]
205.3 :    4 : [708, 761, 772, 783]
205.4 :    6 : [723, 751, 758, 779, 798, 804]
205.5 :    2 : [776, 782]
205.6 :    4 : [718, 736, 743, 780]
205.7 :    1 : [770]
205.8 :    1 : [801]
205.9 :    1 : [788]
206.0 :    1 : [768]
206.2 :    3 : [709, 737, 794]
206.3 :    2 : [717, 725]
206.4 :    6 : [716, 739, 748, 752, 786, 791]
206.6 :    1 : [760]
206.7 :    1 : [719]
206.8 :    1 : [771]
206.9 :    3 : [714, 759, 785]
207.1 :    1 : [747]
207.2 :    1 : [753]
207.3 :    1 : [711]
207.4 :    1 : [784]
207.5 :    1 : [799]
207.7 :    1 : [805]
207.8 :    2 : [713, 764]
208.0 :    2 : [722, 783]
208.2 :    1 : [790]
208.5 :    4 : [712, 766, 792, 797]
208.6 :    2 : [755, 767]
208.7 :    1 : [798]
208.8 :    2 : [715, 727]
208.9 :    2 : [733, 744]
209.0 :    2 : [787, 800]
209.1 :    6 : [730, 737, 749, 778, 796, 806]
209.2 :    7 : [716, 720, 726, 728, 741, 762, 773]
209.3 :    1 : [752]
209.4 :    1 : [732]
209.5 :    5 : [721, 757, 774, 791, 802]
209.6 :    2 : [719, 734]
209.7 :    7 : [707, 740, 742, 750, 754, 771, 781]
209.8 :    3 : [714, 756, 785]
209.9 :    2 : [708, 759]
210.0 :    4 : [746, 758, 772, 803]
210.1 :    1 : [723]
210.2 :    2 : [769, 777]
210.3 :    1 : [724]
210.4 :    3 : [711, 753, 784]
211.0 :    1 : [764]
211.3 :    1 : [783]
213.2 :    1 : [737]
316.7 :   28 : [707, 709, 710, 711, 715, 721, 726, 734, 735, 739, 744, 746, 747, 751, 755, 756, 757, 760, 769, 775, 777, 784, 791, 796, 797, 802, 803, 806]
316.8 :    8 : [727, 731, 733, 737, 738, 742, 780, 799]
319.3 :   18 : [709, 710, 721, 726, 738, 739, 744, 746, 751, 756, 757, 775, 777, 791, 796, 797, 802, 806]
319.4 :   17 : [707, 711, 715, 727, 731, 733, 734, 735, 737, 742, 747, 755, 769, 780, 784, 799, 803]
321.4 :   15 : [709, 710, 721, 726, 738, 739, 744, 746, 756, 757, 775, 777, 791, 796, 806]
321.5 :   14 : [707, 715, 727, 731, 735, 742, 747, 755, 780, 784, 797, 799, 802, 803]
321.6 :    5 : [711, 733, 734, 737, 769]
321.7 :    1 : [751]
323.5 :   15 : [709, 710, 721, 726, 738, 739, 744, 746, 756, 757, 775, 777, 791, 796, 806]
323.6 :    4 : [735, 755, 784, 799]
323.7 :    7 : [707, 711, 715, 727, 737, 797, 802]
323.8 :    6 : [734, 742, 747, 769, 780, 803]
323.9 :    3 : [731, 733, 751]
325.6 :    3 : [721, 738, 791]
325.8 :    1 : [797]
325.9 :    6 : [711, 727, 756, 784, 802, 806]
326.0 :   19 : [707, 709, 710, 715, 734, 735, 737, 739, 742, 744, 746, 747, 757, 769, 775, 777, 780, 799, 803]
326.1 :    6 : [726, 731, 733, 751, 755, 796]
327.7 :    3 : [721, 738, 791]
327.9 :    1 : [797]
328.0 :    4 : [727, 756, 802, 806]
328.1 :   21 : [707, 709, 710, 711, 715, 734, 735, 737, 739, 742, 744, 746, 747, 757, 769, 775, 777, 780, 784, 799, 803]
328.3 :    6 : [726, 731, 733, 751, 755, 796]
329.8 :    3 : [721, 738, 791]
330.0 :    1 : [797]
330.1 :    4 : [727, 756, 802, 806]
330.3 :    6 : [711, 734, 737, 769, 784, 803]
330.4 :   21 : [707, 709, 710, 715, 726, 731, 733, 735, 739, 742, 744, 746, 747, 751, 755, 757, 775, 777, 780, 796, 799]
331.9 :    3 : [721, 738, 791]
332.1 :    1 : [797]
332.4 :    6 : [711, 734, 737, 769, 784, 803]
332.5 :   10 : [715, 726, 731, 733, 746, 747, 751, 755, 777, 780]
332.6 :   15 : [707, 709, 710, 727, 735, 739, 742, 744, 756, 757, 775, 796, 799, 802, 806]
334.0 :    3 : [721, 738, 791]
334.4 :    1 : [797]
334.5 :    6 : [711, 734, 737, 769, 784, 803]
334.6 :    9 : [715, 726, 731, 733, 746, 747, 751, 755, 777]
334.7 :   16 : [707, 709, 710, 727, 735, 739, 742, 744, 756, 757, 775, 780, 796, 799, 802, 806]
336.1 :    3 : [721, 738, 791]
336.5 :    1 : [797]
336.6 :    6 : [711, 734, 737, 769, 784, 803]
336.7 :    6 : [715, 726, 746, 747, 755, 777]
336.8 :   19 : [707, 709, 710, 727, 731, 733, 735, 739, 742, 744, 751, 756, 757, 775, 780, 796, 799, 802, 806]
338.2 :    3 : [721, 738, 791]
338.6 :    1 : [797]
338.7 :    6 : [711, 734, 737, 769, 784, 803]
338.8 :    5 : [715, 726, 746, 747, 777]
338.9 :   20 : [707, 709, 710, 727, 731, 733, 735, 739, 742, 744, 751, 755, 756, 757, 775, 780, 796, 799, 802, 806]
340.3 :    3 : [721, 738, 791]
340.7 :    1 : [797]
340.8 :    6 : [711, 734, 737, 769, 784, 803]
340.9 :    5 : [715, 726, 746, 747, 777]
341.0 :   20 : [707, 709, 710, 727, 731, 733, 735, 739, 742, 744, 751, 755, 756, 757, 775, 780, 796, 799, 802, 806]
342.4 :    3 : [721, 738, 791]
342.8 :    1 : [797]
342.9 :    6 : [711, 734, 737, 769, 784, 803]
343.0 :    5 : [715, 726, 746, 747, 777]
343.1 :   18 : [707, 709, 710, 727, 731, 735, 739, 742, 744, 751, 755, 756, 757, 775, 780, 799, 802, 806]
343.2 :    2 : [733, 796]
344.5 :    3 : [721, 738, 791]
344.9 :    1 : [797]
345.0 :    6 : [711, 734, 737, 769, 784, 803]
345.1 :    4 : [715, 746, 747, 777]
345.3 :   17 : [707, 709, 726, 727, 731, 733, 735, 739, 744, 751, 756, 757, 775, 796, 799, 802, 806]
345.4 :    4 : [710, 742, 755, 780]
346.6 :    3 : [721, 738, 791]
347.0 :    1 : [797]
347.1 :    6 : [711, 734, 737, 769, 784, 803]
347.3 :    2 : [746, 777]
347.4 :   10 : [709, 715, 727, 735, 739, 744, 756, 757, 775, 799]
347.5 :    6 : [726, 731, 733, 747, 751, 755]
347.6 :    7 : [707, 710, 742, 780, 796, 802, 806]
348.7 :    3 : [721, 738, 791]
349.1 :    1 : [797]
349.3 :    1 : [769]
349.4 :    5 : [711, 737, 746, 777, 784]
349.5 :   10 : [709, 715, 727, 734, 735, 744, 756, 757, 775, 803]
349.6 :    3 : [733, 747, 755]
349.7 :   12 : [707, 710, 726, 731, 739, 742, 751, 780, 796, 799, 802, 806]
350.8 :    1 : [791]
350.9 :    2 : [721, 738]
351.2 :    1 : [797]
351.5 :    1 : [746]
351.6 :   12 : [709, 715, 727, 735, 737, 744, 756, 757, 769, 775, 777, 784]
351.7 :    4 : [711, 733, 734, 803]
351.8 :   14 : [707, 710, 726, 731, 739, 742, 747, 751, 755, 780, 796, 799, 802, 806]
352.9 :    1 : [791]
353.0 :    1 : [738]
353.1 :    1 : [721]
353.4 :    1 : [797]
353.6 :    1 : [746]
353.7 :    7 : [727, 735, 737, 756, 757, 769, 784]
353.8 :    9 : [709, 711, 715, 733, 734, 744, 775, 777, 803]
353.9 :   12 : [707, 710, 726, 731, 739, 742, 747, 751, 780, 796, 802, 806]
354.0 :    2 : [755, 799]
355.0 :    1 : [791]
355.1 :    1 : [738]
355.2 :    1 : [721]
355.5 :    1 : [797]
355.7 :    1 : [746]
355.8 :    6 : [727, 735, 756, 757, 769, 784]
355.9 :   10 : [709, 711, 715, 733, 734, 737, 744, 775, 777, 803]
356.0 :   12 : [707, 710, 726, 731, 739, 742, 747, 751, 780, 796, 802, 806]
356.1 :    1 : [755]
356.2 :    1 : [799]
357.2 :    2 : [738, 791]
357.3 :    1 : [721]
357.6 :    1 : [797]
357.8 :    1 : [746]
357.9 :    6 : [727, 735, 756, 757, 769, 784]
358.0 :    9 : [709, 711, 733, 734, 737, 744, 775, 777, 803]
358.1 :   12 : [707, 710, 715, 726, 731, 739, 742, 747, 751, 796, 802, 806]
358.2 :    1 : [755]
358.4 :    1 : [780]
358.5 :    1 : [799]
359.3 :    2 : [738, 791]
359.4 :    1 : [721]
359.7 :    1 : [797]
359.9 :    1 : [746]
360.0 :    5 : [727, 735, 756, 757, 784]
360.1 :    8 : [709, 711, 733, 737, 744, 769, 775, 777]
360.2 :    9 : [707, 710, 726, 739, 747, 751, 796, 802, 806]
360.3 :    1 : [755]
360.6 :    1 : [780]
360.7 :    1 : [715]
360.8 :    2 : [731, 742]
360.9 :    1 : [799]
361.0 :    2 : [734, 803]
361.4 :    2 : [738, 791]
361.5 :    1 : [721]
361.8 :    1 : [797]
362.1 :    6 : [727, 735, 746, 756, 757, 784]
362.2 :    7 : [709, 711, 733, 737, 744, 775, 777]
362.3 :    5 : [707, 710, 726, 739, 796]
362.5 :    1 : [769]
362.6 :    1 : [755]
363.0 :    2 : [715, 780]
363.1 :    4 : [731, 742, 799, 802]
363.2 :    1 : [806]
363.3 :    3 : [734, 747, 751]
363.4 :    1 : [803]
363.5 :    2 : [738, 791]
363.6 :    1 : [721]
364.3 :    5 : [709, 737, 756, 757, 777]
364.4 :    5 : [711, 726, 744, 746, 775]
364.5 :    5 : [710, 727, 733, 735, 797]
364.6 :    4 : [707, 739, 784, 796]
365.0 :    1 : [769]
365.1 :    1 : [755]
365.4 :    1 : [715]
365.5 :    4 : [731, 742, 780, 802]
365.6 :    3 : [747, 799, 806]
365.7 :    1 : [751]
365.8 :    1 : [734]
365.9 :    1 : [803]
366.0 :    1 : [738]
366.2 :    1 : [791]
366.3 :    1 : [721]
366.7 :    1 : [756]
366.8 :    8 : [709, 711, 726, 737, 746, 757, 775, 777]
366.9 :    4 : [710, 727, 744, 797]
367.0 :    4 : [735, 739, 784, 796]
367.1 :    2 : [707, 733]
367.8 :    1 : [755]
367.9 :    1 : [769]
368.0 :    1 : [715]
368.1 :    2 : [802, 806]
368.2 :    5 : [731, 742, 747, 751, 780]
368.3 :    2 : [738, 799]
368.6 :    3 : [734, 791, 803]
368.8 :    1 : [721]
369.4 :    5 : [709, 737, 756, 775, 777]
369.5 :    7 : [711, 726, 744, 746, 757, 784, 797]
369.6 :    3 : [710, 739, 796]
369.7 :    2 : [727, 735]
369.9 :    2 : [707, 733]
370.8 :    1 : [755]
370.9 :    3 : [738, 802, 806]
371.0 :    4 : [715, 747, 751, 769]
371.1 :    1 : [742]
371.2 :    2 : [731, 791]
371.3 :    2 : [780, 799]
371.5 :    1 : [721]
371.6 :    1 : [734]
371.7 :    1 : [803]
372.3 :    6 : [709, 737, 756, 775, 777, 784]
372.4 :    3 : [726, 746, 796]
372.5 :    6 : [710, 711, 739, 744, 757, 797]
372.7 :    1 : [727]
372.8 :    1 : [735]
373.0 :    1 : [707]
373.1 :    2 : [733, 769]
373.9 :    1 : [738]
374.0 :    2 : [802, 806]
374.1 :    3 : [747, 755, 791]
374.2 :    1 : [751]
374.3 :    1 : [715]
374.5 :    3 : [721, 731, 742]
374.6 :    1 : [799]
374.7 :    1 : [780]
375.0 :    1 : [734]
375.2 :    1 : [803]
375.5 :    3 : [737, 756, 784]
375.6 :    5 : [709, 726, 775, 777, 796]
375.7 :    3 : [739, 746, 797]
375.8 :    4 : [710, 711, 744, 757]
376.1 :    1 : [727]
376.2 :    1 : [755]
376.3 :    1 : [735]
376.5 :    2 : [707, 769]
376.6 :    3 : [731, 733, 742]
376.7 :    1 : [799]
376.8 :    1 : [780]
377.1 :    2 : [734, 738]
377.3 :    1 : [803]
377.4 :    1 : [791]
377.5 :    2 : [802, 806]
377.6 :    3 : [737, 747, 756]
377.7 :    4 : [709, 726, 751, 775]
377.8 :    3 : [739, 746, 797]
377.9 :    6 : [710, 711, 715, 721, 744, 757]
378.2 :    1 : [727]
378.4 :    1 : [735]
378.6 :    2 : [707, 769]
378.7 :    1 : [733]
378.9 :    1 : [780]
379.0 :    1 : [784]
379.1 :    1 : [796]
379.2 :    3 : [734, 738, 777]
379.4 :    1 : [803]
379.5 :    1 : [791]
379.6 :    2 : [802, 806]
379.7 :    1 : [747]
379.8 :    1 : [751]
379.9 :    1 : [755]
380.0 :    2 : [715, 721]
380.2 :    1 : [742]
380.3 :    1 : [731]
380.4 :    1 : [799]
380.5 :    1 : [735]
380.7 :    1 : [707]
380.8 :    2 : [733, 769]
381.0 :    1 : [780]
381.1 :    2 : [737, 784]
381.2 :    4 : [709, 756, 775, 796]
381.3 :    5 : [726, 734, 739, 777, 797]
381.4 :    1 : [746]
381.5 :    4 : [710, 711, 744, 803]
381.6 :    1 : [757]
381.7 :    2 : [802, 806]
381.8 :    1 : [747]
381.9 :    2 : [727, 751]
382.1 :    2 : [715, 755]
382.3 :    1 : [742]
382.5 :    1 : [731]
382.6 :    2 : [735, 799]
382.7 :    1 : [738]
382.8 :    1 : [707]
382.9 :    1 : [733]
383.0 :    1 : [791]
383.1 :    1 : [780]
383.2 :    3 : [737, 769, 784]
383.3 :    2 : [756, 796]
383.4 :    6 : [709, 726, 734, 739, 775, 777]
383.5 :    2 : [746, 797]
383.6 :    1 : [803]
383.7 :    4 : [710, 711, 721, 744]
383.8 :    2 : [802, 806]
383.9 :    2 : [747, 757]
384.0 :    1 : [751]
384.1 :    1 : [727]
384.4 :    1 : [715]
384.5 :    1 : [755]
384.7 :    2 : [735, 742]
384.8 :    1 : [738]
384.9 :    2 : [707, 731]
385.0 :    1 : [799]
385.2 :    2 : [733, 791]
385.3 :    1 : [784]
385.4 :    2 : [780, 796]
385.5 :    1 : [737]
385.6 :    2 : [756, 777]
385.7 :    4 : [709, 726, 739, 775]
385.8 :    2 : [734, 797]
385.9 :    2 : [721, 746]
386.0 :    2 : [769, 806]
386.1 :    5 : [710, 711, 744, 747, 802]
386.2 :    1 : [803]
386.3 :    2 : [751, 757]
386.6 :    1 : [727]
387.0 :    1 : [715]
387.1 :    1 : [738]
387.3 :    2 : [735, 755]
387.4 :    1 : [742]
387.5 :    1 : [791]
387.6 :    3 : [707, 731, 784]
387.7 :    2 : [796, 799]
387.9 :    1 : [733]
388.0 :    1 : [737]
388.1 :    1 : [756]
388.2 :    2 : [739, 777]
388.3 :    5 : [709, 721, 726, 775, 797]
388.4 :    1 : [780]
388.5 :    1 : [746]
388.7 :    3 : [710, 744, 806]
388.8 :    4 : [711, 734, 747, 802]
389.0 :    1 : [751]
389.1 :    1 : [757]
389.3 :    1 : [803]
389.4 :    1 : [727]
389.7 :    2 : [738, 769]
390.1 :    2 : [715, 791]
390.3 :    1 : [784]
390.4 :    1 : [735]
390.5 :    1 : [796]
390.6 :    1 : [742]
390.8 :    1 : [707]
390.9 :    1 : [755]
391.0 :    1 : [737]
391.1 :    2 : [721, 731]
391.2 :    3 : [739, 756, 777]
391.3 :    5 : [709, 726, 775, 797, 799]
391.5 :    1 : [733]
391.6 :    1 : [746]
391.9 :    1 : [710]
392.0 :    1 : [744]
392.1 :    2 : [747, 806]
392.2 :    2 : [711, 802]
392.5 :    1 : [751]
392.7 :    1 : [738]
392.8 :    1 : [757]
393.1 :    1 : [791]
393.5 :    1 : [727]
393.8 :    1 : [784]
394.1 :    1 : [796]
394.8 :    1 : [721]
516.0 :   25 : [709, 710, 731, 733, 734, 735, 737, 739, 742, 744, 746, 747, 751, 756, 757, 769, 775, 777, 780, 784, 796, 797, 802, 803, 806]
516.1 :    3 : [721, 738, 791]
518.1 :    2 : [737, 769]
518.6 :    1 : [797]
518.7 :   20 : [709, 710, 731, 733, 734, 735, 742, 744, 746, 747, 751, 756, 757, 775, 777, 780, 796, 802, 803, 806]
518.8 :    2 : [739, 784]
518.9 :    1 : [738]
519.0 :    1 : [721]
519.1 :    1 : [791]
520.2 :    1 : [737]
520.7 :    1 : [797]
520.8 :   21 : [709, 710, 731, 733, 734, 735, 742, 744, 746, 747, 751, 756, 757, 769, 775, 777, 780, 796, 802, 803, 806]
520.9 :    2 : [739, 784]
521.0 :    1 : [738]
521.4 :    1 : [721]
521.5 :    1 : [791]
522.9 :    1 : [797]
523.0 :   21 : [709, 710, 731, 733, 734, 735, 739, 742, 744, 746, 747, 751, 756, 757, 775, 777, 780, 784, 796, 802, 806]
523.1 :    4 : [737, 738, 769, 803]
523.6 :    1 : [721]
523.8 :    1 : [791]
525.1 :    1 : [797]
525.2 :   15 : [709, 731, 734, 739, 744, 746, 747, 751, 756, 757, 775, 780, 796, 802, 806]
525.3 :   10 : [710, 733, 735, 737, 738, 742, 769, 777, 784, 803]
525.7 :    1 : [721]
526.1 :    1 : [791]
527.3 :    1 : [797]
527.4 :    6 : [731, 744, 751, 757, 775, 796]
527.5 :   19 : [709, 710, 733, 734, 735, 737, 738, 739, 742, 746, 747, 756, 769, 777, 780, 784, 802, 803, 806]
527.8 :    1 : [721]
528.4 :    1 : [791]
529.4 :    1 : [797]
529.5 :    4 : [744, 751, 757, 775]
529.6 :   21 : [709, 710, 731, 733, 734, 735, 737, 738, 739, 742, 746, 747, 756, 769, 777, 780, 784, 796, 802, 803, 806]
529.9 :    1 : [721]
530.5 :    1 : [791]
531.5 :    1 : [797]
531.6 :    4 : [744, 751, 757, 775]
531.7 :   21 : [709, 710, 731, 733, 734, 735, 737, 738, 739, 742, 746, 747, 756, 769, 777, 780, 784, 796, 802, 803, 806]
532.0 :    1 : [721]
532.7 :    1 : [791]
533.6 :    1 : [797]
533.7 :    4 : [744, 751, 757, 775]
533.8 :   21 : [709, 710, 731, 733, 734, 735, 737, 738, 739, 742, 746, 747, 756, 769, 777, 780, 784, 796, 802, 803, 806]
534.1 :    1 : [721]
534.8 :    1 : [791]
535.7 :    1 : [797]
535.8 :    4 : [744, 751, 757, 775]
535.9 :   21 : [709, 710, 731, 733, 734, 735, 737, 738, 739, 742, 746, 747, 756, 769, 777, 780, 784, 796, 802, 803, 806]
536.6 :    1 : [721]
537.0 :    1 : [791]
537.8 :    1 : [797]
537.9 :    4 : [744, 751, 757, 775]
538.0 :   21 : [709, 710, 731, 733, 734, 735, 737, 738, 739, 742, 746, 747, 756, 769, 777, 780, 784, 796, 802, 803, 806]
538.7 :    1 : [721]
539.2 :    1 : [791]
539.9 :    1 : [797]
540.0 :    4 : [744, 751, 757, 775]
540.1 :   21 : [709, 710, 731, 733, 734, 735, 737, 738, 739, 742, 746, 747, 756, 769, 777, 780, 784, 796, 802, 803, 806]
540.8 :    1 : [721]
541.5 :    1 : [791]
542.0 :    1 : [797]
542.1 :    4 : [744, 751, 757, 775]
542.2 :    2 : [735, 803]
542.6 :   19 : [709, 710, 731, 733, 734, 737, 738, 739, 742, 746, 747, 756, 769, 777, 780, 784, 796, 802, 806]
542.9 :    1 : [721]
543.7 :    1 : [791]
544.1 :    1 : [797]
544.3 :    2 : [735, 803]
544.7 :   23 : [709, 710, 731, 733, 734, 737, 738, 739, 742, 744, 746, 747, 751, 756, 757, 769, 775, 777, 780, 784, 796, 802, 806]
545.0 :    1 : [721]
545.8 :    1 : [791]
546.3 :    1 : [797]
546.4 :    1 : [735]
546.5 :    1 : [803]
546.8 :   23 : [709, 710, 731, 733, 734, 737, 738, 739, 742, 744, 746, 747, 751, 756, 757, 769, 775, 777, 780, 784, 796, 802, 806]
547.7 :    1 : [721]
547.9 :    1 : [791]
548.4 :    1 : [797]
548.5 :    1 : [735]
548.6 :    1 : [803]
548.9 :   23 : [709, 710, 731, 733, 734, 737, 738, 739, 742, 744, 746, 747, 751, 756, 757, 769, 775, 777, 780, 784, 796, 802, 806]
549.8 :    1 : [721]
550.0 :    1 : [791]
550.6 :    2 : [735, 797]
550.7 :    1 : [803]
551.0 :   23 : [709, 710, 731, 733, 734, 737, 738, 739, 742, 744, 746, 747, 751, 756, 757, 769, 775, 777, 780, 784, 796, 802, 806]
551.9 :    1 : [721]
552.2 :    1 : [791]
552.7 :    2 : [735, 797]
552.8 :    1 : [803]
553.1 :   22 : [709, 710, 731, 733, 734, 737, 739, 742, 744, 746, 747, 751, 756, 757, 769, 775, 777, 780, 784, 796, 802, 806]
553.6 :    1 : [738]
554.4 :    1 : [791]
554.8 :    3 : [721, 735, 797]
554.9 :    1 : [803]
555.6 :   15 : [710, 737, 739, 742, 744, 747, 751, 756, 757, 775, 777, 780, 784, 796, 806]
555.7 :    7 : [709, 731, 733, 734, 746, 769, 802]
555.8 :    1 : [738]
556.6 :    1 : [791]
556.9 :    3 : [721, 735, 797]
557.0 :    1 : [803]
557.7 :   10 : [710, 739, 742, 744, 756, 757, 775, 777, 796, 806]
557.8 :   11 : [709, 731, 733, 734, 746, 747, 751, 769, 780, 784, 802]
557.9 :    1 : [738]
558.0 :    1 : [737]
558.8 :    1 : [791]
559.0 :    2 : [721, 797]
559.1 :    1 : [803]
559.7 :    1 : [735]
559.8 :   10 : [710, 739, 742, 744, 756, 757, 775, 777, 796, 806]
559.9 :   11 : [709, 731, 733, 734, 746, 747, 751, 769, 780, 784, 802]
560.0 :    1 : [738]
560.1 :    1 : [737]
561.0 :    1 : [791]
561.2 :    1 : [721]
561.9 :    9 : [710, 735, 742, 756, 757, 775, 777, 796, 806]
562.0 :   12 : [731, 734, 739, 744, 746, 747, 751, 780, 784, 797, 802, 803]
562.2 :    1 : [769]
562.3 :    1 : [738]
562.9 :    2 : [733, 737]
563.0 :    1 : [709]
563.4 :    1 : [791]
563.5 :    1 : [721]
564.1 :    7 : [710, 731, 746, 775, 777, 784, 796]
564.2 :   10 : [734, 735, 742, 747, 751, 756, 757, 780, 802, 806]
564.3 :    4 : [739, 744, 797, 803]
564.5 :    1 : [769]
564.6 :    1 : [738]
565.2 :    2 : [733, 737]
565.3 :    1 : [709]
565.9 :    1 : [721]
566.0 :    1 : [791]
566.4 :    1 : [784]
566.5 :    8 : [710, 731, 746, 756, 775, 777, 796, 806]
566.6 :    7 : [734, 742, 747, 751, 757, 780, 802]
566.7 :    5 : [735, 739, 744, 797, 803]
567.0 :    1 : [769]
567.2 :    1 : [738]
567.6 :    2 : [733, 737]
567.7 :    1 : [709]
568.6 :    1 : [721]
568.9 :    1 : [791]
569.0 :    2 : [784, 796]
569.1 :    6 : [710, 731, 746, 775, 777, 806]
569.2 :    6 : [734, 742, 747, 751, 756, 757]
569.3 :    2 : [780, 802]
569.4 :    5 : [735, 739, 744, 797, 803]
569.8 :    1 : [769]
570.0 :    1 : [738]
570.2 :    1 : [737]
570.3 :    1 : [733]
570.4 :    1 : [709]
571.7 :    1 : [721]
571.8 :    1 : [784]
571.9 :    3 : [710, 731, 796]
572.0 :    3 : [746, 777, 806]
572.1 :    6 : [734, 742, 756, 757, 775, 791]
572.2 :    3 : [747, 751, 802]
572.3 :    2 : [739, 780]
572.4 :    4 : [735, 744, 797, 803]
572.9 :    1 : [769]
573.1 :    1 : [737]
573.2 :    2 : [733, 738]
573.5 :    1 : [709]
574.9 :    1 : [784]
575.0 :    1 : [721]
575.1 :    3 : [710, 731, 796]
575.2 :    2 : [746, 777]
575.3 :    4 : [742, 756, 775, 806]
575.4 :    3 : [734, 751, 757]
575.5 :    2 : [747, 802]
575.6 :    2 : [780, 791]
575.7 :    3 : [735, 739, 744]
575.8 :    2 : [797, 803]
576.3 :    2 : [737, 769]
576.5 :    1 : [733]
576.7 :    1 : [738]
576.9 :    1 : [709]
577.1 :    1 : [721]
577.2 :    2 : [710, 731]
577.4 :    3 : [742, 756, 775]
577.5 :    3 : [734, 751, 757]
577.6 :    1 : [802]
577.7 :    2 : [780, 791]
577.8 :    3 : [735, 739, 744]
577.9 :    2 : [797, 803]
578.4 :    3 : [737, 769, 784]
578.6 :    1 : [733]
578.7 :    2 : [746, 796]
578.8 :    2 : [738, 777]
578.9 :    1 : [806]
579.0 :    1 : [709]
579.1 :    1 : [747]
579.2 :    1 : [721]
579.8 :    1 : [791]
580.5 :    2 : [769, 784]
580.7 :    2 : [710, 731]
580.8 :    2 : [746, 796]
580.9 :    4 : [738, 756, 775, 777]
581.0 :    2 : [742, 806]
581.1 :    3 : [734, 751, 757]
581.2 :    2 : [747, 802]
581.4 :    2 : [739, 780]
581.5 :    2 : [735, 744]
581.6 :    2 : [797, 803]
581.9 :    2 : [737, 791]
582.3 :    1 : [733]
582.6 :    2 : [769, 784]
582.7 :    1 : [709]
582.8 :    2 : [710, 731]
582.9 :    2 : [746, 796]
583.0 :    3 : [738, 756, 777]
583.1 :    4 : [721, 742, 775, 806]
583.2 :    3 : [734, 751, 757]
583.3 :    1 : [747]
583.4 :    1 : [802]
583.5 :    1 : [780]
583.6 :    1 : [739]
583.7 :    2 : [735, 744]
583.8 :    2 : [797, 803]
584.1 :    1 : [737]
584.4 :    2 : [733, 791]
584.7 :    2 : [769, 784]
585.0 :    5 : [709, 710, 731, 746, 796]
585.1 :    1 : [777]
585.2 :    1 : [806]
585.3 :    1 : [756]
585.4 :    3 : [738, 742, 775]
585.5 :    2 : [734, 757]
585.6 :    3 : [721, 747, 751]
585.7 :    1 : [802]
585.9 :    1 : [780]
586.0 :    1 : [739]
586.1 :    2 : [735, 744]
586.2 :    1 : [797]
586.3 :    2 : [737, 803]
586.8 :    2 : [733, 784]
587.2 :    1 : [791]
587.3 :    1 : [769]
587.4 :    1 : [796]
587.5 :    4 : [709, 710, 731, 746]
587.6 :    1 : [777]
587.7 :    1 : [806]
587.9 :    3 : [742, 756, 775]
588.1 :    4 : [734, 738, 751, 757]
588.2 :    1 : [747]
588.4 :    2 : [721, 802]
588.6 :    1 : [780]
588.7 :    1 : [739]
588.9 :    3 : [735, 737, 744]
589.0 :    2 : [797, 803]
589.4 :    2 : [733, 784]
590.3 :    3 : [709, 731, 796]
590.4 :    3 : [710, 746, 769]
590.5 :    1 : [777]
590.6 :    1 : [806]
590.9 :    3 : [742, 756, 775]
591.2 :    3 : [734, 751, 757]
591.3 :    1 : [747]
591.6 :    1 : [802]
591.8 :    2 : [738, 791]
591.9 :    1 : [737]
592.0 :    1 : [780]
592.2 :    1 : [739]
592.4 :    2 : [721, 744]
592.5 :    1 : [735]
592.6 :    1 : [784]
592.7 :    2 : [733, 797]
592.8 :    1 : [803]
594.7 :    1 : [796]
594.8 :    1 : [709]
595.0 :    2 : [731, 746]
596.1 :    1 : [710]
