Name: LDT [A2], Title: Raster plot from device '95244', Hist: False
114.5 :   71 : [66491, 66492, 66493, 66494, 66495, 66496, 66498, 66499, 66500, 66501, 66502, 66503, 66505, 66506, 66507, 66509, 66511, 66512, 66514, 66515, 66517, 66522, 66523, 66525, 66526, 66527, 66529, 66530, 66533, 66534, 66535, 66537, 66538, 66539, 66541, 66543, 66544, 66545, 66546, 66548, 66549, 66550, 66551, 66552, 66553, 66554, 66556, 66559, 66560, 66561, 66562, 66563, 66564, 66565, 66568, 66569, 66570, 66571, 66573, 66574, 66575, 66576, 66578, 66580, 66581, 66583, 66584, 66585, 66587, 66589, 66590]
114.6 :   29 : [66497, 66504, 66508, 66510, 66513, 66516, 66518, 66519, 66520, 66521, 66524, 66528, 66531, 66532, 66536, 66540, 66542, 66547, 66555, 66557, 66558, 66566, 66567, 66572, 66577, 66579, 66582, 66586, 66588]
116.7 :  100 : [66491, 66492, 66493, 66494, 66495, 66496, 66497, 66498, 66499, 66500, 66501, 66502, 66503, 66504, 66505, 66506, 66507, 66508, 66509, 66510, 66511, 66512, 66513, 66514, 66515, 66516, 66517, 66518, 66519, 66520, 66521, 66522, 66523, 66524, 66525, 66526, 66527, 66528, 66529, 66530, 66531, 66532, 66533, 66534, 66535, 66536, 66537, 66538, 66539, 66540, 66541, 66542, 66543, 66544, 66545, 66546, 66547, 66548, 66549, 66550, 66551, 66552, 66553, 66554, 66555, 66556, 66557, 66558, 66559, 66560, 66561, 66562, 66563, 66564, 66565, 66566, 66567, 66568, 66569, 66570, 66571, 66572, 66573, 66574, 66575, 66576, 66577, 66578, 66579, 66580, 66581, 66582, 66583, 66584, 66585, 66586, 66587, 66588, 66589, 66590]
118.8 :  100 : [66491, 66492, 66493, 66494, 66495, 66496, 66497, 66498, 66499, 66500, 66501, 66502, 66503, 66504, 66505, 66506, 66507, 66508, 66509, 66510, 66511, 66512, 66513, 66514, 66515, 66516, 66517, 66518, 66519, 66520, 66521, 66522, 66523, 66524, 66525, 66526, 66527, 66528, 66529, 66530, 66531, 66532, 66533, 66534, 66535, 66536, 66537, 66538, 66539, 66540, 66541, 66542, 66543, 66544, 66545, 66546, 66547, 66548, 66549, 66550, 66551, 66552, 66553, 66554, 66555, 66556, 66557, 66558, 66559, 66560, 66561, 66562, 66563, 66564, 66565, 66566, 66567, 66568, 66569, 66570, 66571, 66572, 66573, 66574, 66575, 66576, 66577, 66578, 66579, 66580, 66581, 66582, 66583, 66584, 66585, 66586, 66587, 66588, 66589, 66590]
120.9 :    8 : [66510, 66516, 66521, 66524, 66528, 66531, 66557, 66586]
121.8 :    5 : [66505, 66522, 66538, 66549, 66575]
121.9 :   32 : [66492, 66501, 66502, 66506, 66509, 66511, 66514, 66523, 66529, 66533, 66541, 66543, 66544, 66546, 66548, 66550, 66551, 66552, 66556, 66560, 66562, 66563, 66564, 66565, 66568, 66573, 66574, 66578, 66581, 66585, 66587, 66590]
122.0 :   34 : [66491, 66493, 66494, 66495, 66496, 66498, 66499, 66500, 66503, 66507, 66512, 66515, 66517, 66525, 66526, 66527, 66530, 66534, 66535, 66537, 66539, 66545, 66553, 66554, 66559, 66561, 66569, 66570, 66571, 66576, 66580, 66583, 66584, 66589]
122.3 :   14 : [66504, 66508, 66513, 66520, 66536, 66540, 66547, 66555, 66558, 66566, 66567, 66572, 66579, 66588]
122.4 :    7 : [66497, 66518, 66519, 66532, 66542, 66577, 66582]
124.1 :    1 : [66510]
124.2 :    6 : [66516, 66521, 66524, 66528, 66557, 66586]
124.3 :    1 : [66531]
124.4 :    7 : [66513, 66536, 66540, 66547, 66555, 66572, 66579]
124.5 :    1 : [66518]
124.7 :    5 : [66505, 66522, 66538, 66549, 66575]
124.8 :   62 : [66491, 66492, 66493, 66494, 66495, 66496, 66498, 66499, 66500, 66501, 66502, 66503, 66506, 66507, 66509, 66511, 66512, 66514, 66515, 66517, 66523, 66525, 66526, 66529, 66530, 66533, 66535, 66537, 66539, 66541, 66543, 66544, 66545, 66546, 66548, 66550, 66551, 66552, 66553, 66554, 66556, 66559, 66560, 66561, 66562, 66563, 66564, 66565, 66568, 66569, 66573, 66574, 66576, 66578, 66580, 66581, 66583, 66584, 66585, 66587, 66589, 66590]
124.9 :    4 : [66527, 66534, 66570, 66571]
125.4 :    4 : [66504, 66508, 66520, 66567]
125.5 :    9 : [66497, 66519, 66532, 66542, 66558, 66566, 66577, 66582, 66588]
127.0 :    1 : [66555]
127.1 :    8 : [66510, 66513, 66518, 66536, 66540, 66547, 66572, 66579]
127.2 :    2 : [66521, 66528]
127.3 :   11 : [66505, 66516, 66522, 66524, 66531, 66538, 66549, 66557, 66575, 66586, 66590]
127.4 :   65 : [66491, 66492, 66493, 66494, 66495, 66496, 66498, 66499, 66500, 66501, 66502, 66503, 66506, 66507, 66509, 66511, 66512, 66514, 66515, 66517, 66523, 66525, 66526, 66527, 66529, 66530, 66533, 66534, 66535, 66537, 66539, 66541, 66543, 66544, 66545, 66546, 66548, 66550, 66551, 66552, 66553, 66554, 66556, 66559, 66560, 66561, 66562, 66563, 66564, 66565, 66568, 66569, 66570, 66571, 66573, 66574, 66576, 66578, 66580, 66581, 66583, 66584, 66585, 66587, 66589]
128.4 :    5 : [66508, 66520, 66566, 66567, 66582]
128.5 :    8 : [66497, 66504, 66519, 66532, 66542, 66558, 66577, 66588]
129.6 :   77 : [66491, 66492, 66493, 66494, 66495, 66496, 66498, 66499, 66500, 66501, 66502, 66503, 66505, 66506, 66507, 66509, 66511, 66512, 66513, 66514, 66515, 66517, 66522, 66523, 66525, 66526, 66527, 66529, 66530, 66533, 66534, 66535, 66536, 66537, 66538, 66539, 66540, 66541, 66543, 66544, 66545, 66546, 66547, 66548, 66549, 66550, 66551, 66552, 66553, 66554, 66555, 66556, 66559, 66560, 66561, 66562, 66563, 66564, 66565, 66568, 66569, 66570, 66571, 66572, 66573, 66574, 66575, 66576, 66578, 66579, 66581, 66583, 66584, 66585, 66587, 66589, 66590]
129.7 :    3 : [66510, 66518, 66521]
129.8 :    4 : [66516, 66528, 66557, 66586]
129.9 :    2 : [66524, 66531]
130.8 :    5 : [66508, 66520, 66566, 66567, 66582]
130.9 :    8 : [66497, 66504, 66519, 66532, 66542, 66558, 66577, 66588]
131.7 :   70 : [66491, 66492, 66493, 66494, 66495, 66496, 66498, 66499, 66500, 66501, 66502, 66503, 66505, 66506, 66507, 66509, 66511, 66512, 66514, 66515, 66517, 66522, 66523, 66525, 66526, 66527, 66529, 66530, 66533, 66534, 66535, 66537, 66538, 66539, 66541, 66543, 66544, 66545, 66546, 66548, 66549, 66550, 66551, 66552, 66553, 66554, 66556, 66559, 66560, 66561, 66562, 66563, 66564, 66565, 66568, 66569, 66570, 66571, 66573, 66574, 66575, 66576, 66578, 66581, 66583, 66584, 66585, 66587, 66589, 66590]
131.8 :    9 : [66510, 66513, 66518, 66536, 66540, 66547, 66555, 66572, 66579]
131.9 :    3 : [66521, 66528, 66586]
132.0 :    2 : [66516, 66557]
132.1 :    2 : [66524, 66531]
133.0 :   13 : [66497, 66504, 66508, 66519, 66520, 66532, 66542, 66558, 66566, 66567, 66577, 66582, 66588]
133.8 :   70 : [66491, 66492, 66493, 66494, 66495, 66496, 66498, 66499, 66500, 66501, 66502, 66503, 66505, 66506, 66507, 66509, 66511, 66512, 66514, 66515, 66517, 66522, 66523, 66525, 66526, 66527, 66529, 66530, 66533, 66534, 66535, 66537, 66538, 66539, 66541, 66543, 66544, 66545, 66546, 66548, 66549, 66550, 66551, 66552, 66553, 66554, 66556, 66559, 66560, 66561, 66562, 66563, 66564, 66565, 66568, 66569, 66570, 66571, 66573, 66574, 66575, 66576, 66578, 66581, 66583, 66584, 66585, 66587, 66589, 66590]
133.9 :    9 : [66510, 66513, 66518, 66536, 66540, 66547, 66555, 66572, 66579]
134.0 :    3 : [66521, 66528, 66586]
134.1 :    2 : [66516, 66557]
134.2 :    2 : [66524, 66531]
135.1 :   13 : [66497, 66504, 66508, 66519, 66520, 66532, 66542, 66558, 66566, 66567, 66577, 66582, 66588]
135.9 :   68 : [66491, 66492, 66493, 66494, 66495, 66496, 66498, 66500, 66501, 66502, 66503, 66505, 66506, 66507, 66509, 66512, 66514, 66515, 66517, 66522, 66523, 66525, 66526, 66527, 66529, 66530, 66533, 66534, 66535, 66537, 66538, 66539, 66541, 66543, 66544, 66545, 66546, 66548, 66549, 66550, 66551, 66552, 66553, 66554, 66556, 66559, 66560, 66561, 66562, 66563, 66564, 66565, 66568, 66569, 66570, 66571, 66573, 66574, 66575, 66576, 66578, 66581, 66583, 66584, 66585, 66587, 66589, 66590]
136.0 :   11 : [66499, 66510, 66511, 66513, 66518, 66536, 66540, 66547, 66555, 66572, 66579]
136.1 :    3 : [66521, 66528, 66586]
136.2 :    2 : [66516, 66557]
136.3 :    2 : [66524, 66531]
137.2 :   13 : [66497, 66504, 66508, 66519, 66520, 66532, 66542, 66558, 66566, 66567, 66577, 66582, 66588]
138.0 :    6 : [66505, 66522, 66538, 66549, 66575, 66590]
138.1 :   46 : [66491, 66493, 66494, 66502, 66507, 66510, 66511, 66512, 66513, 66515, 66518, 66523, 66526, 66527, 66530, 66534, 66535, 66536, 66537, 66539, 66540, 66543, 66544, 66545, 66546, 66547, 66550, 66551, 66552, 66553, 66554, 66555, 66556, 66559, 66562, 66568, 66569, 66570, 66571, 66572, 66573, 66574, 66576, 66579, 66584, 66585]
138.2 :   30 : [66492, 66495, 66496, 66498, 66499, 66500, 66501, 66503, 66506, 66509, 66514, 66517, 66521, 66525, 66528, 66529, 66533, 66541, 66548, 66560, 66561, 66563, 66564, 66565, 66578, 66581, 66583, 66586, 66587, 66589]
138.3 :    2 : [66516, 66557]
138.4 :    2 : [66524, 66531]
139.4 :   13 : [66497, 66504, 66508, 66519, 66520, 66532, 66542, 66558, 66566, 66567, 66577, 66582, 66588]
140.2 :    3 : [66522, 66575, 66590]
140.3 :   75 : [66491, 66492, 66493, 66494, 66495, 66496, 66498, 66499, 66500, 66501, 66503, 66505, 66506, 66509, 66510, 66511, 66512, 66513, 66514, 66515, 66517, 66518, 66521, 66523, 66525, 66526, 66527, 66528, 66529, 66530, 66533, 66534, 66535, 66537, 66538, 66539, 66540, 66541, 66543, 66544, 66545, 66546, 66547, 66548, 66549, 66550, 66551, 66552, 66553, 66554, 66555, 66556, 66559, 66560, 66561, 66562, 66563, 66564, 66565, 66568, 66569, 66570, 66571, 66572, 66573, 66574, 66576, 66579, 66581, 66583, 66584, 66585, 66586, 66587, 66589]
140.4 :    6 : [66502, 66507, 66516, 66536, 66557, 66578]
140.5 :    2 : [66524, 66531]
141.5 :   13 : [66497, 66504, 66508, 66519, 66520, 66532, 66542, 66558, 66566, 66567, 66577, 66582, 66588]
142.4 :   72 : [66491, 66492, 66493, 66494, 66495, 66496, 66498, 66499, 66500, 66501, 66503, 66505, 66506, 66509, 66510, 66511, 66512, 66513, 66514, 66515, 66517, 66521, 66522, 66523, 66525, 66526, 66527, 66528, 66529, 66530, 66534, 66535, 66537, 66538, 66539, 66541, 66543, 66544, 66545, 66546, 66547, 66549, 66550, 66551, 66552, 66553, 66554, 66556, 66559, 66560, 66561, 66562, 66563, 66564, 66565, 66568, 66569, 66570, 66571, 66572, 66573, 66574, 66575, 66576, 66581, 66583, 66584, 66585, 66586, 66587, 66589, 66590]
142.5 :   12 : [66502, 66507, 66516, 66518, 66533, 66536, 66540, 66548, 66555, 66557, 66578, 66579]
142.6 :    2 : [66524, 66531]
143.6 :   12 : [66497, 66504, 66508, 66519, 66520, 66532, 66542, 66558, 66566, 66567, 66577, 66582]
143.7 :    1 : [66588]
144.5 :   62 : [66491, 66492, 66493, 66494, 66495, 66496, 66499, 66500, 66501, 66503, 66506, 66509, 66511, 66512, 66517, 66521, 66522, 66523, 66525, 66526, 66527, 66528, 66529, 66530, 66534, 66535, 66537, 66539, 66541, 66543, 66544, 66546, 66549, 66550, 66551, 66552, 66553, 66554, 66556, 66559, 66560, 66561, 66562, 66563, 66564, 66565, 66568, 66569, 66570, 66571, 66573, 66574, 66575, 66576, 66581, 66583, 66584, 66585, 66586, 66587, 66589, 66590]
144.6 :   22 : [66498, 66502, 66505, 66507, 66510, 66513, 66514, 66515, 66516, 66518, 66533, 66536, 66538, 66540, 66545, 66547, 66548, 66555, 66557, 66572, 66578, 66579]
144.7 :    2 : [66524, 66531]
145.8 :   13 : [66497, 66504, 66508, 66519, 66520, 66532, 66542, 66558, 66566, 66567, 66577, 66582, 66588]
146.6 :   59 : [66491, 66492, 66493, 66494, 66495, 66496, 66499, 66500, 66501, 66503, 66506, 66509, 66511, 66512, 66517, 66521, 66522, 66523, 66527, 66528, 66529, 66530, 66534, 66535, 66537, 66539, 66541, 66543, 66544, 66546, 66549, 66550, 66551, 66552, 66553, 66554, 66556, 66559, 66560, 66561, 66562, 66563, 66564, 66565, 66568, 66569, 66570, 66571, 66573, 66575, 66576, 66581, 66583, 66584, 66585, 66586, 66587, 66589, 66590]
146.7 :   25 : [66498, 66502, 66505, 66507, 66510, 66513, 66514, 66515, 66516, 66518, 66525, 66526, 66533, 66536, 66538, 66540, 66545, 66547, 66548, 66555, 66557, 66572, 66574, 66578, 66579]
146.8 :    2 : [66524, 66531]
147.9 :   13 : [66497, 66504, 66508, 66519, 66520, 66532, 66542, 66558, 66566, 66567, 66577, 66582, 66588]
148.7 :   33 : [66491, 66492, 66493, 66494, 66496, 66499, 66500, 66501, 66503, 66506, 66509, 66512, 66517, 66523, 66527, 66528, 66530, 66534, 66544, 66549, 66550, 66552, 66553, 66556, 66560, 66562, 66568, 66569, 66570, 66571, 66575, 66576, 66584]
148.8 :   50 : [66495, 66498, 66502, 66505, 66507, 66510, 66511, 66514, 66515, 66516, 66518, 66521, 66522, 66525, 66526, 66529, 66533, 66535, 66536, 66537, 66538, 66539, 66540, 66541, 66543, 66545, 66546, 66547, 66548, 66551, 66554, 66555, 66557, 66559, 66561, 66563, 66564, 66565, 66572, 66573, 66574, 66578, 66579, 66581, 66583, 66585, 66586, 66587, 66589, 66590]
148.9 :    3 : [66513, 66524, 66531]
150.0 :   13 : [66497, 66504, 66508, 66519, 66520, 66532, 66542, 66558, 66566, 66567, 66577, 66582, 66588]
150.8 :    8 : [66492, 66493, 66500, 66503, 66550, 66569, 66575, 66576]
150.9 :   75 : [66491, 66494, 66495, 66496, 66498, 66499, 66501, 66502, 66505, 66506, 66507, 66509, 66510, 66511, 66512, 66514, 66515, 66516, 66517, 66518, 66521, 66522, 66523, 66525, 66526, 66527, 66528, 66529, 66530, 66533, 66534, 66535, 66536, 66537, 66538, 66539, 66540, 66541, 66543, 66544, 66545, 66546, 66547, 66548, 66549, 66551, 66552, 66553, 66554, 66555, 66556, 66557, 66559, 66560, 66561, 66562, 66563, 66564, 66565, 66568, 66570, 66571, 66572, 66573, 66574, 66578, 66579, 66581, 66583, 66584, 66585, 66586, 66587, 66589, 66590]
151.0 :    2 : [66524, 66531]
151.1 :    1 : [66513]
152.1 :    1 : [66577]
152.2 :   12 : [66497, 66504, 66508, 66519, 66520, 66532, 66542, 66558, 66566, 66567, 66582, 66588]
152.9 :    2 : [66492, 66569]
153.0 :   61 : [66494, 66495, 66496, 66498, 66499, 66500, 66501, 66502, 66503, 66505, 66506, 66509, 66511, 66512, 66515, 66516, 66517, 66522, 66523, 66525, 66526, 66527, 66528, 66529, 66534, 66535, 66536, 66537, 66538, 66540, 66543, 66544, 66545, 66546, 66548, 66550, 66551, 66553, 66554, 66556, 66557, 66559, 66560, 66561, 66562, 66563, 66564, 66565, 66568, 66571, 66572, 66573, 66574, 66576, 66578, 66579, 66583, 66585, 66587, 66589, 66590]
153.1 :   11 : [66493, 66507, 66514, 66518, 66524, 66530, 66531, 66533, 66555, 66570, 66581]
153.2 :   11 : [66491, 66513, 66521, 66539, 66541, 66547, 66549, 66552, 66575, 66584, 66586]
153.3 :    1 : [66510]
154.3 :   13 : [66497, 66504, 66508, 66519, 66520, 66532, 66542, 66558, 66566, 66567, 66577, 66582, 66588]
155.0 :    1 : [66569]
155.1 :    4 : [66503, 66516, 66557, 66572]
155.2 :   12 : [66494, 66498, 66524, 66530, 66531, 66533, 66536, 66540, 66548, 66551, 66563, 66564]
155.3 :   64 : [66491, 66492, 66493, 66495, 66496, 66499, 66500, 66501, 66502, 66505, 66506, 66507, 66509, 66511, 66512, 66513, 66514, 66515, 66517, 66518, 66521, 66522, 66523, 66525, 66526, 66527, 66529, 66534, 66537, 66538, 66539, 66541, 66543, 66544, 66545, 66546, 66547, 66549, 66550, 66552, 66553, 66554, 66555, 66556, 66559, 66560, 66562, 66565, 66568, 66570, 66571, 66573, 66574, 66575, 66578, 66579, 66581, 66583, 66584, 66585, 66586, 66587, 66589, 66590]
155.4 :    3 : [66535, 66561, 66576]
155.5 :    2 : [66510, 66528]
156.4 :   13 : [66497, 66504, 66508, 66519, 66520, 66532, 66542, 66558, 66566, 66567, 66577, 66582, 66588]
157.2 :    3 : [66503, 66569, 66572]
157.3 :    2 : [66516, 66531]
157.4 :   28 : [66494, 66495, 66498, 66499, 66511, 66514, 66524, 66533, 66536, 66538, 66540, 66543, 66546, 66548, 66550, 66551, 66554, 66555, 66557, 66559, 66563, 66564, 66568, 66571, 66575, 66579, 66583, 66590]
157.5 :   37 : [66491, 66492, 66493, 66496, 66500, 66506, 66507, 66509, 66512, 66515, 66517, 66521, 66522, 66523, 66526, 66527, 66529, 66530, 66534, 66537, 66541, 66544, 66545, 66547, 66549, 66552, 66553, 66556, 66560, 66562, 66565, 66570, 66573, 66581, 66585, 66586, 66587]
157.6 :    9 : [66501, 66505, 66518, 66535, 66539, 66561, 66574, 66584, 66589]
157.7 :    7 : [66502, 66510, 66513, 66525, 66528, 66576, 66578]
158.5 :   10 : [66504, 66508, 66519, 66532, 66542, 66558, 66567, 66577, 66582, 66588]
158.6 :    3 : [66497, 66520, 66566]
159.3 :    1 : [66503]
159.4 :    1 : [66516]
159.5 :    6 : [66524, 66531, 66536, 66559, 66569, 66571]
159.6 :    1 : [66550]
159.7 :   14 : [66495, 66498, 66499, 66511, 66514, 66533, 66546, 66548, 66551, 66554, 66555, 66564, 66575, 66590]
159.8 :   32 : [66492, 66494, 66496, 66500, 66506, 66507, 66509, 66510, 66512, 66515, 66517, 66521, 66522, 66523, 66526, 66529, 66534, 66537, 66538, 66540, 66544, 66549, 66560, 66562, 66565, 66570, 66573, 66581, 66583, 66585, 66586, 66587]
159.9 :   31 : [66491, 66493, 66501, 66502, 66505, 66513, 66518, 66525, 66527, 66528, 66530, 66535, 66539, 66541, 66543, 66545, 66547, 66552, 66553, 66556, 66557, 66561, 66563, 66568, 66572, 66574, 66576, 66578, 66579, 66584, 66589]
160.6 :    2 : [66567, 66582]
160.8 :    9 : [66497, 66508, 66519, 66532, 66542, 66558, 66566, 66577, 66588]
161.1 :    1 : [66504]
161.2 :    1 : [66520]
161.5 :    1 : [66516]
161.6 :    3 : [66503, 66531, 66569]
161.8 :    9 : [66495, 66498, 66499, 66514, 66548, 66554, 66559, 66564, 66571]
161.9 :    4 : [66512, 66522, 66562, 66581]
162.0 :    9 : [66502, 66507, 66518, 66524, 66528, 66536, 66555, 66572, 66578]
162.1 :   11 : [66496, 66500, 66501, 66513, 66517, 66540, 66550, 66563, 66568, 66576, 66583]
162.2 :   33 : [66491, 66492, 66494, 66505, 66510, 66511, 66521, 66523, 66525, 66527, 66533, 66534, 66535, 66538, 66539, 66543, 66544, 66545, 66546, 66547, 66551, 66552, 66556, 66557, 66565, 66570, 66574, 66575, 66579, 66585, 66586, 66587, 66590]
162.3 :    1 : [66560]
162.4 :   15 : [66493, 66506, 66509, 66515, 66526, 66529, 66530, 66537, 66541, 66549, 66553, 66561, 66573, 66584, 66589]
162.7 :    2 : [66567, 66582]
162.9 :    5 : [66497, 66508, 66558, 66577, 66588]
163.0 :    4 : [66519, 66532, 66542, 66566]
163.6 :    1 : [66516]
163.7 :    3 : [66503, 66531, 66569]
163.8 :    2 : [66504, 66520]
163.9 :    3 : [66495, 66548, 66564]
164.0 :    2 : [66512, 66522]
164.1 :   14 : [66498, 66499, 66502, 66507, 66514, 66518, 66524, 66536, 66554, 66559, 66562, 66571, 66572, 66581]
164.3 :    2 : [66543, 66545]
164.4 :    8 : [66501, 66511, 66527, 66528, 66539, 66546, 66574, 66583]
164.5 :   38 : [66491, 66493, 66494, 66496, 66505, 66506, 66509, 66510, 66513, 66521, 66523, 66525, 66526, 66529, 66533, 66534, 66535, 66537, 66540, 66541, 66544, 66547, 66549, 66550, 66551, 66552, 66553, 66556, 66557, 66561, 66568, 66573, 66575, 66576, 66578, 66579, 66584, 66590]
164.6 :   14 : [66492, 66500, 66515, 66517, 66538, 66555, 66560, 66563, 66565, 66570, 66585, 66586, 66587, 66589]
164.7 :    1 : [66530]
164.8 :    1 : [66567]
164.9 :    1 : [66582]
165.0 :    2 : [66508, 66558]
165.1 :    7 : [66497, 66519, 66532, 66542, 66566, 66577, 66588]
165.8 :    1 : [66569]
165.9 :    4 : [66503, 66504, 66520, 66531]
166.1 :    5 : [66495, 66512, 66522, 66548, 66564]
166.2 :   14 : [66498, 66499, 66502, 66507, 66514, 66518, 66524, 66536, 66554, 66559, 66562, 66571, 66572, 66581]
166.3 :    1 : [66516]
166.4 :    2 : [66543, 66545]
166.5 :    7 : [66501, 66511, 66527, 66528, 66546, 66574, 66583]
166.6 :   39 : [66491, 66493, 66494, 66496, 66505, 66506, 66509, 66510, 66513, 66521, 66523, 66525, 66526, 66529, 66533, 66534, 66535, 66537, 66539, 66540, 66541, 66544, 66547, 66549, 66550, 66551, 66552, 66553, 66556, 66557, 66561, 66568, 66573, 66575, 66576, 66578, 66579, 66584, 66590]
166.7 :   14 : [66492, 66500, 66515, 66517, 66538, 66555, 66560, 66563, 66565, 66570, 66585, 66586, 66587, 66589]
166.8 :    1 : [66530]
167.2 :    9 : [66497, 66508, 66519, 66532, 66542, 66567, 66577, 66582, 66588]
167.4 :    2 : [66558, 66566]
167.9 :    1 : [66569]
168.0 :    4 : [66503, 66504, 66520, 66531]
168.3 :   16 : [66499, 66502, 66507, 66512, 66514, 66518, 66522, 66524, 66536, 66548, 66554, 66559, 66562, 66564, 66571, 66572]
168.4 :    4 : [66495, 66498, 66516, 66581]
168.5 :    2 : [66543, 66545]
168.6 :    4 : [66501, 66511, 66546, 66574]
168.7 :   40 : [66491, 66493, 66494, 66496, 66505, 66506, 66509, 66513, 66521, 66523, 66525, 66526, 66527, 66528, 66529, 66533, 66534, 66535, 66537, 66539, 66541, 66544, 66547, 66549, 66550, 66551, 66552, 66553, 66556, 66557, 66561, 66568, 66573, 66575, 66576, 66578, 66579, 66583, 66584, 66590]
168.8 :   16 : [66492, 66500, 66510, 66515, 66517, 66538, 66540, 66555, 66560, 66563, 66565, 66570, 66585, 66586, 66587, 66589]
168.9 :    1 : [66530]
169.3 :    9 : [66497, 66508, 66519, 66532, 66542, 66567, 66577, 66582, 66588]
169.5 :    2 : [66558, 66566]
170.0 :    1 : [66569]
170.1 :    4 : [66503, 66504, 66520, 66531]
170.4 :   16 : [66499, 66502, 66507, 66512, 66514, 66518, 66522, 66524, 66536, 66548, 66554, 66559, 66562, 66564, 66571, 66572]
170.5 :    4 : [66495, 66498, 66516, 66581]
170.6 :    2 : [66543, 66545]
170.7 :    4 : [66501, 66511, 66546, 66574]
170.8 :   40 : [66491, 66493, 66494, 66496, 66505, 66506, 66509, 66513, 66521, 66523, 66525, 66526, 66527, 66528, 66529, 66533, 66534, 66535, 66537, 66539, 66541, 66544, 66547, 66549, 66550, 66551, 66552, 66553, 66556, 66557, 66561, 66568, 66573, 66575, 66576, 66578, 66579, 66583, 66584, 66590]
170.9 :   16 : [66492, 66500, 66510, 66515, 66517, 66538, 66540, 66555, 66560, 66563, 66565, 66570, 66585, 66586, 66587, 66589]
171.0 :    1 : [66530]
171.4 :    9 : [66497, 66508, 66519, 66532, 66542, 66567, 66577, 66582, 66588]
171.6 :    2 : [66558, 66566]
172.1 :    1 : [66569]
172.2 :    4 : [66503, 66504, 66520, 66531]
172.5 :   16 : [66499, 66502, 66507, 66512, 66514, 66518, 66522, 66524, 66536, 66548, 66554, 66559, 66562, 66564, 66571, 66572]
172.6 :    4 : [66495, 66498, 66516, 66581]
172.7 :    2 : [66543, 66545]
172.8 :    4 : [66501, 66511, 66546, 66574]
172.9 :   40 : [66491, 66493, 66494, 66496, 66505, 66506, 66509, 66513, 66521, 66523, 66525, 66526, 66527, 66528, 66529, 66533, 66534, 66535, 66537, 66539, 66541, 66544, 66547, 66549, 66550, 66551, 66552, 66553, 66556, 66557, 66561, 66568, 66573, 66575, 66576, 66578, 66579, 66583, 66584, 66590]
173.0 :   16 : [66492, 66500, 66510, 66515, 66517, 66538, 66540, 66555, 66560, 66563, 66565, 66570, 66585, 66586, 66587, 66589]
173.1 :    1 : [66530]
173.5 :    9 : [66497, 66508, 66519, 66532, 66542, 66567, 66577, 66582, 66588]
173.7 :    2 : [66558, 66566]
174.2 :    1 : [66569]
174.3 :    4 : [66503, 66504, 66520, 66531]
174.6 :   16 : [66499, 66502, 66507, 66512, 66514, 66518, 66522, 66524, 66536, 66548, 66554, 66559, 66562, 66564, 66571, 66572]
174.7 :    4 : [66495, 66498, 66516, 66581]
174.8 :    2 : [66543, 66545]
174.9 :    4 : [66501, 66511, 66546, 66574]
175.0 :   40 : [66491, 66493, 66494, 66496, 66505, 66506, 66509, 66513, 66521, 66523, 66525, 66526, 66527, 66528, 66529, 66533, 66534, 66535, 66537, 66539, 66541, 66544, 66547, 66549, 66550, 66551, 66552, 66553, 66556, 66557, 66561, 66568, 66573, 66575, 66576, 66578, 66579, 66583, 66584, 66590]
175.1 :   16 : [66492, 66500, 66510, 66515, 66517, 66538, 66540, 66555, 66560, 66563, 66565, 66570, 66585, 66586, 66587, 66589]
175.2 :    1 : [66530]
175.6 :    9 : [66497, 66508, 66519, 66532, 66542, 66567, 66577, 66582, 66588]
175.8 :    2 : [66558, 66566]
176.3 :    1 : [66569]
176.4 :    4 : [66503, 66504, 66520, 66531]
176.7 :   16 : [66499, 66502, 66507, 66512, 66514, 66518, 66522, 66524, 66536, 66548, 66554, 66559, 66562, 66564, 66571, 66572]
176.8 :    4 : [66495, 66498, 66516, 66581]
176.9 :    2 : [66543, 66545]
177.0 :    4 : [66501, 66511, 66546, 66574]
177.1 :   40 : [66491, 66493, 66494, 66496, 66505, 66506, 66509, 66513, 66521, 66523, 66525, 66526, 66527, 66528, 66529, 66533, 66534, 66535, 66537, 66539, 66541, 66544, 66547, 66549, 66550, 66551, 66552, 66553, 66556, 66557, 66561, 66568, 66573, 66575, 66576, 66578, 66579, 66583, 66584, 66590]
177.2 :   16 : [66492, 66500, 66510, 66515, 66517, 66538, 66540, 66555, 66560, 66563, 66565, 66570, 66585, 66586, 66587, 66589]
177.3 :    1 : [66530]
177.7 :    9 : [66497, 66508, 66519, 66532, 66542, 66567, 66577, 66582, 66588]
177.9 :    2 : [66558, 66566]
178.5 :    4 : [66503, 66504, 66520, 66531]
178.8 :   15 : [66499, 66502, 66507, 66512, 66514, 66518, 66524, 66536, 66548, 66554, 66559, 66562, 66564, 66571, 66572]
178.9 :    4 : [66495, 66516, 66569, 66581]
179.0 :    2 : [66543, 66545]
179.1 :    3 : [66501, 66511, 66546]
179.2 :   23 : [66491, 66498, 66509, 66513, 66523, 66527, 66533, 66534, 66537, 66539, 66541, 66544, 66547, 66549, 66550, 66552, 66553, 66557, 66568, 66573, 66578, 66579, 66584]
179.3 :    7 : [66492, 66517, 66540, 66555, 66563, 66585, 66589]
179.4 :    1 : [66530]
179.5 :    2 : [66496, 66561]
179.6 :    1 : [66565]
179.7 :    5 : [66500, 66506, 66528, 66574, 66586]
179.8 :   17 : [66493, 66497, 66508, 66519, 66522, 66526, 66529, 66532, 66542, 66551, 66556, 66567, 66577, 66582, 66583, 66588, 66590]
179.9 :    9 : [66494, 66505, 66510, 66521, 66525, 66538, 66575, 66576, 66587]
180.0 :    5 : [66535, 66558, 66560, 66566, 66570]
180.2 :    1 : [66515]
180.6 :    3 : [66504, 66520, 66531]
180.9 :    5 : [66502, 66503, 66524, 66548, 66572]
181.0 :    1 : [66559]
181.1 :    2 : [66554, 66564]
181.2 :    3 : [66501, 66511, 66512]
181.3 :   10 : [66491, 66495, 66513, 66516, 66523, 66534, 66543, 66550, 66557, 66573]
181.4 :   10 : [66492, 66499, 66509, 66536, 66546, 66562, 66563, 66571, 66581, 66589]
181.5 :    8 : [66514, 66530, 66539, 66544, 66569, 66578, 66584, 66585]
181.6 :    3 : [66518, 66533, 66541]
181.7 :    5 : [66498, 66537, 66552, 66555, 66579]
181.8 :    4 : [66527, 66540, 66549, 66553]
181.9 :   13 : [66496, 66497, 66507, 66508, 66517, 66519, 66532, 66542, 66561, 66567, 66577, 66582, 66588]
182.1 :    8 : [66500, 66506, 66528, 66547, 66558, 66566, 66574, 66586]
182.2 :   10 : [66493, 66522, 66526, 66529, 66545, 66551, 66556, 66565, 66583, 66590]
182.3 :    5 : [66494, 66510, 66521, 66575, 66576]
182.4 :    7 : [66505, 66525, 66535, 66538, 66568, 66570, 66587]
182.5 :    1 : [66560]
182.7 :    3 : [66504, 66520, 66531]
182.8 :    1 : [66515]
183.0 :    1 : [66524]
183.5 :    4 : [66502, 66503, 66548, 66554]
183.6 :    2 : [66557, 66559]
183.7 :    2 : [66501, 66564]
183.8 :    4 : [66511, 66563, 66573, 66581]
183.9 :    7 : [66492, 66495, 66512, 66523, 66543, 66550, 66589]
184.0 :   15 : [66491, 66499, 66508, 66509, 66513, 66516, 66534, 66536, 66542, 66562, 66567, 66571, 66577, 66582, 66588]
184.1 :    7 : [66514, 66530, 66539, 66546, 66572, 66578, 66584]
184.2 :    8 : [66518, 66533, 66541, 66544, 66558, 66569, 66579, 66585]
184.3 :    2 : [66552, 66555]
184.4 :    4 : [66527, 66537, 66540, 66549]
184.5 :    2 : [66498, 66553]
184.6 :    4 : [66507, 66517, 66519, 66561]
184.7 :    4 : [66496, 66497, 66532, 66547]
184.8 :    5 : [66500, 66506, 66528, 66574, 66586]
184.9 :    9 : [66493, 66526, 66529, 66545, 66556, 66565, 66566, 66583, 66590]
185.0 :    7 : [66494, 66510, 66521, 66522, 66551, 66568, 66575]
185.1 :    5 : [66525, 66535, 66570, 66576, 66587]
185.2 :    4 : [66505, 66531, 66538, 66560]
185.3 :    1 : [66520]
185.6 :    2 : [66515, 66524]
185.7 :    1 : [66504]
186.1 :    2 : [66508, 66542]
186.2 :    1 : [66557]
186.3 :    1 : [66554]
186.4 :    4 : [66502, 66503, 66548, 66567]
186.5 :    1 : [66559]
186.6 :    3 : [66501, 66564, 66581]
186.7 :    8 : [66511, 66512, 66516, 66543, 66563, 66573, 66577, 66588]
186.8 :    9 : [66491, 66492, 66495, 66513, 66523, 66534, 66550, 66582, 66589]
186.9 :    6 : [66499, 66509, 66536, 66562, 66571, 66572]
187.0 :    8 : [66514, 66530, 66539, 66546, 66558, 66578, 66579, 66584]
187.1 :    7 : [66497, 66518, 66519, 66533, 66541, 66544, 66585]
187.2 :    3 : [66532, 66552, 66555]
187.3 :    5 : [66527, 66537, 66540, 66549, 66569]
187.4 :    2 : [66553, 66566]
187.5 :    1 : [66517]
187.6 :    3 : [66498, 66547, 66561]
187.7 :    2 : [66496, 66507]
187.8 :    2 : [66520, 66574]
187.9 :   11 : [66493, 66500, 66506, 66526, 66528, 66529, 66531, 66556, 66565, 66586, 66590]
188.0 :    6 : [66521, 66522, 66545, 66551, 66568, 66583]
188.1 :    7 : [66494, 66510, 66525, 66535, 66570, 66575, 66576]
188.2 :    2 : [66560, 66587]
188.3 :    3 : [66505, 66524, 66538]
188.4 :    1 : [66504]
188.6 :    1 : [66542]
188.7 :    1 : [66515]
188.8 :    1 : [66508]
189.0 :    1 : [66567]
189.2 :    1 : [66557]
189.4 :    1 : [66554]
189.5 :    2 : [66577, 66588]
189.6 :    4 : [66502, 66503, 66548, 66582]
189.7 :    2 : [66559, 66581]
189.8 :    5 : [66501, 66513, 66516, 66558, 66564]
189.9 :    5 : [66497, 66511, 66519, 66563, 66573]
190.0 :   11 : [66491, 66492, 66495, 66499, 66512, 66523, 66532, 66543, 66550, 66572, 66589]
190.1 :    6 : [66509, 66534, 66536, 66562, 66571, 66579]
190.2 :    7 : [66514, 66530, 66539, 66546, 66566, 66578, 66584]
190.3 :    5 : [66518, 66533, 66541, 66544, 66585]
190.4 :    2 : [66552, 66555]
190.5 :    4 : [66527, 66537, 66540, 66549]
190.6 :    2 : [66520, 66553]
190.7 :    1 : [66517]
190.8 :    2 : [66547, 66569]
190.9 :    1 : [66531]
191.0 :    2 : [66507, 66561]
191.1 :    2 : [66496, 66498]
191.2 :    5 : [66500, 66524, 66528, 66574, 66586]
191.3 :   11 : [66493, 66504, 66506, 66526, 66529, 66545, 66556, 66565, 66568, 66583, 66590]
191.4 :    2 : [66521, 66551]
191.5 :    9 : [66494, 66510, 66522, 66525, 66535, 66570, 66575, 66576, 66587]
191.6 :    2 : [66542, 66560]
191.7 :    2 : [66502, 66503]
191.8 :    4 : [66505, 66508, 66538, 66559]
191.9 :    1 : [66564]
192.0 :    3 : [66511, 66563, 66567]
192.1 :    3 : [66491, 66499, 66550]
192.2 :    3 : [66509, 66515, 66571]
192.3 :    3 : [66514, 66539, 66584]
192.4 :    3 : [66533, 66541, 66544]
192.5 :    2 : [66552, 66557]
192.6 :    5 : [66527, 66537, 66549, 66577, 66588]
192.7 :    2 : [66553, 66582]
192.8 :    2 : [66517, 66558]
192.9 :    2 : [66554, 66569]
193.0 :    2 : [66497, 66519]
193.1 :    4 : [66507, 66532, 66548, 66561]
193.2 :    4 : [66496, 66498, 66513, 66581]
193.3 :    6 : [66500, 66516, 66528, 66566, 66574, 66586]
193.4 :   11 : [66493, 66501, 66506, 66526, 66529, 66545, 66556, 66565, 66572, 66583, 66590]
193.5 :    6 : [66512, 66521, 66543, 66551, 66573, 66589]
193.6 :   14 : [66492, 66494, 66495, 66510, 66522, 66523, 66525, 66534, 66535, 66570, 66575, 66576, 66579, 66587]
193.7 :    4 : [66520, 66536, 66560, 66562]
193.8 :    3 : [66530, 66546, 66578]
193.9 :    5 : [66505, 66518, 66538, 66555, 66585]
194.1 :    1 : [66540]
194.2 :    1 : [66531]
194.3 :    2 : [66515, 66547]
194.5 :    1 : [66524]
194.6 :    2 : [66504, 66557]
194.9 :    2 : [66542, 66568]
195.0 :    2 : [66554, 66569]
195.1 :    1 : [66508]
195.2 :    3 : [66502, 66503, 66548]
195.3 :    5 : [66498, 66513, 66559, 66567, 66581]
195.4 :    7 : [66500, 66511, 66516, 66528, 66564, 66574, 66586]
195.5 :    8 : [66499, 66501, 66545, 66550, 66563, 66565, 66572, 66583]
195.6 :    7 : [66491, 66509, 66512, 66543, 66551, 66573, 66589]
195.7 :    8 : [66492, 66495, 66514, 66523, 66534, 66571, 66579, 66587]
195.8 :    5 : [66536, 66539, 66560, 66562, 66584]
195.9 :    6 : [66530, 66533, 66541, 66544, 66546, 66578]
196.0 :    8 : [66505, 66518, 66538, 66552, 66555, 66577, 66585, 66588]
196.1 :    4 : [66527, 66537, 66549, 66582]
196.2 :    2 : [66540, 66558]
196.3 :    3 : [66517, 66531, 66553]
196.4 :    3 : [66515, 66519, 66547]
196.5 :    2 : [66497, 66532]
196.6 :    1 : [66524]
196.8 :    1 : [66566]
196.9 :    2 : [66507, 66561]
197.0 :    3 : [66496, 66542, 66568]
197.1 :    5 : [66493, 66506, 66529, 66554, 66569]
197.2 :    6 : [66508, 66520, 66521, 66526, 66556, 66590]
197.3 :    7 : [66494, 66502, 66503, 66510, 66548, 66575, 66576]
197.4 :    9 : [66498, 66513, 66522, 66525, 66535, 66559, 66567, 66570, 66581]
197.5 :    4 : [66500, 66511, 66564, 66574]
197.6 :    8 : [66499, 66501, 66545, 66550, 66563, 66565, 66572, 66583]
197.7 :    7 : [66491, 66509, 66512, 66543, 66551, 66573, 66589]
197.8 :    8 : [66492, 66495, 66514, 66523, 66534, 66571, 66579, 66587]
197.9 :    5 : [66536, 66539, 66560, 66562, 66584]
198.0 :    5 : [66530, 66533, 66541, 66546, 66578]
198.1 :    9 : [66505, 66518, 66538, 66544, 66552, 66555, 66577, 66585, 66588]
198.2 :    6 : [66504, 66527, 66537, 66549, 66557, 66582]
198.3 :    2 : [66540, 66558]
198.4 :    2 : [66517, 66553]
198.5 :    3 : [66515, 66519, 66547]
198.6 :    2 : [66497, 66532]
198.9 :    1 : [66566]
199.1 :    3 : [66507, 66561, 66568]
199.2 :    4 : [66496, 66516, 66554, 66569]
199.3 :    3 : [66520, 66528, 66586]
199.4 :    7 : [66493, 66506, 66526, 66529, 66548, 66556, 66590]
199.5 :    6 : [66498, 66502, 66503, 66513, 66521, 66581]
199.6 :   10 : [66494, 66500, 66510, 66525, 66535, 66559, 66570, 66574, 66575, 66576]
199.7 :    7 : [66501, 66522, 66545, 66564, 66565, 66572, 66583]
199.8 :    7 : [66499, 66511, 66543, 66551, 66563, 66573, 66589]
199.9 :    9 : [66491, 66492, 66495, 66512, 66523, 66531, 66550, 66579, 66587]
200.0 :    5 : [66509, 66534, 66536, 66560, 66562]
200.1 :    7 : [66514, 66530, 66539, 66546, 66571, 66578, 66584]
200.2 :    7 : [66505, 66518, 66538, 66541, 66555, 66585, 66588]
200.3 :    5 : [66504, 66524, 66533, 66544, 66552]
200.4 :    3 : [66527, 66540, 66557]
200.5 :    2 : [66537, 66549]
200.6 :    3 : [66519, 66542, 66547]
200.7 :    5 : [66497, 66515, 66517, 66532, 66553]
200.8 :    1 : [66508]
201.0 :    2 : [66566, 66567]
201.3 :    1 : [66554]
201.4 :    2 : [66520, 66568]
201.5 :    1 : [66516]
201.6 :    4 : [66507, 66513, 66561, 66581]
201.7 :    2 : [66496, 66569]
201.8 :    7 : [66493, 66500, 66528, 66529, 66572, 66574, 66586]
201.9 :    9 : [66506, 66521, 66526, 66548, 66556, 66565, 66577, 66583, 66590]
202.0 :    7 : [66502, 66503, 66510, 66531, 66545, 66579, 66582]
202.1 :   11 : [66494, 66498, 66501, 66525, 66535, 66551, 66558, 66559, 66570, 66575, 66576]
202.2 :    5 : [66511, 66522, 66564, 66573, 66587]
202.3 :    8 : [66492, 66499, 66523, 66543, 66560, 66563, 66588, 66589]
202.4 :   10 : [66491, 66495, 66504, 66509, 66512, 66524, 66534, 66536, 66550, 66562]
202.5 :    2 : [66514, 66578]
202.6 :    6 : [66518, 66530, 66546, 66555, 66571, 66584]
202.7 :    6 : [66505, 66519, 66539, 66541, 66542, 66585]
202.8 :    6 : [66497, 66532, 66533, 66538, 66552, 66557]
202.9 :    5 : [66508, 66527, 66540, 66544, 66549]
203.0 :    1 : [66537]
203.1 :    3 : [66547, 66566, 66567]
203.2 :    1 : [66517]
203.3 :    1 : [66553]
203.4 :    1 : [66515]
203.5 :    1 : [66520]
203.8 :    1 : [66554]
204.0 :    2 : [66513, 66568]
204.1 :    1 : [66516]
204.2 :    2 : [66577, 66581]
204.3 :    2 : [66558, 66582]
204.4 :    5 : [66507, 66531, 66561, 66572, 66588]
204.5 :    1 : [66496]
204.6 :    5 : [66493, 66504, 66528, 66579, 66586]
204.7 :   10 : [66500, 66506, 66521, 66526, 66529, 66548, 66556, 66574, 66583, 66590]
204.8 :    5 : [66519, 66524, 66545, 66565, 66569]
204.9 :   11 : [66494, 66497, 66502, 66503, 66510, 66525, 66532, 66535, 66570, 66575, 66576]
205.0 :    4 : [66501, 66559, 66564, 66587]
205.1 :    8 : [66499, 66511, 66542, 66551, 66560, 66563, 66573, 66589]
205.2 :    9 : [66491, 66492, 66495, 66512, 66522, 66523, 66543, 66550, 66566]
205.3 :    6 : [66498, 66508, 66509, 66534, 66536, 66562]
205.4 :    5 : [66514, 66518, 66530, 66557, 66578]
205.5 :    5 : [66541, 66555, 66567, 66571, 66584]
205.6 :    3 : [66539, 66546, 66585]
205.7 :    2 : [66520, 66540]
205.8 :    4 : [66527, 66533, 66549, 66552]
205.9 :    3 : [66505, 66537, 66544]
206.0 :    2 : [66538, 66547]
206.1 :    1 : [66517]
206.3 :    1 : [66553]
206.7 :    2 : [66515, 66577]
206.8 :    2 : [66558, 66582]
206.9 :    2 : [66554, 66588]
207.0 :    2 : [66513, 66531]
207.1 :    1 : [66516]
207.2 :    3 : [66504, 66519, 66568]
207.3 :    1 : [66581]
207.5 :    3 : [66497, 66524, 66532]
207.6 :    1 : [66572]
207.7 :    1 : [66542]
207.8 :    2 : [66566, 66579]
207.9 :    1 : [66508]
208.1 :    1 : [66567]
208.4 :    2 : [66507, 66520]
208.6 :    3 : [66493, 66561, 66586]
208.7 :    4 : [66521, 66526, 66529, 66557]
208.8 :    2 : [66528, 66548]
208.9 :    3 : [66496, 66556, 66583]
209.0 :    1 : [66499]
209.1 :    2 : [66500, 66590]
209.2 :    4 : [66510, 66535, 66565, 66589]
209.3 :    4 : [66525, 66573, 66574, 66576]
209.4 :    1 : [66570]
209.5 :    5 : [66492, 66506, 66511, 66555, 66575]
209.6 :    2 : [66494, 66558]
209.7 :    4 : [66518, 66550, 66564, 66577]
209.8 :    4 : [66509, 66514, 66523, 66582]
209.9 :    1 : [66588]
210.0 :    1 : [66543]
210.1 :    1 : [66491]
210.2 :    6 : [66504, 66519, 66531, 66562, 66578, 66587]
210.6 :    1 : [66497]
210.7 :    2 : [66524, 66532]
210.9 :    2 : [66542, 66566]
211.0 :    1 : [66547]
211.1 :    1 : [66508]
211.3 :    1 : [66567]
211.6 :    1 : [66520]
214.3 :    1 : [66558]
316.7 :   31 : [66493, 66495, 66499, 66502, 66507, 66510, 66511, 66512, 66514, 66518, 66525, 66529, 66532, 66534, 66537, 66542, 66545, 66548, 66552, 66553, 66554, 66558, 66564, 66567, 66569, 66574, 66576, 66581, 66582, 66587, 66588]
316.8 :   11 : [66492, 66506, 66515, 66521, 66528, 66531, 66535, 66550, 66557, 66566, 66586]
319.3 :   19 : [66493, 66499, 66507, 66511, 66514, 66515, 66525, 66529, 66534, 66535, 66537, 66542, 66545, 66550, 66552, 66553, 66554, 66576, 66581]
319.4 :   21 : [66492, 66495, 66502, 66506, 66510, 66512, 66518, 66528, 66532, 66548, 66557, 66558, 66564, 66566, 66567, 66569, 66574, 66582, 66586, 66587, 66588]
319.5 :    1 : [66531]
321.4 :   19 : [66493, 66499, 66507, 66511, 66514, 66515, 66525, 66529, 66534, 66535, 66537, 66542, 66545, 66550, 66552, 66553, 66554, 66576, 66581]
321.5 :   16 : [66492, 66495, 66502, 66506, 66510, 66512, 66518, 66528, 66557, 66564, 66566, 66567, 66569, 66574, 66586, 66587]
321.6 :    5 : [66532, 66548, 66558, 66582, 66588]
321.7 :    1 : [66531]
323.5 :   19 : [66493, 66499, 66507, 66511, 66514, 66515, 66525, 66529, 66534, 66535, 66537, 66542, 66545, 66550, 66552, 66553, 66554, 66576, 66581]
323.6 :    8 : [66502, 66506, 66512, 66528, 66557, 66566, 66567, 66574]
323.7 :    6 : [66492, 66518, 66532, 66569, 66582, 66587]
323.8 :    4 : [66495, 66558, 66586, 66588]
323.9 :    4 : [66510, 66531, 66548, 66564]
325.6 :    3 : [66550, 66553, 66581]
325.9 :   10 : [66492, 66499, 66518, 66532, 66537, 66542, 66558, 66567, 66582, 66587]
326.0 :   23 : [66493, 66495, 66502, 66506, 66507, 66510, 66511, 66512, 66514, 66515, 66525, 66528, 66529, 66534, 66535, 66545, 66552, 66554, 66566, 66574, 66576, 66586, 66588]
326.1 :    5 : [66531, 66548, 66557, 66564, 66569]
327.7 :    3 : [66550, 66553, 66581]
328.0 :    4 : [66492, 66499, 66537, 66587]
328.1 :   28 : [66493, 66495, 66502, 66506, 66507, 66510, 66511, 66512, 66514, 66515, 66518, 66525, 66528, 66529, 66532, 66534, 66535, 66542, 66545, 66552, 66554, 66558, 66566, 66567, 66574, 66576, 66582, 66586]
328.2 :    1 : [66588]
328.3 :    5 : [66531, 66548, 66557, 66564, 66569]
329.8 :    3 : [66550, 66553, 66581]
330.1 :    4 : [66492, 66499, 66537, 66587]
330.2 :    2 : [66532, 66586]
330.3 :    6 : [66542, 66558, 66566, 66567, 66582, 66588]
330.4 :   25 : [66493, 66495, 66502, 66506, 66507, 66510, 66511, 66512, 66514, 66515, 66518, 66525, 66528, 66529, 66534, 66535, 66545, 66548, 66552, 66554, 66557, 66564, 66569, 66574, 66576]
330.5 :    1 : [66531]
331.9 :    3 : [66550, 66553, 66581]
332.4 :    5 : [66532, 66542, 66566, 66567, 66586]
332.5 :   14 : [66492, 66495, 66506, 66512, 66514, 66518, 66529, 66548, 66558, 66564, 66569, 66582, 66587, 66588]
332.6 :   19 : [66493, 66499, 66502, 66507, 66510, 66511, 66515, 66525, 66528, 66531, 66534, 66535, 66537, 66545, 66552, 66554, 66557, 66574, 66576]
334.0 :    3 : [66550, 66553, 66581]
334.5 :    5 : [66532, 66542, 66566, 66567, 66586]
334.6 :   14 : [66492, 66495, 66506, 66512, 66514, 66518, 66529, 66548, 66558, 66564, 66569, 66582, 66587, 66588]
334.7 :   19 : [66493, 66499, 66502, 66507, 66510, 66511, 66515, 66525, 66528, 66531, 66534, 66535, 66537, 66545, 66552, 66554, 66557, 66574, 66576]
336.1 :    3 : [66550, 66553, 66581]
336.6 :    5 : [66532, 66542, 66566, 66567, 66586]
336.7 :   12 : [66492, 66495, 66506, 66512, 66514, 66518, 66529, 66558, 66569, 66582, 66587, 66588]
336.8 :   21 : [66493, 66499, 66502, 66507, 66510, 66511, 66515, 66525, 66528, 66531, 66534, 66535, 66537, 66545, 66548, 66552, 66554, 66557, 66564, 66574, 66576]
338.2 :    3 : [66550, 66553, 66581]
338.7 :    5 : [66532, 66542, 66566, 66567, 66586]
338.8 :   12 : [66492, 66495, 66506, 66512, 66514, 66518, 66529, 66558, 66569, 66582, 66587, 66588]
338.9 :   21 : [66493, 66499, 66502, 66507, 66510, 66511, 66515, 66525, 66528, 66531, 66534, 66535, 66537, 66545, 66548, 66552, 66554, 66557, 66564, 66574, 66576]
340.3 :    3 : [66550, 66553, 66581]
340.8 :    5 : [66532, 66542, 66566, 66567, 66586]
340.9 :   12 : [66492, 66495, 66506, 66512, 66514, 66518, 66529, 66558, 66569, 66582, 66587, 66588]
341.0 :   21 : [66493, 66499, 66502, 66507, 66510, 66511, 66515, 66525, 66528, 66531, 66534, 66535, 66537, 66545, 66548, 66552, 66554, 66557, 66564, 66574, 66576]
342.4 :    3 : [66550, 66553, 66581]
342.9 :    5 : [66532, 66542, 66566, 66567, 66586]
343.0 :   11 : [66492, 66495, 66506, 66512, 66514, 66518, 66529, 66558, 66582, 66587, 66588]
343.1 :   19 : [66493, 66499, 66502, 66507, 66510, 66511, 66515, 66525, 66528, 66531, 66534, 66535, 66537, 66545, 66552, 66554, 66569, 66574, 66576]
343.2 :    3 : [66548, 66557, 66564]
344.5 :    3 : [66550, 66553, 66581]
345.0 :    5 : [66532, 66542, 66566, 66567, 66586]
345.1 :   11 : [66492, 66495, 66506, 66512, 66514, 66518, 66529, 66558, 66582, 66587, 66588]
345.2 :    1 : [66531]
345.3 :   18 : [66493, 66499, 66507, 66510, 66511, 66515, 66525, 66534, 66535, 66537, 66545, 66548, 66552, 66554, 66557, 66564, 66574, 66576]
345.4 :    3 : [66502, 66528, 66569]
346.6 :    3 : [66550, 66553, 66581]
347.1 :    5 : [66532, 66542, 66566, 66567, 66586]
347.2 :    3 : [66558, 66582, 66588]
347.3 :    4 : [66492, 66529, 66531, 66587]
347.4 :   15 : [66493, 66495, 66499, 66506, 66511, 66512, 66514, 66515, 66518, 66534, 66537, 66545, 66552, 66554, 66574]
347.5 :    2 : [66548, 66569]
347.6 :    9 : [66502, 66507, 66510, 66525, 66528, 66535, 66557, 66564, 66576]
348.7 :    3 : [66550, 66553, 66581]
349.3 :    3 : [66532, 66542, 66588]
349.4 :    6 : [66558, 66566, 66567, 66582, 66586, 66587]
349.5 :   15 : [66492, 66493, 66499, 66506, 66512, 66514, 66515, 66529, 66531, 66534, 66537, 66545, 66552, 66554, 66574]
349.6 :    2 : [66495, 66548]
349.7 :   12 : [66502, 66507, 66510, 66511, 66518, 66525, 66528, 66535, 66557, 66564, 66569, 66576]
350.8 :    1 : [66550]
350.9 :    1 : [66581]
351.2 :    1 : [66553]
351.5 :    5 : [66532, 66542, 66558, 66567, 66588]
351.6 :   17 : [66492, 66493, 66499, 66506, 66512, 66514, 66515, 66529, 66534, 66537, 66545, 66552, 66554, 66566, 66574, 66586, 66587]
351.7 :    4 : [66495, 66531, 66548, 66582]
351.8 :   12 : [66502, 66507, 66510, 66511, 66518, 66525, 66528, 66535, 66557, 66564, 66569, 66576]
352.9 :    1 : [66550]
353.0 :    1 : [66581]
353.6 :    4 : [66532, 66553, 66558, 66588]
353.7 :    8 : [66515, 66542, 66554, 66566, 66567, 66574, 66586, 66587]
353.8 :   15 : [66492, 66493, 66495, 66499, 66506, 66512, 66514, 66529, 66531, 66534, 66537, 66545, 66548, 66552, 66582]
353.9 :    9 : [66502, 66510, 66511, 66525, 66528, 66535, 66557, 66564, 66576]
354.0 :    3 : [66507, 66518, 66569]
355.0 :    1 : [66550]
355.1 :    1 : [66581]
355.7 :    2 : [66532, 66588]
355.8 :    7 : [66515, 66553, 66554, 66566, 66574, 66586, 66587]
355.9 :   15 : [66492, 66493, 66495, 66499, 66506, 66512, 66514, 66529, 66534, 66537, 66542, 66545, 66548, 66552, 66582]
356.0 :   10 : [66502, 66510, 66511, 66525, 66528, 66531, 66535, 66557, 66564, 66576]
356.1 :    4 : [66518, 66558, 66567, 66569]
356.2 :    1 : [66507]
357.1 :    1 : [66550]
357.3 :    1 : [66581]
357.8 :    2 : [66532, 66588]
357.9 :    6 : [66515, 66553, 66554, 66566, 66574, 66587]
358.0 :   15 : [66492, 66493, 66495, 66499, 66506, 66512, 66514, 66529, 66534, 66537, 66542, 66545, 66548, 66552, 66582]
358.1 :    9 : [66502, 66510, 66511, 66525, 66528, 66535, 66557, 66564, 66576]
358.2 :    2 : [66518, 66531]
358.3 :    1 : [66586]
358.4 :    1 : [66567]
358.5 :    1 : [66507]
358.6 :    2 : [66558, 66569]
359.2 :    1 : [66550]
359.4 :    1 : [66581]
359.9 :    1 : [66532]
360.0 :    6 : [66515, 66553, 66554, 66566, 66574, 66587]
360.1 :   13 : [66492, 66493, 66499, 66506, 66514, 66529, 66534, 66537, 66542, 66545, 66548, 66552, 66582]
360.2 :    6 : [66502, 66511, 66525, 66535, 66564, 66576]
360.3 :    1 : [66518]
360.5 :    2 : [66531, 66567]
360.6 :    1 : [66586]
360.7 :    1 : [66512]
360.8 :    2 : [66557, 66588]
360.9 :    4 : [66510, 66528, 66558, 66569]
361.0 :    2 : [66495, 66507]
361.3 :    1 : [66550]
361.5 :    1 : [66581]
362.0 :    1 : [66532]
362.1 :    5 : [66515, 66553, 66554, 66566, 66574]
362.2 :    9 : [66493, 66514, 66529, 66534, 66537, 66542, 66545, 66582, 66587]
362.3 :    5 : [66499, 66525, 66535, 66548, 66576]
362.4 :    1 : [66564]
362.5 :    1 : [66518]
362.9 :    1 : [66586]
363.0 :    2 : [66512, 66531]
363.1 :    5 : [66492, 66502, 66506, 66557, 66588]
363.2 :    5 : [66510, 66528, 66552, 66558, 66569]
363.3 :    4 : [66495, 66507, 66511, 66567]
363.4 :    1 : [66550]
363.6 :    1 : [66581]
364.2 :    1 : [66553]
364.3 :    2 : [66532, 66574]
364.4 :    3 : [66514, 66529, 66554]
364.5 :    3 : [66515, 66582, 66587]
364.6 :    7 : [66499, 66534, 66537, 66542, 66545, 66566, 66576]
364.7 :    3 : [66493, 66525, 66548]
364.9 :    2 : [66535, 66564]
365.0 :    1 : [66518]
365.4 :    1 : [66586]
365.5 :    5 : [66492, 66502, 66506, 66512, 66557]
365.6 :    6 : [66510, 66511, 66552, 66558, 66567, 66588]
365.7 :    4 : [66495, 66507, 66528, 66569]
365.8 :    1 : [66531]
366.1 :    2 : [66550, 66581]
366.3 :    1 : [66553]
366.8 :    5 : [66514, 66529, 66532, 66554, 66574]
366.9 :    2 : [66515, 66542]
367.0 :    6 : [66493, 66537, 66545, 66566, 66582, 66587]
367.1 :    4 : [66499, 66525, 66534, 66576]
367.3 :    1 : [66535]
367.4 :    1 : [66548]
367.6 :    1 : [66564]
367.7 :    1 : [66518]
368.0 :    1 : [66506]
368.1 :    3 : [66492, 66557, 66567]
368.2 :    5 : [66502, 66511, 66512, 66552, 66586]
368.3 :    4 : [66507, 66510, 66558, 66588]
368.4 :    2 : [66550, 66569]
368.5 :    2 : [66495, 66528]
368.6 :    1 : [66581]
368.7 :    1 : [66553]
368.9 :    1 : [66531]
369.4 :    1 : [66529]
369.5 :    7 : [66514, 66515, 66532, 66537, 66542, 66554, 66574]
369.6 :    2 : [66493, 66525]
369.7 :    3 : [66545, 66566, 66576]
369.8 :    4 : [66499, 66534, 66582, 66587]
369.9 :    1 : [66535]
370.3 :    1 : [66548]
370.6 :    1 : [66564]
370.8 :    1 : [66518]
370.9 :    2 : [66506, 66567]
371.0 :    3 : [66492, 66552, 66557]
371.1 :    3 : [66502, 66511, 66550]
371.2 :    4 : [66507, 66512, 66558, 66586]
371.3 :    4 : [66510, 66553, 66581, 66588]
371.4 :    1 : [66569]
371.5 :    1 : [66495]
371.6 :    1 : [66528]
372.3 :    2 : [66531, 66542]
372.4 :    5 : [66493, 66514, 66529, 66537, 66554]
372.5 :    4 : [66515, 66525, 66532, 66566]
372.6 :    1 : [66574]
372.7 :    2 : [66545, 66576]
372.8 :    2 : [66534, 66535]
372.9 :    3 : [66499, 66582, 66587]
373.6 :    1 : [66548]
373.9 :    1 : [66564]
374.0 :    3 : [66506, 66550, 66567]
374.2 :    5 : [66492, 66511, 66518, 66552, 66553]
374.3 :    2 : [66557, 66581]
374.4 :    3 : [66502, 66507, 66531]
374.5 :    2 : [66512, 66558]
374.6 :    1 : [66510]
374.7 :    2 : [66586, 66588]
374.9 :    2 : [66495, 66569]
375.0 :    1 : [66528]
375.5 :    1 : [66542]
375.6 :    3 : [66493, 66529, 66537]
375.7 :    5 : [66514, 66515, 66525, 66548, 66554]
375.8 :    1 : [66566]
375.9 :    1 : [66532]
376.0 :    4 : [66545, 66564, 66574, 66576]
376.1 :    2 : [66534, 66535]
376.3 :    4 : [66499, 66518, 66552, 66582]
376.4 :    1 : [66587]
376.5 :    3 : [66502, 66507, 66531]
376.6 :    2 : [66512, 66558]
376.7 :    1 : [66510]
376.8 :    2 : [66586, 66588]
377.0 :    2 : [66495, 66569]
377.1 :    1 : [66528]
377.2 :    1 : [66550]
377.5 :    3 : [66506, 66553, 66567]
377.6 :    1 : [66581]
377.7 :    1 : [66529]
377.8 :    5 : [66492, 66511, 66514, 66515, 66554]
377.9 :    1 : [66557]
378.0 :    1 : [66532]
378.1 :    3 : [66545, 66574, 66576]
378.2 :    2 : [66534, 66535]
378.4 :    3 : [66499, 66518, 66582]
378.5 :    1 : [66587]
378.6 :    1 : [66531]
378.9 :    1 : [66586]
379.0 :    1 : [66542]
379.1 :    2 : [66493, 66537]
379.2 :    1 : [66528]
379.3 :    3 : [66525, 66548, 66550]
379.4 :    1 : [66566]
379.6 :    2 : [66506, 66567]
379.7 :    3 : [66552, 66564, 66581]
379.9 :    2 : [66492, 66511]
380.0 :    2 : [66507, 66557]
380.2 :    2 : [66502, 66558]
380.3 :    1 : [66512]
380.4 :    1 : [66510]
380.5 :    3 : [66499, 66518, 66582]
380.6 :    2 : [66587, 66588]
380.7 :    1 : [66531]
380.8 :    2 : [66495, 66569]
381.0 :    1 : [66586]
381.1 :    2 : [66542, 66553]
381.2 :    2 : [66493, 66537]
381.3 :    2 : [66528, 66529]
381.4 :    3 : [66514, 66515, 66525]
381.5 :    3 : [66548, 66554, 66566]
381.7 :    5 : [66506, 66532, 66535, 66567, 66576]
381.8 :    2 : [66545, 66552]
381.9 :    3 : [66534, 66564, 66574]
382.0 :    2 : [66492, 66511]
382.1 :    2 : [66507, 66557]
382.3 :    1 : [66502]
382.4 :    1 : [66558]
382.6 :    5 : [66499, 66510, 66512, 66518, 66582]
382.7 :    1 : [66587]
382.8 :    1 : [66588]
382.9 :    1 : [66550]
383.0 :    1 : [66569]
383.1 :    2 : [66495, 66586]
383.2 :    2 : [66542, 66553]
383.3 :    4 : [66493, 66531, 66537, 66581]
383.4 :    2 : [66528, 66529]
383.5 :    3 : [66514, 66515, 66525]
383.6 :    2 : [66554, 66566]
383.8 :    3 : [66506, 66535, 66567]
383.9 :    2 : [66548, 66576]
384.0 :    3 : [66532, 66545, 66552]
384.1 :    4 : [66492, 66511, 66534, 66574]
384.3 :    2 : [66557, 66564]
384.4 :    1 : [66507]
384.7 :    3 : [66499, 66502, 66582]
384.8 :    2 : [66558, 66587]
385.0 :    4 : [66510, 66512, 66518, 66550]
385.3 :    3 : [66542, 66553, 66588]
385.4 :    2 : [66493, 66537]
385.5 :    2 : [66495, 66581]
385.6 :    3 : [66525, 66569, 66586]
385.7 :    2 : [66529, 66566]
385.8 :    1 : [66515]
385.9 :    3 : [66514, 66528, 66567]
386.0 :    1 : [66554]
386.1 :    2 : [66506, 66535]
386.3 :    2 : [66531, 66576]
386.4 :    3 : [66511, 66532, 66545]
386.5 :    3 : [66534, 66548, 66552]
386.6 :    2 : [66492, 66574]
386.8 :    1 : [66557]
386.9 :    1 : [66507]
387.1 :    1 : [66564]
387.2 :    1 : [66499]
387.3 :    4 : [66502, 66550, 66582, 66587]
387.4 :    1 : [66558]
387.5 :    1 : [66553]
387.6 :    1 : [66542]
387.7 :    2 : [66493, 66510]
387.8 :    2 : [66512, 66537]
387.9 :    1 : [66581]
388.0 :    2 : [66518, 66525]
388.1 :    1 : [66588]
388.3 :    2 : [66529, 66566]
388.4 :    2 : [66495, 66515]
388.5 :    3 : [66514, 66567, 66569]
388.6 :    1 : [66554]
388.7 :    2 : [66535, 66586]
388.8 :    1 : [66506]
388.9 :    1 : [66576]
389.0 :    1 : [66528]
389.1 :    1 : [66545]
389.2 :    2 : [66511, 66532]
389.3 :    2 : [66534, 66552]
389.5 :    2 : [66492, 66574]
389.7 :    1 : [66548]
389.8 :    1 : [66557]
389.9 :    2 : [66507, 66550]
390.0 :    1 : [66553]
390.2 :    1 : [66499]
390.4 :    3 : [66493, 66542, 66582]
390.5 :    1 : [66587]
390.6 :    3 : [66502, 66537, 66581]
390.7 :    2 : [66558, 66564]
390.8 :    1 : [66525]
391.2 :    2 : [66510, 66566]
391.4 :    1 : [66529]
391.5 :    2 : [66512, 66515]
391.6 :    2 : [66514, 66567]
391.8 :    1 : [66535]
391.9 :    1 : [66554]
392.2 :    2 : [66506, 66576]
392.5 :    1 : [66545]
392.6 :    1 : [66588]
392.8 :    2 : [66511, 66534]
392.9 :    1 : [66553]
393.0 :    1 : [66550]
393.2 :    1 : [66532]
393.5 :    1 : [66552]
393.9 :    2 : [66493, 66542]
394.0 :    1 : [66581]
394.3 :    1 : [66537]
394.8 :    1 : [66525]
516.0 :   28 : [66492, 66493, 66495, 66506, 66507, 66511, 66512, 66514, 66515, 66518, 66525, 66528, 66529, 66531, 66532, 66534, 66545, 66548, 66554, 66557, 66558, 66564, 66566, 66569, 66574, 66581, 66586, 66588]
516.1 :    3 : [66510, 66550, 66553]
518.1 :   10 : [66493, 66512, 66518, 66531, 66532, 66557, 66558, 66569, 66581, 66588]
518.7 :   15 : [66492, 66495, 66506, 66511, 66514, 66515, 66525, 66529, 66534, 66545, 66548, 66554, 66564, 66574, 66586]
518.8 :    4 : [66507, 66528, 66553, 66566]
519.0 :    2 : [66510, 66550]
520.2 :    1 : [66531]
520.8 :   22 : [66492, 66495, 66506, 66511, 66512, 66514, 66515, 66518, 66525, 66529, 66532, 66534, 66545, 66548, 66554, 66557, 66558, 66564, 66569, 66574, 66586, 66588]
520.9 :    5 : [66507, 66528, 66553, 66566, 66581]
521.1 :    2 : [66510, 66550]
523.0 :   19 : [66492, 66495, 66506, 66507, 66511, 66512, 66514, 66515, 66518, 66525, 66529, 66534, 66545, 66548, 66554, 66564, 66569, 66574, 66588]
523.1 :    9 : [66528, 66531, 66532, 66553, 66557, 66558, 66566, 66581, 66586]
523.2 :    1 : [66510]
523.3 :    1 : [66550]
525.2 :   10 : [66492, 66506, 66507, 66512, 66514, 66515, 66529, 66534, 66554, 66574]
525.3 :   18 : [66495, 66510, 66511, 66518, 66525, 66528, 66532, 66545, 66548, 66553, 66557, 66558, 66564, 66566, 66569, 66581, 66586, 66588]
525.4 :    1 : [66531]
525.5 :    1 : [66550]
527.4 :    2 : [66506, 66529]
527.5 :   27 : [66492, 66495, 66507, 66510, 66511, 66512, 66514, 66515, 66518, 66525, 66528, 66531, 66532, 66534, 66545, 66548, 66553, 66554, 66557, 66558, 66564, 66566, 66569, 66574, 66581, 66586, 66588]
527.6 :    1 : [66550]
529.5 :    1 : [66529]
529.6 :   28 : [66492, 66495, 66506, 66507, 66510, 66511, 66512, 66514, 66515, 66518, 66525, 66528, 66531, 66532, 66534, 66545, 66548, 66553, 66554, 66557, 66558, 66564, 66566, 66569, 66574, 66581, 66586, 66588]
529.7 :    1 : [66550]
531.6 :    1 : [66529]
531.7 :   28 : [66492, 66495, 66506, 66507, 66510, 66511, 66512, 66514, 66515, 66518, 66525, 66528, 66531, 66532, 66534, 66545, 66548, 66553, 66554, 66557, 66558, 66564, 66566, 66569, 66574, 66581, 66586, 66588]
531.8 :    1 : [66550]
533.7 :    1 : [66529]
533.8 :   28 : [66492, 66495, 66506, 66507, 66510, 66511, 66512, 66514, 66515, 66518, 66525, 66528, 66531, 66532, 66534, 66545, 66548, 66553, 66554, 66557, 66558, 66564, 66566, 66569, 66574, 66581, 66586, 66588]
533.9 :    1 : [66550]
535.8 :    1 : [66529]
535.9 :   28 : [66492, 66495, 66506, 66507, 66510, 66511, 66512, 66514, 66515, 66518, 66525, 66528, 66531, 66532, 66534, 66545, 66548, 66553, 66554, 66557, 66558, 66564, 66566, 66569, 66574, 66581, 66586, 66588]
536.0 :    1 : [66550]
537.9 :    1 : [66529]
538.0 :   28 : [66492, 66495, 66506, 66507, 66510, 66511, 66512, 66514, 66515, 66518, 66525, 66528, 66531, 66532, 66534, 66545, 66548, 66553, 66554, 66557, 66558, 66564, 66566, 66569, 66574, 66581, 66586, 66588]
538.1 :    1 : [66550]
540.0 :    1 : [66529]
540.1 :   28 : [66492, 66495, 66506, 66507, 66510, 66511, 66512, 66514, 66515, 66518, 66525, 66528, 66531, 66532, 66534, 66545, 66548, 66553, 66554, 66557, 66558, 66564, 66566, 66569, 66574, 66581, 66586, 66588]
540.6 :    1 : [66550]
542.1 :    1 : [66529]
542.2 :    6 : [66492, 66532, 66553, 66558, 66566, 66586]
542.6 :   21 : [66495, 66506, 66507, 66510, 66511, 66512, 66514, 66515, 66518, 66525, 66528, 66531, 66534, 66545, 66548, 66554, 66557, 66564, 66569, 66574, 66588]
542.7 :    2 : [66550, 66581]
544.3 :    2 : [66492, 66566]
544.7 :   26 : [66495, 66506, 66507, 66510, 66511, 66512, 66514, 66515, 66518, 66525, 66528, 66529, 66531, 66532, 66534, 66545, 66548, 66553, 66554, 66557, 66558, 66564, 66569, 66574, 66586, 66588]
544.8 :    2 : [66550, 66581]
546.4 :    2 : [66492, 66566]
546.8 :   26 : [66495, 66506, 66507, 66510, 66511, 66512, 66514, 66515, 66518, 66525, 66528, 66529, 66531, 66532, 66534, 66545, 66548, 66553, 66554, 66557, 66558, 66564, 66569, 66574, 66586, 66588]
546.9 :    2 : [66550, 66581]
548.5 :    2 : [66492, 66566]
548.9 :   26 : [66495, 66506, 66507, 66510, 66511, 66512, 66514, 66515, 66518, 66525, 66528, 66529, 66531, 66532, 66534, 66545, 66548, 66553, 66554, 66557, 66558, 66564, 66569, 66574, 66586, 66588]
549.0 :    2 : [66550, 66581]
550.6 :    2 : [66492, 66566]
551.0 :   26 : [66495, 66506, 66507, 66510, 66511, 66512, 66514, 66515, 66518, 66525, 66528, 66529, 66531, 66532, 66534, 66545, 66548, 66553, 66554, 66557, 66558, 66564, 66569, 66574, 66586, 66588]
551.7 :    1 : [66550]
551.8 :    1 : [66581]
552.7 :    2 : [66492, 66566]
553.1 :   24 : [66495, 66506, 66507, 66510, 66511, 66512, 66514, 66515, 66518, 66525, 66528, 66529, 66532, 66534, 66545, 66548, 66553, 66554, 66557, 66558, 66564, 66569, 66574, 66588]
553.5 :    1 : [66586]
553.7 :    1 : [66531]
553.8 :    1 : [66550]
553.9 :    1 : [66581]
554.8 :    2 : [66492, 66566]
555.2 :    1 : [66553]
555.6 :   18 : [66495, 66506, 66510, 66512, 66515, 66518, 66525, 66529, 66532, 66534, 66545, 66548, 66554, 66557, 66558, 66564, 66569, 66588]
555.7 :    6 : [66507, 66511, 66514, 66528, 66574, 66586]
555.8 :    1 : [66531]
555.9 :    1 : [66550]
556.0 :    1 : [66581]
556.9 :    2 : [66492, 66566]
557.3 :    1 : [66553]
557.7 :   13 : [66495, 66506, 66515, 66518, 66525, 66529, 66534, 66545, 66554, 66557, 66558, 66564, 66569]
557.8 :   10 : [66507, 66510, 66511, 66512, 66514, 66528, 66548, 66574, 66586, 66588]
557.9 :    1 : [66532]
558.0 :    2 : [66531, 66550]
558.1 :    1 : [66581]
559.0 :    2 : [66492, 66566]
559.5 :    1 : [66553]
559.8 :   13 : [66495, 66506, 66515, 66518, 66525, 66529, 66534, 66545, 66554, 66557, 66558, 66564, 66569]
559.9 :   10 : [66507, 66510, 66511, 66512, 66514, 66528, 66548, 66574, 66586, 66588]
560.0 :    1 : [66532]
560.1 :    2 : [66531, 66550]
560.4 :    1 : [66581]
561.7 :    1 : [66553]
561.8 :    1 : [66566]
561.9 :   10 : [66495, 66506, 66515, 66525, 66529, 66534, 66545, 66554, 66558, 66564]
562.0 :   12 : [66492, 66507, 66511, 66512, 66514, 66518, 66548, 66557, 66569, 66574, 66586, 66588]
562.1 :    2 : [66510, 66528]
562.2 :    1 : [66550]
562.3 :    1 : [66531]
562.6 :    1 : [66581]
562.9 :    1 : [66532]
564.0 :    1 : [66553]
564.1 :    8 : [66495, 66506, 66514, 66525, 66548, 66558, 66564, 66566]
564.2 :   12 : [66507, 66511, 66512, 66515, 66529, 66534, 66545, 66554, 66569, 66574, 66586, 66588]
564.3 :    3 : [66492, 66518, 66557]
564.4 :    2 : [66510, 66528]
564.5 :    1 : [66550]
564.7 :    1 : [66531]
565.0 :    1 : [66581]
565.2 :    1 : [66532]
566.4 :    3 : [66558, 66564, 66566]
566.5 :    7 : [66495, 66506, 66512, 66514, 66525, 66548, 66588]
566.6 :   10 : [66507, 66511, 66515, 66529, 66534, 66545, 66553, 66554, 66574, 66586]
566.7 :    2 : [66518, 66569]
566.8 :    3 : [66492, 66510, 66557]
566.9 :    1 : [66528]
567.0 :    1 : [66550]
567.2 :    1 : [66531]
567.6 :    1 : [66581]
567.7 :    1 : [66532]
569.0 :    5 : [66495, 66506, 66558, 66564, 66566]
569.1 :    5 : [66512, 66514, 66525, 66548, 66588]
569.2 :    7 : [66511, 66515, 66529, 66545, 66554, 66574, 66586]
569.3 :    3 : [66507, 66534, 66569]
569.4 :    3 : [66492, 66518, 66553]
569.5 :    2 : [66510, 66557]
569.6 :    1 : [66528]
569.8 :    1 : [66550]
570.1 :    1 : [66531]
570.3 :    1 : [66532]
570.5 :    1 : [66581]
571.8 :    3 : [66558, 66564, 66566]
571.9 :    4 : [66495, 66506, 66525, 66548]
572.0 :    3 : [66512, 66514, 66588]
572.1 :    5 : [66511, 66515, 66529, 66554, 66574]
572.2 :    2 : [66545, 66586]
572.3 :    3 : [66507, 66534, 66569]
572.4 :    1 : [66518]
572.5 :    1 : [66492]
572.6 :    3 : [66510, 66553, 66557]
572.7 :    1 : [66528]
572.9 :    1 : [66550]
573.2 :    1 : [66531]
573.3 :    1 : [66532]
573.8 :    1 : [66581]
574.9 :    1 : [66558]
575.0 :    2 : [66564, 66566]
575.1 :    4 : [66495, 66506, 66525, 66548]
575.2 :    3 : [66512, 66514, 66588]
575.3 :    3 : [66529, 66531, 66574]
575.4 :    4 : [66511, 66515, 66545, 66554]
575.5 :    1 : [66586]
575.6 :    3 : [66507, 66534, 66569]
575.7 :    1 : [66518]
575.8 :    1 : [66492]
576.0 :    2 : [66510, 66557]
576.1 :    2 : [66528, 66553]
576.3 :    1 : [66550]
576.6 :    1 : [66532]
577.2 :    2 : [66525, 66548]
577.3 :    2 : [66512, 66514]
577.4 :    2 : [66529, 66581]
577.5 :    3 : [66511, 66515, 66545]
577.6 :    1 : [66586]
577.7 :    3 : [66507, 66534, 66569]
577.8 :    1 : [66518]
577.9 :    1 : [66492]
578.1 :    2 : [66510, 66557]
578.2 :    2 : [66528, 66553]
578.4 :    2 : [66550, 66558]
578.5 :    1 : [66564]
578.6 :    1 : [66566]
578.7 :    5 : [66495, 66506, 66531, 66532, 66588]
578.9 :    1 : [66574]
579.0 :    1 : [66554]
579.5 :    1 : [66581]
580.2 :    1 : [66557]
580.3 :    2 : [66528, 66553]
580.5 :    2 : [66550, 66558]
580.6 :    1 : [66564]
580.7 :    3 : [66525, 66548, 66566]
580.8 :    6 : [66495, 66506, 66512, 66514, 66531, 66588]
580.9 :    1 : [66529]
581.0 :    2 : [66511, 66574]
581.1 :    3 : [66515, 66545, 66554]
581.2 :    1 : [66586]
581.3 :    3 : [66507, 66534, 66569]
581.5 :    1 : [66518]
581.6 :    2 : [66492, 66581]
581.9 :    1 : [66510]
582.3 :    2 : [66532, 66557]
582.4 :    2 : [66528, 66553]
582.6 :    2 : [66550, 66558]
582.7 :    1 : [66564]
582.8 :    3 : [66525, 66548, 66566]
582.9 :    5 : [66495, 66506, 66512, 66514, 66588]
583.0 :    1 : [66531]
583.1 :    3 : [66511, 66529, 66574]
583.2 :    3 : [66515, 66545, 66554]
583.4 :    2 : [66569, 66586]
583.5 :    2 : [66507, 66534]
583.7 :    1 : [66518]
583.8 :    2 : [66492, 66581]
584.1 :    1 : [66510]
584.4 :    1 : [66557]
584.5 :    2 : [66528, 66532]
584.7 :    3 : [66550, 66553, 66558]
584.8 :    1 : [66564]
584.9 :    1 : [66566]
585.0 :    5 : [66495, 66506, 66525, 66548, 66588]
585.1 :    1 : [66514]
585.2 :    1 : [66512]
585.3 :    1 : [66574]
585.4 :    4 : [66511, 66529, 66531, 66554]
585.5 :    1 : [66515]
585.6 :    1 : [66545]
585.7 :    1 : [66586]
585.8 :    2 : [66534, 66569]
585.9 :    1 : [66507]
586.1 :    1 : [66518]
586.3 :    2 : [66492, 66581]
586.6 :    1 : [66510]
586.7 :    1 : [66557]
586.9 :    2 : [66528, 66532]
587.0 :    2 : [66558, 66564]
587.2 :    2 : [66550, 66566]
587.4 :    3 : [66495, 66506, 66553]
587.5 :    3 : [66525, 66548, 66588]
587.6 :    1 : [66514]
587.7 :    1 : [66512]
587.8 :    1 : [66574]
587.9 :    2 : [66529, 66554]
588.0 :    1 : [66511]
588.1 :    2 : [66515, 66531]
588.2 :    1 : [66545]
588.4 :    2 : [66569, 66586]
588.5 :    2 : [66507, 66534]
588.8 :    1 : [66518]
589.0 :    1 : [66492]
589.2 :    1 : [66581]
589.5 :    2 : [66510, 66532]
589.6 :    1 : [66557]
589.7 :    2 : [66558, 66564]
589.8 :    1 : [66528]
590.0 :    1 : [66566]
590.2 :    2 : [66495, 66550]
590.3 :    3 : [66506, 66548, 66588]
590.4 :    1 : [66525]
590.5 :    1 : [66514]
590.6 :    1 : [66512]
590.7 :    1 : [66574]
590.9 :    3 : [66529, 66553, 66554]
591.0 :    1 : [66511]
591.2 :    1 : [66515]
591.3 :    1 : [66545]
591.7 :    3 : [66531, 66569, 66586]
591.8 :    2 : [66507, 66534]
592.3 :    1 : [66518]
592.7 :    1 : [66492]
592.8 :    1 : [66532]
593.1 :    1 : [66558]
593.2 :    1 : [66564]
593.8 :    1 : [66566]
594.2 :    1 : [66495]
594.5 :    1 : [66588]
594.6 :    1 : [66506]
594.8 :    1 : [66548]
