Name: Bed nucleus of the stria terminalis [GABA], Title: Raster plot from device '95185', Hist: False
114.7 :  100 : [4226, 4227, 4228, 4229, 4230, 4231, 4232, 4233, 4234, 4235, 4236, 4237, 4238, 4239, 4240, 4241, 4242, 4243, 4244, 4245, 4246, 4247, 4248, 4249, 4250, 4251, 4252, 4253, 4254, 4255, 4256, 4257, 4258, 4259, 4260, 4261, 4262, 4263, 4264, 4265, 4266, 4267, 4268, 4269, 4270, 4271, 4272, 4273, 4274, 4275, 4276, 4277, 4278, 4279, 4280, 4281, 4282, 4283, 4284, 4285, 4286, 4287, 4288, 4289, 4290, 4291, 4292, 4293, 4294, 4295, 4296, 4297, 4298, 4299, 4300, 4301, 4302, 4303, 4304, 4305, 4306, 4307, 4308, 4309, 4310, 4311, 4312, 4313, 4314, 4315, 4316, 4317, 4318, 4319, 4320, 4321, 4322, 4323, 4324, 4325]
117.1 :    1 : [4290]
117.2 :   98 : [4226, 4227, 4228, 4229, 4230, 4231, 4232, 4233, 4234, 4235, 4236, 4237, 4238, 4239, 4240, 4241, 4242, 4243, 4244, 4245, 4246, 4248, 4249, 4250, 4251, 4252, 4253, 4254, 4255, 4256, 4257, 4258, 4259, 4260, 4261, 4262, 4263, 4264, 4265, 4266, 4267, 4268, 4269, 4270, 4271, 4272, 4273, 4274, 4275, 4276, 4277, 4278, 4279, 4280, 4281, 4282, 4283, 4284, 4285, 4286, 4287, 4288, 4289, 4291, 4292, 4293, 4294, 4295, 4296, 4297, 4298, 4299, 4300, 4301, 4302, 4303, 4304, 4305, 4306, 4307, 4308, 4309, 4310, 4311, 4312, 4313, 4314, 4315, 4316, 4317, 4318, 4319, 4320, 4321, 4322, 4323, 4324, 4325]
117.3 :    1 : [4247]
119.8 :    7 : [4232, 4265, 4283, 4285, 4290, 4307, 4315]
119.9 :   53 : [4226, 4227, 4233, 4234, 4235, 4240, 4241, 4242, 4244, 4245, 4246, 4248, 4249, 4250, 4252, 4253, 4254, 4255, 4257, 4258, 4260, 4262, 4264, 4266, 4268, 4269, 4270, 4272, 4274, 4276, 4277, 4279, 4281, 4284, 4287, 4293, 4294, 4295, 4297, 4299, 4303, 4304, 4306, 4310, 4312, 4314, 4316, 4317, 4319, 4321, 4322, 4324, 4325]
120.0 :   39 : [4228, 4229, 4230, 4231, 4236, 4237, 4238, 4239, 4243, 4251, 4256, 4259, 4261, 4263, 4267, 4271, 4273, 4275, 4278, 4280, 4282, 4286, 4288, 4289, 4291, 4292, 4296, 4298, 4300, 4301, 4302, 4305, 4308, 4309, 4311, 4313, 4318, 4320, 4323]
120.1 :    1 : [4247]
123.3 :    1 : [4290]
123.4 :    1 : [4265]
123.6 :    7 : [4232, 4235, 4260, 4283, 4285, 4307, 4315]
123.8 :    6 : [4242, 4248, 4276, 4304, 4314, 4324]
123.9 :    3 : [4272, 4310, 4319]
124.0 :    3 : [4252, 4277, 4287]
124.1 :    5 : [4241, 4279, 4293, 4303, 4322]
124.2 :    5 : [4250, 4262, 4297, 4321, 4325]
124.3 :    2 : [4258, 4317]
124.4 :    1 : [4284]
124.6 :    3 : [4233, 4281, 4294]
125.0 :    1 : [4295]
125.2 :    1 : [4227]
125.6 :    1 : [4249]
