Name: Prefrontal cortex [Glu0], Title: Raster plot from device '95200', Hist: False
111.7 :    3 : [8859, 8893, 8913]
111.8 :   46 : [8845, 8846, 8848, 8855, 8858, 8860, 8862, 8863, 8864, 8865, 8867, 8868, 8869, 8870, 8873, 8877, 8878, 8879, 8881, 8883, 8884, 8886, 8887, 8888, 8894, 8897, 8901, 8903, 8904, 8905, 8906, 8907, 8909, 8914, 8915, 8918, 8920, 8921, 8922, 8930, 8932, 8933, 8935, 8936, 8939, 8941]
111.9 :   32 : [8852, 8856, 8857, 8861, 8871, 8872, 8874, 8875, 8876, 8889, 8890, 8891, 8892, 8895, 8896, 8900, 8902, 8908, 8910, 8911, 8912, 8916, 8917, 8919, 8923, 8924, 8926, 8928, 8929, 8931, 8940, 8942]
112.0 :   16 : [8847, 8849, 8850, 8851, 8853, 8854, 8866, 8885, 8898, 8899, 8925, 8927, 8934, 8938, 8943, 8944]
112.1 :    2 : [8880, 8937]
112.2 :    1 : [8882]
114.4 :    4 : [8859, 8869, 8888, 8939]
114.5 :    9 : [8848, 8870, 8879, 8884, 8893, 8894, 8904, 8913, 8932]
114.6 :   18 : [8846, 8861, 8863, 8864, 8873, 8874, 8876, 8877, 8878, 8881, 8883, 8887, 8906, 8918, 8921, 8923, 8933, 8935]
114.7 :   30 : [8845, 8852, 8855, 8856, 8858, 8860, 8865, 8867, 8872, 8886, 8890, 8891, 8895, 8897, 8900, 8901, 8903, 8907, 8909, 8912, 8914, 8915, 8916, 8920, 8922, 8928, 8930, 8936, 8940, 8941]
114.8 :   12 : [8849, 8853, 8862, 8868, 8875, 8889, 8892, 8905, 8910, 8919, 8931, 8942]
114.9 :   17 : [8857, 8871, 8885, 8896, 8898, 8899, 8902, 8908, 8911, 8917, 8925, 8926, 8927, 8929, 8934, 8943, 8944]
115.0 :    8 : [8847, 8850, 8851, 8854, 8866, 8924, 8937, 8938]
115.1 :    2 : [8880, 8882]
116.8 :    4 : [8859, 8869, 8888, 8939]
116.9 :    8 : [8848, 8870, 8879, 8884, 8894, 8904, 8918, 8932]
117.0 :   43 : [8845, 8846, 8849, 8852, 8853, 8855, 8856, 8858, 8860, 8861, 8863, 8864, 8867, 8872, 8873, 8874, 8876, 8877, 8878, 8881, 8883, 8886, 8887, 8890, 8893, 8897, 8900, 8901, 8903, 8906, 8909, 8913, 8914, 8916, 8920, 8921, 8923, 8928, 8930, 8933, 8935, 8940, 8942]
117.1 :   38 : [8847, 8850, 8854, 8857, 8862, 8865, 8868, 8871, 8875, 8885, 8889, 8891, 8892, 8895, 8896, 8898, 8899, 8902, 8905, 8907, 8908, 8910, 8911, 8912, 8915, 8917, 8919, 8922, 8925, 8926, 8927, 8929, 8931, 8934, 8936, 8941, 8943, 8944]
117.2 :    5 : [8851, 8882, 8924, 8937, 8938]
117.3 :    1 : [8866]
117.4 :    1 : [8880]
119.1 :    5 : [8859, 8869, 8888, 8932, 8939]
119.2 :    7 : [8848, 8870, 8879, 8884, 8894, 8904, 8918]
119.3 :   79 : [8845, 8846, 8847, 8849, 8850, 8852, 8853, 8854, 8855, 8856, 8857, 8858, 8860, 8861, 8862, 8863, 8864, 8865, 8867, 8871, 8872, 8873, 8874, 8875, 8876, 8877, 8878, 8881, 8883, 8886, 8887, 8889, 8890, 8891, 8892, 8893, 8895, 8896, 8897, 8898, 8899, 8900, 8901, 8902, 8903, 8906, 8907, 8908, 8909, 8910, 8911, 8912, 8913, 8914, 8915, 8916, 8917, 8919, 8920, 8921, 8922, 8923, 8925, 8926, 8927, 8928, 8929, 8930, 8931, 8933, 8934, 8935, 8936, 8938, 8940, 8941, 8942, 8943, 8944]
119.4 :    8 : [8851, 8866, 8868, 8882, 8885, 8905, 8924, 8937]
119.5 :    1 : [8880]
121.4 :    2 : [8888, 8932]
121.5 :   15 : [8848, 8855, 8859, 8861, 8863, 8864, 8869, 8878, 8879, 8884, 8893, 8894, 8904, 8918, 8939]
121.6 :   78 : [8845, 8846, 8847, 8849, 8850, 8851, 8852, 8853, 8854, 8856, 8857, 8858, 8860, 8862, 8865, 8867, 8871, 8872, 8873, 8874, 8875, 8876, 8877, 8881, 8882, 8883, 8885, 8886, 8887, 8889, 8890, 8891, 8892, 8895, 8896, 8897, 8898, 8899, 8900, 8901, 8902, 8903, 8905, 8906, 8907, 8908, 8909, 8910, 8911, 8912, 8913, 8914, 8915, 8916, 8917, 8919, 8920, 8921, 8922, 8923, 8925, 8926, 8927, 8928, 8929, 8930, 8931, 8933, 8934, 8935, 8936, 8937, 8938, 8940, 8941, 8942, 8943, 8944]
121.7 :    5 : [8866, 8868, 8870, 8880, 8924]
123.7 :    1 : [8932]
123.8 :   20 : [8848, 8855, 8858, 8861, 8863, 8864, 8879, 8881, 8884, 8886, 8887, 8888, 8889, 8893, 8894, 8900, 8909, 8916, 8918, 8939]
123.9 :   75 : [8845, 8846, 8847, 8849, 8850, 8851, 8852, 8853, 8854, 8856, 8857, 8859, 8860, 8862, 8865, 8867, 8869, 8870, 8871, 8872, 8873, 8874, 8875, 8876, 8877, 8878, 8882, 8883, 8885, 8890, 8891, 8892, 8895, 8896, 8897, 8898, 8899, 8901, 8902, 8903, 8904, 8905, 8906, 8907, 8908, 8910, 8911, 8912, 8913, 8914, 8915, 8917, 8919, 8920, 8921, 8922, 8923, 8925, 8926, 8927, 8928, 8929, 8930, 8931, 8933, 8934, 8935, 8936, 8937, 8938, 8940, 8941, 8942, 8943, 8944]
124.0 :    4 : [8866, 8868, 8880, 8924]
125.8 :    1 : [8932]
125.9 :   20 : [8848, 8855, 8858, 8861, 8863, 8864, 8879, 8881, 8884, 8886, 8887, 8888, 8889, 8893, 8894, 8900, 8909, 8916, 8918, 8939]
126.0 :   62 : [8845, 8846, 8847, 8849, 8850, 8851, 8852, 8853, 8854, 8856, 8862, 8865, 8867, 8870, 8871, 8872, 8873, 8874, 8875, 8876, 8878, 8882, 8890, 8891, 8892, 8896, 8897, 8898, 8899, 8901, 8902, 8903, 8906, 8907, 8908, 8910, 8911, 8912, 8913, 8914, 8915, 8917, 8919, 8920, 8921, 8922, 8925, 8927, 8928, 8929, 8930, 8931, 8933, 8934, 8935, 8936, 8937, 8938, 8941, 8942, 8943, 8944]
126.1 :    5 : [8857, 8883, 8885, 8895, 8905]
126.2 :    3 : [8866, 8868, 8924]
126.3 :    1 : [8880]
126.7 :    1 : [8859]
126.8 :    4 : [8860, 8869, 8926, 8940]
126.9 :    3 : [8877, 8904, 8923]
127.9 :    1 : [8932]
128.0 :    4 : [8855, 8879, 8884, 8918]
128.1 :   20 : [8848, 8849, 8852, 8853, 8858, 8863, 8864, 8865, 8872, 8878, 8881, 8887, 8890, 8894, 8900, 8906, 8916, 8929, 8933, 8943]
128.2 :   24 : [8846, 8847, 8850, 8871, 8873, 8874, 8875, 8876, 8882, 8886, 8889, 8893, 8898, 8901, 8902, 8909, 8910, 8914, 8917, 8920, 8928, 8930, 8931, 8941]
128.3 :   27 : [8851, 8854, 8857, 8862, 8867, 8891, 8892, 8896, 8897, 8899, 8903, 8907, 8908, 8911, 8912, 8913, 8915, 8919, 8922, 8925, 8927, 8934, 8935, 8936, 8937, 8938, 8944]
128.4 :    5 : [8845, 8883, 8885, 8895, 8905]
128.5 :    4 : [8866, 8868, 8880, 8924]
128.6 :    3 : [8856, 8870, 8921]
128.7 :    2 : [8939, 8942]
128.8 :    3 : [8859, 8861, 8888]
128.9 :    3 : [8860, 8926, 8940]
129.0 :    2 : [8877, 8923]
129.8 :    1 : [8869]
129.9 :    1 : [8904]
130.1 :    4 : [8879, 8884, 8918, 8932]
130.2 :    9 : [8849, 8852, 8853, 8855, 8878, 8890, 8894, 8906, 8943]
130.3 :   12 : [8846, 8848, 8858, 8863, 8864, 8865, 8872, 8881, 8887, 8916, 8929, 8933]
130.4 :   19 : [8847, 8850, 8871, 8874, 8875, 8882, 8886, 8889, 8893, 8900, 8901, 8902, 8909, 8910, 8914, 8920, 8928, 8930, 8941]
130.5 :   29 : [8851, 8854, 8857, 8862, 8867, 8873, 8876, 8891, 8892, 8896, 8897, 8898, 8899, 8907, 8908, 8911, 8913, 8917, 8919, 8922, 8925, 8927, 8931, 8934, 8935, 8936, 8937, 8938, 8944]
130.6 :    8 : [8845, 8883, 8885, 8895, 8903, 8905, 8912, 8915]
130.7 :    6 : [8856, 8866, 8868, 8870, 8921, 8924]
130.8 :    3 : [8880, 8939, 8942]
130.9 :    3 : [8859, 8861, 8888]
131.0 :    3 : [8860, 8926, 8940]
131.1 :    2 : [8877, 8923]
131.9 :    1 : [8869]
132.0 :    1 : [8904]
132.2 :    4 : [8879, 8884, 8918, 8932]
132.3 :    9 : [8849, 8852, 8853, 8855, 8878, 8890, 8894, 8906, 8943]
132.4 :    1 : [8863]
132.5 :    8 : [8846, 8848, 8864, 8865, 8881, 8887, 8929, 8933]
132.6 :   11 : [8850, 8858, 8872, 8874, 8875, 8882, 8900, 8901, 8916, 8920, 8928]
132.7 :   28 : [8847, 8862, 8867, 8871, 8873, 8876, 8886, 8889, 8891, 8893, 8896, 8898, 8902, 8907, 8909, 8910, 8911, 8913, 8914, 8917, 8930, 8931, 8934, 8935, 8937, 8938, 8941, 8944]
132.8 :   19 : [8845, 8851, 8854, 8857, 8883, 8892, 8895, 8897, 8899, 8903, 8905, 8908, 8912, 8915, 8919, 8922, 8925, 8927, 8936]
132.9 :    9 : [8856, 8866, 8868, 8870, 8885, 8921, 8924, 8939, 8942]
133.0 :    4 : [8859, 8861, 8880, 8888]
133.1 :    3 : [8860, 8926, 8940]
133.2 :    2 : [8877, 8923]
134.0 :    1 : [8869]
134.1 :    1 : [8904]
134.3 :    4 : [8879, 8884, 8918, 8932]
134.4 :    6 : [8849, 8853, 8855, 8878, 8894, 8906]
134.5 :    1 : [8863]
134.7 :    3 : [8865, 8881, 8933]
134.8 :    2 : [8846, 8848]
134.9 :   16 : [8850, 8858, 8864, 8872, 8874, 8875, 8882, 8886, 8887, 8900, 8902, 8916, 8920, 8928, 8929, 8930]
135.0 :   29 : [8847, 8867, 8871, 8873, 8876, 8889, 8891, 8893, 8896, 8897, 8898, 8901, 8907, 8909, 8910, 8911, 8913, 8914, 8917, 8922, 8925, 8931, 8934, 8935, 8936, 8937, 8938, 8941, 8944]
135.1 :   23 : [8845, 8851, 8854, 8856, 8857, 8862, 8866, 8883, 8885, 8892, 8895, 8899, 8903, 8905, 8908, 8912, 8915, 8919, 8921, 8924, 8927, 8939, 8942]
135.2 :   11 : [8852, 8859, 8860, 8861, 8868, 8870, 8880, 8888, 8890, 8926, 8940]
135.3 :    3 : [8877, 8923, 8943]
136.3 :    2 : [8869, 8904]
136.4 :    4 : [8879, 8884, 8918, 8932]
136.5 :    6 : [8849, 8853, 8855, 8878, 8894, 8906]
136.6 :    1 : [8863]
136.8 :    2 : [8865, 8933]
136.9 :    2 : [8848, 8881]
137.0 :    2 : [8846, 8887]
137.1 :   11 : [8850, 8858, 8864, 8872, 8875, 8882, 8900, 8902, 8916, 8929, 8930]
137.2 :   16 : [8847, 8871, 8874, 8886, 8889, 8893, 8901, 8907, 8909, 8910, 8913, 8914, 8920, 8928, 8941, 8944]
137.3 :   31 : [8845, 8851, 8854, 8857, 8862, 8867, 8873, 8876, 8883, 8891, 8892, 8895, 8896, 8897, 8898, 8899, 8905, 8908, 8911, 8915, 8917, 8919, 8922, 8925, 8927, 8931, 8934, 8935, 8936, 8937, 8938]
137.4 :   17 : [8852, 8856, 8859, 8860, 8861, 8866, 8868, 8870, 8885, 8903, 8912, 8921, 8924, 8926, 8939, 8940, 8942]
137.5 :    6 : [8877, 8880, 8888, 8890, 8923, 8943]
138.5 :    4 : [8869, 8879, 8904, 8918]
138.6 :    8 : [8849, 8853, 8855, 8878, 8884, 8894, 8906, 8932]
138.7 :    1 : [8863]
138.9 :    2 : [8865, 8933]
139.0 :    2 : [8848, 8881]
139.1 :    1 : [8846]
139.2 :    4 : [8872, 8882, 8887, 8929]
139.3 :    9 : [8850, 8858, 8864, 8874, 8875, 8900, 8902, 8916, 8930]
139.4 :   17 : [8847, 8857, 8871, 8873, 8886, 8889, 8893, 8901, 8907, 8909, 8910, 8913, 8920, 8928, 8937, 8941, 8944]
139.5 :   27 : [8845, 8851, 8854, 8867, 8876, 8883, 8891, 8896, 8897, 8898, 8899, 8905, 8908, 8911, 8914, 8915, 8917, 8919, 8922, 8925, 8931, 8934, 8935, 8936, 8938, 8940, 8942]
139.6 :   18 : [8852, 8856, 8859, 8860, 8861, 8862, 8866, 8868, 8885, 8892, 8895, 8903, 8912, 8921, 8924, 8926, 8927, 8939]
139.7 :    6 : [8877, 8880, 8888, 8890, 8923, 8943]
139.8 :    1 : [8870]
140.7 :    6 : [8849, 8869, 8878, 8904, 8906, 8918]
140.8 :    6 : [8853, 8855, 8879, 8884, 8894, 8932]
140.9 :    1 : [8863]
141.0 :    2 : [8865, 8933]
141.1 :    1 : [8848]
141.2 :    1 : [8881]
141.3 :    4 : [8846, 8872, 8882, 8887]
141.4 :    7 : [8850, 8858, 8864, 8902, 8916, 8929, 8930]
141.5 :   11 : [8847, 8857, 8874, 8875, 8889, 8893, 8900, 8909, 8910, 8920, 8928]
141.6 :   17 : [8851, 8854, 8871, 8873, 8886, 8898, 8901, 8907, 8911, 8913, 8914, 8917, 8925, 8937, 8941, 8942, 8944]
141.7 :   29 : [8845, 8852, 8856, 8859, 8860, 8861, 8862, 8867, 8876, 8883, 8891, 8892, 8895, 8896, 8897, 8899, 8905, 8908, 8915, 8919, 8921, 8922, 8927, 8931, 8934, 8935, 8936, 8938, 8940]
141.8 :   12 : [8866, 8868, 8877, 8885, 8888, 8890, 8903, 8912, 8923, 8924, 8926, 8939]
141.9 :    2 : [8880, 8943]
142.4 :    1 : [8870]
142.8 :    3 : [8849, 8878, 8904]
142.9 :    5 : [8853, 8869, 8884, 8906, 8918]
143.0 :    5 : [8855, 8863, 8879, 8894, 8932]
143.1 :    1 : [8865]
143.2 :    1 : [8933]
143.4 :    2 : [8848, 8881]
143.5 :    4 : [8846, 8872, 8882, 8887]
143.6 :    8 : [8850, 8858, 8864, 8874, 8902, 8916, 8929, 8930]
143.7 :   17 : [8847, 8871, 8875, 8889, 8893, 8900, 8901, 8909, 8910, 8913, 8914, 8917, 8920, 8928, 8941, 8942, 8944]
143.8 :   31 : [8845, 8851, 8854, 8856, 8857, 8859, 8860, 8861, 8862, 8867, 8873, 8876, 8883, 8886, 8891, 8892, 8896, 8898, 8899, 8907, 8908, 8911, 8919, 8921, 8925, 8931, 8934, 8936, 8937, 8938, 8940]
143.9 :   16 : [8852, 8866, 8877, 8885, 8888, 8890, 8895, 8897, 8905, 8915, 8922, 8923, 8926, 8927, 8935, 8939]
144.0 :    6 : [8868, 8880, 8903, 8912, 8924, 8943]
144.6 :    1 : [8870]
144.9 :    2 : [8849, 8878]
145.0 :    4 : [8853, 8869, 8904, 8918]
145.1 :    5 : [8855, 8879, 8884, 8894, 8906]
145.2 :    3 : [8863, 8865, 8932]
145.4 :    1 : [8933]
145.6 :    3 : [8846, 8848, 8881]
145.7 :    3 : [8872, 8882, 8887]
145.8 :    8 : [8850, 8858, 8864, 8874, 8902, 8916, 8929, 8942]
145.9 :   21 : [8845, 8847, 8856, 8857, 8859, 8871, 8875, 8889, 8893, 8900, 8901, 8909, 8910, 8914, 8917, 8920, 8921, 8928, 8930, 8940, 8941]
146.0 :   19 : [8851, 8854, 8861, 8873, 8876, 8886, 8892, 8898, 8899, 8907, 8908, 8911, 8913, 8919, 8926, 8937, 8938, 8939, 8944]
146.1 :   20 : [8852, 8860, 8862, 8867, 8883, 8888, 8891, 8895, 8896, 8897, 8905, 8915, 8922, 8923, 8925, 8927, 8931, 8934, 8935, 8936]
146.2 :    7 : [8866, 8877, 8885, 8890, 8912, 8924, 8943]
146.3 :    3 : [8868, 8880, 8903]
147.0 :    3 : [8849, 8870, 8878]
147.1 :    3 : [8853, 8869, 8918]
147.2 :    3 : [8884, 8904, 8906]
147.3 :    3 : [8855, 8879, 8894]
147.4 :    3 : [8863, 8865, 8932]
147.6 :    1 : [8933]
147.7 :    1 : [8848]
147.8 :    2 : [8846, 8881]
147.9 :    5 : [8858, 8872, 8882, 8887, 8929]
148.0 :   10 : [8847, 8850, 8859, 8864, 8874, 8902, 8916, 8928, 8940, 8942]
148.1 :   22 : [8845, 8854, 8871, 8875, 8889, 8893, 8899, 8900, 8901, 8909, 8910, 8913, 8914, 8917, 8920, 8921, 8926, 8930, 8937, 8939, 8941, 8944]
148.2 :   25 : [8851, 8852, 8857, 8860, 8861, 8862, 8873, 8876, 8883, 8886, 8888, 8891, 8892, 8897, 8898, 8907, 8908, 8911, 8915, 8919, 8923, 8925, 8931, 8934, 8938]
148.3 :   11 : [8867, 8877, 8890, 8895, 8896, 8905, 8922, 8927, 8935, 8936, 8943]
148.4 :    4 : [8866, 8885, 8912, 8924]
148.5 :    3 : [8868, 8880, 8903]
148.8 :    1 : [8856]
149.2 :    1 : [8869]
149.3 :    5 : [8849, 8853, 8870, 8878, 8918]
149.4 :    1 : [8904]
149.5 :    4 : [8879, 8884, 8894, 8906]
149.6 :    4 : [8855, 8863, 8865, 8932]
149.8 :    1 : [8933]
150.0 :    1 : [8848]
150.1 :    5 : [8846, 8859, 8872, 8881, 8882]
150.2 :    6 : [8850, 8858, 8887, 8929, 8940, 8942]
150.3 :   10 : [8847, 8864, 8874, 8875, 8900, 8902, 8916, 8921, 8926, 8928]
150.4 :   25 : [8845, 8851, 8854, 8860, 8861, 8871, 8886, 8889, 8893, 8898, 8899, 8901, 8909, 8910, 8911, 8913, 8914, 8917, 8920, 8930, 8937, 8938, 8939, 8941, 8944]
150.5 :   21 : [8852, 8857, 8862, 8873, 8876, 8877, 8883, 8888, 8891, 8892, 8897, 8907, 8908, 8915, 8919, 8923, 8925, 8927, 8931, 8934, 8936]
150.6 :    8 : [8867, 8890, 8895, 8896, 8905, 8922, 8935, 8943]
150.7 :    3 : [8866, 8885, 8912]
150.8 :    3 : [8880, 8903, 8924]
150.9 :    1 : [8868]
151.1 :    1 : [8856]
151.5 :    2 : [8869, 8870]
151.6 :    5 : [8849, 8853, 8878, 8904, 8918]
151.8 :    2 : [8884, 8906]
151.9 :    5 : [8855, 8863, 8865, 8879, 8894]
152.0 :    1 : [8932]
152.2 :    1 : [8933]
152.3 :    1 : [8848]
152.4 :    2 : [8846, 8859]
152.5 :    6 : [8872, 8881, 8882, 8887, 8940, 8942]
152.6 :    6 : [8850, 8858, 8864, 8916, 8926, 8929]
152.7 :   15 : [8845, 8847, 8871, 8874, 8875, 8899, 8900, 8901, 8902, 8910, 8914, 8917, 8921, 8928, 8939]
152.8 :   19 : [8851, 8852, 8854, 8860, 8861, 8888, 8889, 8892, 8893, 8898, 8908, 8909, 8911, 8923, 8930, 8937, 8938, 8941, 8944]
152.9 :   17 : [8857, 8862, 8873, 8876, 8877, 8886, 8890, 8891, 8907, 8913, 8915, 8919, 8920, 8925, 8927, 8931, 8943]
153.0 :    6 : [8867, 8883, 8896, 8897, 8934, 8936]
153.1 :    5 : [8885, 8895, 8905, 8922, 8935]
153.2 :    3 : [8866, 8912, 8924]
153.3 :    2 : [8880, 8903]
153.4 :    1 : [8868]
153.5 :    1 : [8856]
153.9 :    2 : [8869, 8870]
154.0 :    2 : [8849, 8878]
154.1 :    3 : [8853, 8904, 8918]
154.2 :    2 : [8884, 8906]
154.3 :    2 : [8855, 8879]
154.4 :    1 : [8894]
154.5 :    3 : [8863, 8865, 8932]
154.8 :    1 : [8933]
154.9 :    2 : [8848, 8859]
155.0 :    5 : [8846, 8872, 8882, 8940, 8942]
155.1 :    4 : [8850, 8887, 8926, 8929]
155.2 :    8 : [8847, 8858, 8864, 8881, 8916, 8921, 8928, 8939]
155.3 :   13 : [8845, 8860, 8861, 8871, 8874, 8875, 8888, 8899, 8900, 8901, 8902, 8914, 8917]
155.4 :   13 : [8851, 8852, 8854, 8862, 8892, 8893, 8898, 8908, 8910, 8911, 8923, 8938, 8944]
155.5 :   12 : [8877, 8886, 8889, 8890, 8891, 8909, 8919, 8930, 8931, 8937, 8941, 8943]
155.6 :    9 : [8857, 8873, 8876, 8907, 8913, 8915, 8920, 8925, 8927]
155.7 :    5 : [8867, 8883, 8897, 8934, 8936]
155.8 :    5 : [8885, 8895, 8896, 8922, 8935]
155.9 :    3 : [8866, 8905, 8912]
156.0 :    1 : [8924]
156.1 :    3 : [8856, 8880, 8903]
156.3 :    1 : [8868]
156.4 :    1 : [8870]
156.5 :    1 : [8869]
156.7 :    2 : [8849, 8878]
156.8 :    3 : [8853, 8904, 8918]
156.9 :    1 : [8884]
157.0 :    1 : [8906]
157.1 :    2 : [8855, 8879]
157.2 :    1 : [8894]
157.3 :    2 : [8863, 8865]
157.4 :    1 : [8932]
157.6 :    2 : [8859, 8933]
157.8 :    6 : [8846, 8848, 8872, 8882, 8940, 8942]
157.9 :    2 : [8887, 8926]
158.0 :    4 : [8850, 8921, 8929, 8939]
158.1 :   12 : [8845, 8847, 8858, 8861, 8864, 8881, 8899, 8902, 8914, 8916, 8917, 8928]
158.2 :    7 : [8860, 8871, 8874, 8875, 8888, 8901, 8923]
158.3 :   14 : [8851, 8852, 8854, 8862, 8892, 8893, 8898, 8900, 8908, 8910, 8911, 8938, 8943, 8944]
158.4 :    7 : [8877, 8890, 8891, 8909, 8919, 8930, 8931]
158.5 :    6 : [8876, 8886, 8889, 8927, 8937, 8941]
158.6 :    7 : [8857, 8873, 8907, 8913, 8915, 8920, 8925]
158.7 :    4 : [8867, 8897, 8934, 8936]
158.8 :    3 : [8883, 8896, 8922]
158.9 :    4 : [8885, 8895, 8912, 8935]
159.0 :    3 : [8856, 8866, 8905]
159.1 :    1 : [8924]
159.2 :    2 : [8880, 8903]
159.3 :    1 : [8870]
159.5 :    2 : [8868, 8869]
159.7 :    1 : [8904]
159.8 :    4 : [8849, 8853, 8878, 8918]
160.0 :    2 : [8884, 8906]
160.1 :    1 : [8855]
160.2 :    1 : [8879]
160.3 :    1 : [8894]
160.4 :    1 : [8865]
160.5 :    2 : [8863, 8932]
160.6 :    1 : [8859]
160.8 :    1 : [8933]
160.9 :    4 : [8846, 8882, 8940, 8942]
161.0 :    2 : [8848, 8872]
161.1 :    5 : [8850, 8887, 8921, 8926, 8929]
161.2 :    3 : [8899, 8917, 8939]
161.3 :   10 : [8845, 8847, 8860, 8861, 8888, 8902, 8914, 8916, 8923, 8928]
161.4 :    4 : [8858, 8864, 8871, 8901]
161.5 :   14 : [8851, 8852, 8854, 8862, 8874, 8875, 8881, 8892, 8898, 8900, 8908, 8910, 8911, 8943]
161.6 :    7 : [8877, 8890, 8893, 8919, 8931, 8938, 8944]
161.7 :    2 : [8891, 8909]
161.8 :    5 : [8889, 8927, 8930, 8937, 8941]
161.9 :    5 : [8873, 8876, 8886, 8913, 8925]
162.0 :    5 : [8857, 8907, 8915, 8920, 8936]
162.1 :    3 : [8867, 8897, 8934]
162.2 :    4 : [8856, 8883, 8896, 8922]
162.3 :    3 : [8885, 8895, 8935]
162.4 :    2 : [8866, 8912]
162.5 :    3 : [8870, 8905, 8924]
162.6 :    2 : [8880, 8932]
162.7 :    1 : [8903]
162.8 :    1 : [8869]
163.1 :    2 : [8868, 8904]
163.2 :    5 : [8849, 8853, 8878, 8918, 8929]
163.3 :    2 : [8899, 8917]
163.4 :    4 : [8847, 8884, 8902, 8914]
163.5 :    3 : [8858, 8871, 8906]
163.6 :    9 : [8854, 8855, 8862, 8879, 8881, 8898, 8900, 8910, 8911]
163.7 :    5 : [8877, 8893, 8919, 8931, 8938]
163.8 :    3 : [8891, 8894, 8909]
163.9 :    6 : [8865, 8889, 8927, 8930, 8937, 8941]
164.0 :    7 : [8859, 8863, 8873, 8876, 8886, 8913, 8925]
164.1 :    5 : [8857, 8907, 8915, 8920, 8936]
164.2 :    3 : [8867, 8897, 8934]
164.3 :    3 : [8883, 8896, 8922]
164.4 :    7 : [8882, 8885, 8895, 8933, 8935, 8940, 8942]
164.5 :    5 : [8846, 8848, 8866, 8872, 8912]
164.6 :    4 : [8905, 8921, 8924, 8926]
164.7 :    4 : [8850, 8880, 8887, 8939]
164.8 :    2 : [8861, 8903]
164.9 :    7 : [8845, 8860, 8869, 8888, 8916, 8923, 8928]
165.0 :    4 : [8864, 8892, 8901, 8908]
165.1 :    5 : [8851, 8852, 8874, 8875, 8943]
165.2 :    4 : [8868, 8890, 8904, 8944]
165.3 :    4 : [8849, 8853, 8878, 8918]
165.5 :    1 : [8884]
165.6 :    1 : [8906]
165.7 :    2 : [8855, 8879]
165.8 :    1 : [8856]
165.9 :    1 : [8894]
166.0 :    2 : [8865, 8870]
166.1 :    4 : [8859, 8863, 8913, 8932]
166.4 :    2 : [8896, 8922]
166.5 :    6 : [8882, 8895, 8933, 8935, 8940, 8942]
166.6 :    4 : [8846, 8848, 8866, 8872]
166.7 :    7 : [8899, 8905, 8917, 8921, 8924, 8926, 8929]
166.8 :    4 : [8850, 8880, 8887, 8939]
166.9 :    5 : [8847, 8861, 8902, 8903, 8914]
167.0 :    7 : [8845, 8860, 8871, 8888, 8916, 8923, 8928]
167.1 :    7 : [8858, 8862, 8864, 8892, 8901, 8908, 8911]
167.2 :   12 : [8851, 8852, 8854, 8874, 8875, 8877, 8881, 8898, 8900, 8910, 8938, 8943]
167.3 :    6 : [8868, 8890, 8893, 8919, 8931, 8944]
167.4 :    4 : [8849, 8853, 8891, 8918]
167.5 :    4 : [8909, 8927, 8930, 8941]
167.6 :    3 : [8876, 8889, 8937]
167.7 :    4 : [8873, 8886, 8906, 8925]
167.8 :    5 : [8855, 8879, 8907, 8915, 8920]
167.9 :    3 : [8856, 8857, 8936]
168.0 :    4 : [8867, 8894, 8897, 8934]
168.1 :    3 : [8865, 8870, 8883]
168.2 :    5 : [8859, 8863, 8885, 8913, 8932]
168.3 :    1 : [8912]
168.5 :    3 : [8869, 8896, 8922]
168.6 :    6 : [8882, 8895, 8933, 8935, 8940, 8942]
168.7 :    4 : [8846, 8848, 8866, 8872]
168.8 :    7 : [8899, 8905, 8917, 8921, 8924, 8926, 8929]
168.9 :    5 : [8850, 8880, 8887, 8904, 8939]
169.0 :    5 : [8847, 8861, 8902, 8903, 8914]
169.1 :    8 : [8845, 8860, 8871, 8878, 8888, 8916, 8923, 8928]
169.2 :    6 : [8858, 8862, 8864, 8892, 8901, 8908]
169.3 :   11 : [8851, 8852, 8854, 8874, 8875, 8877, 8884, 8898, 8910, 8911, 8943]
169.4 :    8 : [8868, 8881, 8890, 8893, 8900, 8931, 8938, 8944]
169.5 :    4 : [8849, 8853, 8918, 8919]
169.6 :    1 : [8891]
169.7 :    3 : [8909, 8927, 8941]
169.8 :    4 : [8876, 8889, 8906, 8930]
169.9 :    4 : [8855, 8879, 8925, 8937]
170.0 :    4 : [8856, 8873, 8886, 8915]
170.1 :    4 : [8894, 8907, 8920, 8936]
170.2 :    5 : [8857, 8865, 8870, 8897, 8934]
170.3 :    4 : [8859, 8863, 8867, 8913]
170.4 :    2 : [8883, 8932]
170.5 :    1 : [8885]
170.6 :    3 : [8896, 8912, 8922]
170.7 :    7 : [8869, 8882, 8895, 8933, 8935, 8940, 8942]
170.8 :    3 : [8846, 8866, 8872]
170.9 :    4 : [8848, 8921, 8924, 8926]
171.0 :    8 : [8850, 8880, 8887, 8899, 8905, 8917, 8929, 8939]
171.1 :    2 : [8861, 8904]
171.2 :    7 : [8845, 8860, 8888, 8903, 8916, 8923, 8928]
171.3 :    4 : [8847, 8901, 8902, 8914]
171.4 :    7 : [8852, 8864, 8871, 8878, 8892, 8908, 8943]
171.5 :    3 : [8851, 8862, 8890]
171.6 :   11 : [8849, 8853, 8858, 8874, 8875, 8877, 8884, 8898, 8910, 8911, 8918]
171.7 :    4 : [8854, 8900, 8938, 8944]
171.8 :    3 : [8893, 8919, 8931]
171.9 :    2 : [8881, 8906]
172.0 :    4 : [8855, 8868, 8879, 8891]
172.1 :    1 : [8927]
172.2 :    5 : [8856, 8889, 8909, 8930, 8941]
172.3 :    5 : [8870, 8876, 8894, 8925, 8937]
172.4 :    2 : [8859, 8886]
172.5 :    3 : [8865, 8873, 8915]
172.6 :    4 : [8907, 8913, 8920, 8936]
172.7 :    4 : [8857, 8863, 8897, 8934]
172.8 :    2 : [8867, 8942]
172.9 :    3 : [8882, 8932, 8940]
173.0 :    2 : [8883, 8922]
173.1 :    4 : [8869, 8872, 8885, 8896]
173.2 :    6 : [8846, 8895, 8912, 8921, 8926, 8933]
173.3 :    2 : [8866, 8935]
173.4 :    4 : [8848, 8850, 8887, 8939]
173.5 :    5 : [8861, 8899, 8917, 8923, 8929]
173.6 :    5 : [8845, 8860, 8888, 8904, 8924]
173.7 :    3 : [8880, 8905, 8928]
173.8 :    3 : [8847, 8914, 8916]
173.9 :    9 : [8852, 8853, 8878, 8892, 8901, 8902, 8903, 8908, 8943]
174.0 :    5 : [8849, 8864, 8871, 8890, 8918]
174.1 :    2 : [8851, 8862]
174.2 :    7 : [8858, 8874, 8875, 8877, 8884, 8898, 8911]
174.3 :    3 : [8854, 8910, 8944]
174.4 :    7 : [8855, 8893, 8900, 8906, 8919, 8931, 8938]
174.7 :    4 : [8856, 8879, 8881, 8891]
174.8 :    3 : [8859, 8870, 8927]
174.9 :    2 : [8909, 8941]
175.0 :    4 : [8868, 8889, 8894, 8930]
175.1 :    3 : [8876, 8925, 8937]
175.3 :    4 : [8865, 8873, 8886, 8915]
175.5 :    5 : [8863, 8907, 8913, 8936, 8942]
175.6 :    3 : [8857, 8920, 8940]
175.7 :    4 : [8867, 8882, 8897, 8934]
175.8 :    2 : [8869, 8932]
175.9 :    2 : [8921, 8926]
176.0 :    4 : [8846, 8872, 8883, 8922]
176.1 :    2 : [8885, 8933]
176.2 :    2 : [8896, 8939]
176.3 :    7 : [8848, 8850, 8887, 8899, 8912, 8917, 8923]
176.4 :    7 : [8860, 8861, 8888, 8895, 8904, 8929, 8935]
176.5 :    2 : [8845, 8866]
176.6 :    1 : [8928]
176.7 :    1 : [8914]
176.8 :    4 : [8847, 8901, 8916, 8943]
176.9 :    7 : [8852, 8853, 8878, 8892, 8902, 8908, 8924]
177.0 :    3 : [8849, 8890, 8918]
177.1 :    4 : [8851, 8862, 8871, 8880]
177.2 :    3 : [8864, 8877, 8884]
177.3 :    2 : [8905, 8911]
177.4 :    5 : [8858, 8874, 8875, 8898, 8903]
177.5 :    5 : [8854, 8855, 8906, 8910, 8944]
177.6 :    2 : [8931, 8938]
177.7 :    4 : [8870, 8893, 8900, 8919]
177.8 :    1 : [8856]
177.9 :    2 : [8859, 8879]
178.1 :    1 : [8891]
178.3 :    1 : [8927]
178.5 :    1 : [8894]
178.6 :    1 : [8881]
178.7 :    1 : [8941]
178.8 :    2 : [8909, 8942]
178.9 :    2 : [8876, 8889]
179.0 :    2 : [8930, 8940]
179.2 :    3 : [8865, 8882, 8925]
179.3 :    1 : [8869]
179.5 :    2 : [8921, 8937]
179.6 :    1 : [8926]
180.1 :    2 : [8872, 8939]
180.4 :    2 : [8915, 8923]
180.7 :    2 : [8846, 8888]
180.8 :    2 : [8861, 8904]
181.1 :    2 : [8860, 8899]
181.2 :    2 : [8863, 8917]
311.8 :   57 : [8845, 8847, 8852, 8853, 8855, 8856, 8858, 8859, 8860, 8862, 8864, 8867, 8868, 8869, 8870, 8871, 8873, 8874, 8875, 8876, 8877, 8878, 8879, 8882, 8883, 8885, 8886, 8887, 8892, 8893, 8894, 8895, 8898, 8899, 8900, 8902, 8903, 8906, 8907, 8908, 8909, 8910, 8913, 8914, 8916, 8917, 8919, 8923, 8924, 8931, 8938, 8939, 8940, 8941, 8942, 8943, 8944]
311.9 :   19 : [8846, 8849, 8850, 8854, 8857, 8863, 8881, 8888, 8891, 8896, 8901, 8904, 8911, 8912, 8925, 8928, 8929, 8932, 8933]
312.0 :   16 : [8861, 8866, 8872, 8889, 8890, 8897, 8905, 8915, 8918, 8921, 8922, 8926, 8927, 8935, 8936, 8937]
312.1 :    5 : [8848, 8884, 8920, 8930, 8934]
312.2 :    2 : [8865, 8880]
313.9 :    4 : [8868, 8873, 8887, 8907]
314.2 :    1 : [8934]
314.7 :    1 : [8870]
314.8 :   18 : [8845, 8852, 8853, 8855, 8856, 8859, 8860, 8864, 8867, 8877, 8892, 8898, 8906, 8914, 8917, 8923, 8942, 8943]
314.9 :   38 : [8850, 8854, 8857, 8858, 8862, 8869, 8871, 8872, 8874, 8875, 8878, 8879, 8881, 8882, 8883, 8885, 8886, 8888, 8894, 8895, 8899, 8900, 8901, 8902, 8904, 8908, 8910, 8912, 8915, 8919, 8921, 8928, 8931, 8938, 8939, 8940, 8941, 8944]
315.0 :   25 : [8846, 8847, 8849, 8861, 8863, 8876, 8890, 8891, 8893, 8896, 8897, 8903, 8905, 8909, 8911, 8913, 8916, 8918, 8924, 8925, 8926, 8927, 8929, 8932, 8933]
315.1 :    5 : [8884, 8922, 8935, 8936, 8937]
315.2 :    4 : [8866, 8889, 8920, 8930]
315.3 :    2 : [8848, 8865]
315.4 :    1 : [8880]
316.3 :    2 : [8887, 8907]
316.4 :    1 : [8873]
316.5 :    1 : [8868]
316.8 :    1 : [8934]
317.1 :    1 : [8870]
317.2 :    1 : [8942]
317.3 :   11 : [8845, 8852, 8855, 8859, 8860, 8878, 8892, 8898, 8906, 8917, 8921]
317.4 :   23 : [8853, 8856, 8862, 8864, 8867, 8869, 8871, 8872, 8877, 8882, 8888, 8899, 8901, 8902, 8904, 8914, 8919, 8923, 8928, 8931, 8939, 8940, 8943]
317.5 :   28 : [8846, 8849, 8850, 8854, 8857, 8858, 8874, 8875, 8879, 8881, 8883, 8885, 8890, 8894, 8895, 8908, 8910, 8912, 8913, 8915, 8916, 8918, 8925, 8926, 8927, 8938, 8941, 8944]
317.6 :   15 : [8861, 8863, 8876, 8884, 8886, 8891, 8893, 8896, 8900, 8903, 8905, 8911, 8929, 8932, 8933]
317.7 :    9 : [8847, 8889, 8897, 8909, 8924, 8930, 8935, 8936, 8937]
317.8 :    3 : [8848, 8920, 8922]
317.9 :    2 : [8865, 8866]
318.1 :    1 : [8880]
318.8 :    2 : [8887, 8907]
318.9 :    1 : [8873]
319.0 :    1 : [8868]
319.2 :    1 : [8870]
319.4 :    1 : [8934]
319.5 :    2 : [8860, 8942]
319.6 :   11 : [8845, 8852, 8855, 8859, 8869, 8878, 8892, 8898, 8902, 8906, 8921]
319.7 :   15 : [8853, 8856, 8871, 8872, 8877, 8882, 8888, 8901, 8904, 8914, 8917, 8928, 8931, 8940, 8943]
319.8 :   15 : [8850, 8857, 8862, 8867, 8874, 8875, 8890, 8899, 8915, 8918, 8923, 8926, 8927, 8939, 8944]
319.9 :   20 : [8846, 8849, 8854, 8858, 8861, 8863, 8864, 8879, 8884, 8891, 8894, 8908, 8910, 8912, 8913, 8916, 8919, 8929, 8938, 8941]
320.0 :   10 : [8881, 8883, 8885, 8895, 8896, 8903, 8905, 8911, 8925, 8933]
320.1 :    7 : [8876, 8886, 8893, 8900, 8909, 8932, 8936]
320.2 :    7 : [8847, 8889, 8897, 8924, 8930, 8935, 8937]
320.3 :    3 : [8848, 8920, 8922]
320.4 :    1 : [8865]
320.5 :    1 : [8866]
320.6 :    1 : [8880]
321.2 :    2 : [8887, 8907]
321.3 :    1 : [8873]
321.4 :    1 : [8870]
321.5 :    1 : [8868]
321.7 :    3 : [8859, 8860, 8942]
321.8 :    8 : [8845, 8855, 8869, 8878, 8892, 8898, 8906, 8921]
321.9 :   12 : [8852, 8853, 8856, 8872, 8882, 8901, 8902, 8914, 8917, 8918, 8928, 8934]
322.0 :   12 : [8862, 8871, 8877, 8888, 8899, 8904, 8923, 8926, 8931, 8939, 8940, 8943]
322.1 :   12 : [8846, 8850, 8857, 8867, 8874, 8875, 8890, 8908, 8915, 8927, 8938, 8944]
322.2 :   16 : [8849, 8854, 8858, 8861, 8863, 8864, 8879, 8884, 8891, 8894, 8910, 8912, 8916, 8919, 8929, 8941]
322.3 :    5 : [8881, 8905, 8913, 8925, 8933]
322.4 :    8 : [8883, 8885, 8886, 8893, 8895, 8896, 8903, 8911]
322.5 :    9 : [8876, 8889, 8897, 8900, 8909, 8930, 8932, 8935, 8936]
322.6 :    4 : [8847, 8848, 8920, 8937]
322.7 :    2 : [8922, 8924]
322.8 :    1 : [8865]
322.9 :    1 : [8866]
323.1 :    1 : [8880]
323.4 :    1 : [8887]
323.6 :    2 : [8870, 8907]
323.7 :    1 : [8873]
323.9 :    4 : [8859, 8860, 8868, 8942]
324.0 :    9 : [8845, 8852, 8855, 8878, 8892, 8898, 8901, 8906, 8921]
324.1 :   11 : [8853, 8856, 8869, 8872, 8882, 8888, 8902, 8914, 8918, 8926, 8928]
324.2 :    8 : [8871, 8877, 8899, 8904, 8917, 8939, 8940, 8943]
324.3 :   13 : [8846, 8850, 8857, 8862, 8874, 8875, 8890, 8908, 8915, 8923, 8931, 8934, 8944]
324.4 :    8 : [8854, 8858, 8867, 8879, 8891, 8927, 8938, 8941]
324.5 :   12 : [8849, 8861, 8863, 8864, 8884, 8894, 8905, 8910, 8912, 8916, 8919, 8929]
324.6 :    6 : [8881, 8893, 8911, 8913, 8925, 8933]
324.7 :    2 : [8883, 8886]
324.8 :   11 : [8876, 8885, 8889, 8895, 8896, 8897, 8903, 8930, 8932, 8935, 8936]
324.9 :    3 : [8848, 8900, 8909]
325.0 :    4 : [8847, 8920, 8924, 8937]
325.1 :    2 : [8865, 8922]
325.3 :    1 : [8866]
325.5 :    1 : [8880]
325.7 :    2 : [8870, 8887]
325.9 :    1 : [8907]
326.1 :    4 : [8859, 8860, 8873, 8942]
326.2 :   12 : [8845, 8852, 8855, 8869, 8878, 8882, 8892, 8898, 8901, 8906, 8921, 8928]
326.3 :    9 : [8853, 8856, 8868, 8872, 8888, 8902, 8914, 8918, 8926]
326.4 :    9 : [8871, 8877, 8890, 8899, 8904, 8917, 8939, 8940, 8943]
326.5 :   12 : [8846, 8850, 8857, 8862, 8874, 8875, 8915, 8923, 8927, 8931, 8938, 8944]
326.6 :    5 : [8854, 8858, 8879, 8891, 8908]
326.7 :   11 : [8849, 8861, 8863, 8864, 8867, 8884, 8912, 8919, 8929, 8934, 8941]
326.8 :    6 : [8893, 8894, 8905, 8910, 8916, 8933]
326.9 :    5 : [8881, 8886, 8911, 8913, 8925]
327.0 :    2 : [8876, 8889]
327.1 :   11 : [8883, 8885, 8895, 8896, 8897, 8903, 8909, 8930, 8932, 8935, 8936]
327.2 :    4 : [8848, 8900, 8920, 8937]
327.3 :    1 : [8847]
327.4 :    3 : [8865, 8922, 8924]
327.7 :    1 : [8866]
327.8 :    1 : [8880]
327.9 :    1 : [8870]
328.0 :    1 : [8887]
328.2 :    2 : [8859, 8907]
328.3 :    7 : [8845, 8855, 8860, 8901, 8906, 8921, 8942]
328.4 :   10 : [8852, 8869, 8873, 8878, 8882, 8892, 8898, 8902, 8914, 8928]
328.5 :    8 : [8853, 8856, 8872, 8888, 8904, 8918, 8926, 8939]
328.6 :    6 : [8871, 8890, 8899, 8917, 8940, 8943]
328.7 :   11 : [8846, 8850, 8857, 8862, 8868, 8875, 8877, 8915, 8923, 8931, 8938]
328.8 :    4 : [8874, 8908, 8927, 8944]
328.9 :   10 : [8849, 8854, 8858, 8861, 8864, 8867, 8879, 8891, 8929, 8941]
329.0 :    9 : [8863, 8884, 8893, 8894, 8905, 8910, 8912, 8919, 8934]
329.1 :    4 : [8881, 8913, 8916, 8933]
329.2 :    4 : [8886, 8889, 8911, 8925]
329.3 :    5 : [8876, 8883, 8930, 8932, 8936]
329.4 :    7 : [8885, 8895, 8896, 8897, 8903, 8909, 8935]
329.5 :    3 : [8900, 8920, 8937]
329.6 :    2 : [8847, 8848]
329.7 :    3 : [8865, 8922, 8924]
330.0 :    2 : [8866, 8870]
330.2 :    2 : [8880, 8887]
330.4 :    2 : [8859, 8907]
330.5 :    7 : [8855, 8860, 8878, 8901, 8906, 8921, 8942]
330.6 :   12 : [8845, 8852, 8856, 8869, 8873, 8882, 8892, 8898, 8902, 8914, 8926, 8928]
330.7 :    4 : [8853, 8872, 8888, 8918]
330.8 :    8 : [8871, 8890, 8899, 8904, 8917, 8939, 8940, 8943]
330.9 :   10 : [8846, 8850, 8857, 8862, 8877, 8915, 8923, 8927, 8931, 8938]
331.0 :    6 : [8868, 8874, 8875, 8879, 8908, 8944]
331.1 :    7 : [8849, 8854, 8858, 8864, 8891, 8929, 8941]
331.2 :    9 : [8861, 8863, 8867, 8884, 8893, 8905, 8910, 8912, 8919]
331.3 :    5 : [8881, 8894, 8913, 8933, 8934]
331.4 :    4 : [8886, 8911, 8916, 8925]
331.5 :    3 : [8889, 8930, 8936]
331.6 :    7 : [8876, 8883, 8897, 8903, 8909, 8932, 8935]
331.7 :    3 : [8885, 8895, 8896]
331.8 :    4 : [8848, 8900, 8920, 8937]
331.9 :    1 : [8847]
332.0 :    3 : [8865, 8922, 8924]
332.2 :    1 : [8870]
332.4 :    2 : [8866, 8887]
332.6 :    4 : [8859, 8860, 8880, 8921]
332.7 :    7 : [8845, 8855, 8878, 8901, 8906, 8907, 8942]
332.8 :    8 : [8856, 8869, 8882, 8892, 8898, 8914, 8926, 8928]
332.9 :    8 : [8852, 8853, 8872, 8873, 8888, 8902, 8904, 8918]
333.0 :    6 : [8871, 8899, 8917, 8939, 8940, 8943]
333.1 :   10 : [8846, 8850, 8857, 8862, 8877, 8890, 8915, 8923, 8927, 8938]
333.2 :    4 : [8874, 8875, 8931, 8944]
333.3 :   10 : [8849, 8854, 8858, 8864, 8868, 8879, 8891, 8908, 8929, 8941]
333.4 :    7 : [8861, 8863, 8867, 8884, 8893, 8905, 8919]
333.5 :    5 : [8881, 8894, 8910, 8912, 8913]
333.6 :    3 : [8886, 8933, 8934]
333.7 :    6 : [8889, 8911, 8916, 8925, 8930, 8936]
333.8 :    2 : [8876, 8932]
333.9 :    5 : [8883, 8897, 8903, 8909, 8935]
334.0 :    3 : [8895, 8896, 8920]
334.1 :    4 : [8848, 8885, 8900, 8937]
334.2 :    2 : [8847, 8865]
334.3 :    2 : [8922, 8924]
334.4 :    1 : [8870]
334.6 :    1 : [8887]
334.7 :    1 : [8866]
334.8 :    3 : [8859, 8860, 8921]
334.9 :    8 : [8845, 8855, 8878, 8880, 8901, 8906, 8907, 8942]
335.0 :    7 : [8856, 8869, 8882, 8898, 8914, 8926, 8928]
335.1 :    7 : [8852, 8853, 8872, 8888, 8892, 8902, 8918]
335.2 :    7 : [8871, 8873, 8899, 8904, 8917, 8939, 8940]
335.3 :    6 : [8846, 8850, 8862, 8877, 8890, 8943]
335.4 :    6 : [8857, 8875, 8915, 8923, 8927, 8938]
335.5 :    6 : [8854, 8874, 8879, 8908, 8931, 8944]
335.6 :   12 : [8849, 8858, 8863, 8864, 8868, 8884, 8891, 8893, 8905, 8919, 8929, 8941]
335.7 :    1 : [8861]
335.8 :    6 : [8867, 8881, 8894, 8910, 8912, 8913]
335.9 :    4 : [8886, 8889, 8933, 8934]
336.0 :    5 : [8911, 8916, 8925, 8930, 8936]
336.1 :    3 : [8876, 8897, 8932]
336.2 :    4 : [8883, 8903, 8909, 8935]
336.3 :    1 : [8920]
336.4 :    5 : [8848, 8895, 8896, 8900, 8937]
336.5 :    3 : [8847, 8865, 8885]
336.6 :    2 : [8870, 8924]
336.7 :    1 : [8922]
336.9 :    1 : [8887]
337.0 :    2 : [8859, 8921]
337.1 :    5 : [8855, 8860, 8878, 8901, 8942]
337.2 :    8 : [8845, 8856, 8866, 8869, 8882, 8898, 8906, 8928]
337.3 :    9 : [8852, 8872, 8888, 8892, 8902, 8907, 8914, 8918, 8926]
337.4 :    6 : [8853, 8871, 8880, 8904, 8939, 8940]
337.5 :    6 : [8850, 8873, 8890, 8899, 8917, 8943]
337.6 :    7 : [8846, 8857, 8862, 8877, 8915, 8927, 8938]
337.7 :    4 : [8875, 8879, 8923, 8944]
337.8 :    9 : [8854, 8858, 8864, 8874, 8891, 8893, 8908, 8929, 8931]
337.9 :    6 : [8849, 8863, 8884, 8905, 8919, 8941]
338.0 :    4 : [8861, 8868, 8894, 8910]
338.1 :    4 : [8867, 8881, 8912, 8913]
338.2 :    3 : [8886, 8889, 8933]
338.3 :    5 : [8911, 8916, 8930, 8934, 8936]
338.4 :    2 : [8925, 8932]
338.5 :    3 : [8876, 8897, 8935]
338.6 :    4 : [8883, 8903, 8909, 8920]
338.7 :    1 : [8848]
338.8 :    6 : [8865, 8870, 8895, 8896, 8900, 8937]
338.9 :    1 : [8847]
339.0 :    2 : [8885, 8924]
339.1 :    1 : [8887]
339.2 :    2 : [8859, 8922]
339.3 :    3 : [8855, 8860, 8921]
339.4 :    4 : [8878, 8901, 8906, 8942]
339.5 :    8 : [8845, 8852, 8856, 8869, 8872, 8882, 8898, 8928]
339.6 :    7 : [8866, 8888, 8892, 8902, 8914, 8918, 8926]
339.7 :    5 : [8853, 8871, 8904, 8907, 8940]
339.8 :    4 : [8850, 8917, 8939, 8943]
339.9 :   11 : [8846, 8857, 8862, 8873, 8877, 8880, 8890, 8899, 8915, 8927, 8938]
340.0 :    2 : [8879, 8923]
340.1 :    2 : [8893, 8944]
340.2 :   11 : [8854, 8858, 8864, 8874, 8875, 8884, 8891, 8905, 8908, 8929, 8931]
340.3 :    4 : [8861, 8863, 8919, 8941]
340.4 :    4 : [8849, 8894, 8910, 8913]
340.5 :    3 : [8867, 8868, 8881]
340.6 :    4 : [8886, 8889, 8912, 8936]
340.7 :    3 : [8916, 8930, 8933]
340.8 :    2 : [8911, 8925]
340.9 :    2 : [8932, 8934]
341.0 :    5 : [8876, 8897, 8909, 8920, 8935]
341.1 :    3 : [8848, 8883, 8903]
341.2 :    1 : [8870]
341.3 :    4 : [8847, 8865, 8896, 8900]
341.4 :    2 : [8895, 8937]
341.5 :    2 : [8887, 8924]
341.6 :    3 : [8859, 8885, 8921]
341.7 :    4 : [8855, 8860, 8878, 8942]
341.8 :    6 : [8856, 8869, 8872, 8901, 8906, 8922]
341.9 :    4 : [8852, 8898, 8918, 8928]
342.0 :    6 : [8845, 8882, 8888, 8892, 8914, 8926]
342.1 :    4 : [8853, 8902, 8904, 8940]
342.2 :    4 : [8850, 8866, 8871, 8939]
342.3 :    6 : [8846, 8890, 8899, 8907, 8917, 8943]
342.4 :    7 : [8857, 8862, 8877, 8879, 8915, 8927, 8938]
342.5 :    3 : [8873, 8893, 8923]
342.6 :    2 : [8880, 8929]
342.7 :    9 : [8858, 8864, 8874, 8875, 8884, 8891, 8905, 8908, 8944]
342.8 :    5 : [8854, 8863, 8919, 8931, 8941]
342.9 :    3 : [8861, 8910, 8913]
343.0 :    3 : [8849, 8881, 8894]
343.1 :    4 : [8867, 8868, 8889, 8936]
343.2 :    2 : [8886, 8930]
343.3 :    4 : [8911, 8912, 8916, 8933]
343.5 :    5 : [8848, 8920, 8925, 8932, 8935]
343.6 :    5 : [8870, 8876, 8897, 8909, 8934]
343.7 :    1 : [8883]
343.8 :    1 : [8903]
343.9 :    1 : [8865]
344.0 :    5 : [8847, 8859, 8887, 8896, 8921]
344.1 :    3 : [8855, 8895, 8900]
344.2 :    6 : [8856, 8860, 8878, 8924, 8937, 8942]
344.3 :    3 : [8869, 8872, 8906]
344.4 :    4 : [8852, 8885, 8898, 8901]
344.5 :    3 : [8888, 8918, 8928]
344.6 :    6 : [8845, 8882, 8892, 8914, 8922, 8926]
344.7 :    4 : [8853, 8902, 8904, 8940]
344.8 :    3 : [8850, 8871, 8939]
344.9 :    4 : [8846, 8890, 8917, 8943]
345.0 :    6 : [8857, 8866, 8879, 8915, 8927, 8938]
345.1 :    4 : [8862, 8877, 8899, 8907]
345.2 :    1 : [8893]
345.3 :    4 : [8858, 8873, 8923, 8929]
345.4 :    3 : [8864, 8874, 8884]
345.5 :    8 : [8863, 8875, 8891, 8905, 8908, 8910, 8913, 8944]
345.6 :    3 : [8880, 8919, 8941]
345.7 :    3 : [8854, 8861, 8931]
345.8 :    2 : [8849, 8894]
345.9 :    5 : [8868, 8881, 8889, 8930, 8936]
346.0 :    2 : [8867, 8886]
346.1 :    3 : [8911, 8916, 8933]
346.2 :    1 : [8912]
346.3 :    3 : [8848, 8920, 8925]
346.4 :    3 : [8870, 8932, 8935]
346.5 :    3 : [8876, 8897, 8909]
346.6 :    2 : [8883, 8934]
346.7 :    2 : [8859, 8921]
346.8 :    4 : [8847, 8865, 8887, 8903]
346.9 :    4 : [8855, 8856, 8860, 8896]
347.0 :    5 : [8869, 8872, 8878, 8906, 8942]
347.1 :    1 : [8924]
347.2 :    4 : [8852, 8895, 8900, 8901]
347.3 :    4 : [8898, 8918, 8928, 8937]
347.4 :    1 : [8888]
347.5 :    1 : [8926]
347.6 :    8 : [8845, 8853, 8882, 8885, 8892, 8904, 8914, 8940]
347.7 :    5 : [8850, 8871, 8902, 8922, 8939]
347.8 :    1 : [8890]
347.9 :    6 : [8846, 8857, 8879, 8915, 8917, 8943]
348.0 :    4 : [8862, 8893, 8927, 8938]
348.1 :    3 : [8866, 8877, 8899]
348.2 :    1 : [8907]
348.3 :    2 : [8858, 8929]
348.4 :    3 : [8873, 8884, 8923]
348.5 :    6 : [8864, 8874, 8891, 8905, 8910, 8913]
348.6 :    3 : [8863, 8908, 8944]
348.7 :    3 : [8875, 8919, 8941]
348.8 :    1 : [8854]
348.9 :    6 : [8849, 8861, 8889, 8894, 8931, 8936]
349.0 :    3 : [8880, 8881, 8930]
349.1 :    2 : [8868, 8911]
349.2 :    2 : [8886, 8933]
349.3 :    4 : [8848, 8867, 8916, 8920]
349.4 :    1 : [8870]
349.5 :    2 : [8912, 8925]
349.6 :    1 : [8935]
349.7 :    6 : [8859, 8876, 8897, 8909, 8921, 8932]
349.8 :    1 : [8883]
349.9 :    1 : [8887]
350.0 :    9 : [8855, 8856, 8860, 8865, 8869, 8872, 8878, 8906, 8934]
350.1 :    3 : [8847, 8903, 8942]
350.2 :    2 : [8852, 8896]
350.3 :    1 : [8901]
350.4 :    2 : [8898, 8924]
350.5 :    3 : [8888, 8918, 8928]
350.6 :    2 : [8895, 8900]
350.7 :    1 : [8926]
350.8 :    6 : [8853, 8892, 8904, 8914, 8937, 8940]
350.9 :    1 : [8882]
351.0 :    6 : [8845, 8850, 8871, 8902, 8931, 8939]
351.1 :    6 : [8879, 8880, 8885, 8890, 8915, 8922]
351.2 :    4 : [8846, 8857, 8917, 8943]
351.3 :    3 : [8886, 8893, 8927]
351.4 :    3 : [8862, 8877, 8938]
351.5 :    1 : [8899]
351.6 :    4 : [8866, 8912, 8925, 8929]
351.7 :    5 : [8858, 8884, 8907, 8913, 8935]
351.8 :    2 : [8873, 8876]
351.9 :    6 : [8864, 8874, 8883, 8905, 8910, 8923]
352.0 :    2 : [8863, 8891]
352.1 :    3 : [8908, 8934, 8944]
352.2 :    3 : [8903, 8919, 8941]
352.3 :    5 : [8854, 8875, 8889, 8896, 8936]
352.4 :    4 : [8849, 8861, 8894, 8930]
352.5 :    3 : [8881, 8911, 8924]
352.6 :    2 : [8888, 8928]
352.7 :    4 : [8848, 8868, 8895, 8900]
352.8 :    4 : [8870, 8916, 8920, 8933]
352.9 :    4 : [8867, 8892, 8914, 8937]
353.0 :    3 : [8859, 8882, 8921]
353.1 :    4 : [8845, 8871, 8902, 8939]
353.2 :    4 : [8879, 8885, 8890, 8922]
353.3 :    8 : [8846, 8857, 8887, 8897, 8909, 8917, 8932, 8943]
353.4 :    6 : [8856, 8860, 8869, 8872, 8906, 8927]
353.5 :    7 : [8855, 8862, 8865, 8877, 8878, 8938, 8942]
353.6 :    2 : [8847, 8899]
353.7 :    3 : [8852, 8866, 8929]
353.8 :    5 : [8858, 8884, 8901, 8907, 8913]
353.9 :    2 : [8873, 8898]
354.0 :    6 : [8864, 8874, 8905, 8910, 8918, 8923]
354.1 :    2 : [8863, 8891]
354.2 :    2 : [8908, 8944]
354.3 :    4 : [8919, 8926, 8940, 8941]
354.4 :    6 : [8853, 8854, 8875, 8889, 8904, 8936]
354.5 :    5 : [8849, 8861, 8894, 8930, 8931]
354.6 :    3 : [8850, 8881, 8911]
354.7 :    1 : [8915]
354.8 :    6 : [8848, 8868, 8880, 8886, 8895, 8900]
354.9 :    5 : [8870, 8893, 8916, 8920, 8933]
355.0 :    2 : [8867, 8937]
355.1 :    3 : [8859, 8921, 8925]
355.2 :    2 : [8912, 8935]
355.3 :    3 : [8876, 8885, 8922]
355.4 :    5 : [8883, 8887, 8897, 8909, 8932]
355.5 :    5 : [8856, 8860, 8869, 8872, 8906]
355.6 :    4 : [8855, 8865, 8878, 8942]
355.7 :    1 : [8847]
355.8 :    3 : [8852, 8866, 8934]
355.9 :    3 : [8901, 8903, 8907]
356.0 :    4 : [8873, 8888, 8896, 8898]
356.1 :    5 : [8874, 8905, 8918, 8923, 8928]
356.2 :    3 : [8863, 8891, 8924]
356.3 :    2 : [8908, 8944]
356.4 :    5 : [8892, 8919, 8926, 8940, 8941]
356.5 :    6 : [8853, 8854, 8875, 8904, 8914, 8936]
356.6 :    5 : [8849, 8861, 8882, 8894, 8930]
356.7 :    8 : [8850, 8871, 8881, 8890, 8902, 8911, 8931, 8939]
356.8 :    3 : [8845, 8879, 8915]
356.9 :    8 : [8846, 8848, 8857, 8868, 8886, 8895, 8900, 8917]
357.0 :    7 : [8870, 8880, 8893, 8916, 8920, 8933, 8943]
357.1 :    4 : [8862, 8867, 8927, 8937]
357.2 :    3 : [8877, 8925, 8938]
357.3 :    1 : [8935]
357.4 :    5 : [8885, 8899, 8912, 8913, 8922]
357.5 :    9 : [8858, 8876, 8883, 8884, 8887, 8897, 8909, 8929, 8932]
357.6 :    2 : [8860, 8872]
357.7 :    5 : [8855, 8865, 8878, 8910, 8942]
357.8 :    2 : [8847, 8864]
357.9 :    2 : [8852, 8866]
358.0 :    2 : [8901, 8907]
358.1 :    5 : [8873, 8888, 8898, 8903, 8934]
358.2 :    7 : [8874, 8889, 8896, 8905, 8918, 8923, 8928]
358.3 :    2 : [8863, 8891]
358.4 :    3 : [8908, 8924, 8944]
358.5 :    4 : [8919, 8926, 8940, 8941]
358.6 :    6 : [8853, 8854, 8875, 8892, 8904, 8936]
358.7 :    5 : [8849, 8861, 8894, 8914, 8930]
358.8 :    7 : [8850, 8859, 8881, 8882, 8911, 8921, 8939]
358.9 :    5 : [8871, 8879, 8890, 8902, 8915]
359.0 :    7 : [8845, 8846, 8848, 8868, 8895, 8900, 8931]
359.1 :    7 : [8857, 8870, 8893, 8916, 8917, 8920, 8933]
359.2 :    3 : [8869, 8886, 8943]
359.3 :    6 : [8856, 8862, 8867, 8906, 8927, 8937]
359.4 :    3 : [8877, 8880, 8938]
359.5 :    3 : [8913, 8922, 8925]
359.6 :    2 : [8887, 8935]
359.7 :    7 : [8860, 8872, 8897, 8899, 8909, 8912, 8929]
359.8 :    9 : [8855, 8858, 8876, 8878, 8883, 8884, 8885, 8932, 8942]
359.9 :    2 : [8865, 8910]
360.0 :    3 : [8847, 8852, 8866]
360.1 :    2 : [8864, 8901]
360.2 :    1 : [8898]
360.3 :    7 : [8873, 8874, 8888, 8905, 8907, 8918, 8923]
360.4 :    3 : [8863, 8891, 8928]
360.5 :    1 : [8889]
360.6 :    7 : [8896, 8903, 8908, 8919, 8934, 8940, 8944]
360.7 :    4 : [8853, 8904, 8926, 8936]
360.8 :    3 : [8924, 8930, 8941]
360.9 :    4 : [8861, 8892, 8894, 8911]
361.0 :    7 : [8849, 8850, 8854, 8859, 8875, 8914, 8921]
361.1 :    4 : [8848, 8881, 8882, 8915]
361.2 :    6 : [8870, 8871, 8890, 8902, 8920, 8939]
361.3 :    1 : [8879]
361.4 :    4 : [8846, 8868, 8893, 8933]
361.5 :    6 : [8845, 8857, 8869, 8895, 8916, 8917]
361.6 :    5 : [8856, 8900, 8906, 8931, 8943]
361.7 :    2 : [8886, 8887]
361.8 :    4 : [8860, 8862, 8872, 8927]
361.9 :    7 : [8855, 8867, 8877, 8878, 8913, 8938, 8942]
362.0 :    1 : [8925]
362.1 :    4 : [8852, 8929, 8935, 8937]
362.2 :    4 : [8884, 8897, 8899, 8922]
362.3 :    3 : [8858, 8880, 8909]
362.4 :    6 : [8865, 8876, 8883, 8910, 8912, 8932]
362.5 :    3 : [8847, 8898, 8901]
362.6 :    2 : [8866, 8885]
362.7 :    2 : [8864, 8918]
362.8 :    1 : [8888]
362.9 :    5 : [8873, 8874, 8891, 8905, 8928]
363.0 :    4 : [8863, 8889, 8907, 8923]
363.1 :    2 : [8936, 8940]
363.3 :    7 : [8853, 8904, 8908, 8919, 8926, 8930, 8944]
363.4 :    3 : [8896, 8903, 8911]
363.5 :    6 : [8848, 8859, 8892, 8921, 8934, 8941]
363.6 :    3 : [8850, 8870, 8924]
363.7 :    6 : [8849, 8861, 8894, 8914, 8915, 8920]
363.8 :    2 : [8875, 8939]
363.9 :    8 : [8854, 8871, 8879, 8881, 8882, 8890, 8893, 8902]
364.0 :    1 : [8869]
364.1 :    3 : [8846, 8856, 8906]
364.2 :    4 : [8857, 8872, 8887, 8933]
364.3 :    6 : [8845, 8860, 8868, 8916, 8917, 8943]
364.4 :    1 : [8878]
364.5 :    5 : [8855, 8862, 8913, 8927, 8942]
364.6 :    2 : [8852, 8895]
364.7 :    4 : [8877, 8886, 8931, 8938]
364.8 :    1 : [8900]
365.0 :    2 : [8925, 8929]
365.1 :    4 : [8858, 8867, 8884, 8935]
365.2 :    3 : [8897, 8899, 8910]
365.3 :    2 : [8898, 8901]
365.4 :    4 : [8865, 8876, 8909, 8922]
365.5 :    4 : [8847, 8883, 8918, 8932]
365.6 :    1 : [8888]
365.8 :    2 : [8864, 8937]
365.9 :    3 : [8866, 8912, 8928]
366.0 :    3 : [8889, 8905, 8940]
366.1 :    3 : [8874, 8891, 8936]
366.2 :    3 : [8853, 8863, 8904]
366.3 :    4 : [8859, 8873, 8921, 8926]
366.4 :    2 : [8923, 8930]
366.5 :    1 : [8911]
366.6 :    3 : [8848, 8870, 8892]
366.7 :    6 : [8850, 8907, 8908, 8915, 8919, 8944]
366.8 :    1 : [8885]
366.9 :    3 : [8869, 8880, 8920]
367.0 :    6 : [8879, 8893, 8896, 8906, 8914, 8939]
367.1 :    4 : [8856, 8872, 8890, 8941]
367.2 :    2 : [8894, 8924]
367.3 :    5 : [8849, 8861, 8871, 8882, 8887]
367.4 :    3 : [8860, 8902, 8903]
367.5 :    1 : [8846]
367.6 :    2 : [8857, 8878]
367.7 :    2 : [8852, 8942]
367.8 :    3 : [8855, 8913, 8917]
367.9 :    1 : [8881]
368.0 :    1 : [8943]
368.1 :    1 : [8933]
368.3 :    1 : [8862]
368.4 :    1 : [8927]
368.6 :    1 : [8916]
368.9 :    1 : [8877]
369.1 :    2 : [8898, 8938]
369.2 :    1 : [8901]
369.3 :    1 : [8929]
369.7 :    1 : [8918]
370.0 :    1 : [8910]
370.3 :    3 : [8859, 8888, 8921]
511.6 :   23 : [8849, 8856, 8861, 8867, 8874, 8878, 8879, 8885, 8887, 8889, 8890, 8895, 8899, 8900, 8901, 8915, 8918, 8920, 8921, 8926, 8930, 8940, 8942]
511.7 :   58 : [8845, 8846, 8847, 8848, 8854, 8857, 8862, 8863, 8864, 8866, 8868, 8869, 8870, 8871, 8872, 8873, 8875, 8876, 8877, 8880, 8882, 8883, 8884, 8886, 8888, 8891, 8892, 8893, 8894, 8896, 8902, 8903, 8904, 8907, 8908, 8910, 8912, 8914, 8916, 8917, 8919, 8922, 8923, 8924, 8925, 8927, 8928, 8929, 8932, 8933, 8934, 8936, 8937, 8938, 8939, 8941, 8943, 8944]
511.8 :    4 : [8855, 8881, 8909, 8931]
511.9 :    2 : [8858, 8905]
512.1 :    1 : [8935]
513.8 :    2 : [8903, 8934]
514.6 :   10 : [8861, 8869, 8870, 8872, 8884, 8920, 8921, 8928, 8940, 8942]
514.7 :   47 : [8845, 8847, 8849, 8854, 8856, 8857, 8862, 8866, 8867, 8871, 8874, 8877, 8878, 8879, 8882, 8883, 8885, 8888, 8889, 8890, 8891, 8892, 8893, 8895, 8899, 8900, 8902, 8904, 8908, 8910, 8914, 8915, 8916, 8917, 8918, 8923, 8926, 8927, 8930, 8932, 8933, 8936, 8937, 8939, 8941, 8943, 8944]
514.8 :   24 : [8846, 8848, 8855, 8858, 8863, 8864, 8873, 8875, 8876, 8880, 8881, 8886, 8887, 8894, 8896, 8901, 8907, 8912, 8919, 8922, 8925, 8929, 8931, 8938]
514.9 :    3 : [8868, 8909, 8924]
515.0 :    1 : [8905]
515.2 :    1 : [8935]
516.3 :    2 : [8903, 8934]
517.0 :    2 : [8870, 8921]
517.1 :    9 : [8869, 8877, 8884, 8900, 8918, 8939, 8940, 8942, 8943]
517.2 :   31 : [8845, 8847, 8849, 8854, 8856, 8861, 8862, 8871, 8872, 8878, 8879, 8882, 8885, 8888, 8889, 8890, 8892, 8899, 8904, 8908, 8914, 8916, 8917, 8920, 8923, 8926, 8927, 8928, 8932, 8941, 8944]
517.3 :   24 : [8857, 8858, 8863, 8867, 8874, 8883, 8886, 8887, 8891, 8893, 8894, 8895, 8901, 8902, 8907, 8910, 8912, 8915, 8922, 8925, 8929, 8930, 8936, 8937]
517.4 :   10 : [8846, 8855, 8864, 8866, 8873, 8875, 8880, 8896, 8933, 8938]
517.5 :    7 : [8848, 8876, 8881, 8909, 8919, 8924, 8931]
517.6 :    2 : [8868, 8905]
517.8 :    1 : [8935]
518.9 :    2 : [8903, 8934]
519.3 :    3 : [8870, 8877, 8921]
519.4 :    1 : [8869]
519.5 :   14 : [8856, 8861, 8872, 8878, 8879, 8884, 8888, 8900, 8918, 8926, 8939, 8940, 8942, 8943]
519.6 :   21 : [8845, 8847, 8849, 8854, 8858, 8882, 8889, 8890, 8892, 8899, 8904, 8908, 8914, 8916, 8920, 8923, 8927, 8928, 8932, 8941, 8944]
519.7 :   14 : [8862, 8863, 8867, 8871, 8885, 8886, 8891, 8901, 8902, 8912, 8915, 8917, 8930, 8936]
519.8 :   17 : [8846, 8855, 8857, 8874, 8883, 8887, 8893, 8894, 8896, 8907, 8910, 8922, 8925, 8929, 8933, 8937, 8938]
519.9 :    5 : [8864, 8866, 8873, 8875, 8895]
520.0 :    5 : [8876, 8880, 8909, 8919, 8931]
520.1 :    4 : [8848, 8881, 8905, 8924]
520.2 :    1 : [8868]
520.3 :    1 : [8935]
521.3 :    1 : [8903]
521.4 :    2 : [8921, 8934]
521.5 :    2 : [8870, 8877]
521.6 :    1 : [8869]
521.7 :    2 : [8939, 8942]
521.8 :   14 : [8856, 8861, 8872, 8879, 8884, 8888, 8892, 8900, 8918, 8923, 8926, 8928, 8940, 8943]
521.9 :   15 : [8845, 8847, 8858, 8878, 8882, 8890, 8899, 8904, 8908, 8914, 8916, 8920, 8927, 8932, 8944]
522.0 :    7 : [8849, 8854, 8862, 8871, 8885, 8889, 8941]
522.1 :   12 : [8863, 8867, 8886, 8891, 8894, 8901, 8902, 8912, 8917, 8929, 8930, 8936]
522.2 :   13 : [8846, 8855, 8857, 8874, 8883, 8893, 8896, 8907, 8910, 8915, 8922, 8937, 8938]
522.3 :    7 : [8873, 8887, 8895, 8909, 8925, 8931, 8933]
522.4 :    4 : [8864, 8866, 8875, 8876]
522.5 :    6 : [8848, 8880, 8881, 8905, 8919, 8924]
522.7 :    2 : [8868, 8935]
523.6 :    1 : [8921]
523.7 :    2 : [8870, 8903]
523.8 :    3 : [8869, 8877, 8934]
523.9 :    1 : [8939]
524.0 :    2 : [8926, 8942]
524.1 :   13 : [8856, 8861, 8872, 8879, 8884, 8888, 8890, 8892, 8900, 8918, 8923, 8940, 8943]
524.2 :   14 : [8845, 8847, 8858, 8878, 8882, 8899, 8904, 8908, 8914, 8916, 8920, 8927, 8928, 8932]
524.3 :    4 : [8849, 8862, 8941, 8944]
524.4 :    9 : [8854, 8863, 8871, 8885, 8889, 8891, 8902, 8917, 8936]
524.5 :   13 : [8846, 8855, 8867, 8886, 8893, 8894, 8901, 8907, 8910, 8912, 8915, 8929, 8930]
524.6 :    9 : [8857, 8874, 8883, 8887, 8896, 8922, 8933, 8937, 8938]
524.7 :    4 : [8873, 8909, 8925, 8931]
524.8 :    4 : [8866, 8875, 8876, 8895]
524.9 :    6 : [8848, 8864, 8880, 8905, 8919, 8924]
525.0 :    1 : [8881]
525.1 :    1 : [8935]
525.2 :    1 : [8868]
525.8 :    1 : [8921]
525.9 :    1 : [8870]
526.0 :    1 : [8877]
526.1 :    3 : [8869, 8903, 8939]
526.2 :    2 : [8934, 8942]
526.3 :    6 : [8884, 8900, 8918, 8926, 8940, 8943]
526.4 :   14 : [8845, 8847, 8856, 8858, 8861, 8872, 8878, 8879, 8888, 8890, 8892, 8904, 8923, 8928]
526.5 :    9 : [8882, 8899, 8908, 8914, 8916, 8920, 8927, 8932, 8944]
526.6 :    3 : [8854, 8862, 8941]
526.7 :    8 : [8849, 8863, 8871, 8885, 8889, 8902, 8930, 8936]
526.8 :    9 : [8855, 8886, 8891, 8893, 8894, 8901, 8912, 8917, 8929]
526.9 :    7 : [8846, 8857, 8867, 8874, 8907, 8910, 8915]
527.0 :    9 : [8873, 8883, 8887, 8896, 8909, 8922, 8933, 8937, 8938]
527.1 :    2 : [8925, 8931]
527.2 :    3 : [8866, 8875, 8895]
527.3 :    4 : [8864, 8876, 8905, 8924]
527.4 :    4 : [8848, 8880, 8881, 8919]
527.5 :    1 : [8935]
527.6 :    1 : [8868]
528.0 :    1 : [8921]
528.1 :    1 : [8870]
528.2 :    1 : [8877]
528.3 :    1 : [8869]
528.4 :    1 : [8939]
528.5 :    4 : [8903, 8918, 8926, 8942]
528.6 :   14 : [8847, 8856, 8858, 8872, 8879, 8884, 8888, 8890, 8892, 8900, 8923, 8934, 8940, 8943]
528.7 :   10 : [8845, 8861, 8878, 8882, 8899, 8904, 8908, 8927, 8928, 8932]
528.8 :    4 : [8914, 8916, 8920, 8944]
528.9 :    7 : [8849, 8854, 8862, 8863, 8871, 8936, 8941]
529.0 :    5 : [8885, 8889, 8902, 8917, 8930]
529.1 :    7 : [8855, 8886, 8891, 8894, 8901, 8912, 8929]
529.2 :    4 : [8846, 8867, 8893, 8915]
529.3 :    9 : [8857, 8874, 8887, 8907, 8909, 8910, 8922, 8933, 8937]
529.4 :    4 : [8873, 8883, 8896, 8938]
529.5 :    1 : [8931]
529.6 :    6 : [8866, 8875, 8895, 8905, 8924, 8925]
529.7 :    3 : [8848, 8864, 8876]
529.8 :    4 : [8880, 8881, 8919, 8935]
530.1 :    2 : [8868, 8921]
530.2 :    1 : [8870]
530.4 :    1 : [8877]
530.5 :    1 : [8869]
530.6 :    1 : [8939]
530.7 :    1 : [8942]
530.8 :    8 : [8856, 8872, 8884, 8900, 8918, 8926, 8940, 8943]
530.9 :   17 : [8845, 8847, 8858, 8861, 8878, 8879, 8882, 8888, 8890, 8892, 8903, 8904, 8908, 8923, 8927, 8928, 8932]
531.0 :    5 : [8899, 8914, 8916, 8934, 8944]
531.1 :    3 : [8862, 8920, 8941]
531.2 :    7 : [8849, 8854, 8863, 8871, 8885, 8889, 8936]
531.3 :    3 : [8902, 8917, 8930]
531.4 :    6 : [8855, 8886, 8891, 8894, 8912, 8929]
531.5 :    5 : [8846, 8867, 8893, 8901, 8915]
531.6 :    7 : [8857, 8874, 8887, 8907, 8909, 8910, 8922]
531.7 :    5 : [8873, 8896, 8933, 8937, 8938]
531.8 :    2 : [8883, 8931]
531.9 :    3 : [8866, 8924, 8925]
532.0 :    6 : [8848, 8864, 8875, 8876, 8895, 8905]
532.1 :    3 : [8881, 8919, 8935]
532.2 :    1 : [8880]
532.3 :    1 : [8921]
532.4 :    2 : [8868, 8870]
532.7 :    1 : [8877]
532.8 :    2 : [8869, 8939]
532.9 :    2 : [8942, 8943]
533.0 :   10 : [8847, 8856, 8872, 8884, 8890, 8900, 8918, 8923, 8926, 8940]
533.1 :   13 : [8845, 8858, 8861, 8878, 8879, 8882, 8888, 8892, 8904, 8908, 8927, 8928, 8932]
533.2 :    5 : [8899, 8903, 8914, 8916, 8944]
533.3 :    3 : [8862, 8920, 8934]
533.4 :    4 : [8854, 8863, 8871, 8941]
533.5 :    5 : [8849, 8885, 8889, 8902, 8936]
533.6 :    4 : [8855, 8894, 8917, 8930]
533.7 :    4 : [8886, 8891, 8912, 8929]
533.8 :    5 : [8846, 8867, 8893, 8901, 8915]
533.9 :    6 : [8874, 8887, 8907, 8909, 8910, 8937]
534.0 :    5 : [8857, 8873, 8922, 8933, 8938]
534.1 :    3 : [8883, 8896, 8931]
534.2 :    2 : [8924, 8925]
534.3 :    5 : [8848, 8864, 8866, 8875, 8905]
534.4 :    5 : [8876, 8895, 8919, 8921, 8935]
534.5 :    1 : [8881]
534.6 :    2 : [8870, 8880]
534.9 :    2 : [8868, 8877]
535.0 :    2 : [8869, 8939]
535.1 :    2 : [8942, 8943]
535.2 :    7 : [8856, 8872, 8890, 8900, 8918, 8923, 8926]
535.3 :   14 : [8847, 8858, 8861, 8879, 8882, 8884, 8888, 8892, 8904, 8908, 8927, 8928, 8932, 8940]
535.4 :    6 : [8845, 8878, 8899, 8914, 8916, 8944]
535.5 :    2 : [8862, 8903]
535.6 :    4 : [8854, 8920, 8934, 8941]
535.7 :    4 : [8863, 8871, 8885, 8936]
535.8 :    5 : [8849, 8855, 8889, 8902, 8930]
535.9 :    4 : [8886, 8891, 8894, 8917]
536.0 :    6 : [8846, 8893, 8901, 8912, 8915, 8929]
536.1 :    2 : [8867, 8909]
536.2 :    5 : [8874, 8887, 8907, 8910, 8937]
536.3 :    5 : [8857, 8873, 8922, 8933, 8938]
536.4 :    3 : [8883, 8896, 8931]
536.5 :    1 : [8925]
536.6 :    6 : [8848, 8864, 8866, 8875, 8921, 8924]
536.7 :    4 : [8876, 8895, 8905, 8935]
536.8 :    3 : [8870, 8881, 8919]
537.0 :    1 : [8880]
537.1 :    1 : [8877]
537.2 :    2 : [8869, 8939]
537.3 :    2 : [8868, 8942]
537.4 :    5 : [8856, 8900, 8918, 8926, 8943]
537.5 :   13 : [8847, 8861, 8872, 8879, 8884, 8888, 8890, 8904, 8923, 8927, 8928, 8932, 8940]
537.6 :    8 : [8845, 8858, 8878, 8882, 8892, 8908, 8916, 8944]
537.7 :    2 : [8899, 8914]
537.8 :    3 : [8862, 8903, 8920]
537.9 :    4 : [8854, 8863, 8871, 8941]
538.0 :    6 : [8849, 8885, 8889, 8902, 8934, 8936]
538.1 :    2 : [8855, 8930]
538.2 :    4 : [8886, 8891, 8894, 8917]
538.3 :    6 : [8846, 8893, 8901, 8912, 8915, 8929]
538.4 :    1 : [8909]
538.5 :    6 : [8867, 8874, 8887, 8907, 8910, 8937]
538.6 :    3 : [8873, 8922, 8938]
538.7 :    4 : [8857, 8883, 8931, 8933]
538.8 :    2 : [8896, 8921]
538.9 :    5 : [8848, 8864, 8866, 8924, 8925]
539.0 :    4 : [8870, 8875, 8905, 8935]
539.1 :    4 : [8876, 8881, 8895, 8919]
539.3 :    1 : [8877]
539.4 :    3 : [8869, 8880, 8939]
539.5 :    1 : [8942]
539.6 :    4 : [8856, 8918, 8926, 8943]
539.7 :    7 : [8868, 8872, 8888, 8890, 8900, 8923, 8927]
539.8 :   13 : [8845, 8847, 8858, 8861, 8879, 8882, 8884, 8892, 8904, 8908, 8928, 8932, 8940]
539.9 :    5 : [8878, 8899, 8914, 8916, 8944]
540.0 :    1 : [8862]
540.1 :    1 : [8920]
540.2 :    4 : [8854, 8871, 8903, 8941]
540.3 :    5 : [8849, 8863, 8885, 8902, 8936]
540.4 :    4 : [8855, 8889, 8930, 8934]
540.5 :    4 : [8886, 8891, 8894, 8917]
540.6 :    6 : [8846, 8893, 8901, 8912, 8915, 8929]
540.7 :    1 : [8909]
540.8 :    3 : [8867, 8874, 8887]
540.9 :    3 : [8907, 8910, 8937]
541.0 :    6 : [8857, 8873, 8921, 8922, 8933, 8938]
541.1 :    2 : [8883, 8931]
541.2 :    2 : [8870, 8896]
541.3 :    6 : [8848, 8864, 8866, 8875, 8924, 8925]
541.4 :    2 : [8905, 8935]
541.5 :    3 : [8877, 8881, 8895]
541.6 :    2 : [8876, 8919]
541.7 :    2 : [8869, 8939]
541.8 :    1 : [8942]
541.9 :    6 : [8856, 8880, 8900, 8918, 8926, 8943]
542.0 :    7 : [8847, 8872, 8879, 8888, 8890, 8923, 8927]
542.1 :    9 : [8858, 8861, 8884, 8892, 8904, 8908, 8928, 8932, 8940]
542.2 :    5 : [8845, 8878, 8882, 8916, 8944]
542.3 :    3 : [8868, 8899, 8914]
542.4 :    2 : [8862, 8920]
542.5 :    3 : [8854, 8871, 8941]
542.6 :    3 : [8863, 8885, 8903]
542.7 :    4 : [8849, 8855, 8902, 8936]
542.8 :    2 : [8889, 8891]
542.9 :    5 : [8886, 8894, 8917, 8930, 8934]
543.0 :    5 : [8846, 8893, 8901, 8909, 8915]
543.1 :    2 : [8912, 8929]
543.2 :    1 : [8867]
543.3 :    6 : [8874, 8887, 8907, 8910, 8921, 8937]
543.4 :    3 : [8873, 8922, 8938]
543.5 :    4 : [8857, 8870, 8883, 8933]
543.6 :    2 : [8896, 8931]
543.8 :    6 : [8848, 8864, 8866, 8877, 8924, 8925]
543.9 :    3 : [8875, 8881, 8935]
544.0 :    2 : [8869, 8905]
544.1 :    4 : [8876, 8895, 8919, 8939]
544.2 :    2 : [8856, 8942]
544.3 :    6 : [8890, 8900, 8918, 8923, 8926, 8943]
544.4 :    7 : [8847, 8872, 8879, 8888, 8904, 8908, 8927]
544.5 :    7 : [8845, 8858, 8861, 8880, 8892, 8928, 8932]
544.6 :    7 : [8878, 8882, 8884, 8899, 8916, 8940, 8944]
544.7 :    1 : [8914]
544.8 :    1 : [8862]
544.9 :    3 : [8854, 8868, 8920]
545.0 :    2 : [8871, 8941]
545.1 :    1 : [8885]
545.2 :    5 : [8849, 8855, 8863, 8902, 8903]
545.3 :    2 : [8891, 8936]
545.4 :    3 : [8889, 8894, 8917]
545.5 :    5 : [8846, 8886, 8893, 8901, 8930]
545.6 :    2 : [8909, 8915]
545.7 :    4 : [8912, 8921, 8929, 8934]
545.8 :    2 : [8867, 8910]
545.9 :    6 : [8870, 8873, 8874, 8887, 8907, 8937]
546.0 :    2 : [8922, 8938]
546.1 :    1 : [8883]
546.2 :    3 : [8857, 8877, 8933]
546.3 :    1 : [8931]
546.4 :    2 : [8864, 8896]
546.5 :    6 : [8848, 8866, 8869, 8875, 8924, 8925]
546.6 :    3 : [8881, 8935, 8939]
546.7 :    3 : [8856, 8905, 8942]
546.8 :    5 : [8890, 8895, 8900, 8919, 8926]
546.9 :    7 : [8847, 8872, 8876, 8888, 8918, 8923, 8943]
547.0 :    7 : [8861, 8879, 8892, 8904, 8908, 8927, 8928]
547.1 :    3 : [8845, 8858, 8932]
547.2 :    4 : [8878, 8882, 8916, 8944]
547.3 :    4 : [8884, 8899, 8914, 8940]
547.4 :    1 : [8880]
547.5 :    3 : [8854, 8862, 8920]
547.6 :    1 : [8941]
547.7 :    2 : [8871, 8885]
547.8 :    1 : [8849]
547.9 :    2 : [8863, 8868]
548.0 :    5 : [8855, 8891, 8902, 8903, 8917]
548.1 :    2 : [8894, 8936]
548.2 :    6 : [8846, 8886, 8889, 8893, 8901, 8921]
548.3 :    1 : [8909]
548.4 :    3 : [8870, 8915, 8930]
548.5 :    2 : [8910, 8912]
548.6 :    3 : [8867, 8929, 8934]
548.7 :    4 : [8873, 8874, 8887, 8907]
548.8 :    3 : [8877, 8922, 8937]
548.9 :    1 : [8938]
549.0 :    1 : [8883]
549.1 :    2 : [8857, 8933]
549.2 :    1 : [8869]
549.3 :    4 : [8864, 8896, 8931, 8939]
549.4 :    5 : [8848, 8856, 8866, 8924, 8925]
549.5 :    5 : [8875, 8881, 8890, 8926, 8942]
549.6 :    3 : [8900, 8905, 8935]
549.7 :    5 : [8847, 8888, 8908, 8923, 8943]
549.8 :    8 : [8872, 8879, 8892, 8895, 8904, 8918, 8919, 8927]
549.9 :    3 : [8861, 8876, 8928]
550.0 :    6 : [8845, 8858, 8878, 8916, 8932, 8944]
550.1 :    1 : [8882]
550.2 :    3 : [8899, 8914, 8940]
550.3 :    1 : [8884]
550.4 :    2 : [8854, 8862]
550.5 :    3 : [8880, 8920, 8941]
550.7 :    2 : [8871, 8885]
550.8 :    1 : [8849]
550.9 :    2 : [8863, 8891]
551.0 :    3 : [8855, 8917, 8921]
551.1 :    2 : [8868, 8894]
551.2 :    4 : [8846, 8902, 8903, 8936]
551.3 :    6 : [8870, 8886, 8889, 8893, 8901, 8909]
551.4 :    1 : [8910]
551.5 :    2 : [8915, 8930]
551.7 :    4 : [8867, 8873, 8877, 8912]
551.8 :    3 : [8887, 8907, 8929]
551.9 :    3 : [8874, 8922, 8934]
552.0 :    1 : [8937]
552.1 :    2 : [8883, 8938]
552.3 :    2 : [8857, 8869]
552.4 :    2 : [8933, 8939]
552.5 :    1 : [8856]
552.6 :    7 : [8864, 8890, 8896, 8925, 8926, 8931, 8942]
552.7 :    5 : [8848, 8866, 8875, 8881, 8900]
552.8 :    3 : [8847, 8908, 8924]
552.9 :    7 : [8872, 8888, 8905, 8918, 8923, 8927, 8943]
553.0 :    6 : [8861, 8879, 8892, 8904, 8928, 8935]
553.1 :    2 : [8916, 8919]
553.2 :    6 : [8845, 8868, 8878, 8895, 8932, 8944]
553.3 :    1 : [8858]
553.4 :    5 : [8876, 8882, 8899, 8914, 8940]
553.6 :    4 : [8854, 8862, 8884, 8930]
553.7 :    1 : [8920]
553.8 :    2 : [8912, 8941]
553.9 :    2 : [8885, 8929]
554.0 :    2 : [8880, 8934]
554.1 :    3 : [8849, 8871, 8921]
554.2 :    3 : [8863, 8891, 8917]
554.4 :    2 : [8855, 8894]
554.5 :    2 : [8870, 8933]
554.6 :    1 : [8846]
554.7 :   11 : [8864, 8886, 8893, 8896, 8901, 8902, 8903, 8909, 8925, 8931, 8936]
554.8 :    6 : [8848, 8866, 8875, 8881, 8889, 8910]
554.9 :    1 : [8924]
555.0 :    5 : [8872, 8877, 8905, 8915, 8918]
555.1 :    2 : [8873, 8935]
555.2 :    2 : [8867, 8919]
555.3 :    3 : [8887, 8895, 8907]
555.4 :    3 : [8858, 8874, 8922]
555.5 :    5 : [8876, 8882, 8899, 8914, 8940]
555.6 :    2 : [8869, 8937]
555.7 :    4 : [8862, 8883, 8884, 8938]
555.8 :    2 : [8920, 8939]
555.9 :    3 : [8856, 8857, 8890]
556.0 :    2 : [8885, 8926]
556.1 :    3 : [8880, 8900, 8942]
556.2 :    2 : [8849, 8871]
556.3 :    5 : [8847, 8863, 8891, 8908, 8917]
556.4 :    4 : [8888, 8892, 8923, 8943]
556.5 :    6 : [8855, 8879, 8894, 8904, 8927, 8928]
556.6 :    2 : [8861, 8916]
556.7 :    4 : [8845, 8846, 8878, 8944]
556.8 :    9 : [8868, 8886, 8893, 8901, 8902, 8903, 8909, 8932, 8936]
556.9 :    2 : [8889, 8910]
557.1 :    3 : [8877, 8915, 8930]
557.2 :    2 : [8854, 8873]
557.3 :    2 : [8867, 8912]
557.4 :    4 : [8887, 8907, 8929, 8941]
557.5 :    2 : [8874, 8922]
557.6 :    1 : [8921]
557.7 :    3 : [8869, 8934, 8937]
557.8 :    2 : [8883, 8938]
557.9 :    1 : [8939]
558.0 :    4 : [8856, 8857, 8870, 8890]
558.1 :    1 : [8926]
558.2 :    5 : [8864, 8880, 8900, 8933, 8942]
558.3 :    2 : [8881, 8925]
558.4 :    8 : [8847, 8866, 8872, 8875, 8896, 8908, 8918, 8931]
558.5 :    5 : [8848, 8888, 8892, 8923, 8943]
558.6 :    6 : [8855, 8879, 8904, 8924, 8927, 8928]
558.7 :    3 : [8861, 8905, 8916]
558.8 :    4 : [8845, 8878, 8935, 8944]
558.9 :    9 : [8868, 8886, 8893, 8901, 8902, 8903, 8919, 8932, 8936]
559.0 :    4 : [8858, 8889, 8914, 8940]
559.1 :    3 : [8882, 8895, 8899]
559.2 :    2 : [8915, 8930]
559.3 :    4 : [8854, 8862, 8873, 8876]
559.4 :    4 : [8867, 8884, 8912, 8920]
559.5 :    4 : [8887, 8907, 8929, 8941]
559.6 :    3 : [8874, 8885, 8922]
559.7 :    1 : [8921]
559.8 :    3 : [8849, 8869, 8937]
559.9 :    5 : [8871, 8883, 8891, 8934, 8938]
560.0 :    2 : [8917, 8939]
560.1 :    4 : [8857, 8863, 8870, 8890]
560.2 :    1 : [8926]
560.3 :    5 : [8880, 8894, 8900, 8933, 8942]
560.4 :    2 : [8864, 8881]
560.5 :    7 : [8846, 8847, 8872, 8908, 8910, 8918, 8925]
560.6 :   10 : [8866, 8875, 8877, 8888, 8892, 8896, 8909, 8923, 8931, 8943]
560.7 :    6 : [8848, 8855, 8879, 8904, 8927, 8928]
560.8 :    3 : [8861, 8916, 8924]
560.9 :    4 : [8845, 8878, 8905, 8944]
561.0 :    7 : [8886, 8893, 8901, 8902, 8903, 8932, 8936]
561.1 :    5 : [8858, 8889, 8914, 8919, 8935]
561.2 :    3 : [8882, 8899, 8940]
561.3 :    3 : [8868, 8895, 8915]
561.4 :    3 : [8854, 8873, 8930]
561.5 :    2 : [8862, 8867]
561.6 :    6 : [8876, 8887, 8907, 8912, 8920, 8941]
561.7 :    3 : [8874, 8884, 8922]
561.8 :    4 : [8856, 8885, 8921, 8929]
561.9 :    2 : [8869, 8937]
562.0 :    3 : [8849, 8883, 8938]
562.1 :    3 : [8891, 8917, 8939]
562.2 :    3 : [8870, 8871, 8890]
562.3 :    4 : [8857, 8863, 8926, 8934]
562.4 :    2 : [8900, 8942]
562.5 :    2 : [8880, 8894]
562.6 :    2 : [8847, 8908]
562.7 :    9 : [8846, 8864, 8872, 8881, 8888, 8892, 8923, 8933, 8943]
562.8 :    8 : [8855, 8877, 8879, 8904, 8910, 8918, 8927, 8928]
562.9 :    5 : [8861, 8875, 8909, 8916, 8925]
563.0 :    6 : [8845, 8866, 8878, 8896, 8931, 8944]
563.1 :    4 : [8848, 8886, 8893, 8901]
563.2 :    3 : [8902, 8924, 8932]
563.3 :    3 : [8903, 8905, 8936]
563.4 :    1 : [8914]
563.5 :    5 : [8854, 8858, 8873, 8889, 8940]
563.6 :    5 : [8882, 8899, 8915, 8919, 8935]
563.8 :    2 : [8862, 8895]
563.9 :    8 : [8867, 8868, 8887, 8907, 8921, 8922, 8930, 8941]
564.0 :    3 : [8856, 8869, 8920]
564.1 :    3 : [8874, 8885, 8912]
564.2 :    3 : [8876, 8884, 8939]
564.3 :    2 : [8870, 8890]
564.4 :    4 : [8849, 8883, 8926, 8929]
564.5 :    4 : [8891, 8917, 8937, 8938]
564.6 :    2 : [8900, 8942]
564.7 :    3 : [8847, 8871, 8908]
564.8 :    2 : [8857, 8863]
565.0 :    5 : [8888, 8892, 8894, 8923, 8928]
565.1 :    4 : [8877, 8904, 8927, 8934]
565.2 :    8 : [8846, 8855, 8872, 8879, 8880, 8910, 8916, 8943]
565.3 :    6 : [8861, 8864, 8878, 8881, 8918, 8944]
565.4 :    2 : [8909, 8933]
565.5 :    4 : [8845, 8886, 8901, 8925]
565.6 :    2 : [8875, 8893]
565.7 :    2 : [8866, 8932]
565.8 :    2 : [8896, 8931]
565.9 :    1 : [8848]
566.0 :    5 : [8854, 8873, 8902, 8914, 8936]
566.1 :    6 : [8858, 8903, 8905, 8921, 8924, 8940]
566.2 :    2 : [8882, 8899]
566.3 :    2 : [8889, 8915]
566.4 :    2 : [8869, 8919]
566.5 :    3 : [8862, 8935, 8941]
566.6 :    4 : [8856, 8867, 8890, 8922]
566.7 :    5 : [8885, 8887, 8895, 8907, 8920]
566.8 :    3 : [8870, 8926, 8939]
566.9 :    2 : [8874, 8930]
567.0 :    1 : [8884]
567.1 :    2 : [8849, 8912]
567.2 :    7 : [8868, 8876, 8883, 8891, 8900, 8917, 8942]
567.3 :    1 : [8908]
567.4 :    3 : [8847, 8929, 8938]
567.5 :    2 : [8871, 8937]
567.7 :    3 : [8863, 8877, 8892]
567.8 :    4 : [8888, 8894, 8923, 8928]
567.9 :    3 : [8857, 8904, 8910]
568.0 :    4 : [8879, 8916, 8927, 8943]
568.1 :    4 : [8861, 8872, 8878, 8944]
568.2 :    2 : [8846, 8918]
568.3 :    1 : [8855]
568.4 :    3 : [8845, 8881, 8909]
568.5 :    1 : [8901]
568.6 :    3 : [8864, 8886, 8893]
568.7 :    1 : [8932]
568.8 :    3 : [8921, 8925, 8934]
568.9 :    2 : [8875, 8880]
569.0 :    3 : [8854, 8914, 8933]
569.1 :    2 : [8866, 8873]
569.2 :    1 : [8940]
569.4 :    3 : [8858, 8869, 8899]
569.5 :    2 : [8856, 8882]
569.6 :    4 : [8848, 8890, 8896, 8902]
569.7 :    2 : [8870, 8941]
569.8 :    3 : [8862, 8931, 8936]
569.9 :    4 : [8905, 8915, 8926, 8939]
570.0 :    1 : [8885]
570.1 :    1 : [8920]
570.2 :    3 : [8889, 8903, 8922]
570.3 :    1 : [8924]
570.4 :    1 : [8887]
570.5 :    4 : [8849, 8900, 8907, 8908]
570.6 :    3 : [8867, 8917, 8942]
570.7 :    1 : [8891]
570.8 :    2 : [8847, 8877]
570.9 :    1 : [8919]
571.2 :    2 : [8874, 8892]
571.4 :    1 : [8928]
571.6 :    1 : [8888]
571.7 :    1 : [8910]
571.8 :    4 : [8883, 8904, 8916, 8923]
572.0 :    2 : [8878, 8944]
572.2 :    1 : [8927]
572.3 :    2 : [8879, 8921]
572.5 :    1 : [8894]
