Name: LC [N0], Title: Raster plot from device '95197', Hist: False
113.3 :   89 : [7682, 7683, 7684, 7685, 7686, 7687, 7688, 7689, 7690, 7691, 7692, 7693, 7694, 7695, 7696, 7697, 7698, 7699, 7701, 7702, 7703, 7705, 7706, 7709, 7710, 7711, 7712, 7713, 7714, 7715, 7716, 7717, 7718, 7719, 7720, 7721, 7722, 7723, 7724, 7725, 7726, 7727, 7728, 7729, 7730, 7733, 7734, 7735, 7736, 7737, 7738, 7739, 7740, 7741, 7742, 7743, 7744, 7745, 7746, 7747, 7748, 7750, 7751, 7752, 7753, 7754, 7755, 7757, 7758, 7759, 7760, 7761, 7762, 7763, 7765, 7766, 7767, 7769, 7770, 7771, 7772, 7773, 7774, 7775, 7776, 7777, 7778, 7779, 7781]
113.4 :   11 : [7700, 7704, 7707, 7708, 7731, 7732, 7749, 7756, 7764, 7768, 7780]
115.5 :    3 : [7685, 7770, 7771]
115.6 :   96 : [7682, 7683, 7684, 7686, 7687, 7688, 7689, 7690, 7691, 7692, 7693, 7694, 7695, 7696, 7697, 7698, 7699, 7700, 7701, 7702, 7703, 7704, 7705, 7706, 7707, 7708, 7709, 7710, 7711, 7712, 7713, 7714, 7715, 7716, 7717, 7718, 7719, 7720, 7721, 7722, 7723, 7724, 7725, 7726, 7727, 7728, 7729, 7730, 7731, 7732, 7733, 7735, 7736, 7737, 7738, 7739, 7740, 7741, 7742, 7743, 7744, 7745, 7746, 7747, 7748, 7749, 7750, 7751, 7752, 7753, 7754, 7755, 7756, 7757, 7758, 7759, 7760, 7761, 7762, 7763, 7764, 7765, 7766, 7767, 7768, 7769, 7772, 7773, 7774, 7775, 7776, 7777, 7778, 7779, 7780, 7781]
115.7 :    1 : [7734]
117.6 :    2 : [7685, 7771]
117.7 :   63 : [7682, 7683, 7684, 7686, 7690, 7692, 7693, 7694, 7695, 7696, 7697, 7698, 7701, 7705, 7706, 7709, 7710, 7711, 7712, 7715, 7716, 7717, 7718, 7719, 7721, 7722, 7723, 7724, 7725, 7727, 7728, 7729, 7730, 7733, 7735, 7736, 7737, 7739, 7741, 7742, 7744, 7745, 7746, 7747, 7748, 7750, 7751, 7753, 7757, 7758, 7759, 7762, 7765, 7766, 7767, 7769, 7770, 7772, 7774, 7775, 7777, 7779, 7781]
117.8 :   24 : [7687, 7688, 7689, 7691, 7699, 7702, 7703, 7713, 7714, 7720, 7726, 7734, 7738, 7740, 7743, 7752, 7754, 7755, 7760, 7761, 7763, 7773, 7776, 7778]
118.5 :    5 : [7700, 7731, 7732, 7749, 7764]
118.6 :    3 : [7708, 7756, 7780]
118.7 :    3 : [7704, 7707, 7768]
119.7 :    1 : [7771]
119.8 :   44 : [7682, 7683, 7685, 7686, 7693, 7694, 7696, 7697, 7698, 7705, 7706, 7709, 7710, 7711, 7712, 7715, 7716, 7717, 7718, 7722, 7723, 7730, 7733, 7735, 7737, 7739, 7744, 7746, 7747, 7748, 7750, 7751, 7757, 7759, 7762, 7765, 7767, 7770, 7772, 7774, 7775, 7777, 7779, 7781]
119.9 :   35 : [7684, 7688, 7689, 7690, 7691, 7692, 7695, 7699, 7701, 7702, 7719, 7720, 7721, 7724, 7725, 7727, 7728, 7729, 7736, 7738, 7740, 7741, 7742, 7745, 7753, 7754, 7755, 7758, 7760, 7761, 7763, 7766, 7769, 7776, 7778]
120.0 :    9 : [7687, 7703, 7713, 7714, 7726, 7734, 7743, 7752, 7773]
121.2 :    1 : [7749]
121.3 :    2 : [7700, 7764]
121.4 :    3 : [7731, 7732, 7780]
121.5 :    2 : [7708, 7756]
121.6 :    2 : [7704, 7768]
121.7 :    1 : [7707]
121.8 :    1 : [7771]
121.9 :   37 : [7682, 7683, 7685, 7686, 7693, 7694, 7696, 7697, 7698, 7705, 7709, 7710, 7715, 7716, 7717, 7718, 7722, 7730, 7733, 7735, 7737, 7739, 7744, 7746, 7747, 7748, 7751, 7757, 7759, 7762, 7765, 7770, 7772, 7774, 7775, 7777, 7781]
122.0 :   33 : [7684, 7689, 7690, 7692, 7695, 7699, 7701, 7702, 7706, 7711, 7712, 7719, 7720, 7721, 7723, 7724, 7725, 7727, 7728, 7729, 7736, 7741, 7742, 7745, 7750, 7753, 7758, 7760, 7761, 7766, 7767, 7769, 7779]
122.1 :   18 : [7687, 7688, 7691, 7703, 7713, 7714, 7726, 7734, 7738, 7740, 7743, 7752, 7754, 7755, 7763, 7773, 7776, 7778]
123.9 :    1 : [7771]
124.0 :   34 : [7682, 7683, 7685, 7686, 7693, 7694, 7697, 7698, 7709, 7710, 7715, 7716, 7717, 7718, 7722, 7730, 7733, 7735, 7737, 7739, 7744, 7746, 7747, 7748, 7751, 7757, 7759, 7762, 7765, 7770, 7772, 7774, 7775, 7781]
124.1 :   33 : [7684, 7689, 7690, 7692, 7695, 7696, 7699, 7701, 7702, 7705, 7706, 7711, 7712, 7721, 7723, 7724, 7725, 7727, 7728, 7736, 7741, 7742, 7745, 7749, 7750, 7753, 7758, 7760, 7766, 7767, 7769, 7777, 7779]
124.2 :   15 : [7688, 7691, 7703, 7719, 7720, 7729, 7734, 7738, 7740, 7754, 7755, 7761, 7763, 7776, 7778]
124.3 :    9 : [7687, 7700, 7713, 7714, 7726, 7743, 7752, 7764, 7773]
124.4 :    2 : [7731, 7732]
124.5 :    1 : [7780]
124.6 :    2 : [7708, 7756]
124.8 :    1 : [7704]
124.9 :    2 : [7707, 7768]
126.0 :    1 : [7771]
126.1 :   34 : [7682, 7683, 7685, 7686, 7693, 7694, 7697, 7698, 7709, 7710, 7715, 7716, 7717, 7718, 7722, 7730, 7733, 7735, 7737, 7739, 7744, 7746, 7747, 7748, 7751, 7757, 7759, 7762, 7765, 7770, 7772, 7774, 7775, 7781]
126.2 :   30 : [7684, 7689, 7690, 7692, 7695, 7696, 7699, 7701, 7702, 7705, 7706, 7711, 7712, 7721, 7723, 7724, 7725, 7727, 7728, 7736, 7741, 7742, 7750, 7758, 7760, 7766, 7767, 7769, 7777, 7779]
126.3 :   15 : [7688, 7691, 7719, 7720, 7729, 7738, 7740, 7745, 7753, 7754, 7755, 7761, 7763, 7776, 7778]
126.4 :    7 : [7687, 7703, 7713, 7714, 7734, 7743, 7773]
126.5 :    2 : [7726, 7752]
126.9 :    1 : [7704]
127.4 :    1 : [7749]
127.6 :    2 : [7700, 7764]
127.8 :    2 : [7731, 7732]
127.9 :    1 : [7780]
128.0 :    2 : [7708, 7756]
128.1 :    1 : [7771]
128.2 :   34 : [7682, 7683, 7685, 7686, 7693, 7694, 7697, 7698, 7709, 7710, 7715, 7716, 7717, 7718, 7722, 7730, 7733, 7735, 7737, 7739, 7744, 7746, 7747, 7748, 7751, 7757, 7759, 7762, 7765, 7770, 7772, 7774, 7775, 7781]
128.3 :   30 : [7684, 7689, 7690, 7692, 7695, 7696, 7699, 7701, 7702, 7705, 7706, 7711, 7712, 7721, 7723, 7724, 7725, 7727, 7728, 7736, 7741, 7742, 7750, 7758, 7760, 7766, 7767, 7769, 7777, 7779]
128.4 :   17 : [7688, 7691, 7707, 7719, 7720, 7729, 7738, 7740, 7745, 7753, 7754, 7755, 7761, 7763, 7768, 7776, 7778]
128.5 :    4 : [7703, 7713, 7734, 7743]
128.6 :    5 : [7687, 7714, 7726, 7752, 7773]
129.7 :    1 : [7764]
129.9 :    1 : [7732]
130.0 :    1 : [7780]
130.1 :    2 : [7708, 7756]
130.2 :    2 : [7704, 7771]
130.3 :   34 : [7682, 7683, 7685, 7686, 7693, 7694, 7697, 7698, 7709, 7710, 7715, 7716, 7717, 7718, 7722, 7730, 7733, 7735, 7737, 7739, 7744, 7746, 7747, 7748, 7751, 7757, 7759, 7762, 7765, 7770, 7772, 7774, 7775, 7781]
130.4 :   30 : [7684, 7689, 7690, 7692, 7695, 7696, 7699, 7701, 7702, 7705, 7706, 7711, 7712, 7721, 7723, 7724, 7725, 7727, 7728, 7736, 7741, 7742, 7750, 7758, 7760, 7766, 7767, 7769, 7777, 7779]
130.5 :   17 : [7688, 7691, 7707, 7719, 7720, 7729, 7738, 7740, 7745, 7753, 7754, 7755, 7761, 7763, 7768, 7776, 7778]
130.6 :    4 : [7703, 7713, 7734, 7743]
130.7 :    4 : [7687, 7714, 7726, 7773]
130.8 :    1 : [7752]
130.9 :    1 : [7749]
131.1 :    1 : [7700]
131.3 :    1 : [7731]
132.3 :    2 : [7704, 7771]
132.4 :   32 : [7682, 7683, 7686, 7693, 7694, 7697, 7698, 7709, 7710, 7715, 7716, 7717, 7718, 7722, 7730, 7733, 7735, 7737, 7739, 7744, 7746, 7748, 7751, 7757, 7759, 7762, 7765, 7770, 7772, 7774, 7775, 7781]
132.5 :   30 : [7684, 7689, 7690, 7692, 7695, 7696, 7699, 7701, 7702, 7705, 7706, 7711, 7712, 7721, 7723, 7724, 7725, 7727, 7728, 7736, 7741, 7742, 7750, 7758, 7760, 7766, 7767, 7769, 7777, 7779]
132.6 :   15 : [7688, 7691, 7719, 7720, 7729, 7738, 7740, 7745, 7753, 7754, 7755, 7761, 7763, 7776, 7778]
132.7 :    4 : [7703, 7713, 7734, 7743]
132.8 :    4 : [7687, 7714, 7726, 7773]
132.9 :    1 : [7752]
133.0 :    2 : [7749, 7764]
133.2 :    1 : [7700]
133.3 :    1 : [7732]
133.4 :    2 : [7731, 7780]
133.6 :    2 : [7708, 7756]
133.9 :    2 : [7685, 7747]
134.1 :    1 : [7768]
134.2 :    1 : [7707]
134.4 :    2 : [7704, 7771]
134.5 :   26 : [7682, 7683, 7686, 7693, 7694, 7697, 7698, 7709, 7710, 7715, 7718, 7730, 7733, 7737, 7739, 7744, 7746, 7748, 7751, 7757, 7759, 7765, 7770, 7772, 7775, 7781]
134.6 :   30 : [7684, 7689, 7690, 7692, 7695, 7696, 7699, 7701, 7702, 7705, 7706, 7711, 7712, 7721, 7723, 7724, 7725, 7727, 7728, 7736, 7741, 7742, 7750, 7758, 7760, 7766, 7767, 7769, 7777, 7779]
134.7 :   15 : [7688, 7691, 7719, 7720, 7729, 7738, 7740, 7745, 7753, 7754, 7755, 7761, 7763, 7776, 7778]
134.8 :    4 : [7703, 7713, 7734, 7743]
134.9 :    3 : [7687, 7726, 7773]
135.0 :    1 : [7714]
135.1 :    2 : [7752, 7764]
135.4 :    1 : [7732]
135.5 :    2 : [7731, 7780]
135.7 :    2 : [7708, 7756]
136.0 :    6 : [7685, 7716, 7717, 7722, 7747, 7762]
136.1 :    2 : [7735, 7774]
136.2 :    1 : [7768]
136.3 :    1 : [7707]
136.6 :   22 : [7682, 7683, 7686, 7698, 7709, 7710, 7715, 7718, 7733, 7737, 7739, 7744, 7746, 7748, 7749, 7751, 7757, 7759, 7765, 7770, 7772, 7775]
136.7 :   30 : [7684, 7689, 7690, 7692, 7695, 7696, 7699, 7701, 7702, 7705, 7706, 7711, 7712, 7721, 7723, 7724, 7725, 7727, 7728, 7736, 7741, 7742, 7750, 7758, 7760, 7766, 7767, 7769, 7777, 7779]
136.8 :   16 : [7688, 7691, 7700, 7719, 7720, 7729, 7738, 7740, 7745, 7753, 7754, 7755, 7761, 7763, 7776, 7778]
136.9 :    4 : [7703, 7713, 7734, 7743]
137.0 :    3 : [7687, 7726, 7773]
137.1 :    1 : [7714]
137.2 :    2 : [7752, 7764]
137.5 :    1 : [7732]
137.6 :    1 : [7780]
137.8 :    2 : [7708, 7756]
138.0 :    1 : [7704]
138.1 :   10 : [7685, 7693, 7694, 7716, 7717, 7722, 7747, 7762, 7771, 7781]
138.2 :    4 : [7697, 7730, 7735, 7774]
138.3 :    1 : [7768]
138.4 :    1 : [7707]
138.7 :   15 : [7682, 7683, 7686, 7709, 7715, 7737, 7744, 7746, 7748, 7749, 7751, 7759, 7765, 7772, 7775]
138.8 :   30 : [7684, 7689, 7690, 7692, 7695, 7696, 7699, 7701, 7702, 7705, 7706, 7711, 7712, 7721, 7723, 7724, 7725, 7727, 7728, 7736, 7741, 7742, 7750, 7758, 7760, 7766, 7767, 7769, 7777, 7779]
138.9 :   16 : [7688, 7691, 7700, 7719, 7720, 7729, 7738, 7740, 7745, 7753, 7754, 7755, 7761, 7763, 7776, 7778]
139.0 :    4 : [7703, 7713, 7734, 7743]
139.1 :    4 : [7687, 7726, 7731, 7773]
139.2 :    1 : [7714]
139.3 :    1 : [7752]
139.9 :    2 : [7708, 7756]
140.1 :    1 : [7704]
140.2 :   14 : [7685, 7693, 7694, 7716, 7717, 7722, 7733, 7739, 7747, 7757, 7762, 7770, 7771, 7781]
140.3 :    7 : [7697, 7698, 7710, 7718, 7730, 7735, 7774]
140.4 :    1 : [7768]
140.5 :    1 : [7707]
140.8 :    9 : [7682, 7686, 7715, 7748, 7749, 7751, 7759, 7765, 7772]
140.9 :   29 : [7684, 7689, 7690, 7692, 7695, 7699, 7701, 7702, 7705, 7706, 7711, 7712, 7721, 7723, 7724, 7725, 7727, 7736, 7741, 7742, 7750, 7758, 7760, 7764, 7766, 7767, 7769, 7777, 7779]
141.0 :   16 : [7688, 7691, 7700, 7719, 7720, 7729, 7738, 7740, 7745, 7753, 7754, 7755, 7761, 7763, 7776, 7778]
141.1 :    5 : [7703, 7713, 7732, 7734, 7743]
141.2 :    4 : [7687, 7726, 7731, 7780]
141.3 :    2 : [7714, 7773]
141.4 :    1 : [7752]
142.2 :    1 : [7704]
142.3 :   14 : [7685, 7693, 7694, 7716, 7717, 7722, 7733, 7739, 7744, 7757, 7762, 7770, 7771, 7781]
142.4 :   13 : [7683, 7696, 7697, 7698, 7709, 7710, 7718, 7730, 7735, 7737, 7746, 7774, 7775]
142.5 :    2 : [7728, 7768]
142.6 :    1 : [7707]
142.9 :    5 : [7715, 7749, 7751, 7765, 7772]
143.0 :   20 : [7689, 7690, 7695, 7699, 7701, 7702, 7706, 7711, 7712, 7724, 7727, 7736, 7742, 7758, 7760, 7764, 7766, 7767, 7769, 7779]
143.1 :   16 : [7688, 7691, 7700, 7719, 7720, 7729, 7738, 7740, 7745, 7753, 7754, 7755, 7761, 7763, 7776, 7778]
143.2 :    4 : [7703, 7713, 7732, 7734]
143.3 :    5 : [7687, 7726, 7731, 7743, 7780]
143.4 :    2 : [7714, 7773]
143.5 :    1 : [7752]
143.6 :    2 : [7708, 7756]
143.9 :    1 : [7747]
144.3 :    1 : [7704]
144.4 :   13 : [7693, 7694, 7716, 7717, 7722, 7733, 7739, 7744, 7757, 7762, 7770, 7771, 7781]
144.5 :   17 : [7682, 7683, 7686, 7696, 7697, 7698, 7709, 7710, 7718, 7730, 7735, 7737, 7746, 7748, 7759, 7774, 7775]
144.6 :   11 : [7684, 7692, 7705, 7721, 7723, 7725, 7728, 7741, 7750, 7768, 7777]
144.7 :    1 : [7707]
145.0 :    1 : [7749]
145.1 :   12 : [7689, 7690, 7695, 7699, 7724, 7727, 7742, 7760, 7764, 7766, 7769, 7779]
145.2 :   15 : [7688, 7691, 7719, 7720, 7729, 7738, 7740, 7745, 7753, 7754, 7755, 7761, 7763, 7776, 7778]
145.3 :    4 : [7703, 7713, 7732, 7734]
145.4 :    5 : [7687, 7726, 7731, 7743, 7780]
145.5 :    2 : [7714, 7773]
145.7 :    3 : [7708, 7752, 7756]
145.9 :    1 : [7685]
146.0 :    1 : [7747]
146.4 :    1 : [7704]
146.5 :   10 : [7693, 7694, 7733, 7739, 7744, 7757, 7762, 7770, 7771, 7781]
146.6 :   18 : [7682, 7683, 7686, 7696, 7697, 7698, 7709, 7710, 7718, 7730, 7737, 7746, 7748, 7751, 7759, 7765, 7772, 7775]
146.7 :   19 : [7684, 7692, 7702, 7705, 7706, 7711, 7712, 7715, 7721, 7723, 7725, 7728, 7736, 7741, 7750, 7758, 7767, 7768, 7777]
146.8 :    3 : [7700, 7701, 7707]
147.1 :    1 : [7749]
147.2 :    9 : [7689, 7695, 7699, 7724, 7727, 7742, 7760, 7764, 7766]
147.3 :   13 : [7688, 7691, 7720, 7729, 7738, 7740, 7745, 7754, 7755, 7761, 7763, 7776, 7778]
147.4 :    4 : [7703, 7713, 7732, 7734]
147.5 :    4 : [7687, 7726, 7743, 7780]
147.6 :    2 : [7714, 7773]
147.8 :    3 : [7708, 7752, 7756]
148.0 :    2 : [7685, 7717]
148.1 :    3 : [7716, 7722, 7747]
148.2 :    2 : [7735, 7774]
148.5 :    1 : [7704]
148.6 :    7 : [7693, 7694, 7733, 7739, 7744, 7757, 7770]
148.7 :   16 : [7682, 7683, 7686, 7696, 7698, 7709, 7710, 7718, 7737, 7746, 7748, 7751, 7759, 7765, 7772, 7775]
148.8 :   18 : [7684, 7692, 7702, 7705, 7706, 7711, 7712, 7715, 7721, 7723, 7725, 7728, 7736, 7741, 7750, 7758, 7767, 7777]
148.9 :    7 : [7690, 7700, 7701, 7707, 7753, 7769, 7779]
149.0 :    1 : [7719]
149.1 :    1 : [7731]
149.2 :    1 : [7749]
149.3 :    7 : [7689, 7695, 7724, 7727, 7742, 7760, 7766]
149.4 :   13 : [7688, 7691, 7720, 7729, 7738, 7740, 7745, 7754, 7755, 7761, 7763, 7776, 7778]
149.5 :    4 : [7703, 7713, 7732, 7734]
149.6 :    4 : [7687, 7726, 7743, 7780]
149.7 :    2 : [7714, 7773]
149.9 :    3 : [7708, 7752, 7756]
150.1 :    3 : [7685, 7717, 7762]
150.2 :    5 : [7716, 7722, 7747, 7771, 7781]
150.3 :    4 : [7697, 7730, 7735, 7774]
150.5 :    1 : [7768]
150.6 :    1 : [7704]
150.7 :    5 : [7733, 7739, 7744, 7757, 7770]
150.8 :   16 : [7682, 7683, 7686, 7696, 7698, 7709, 7710, 7718, 7737, 7746, 7748, 7751, 7759, 7765, 7772, 7775]
150.9 :   19 : [7684, 7692, 7702, 7705, 7706, 7711, 7712, 7715, 7721, 7723, 7725, 7728, 7736, 7741, 7750, 7758, 7764, 7767, 7777]
151.0 :    8 : [7690, 7699, 7700, 7701, 7707, 7753, 7769, 7779]
151.1 :    1 : [7719]
151.2 :    1 : [7731]
151.3 :    1 : [7749]
151.4 :    6 : [7689, 7695, 7724, 7742, 7760, 7766]
151.5 :   13 : [7688, 7691, 7720, 7729, 7738, 7740, 7745, 7754, 7755, 7761, 7763, 7776, 7778]
151.6 :    4 : [7703, 7713, 7732, 7734]
151.7 :    3 : [7687, 7726, 7743]
151.8 :    2 : [7714, 7773]
152.0 :    3 : [7708, 7752, 7756]
152.2 :    3 : [7685, 7717, 7762]
152.3 :    6 : [7693, 7694, 7716, 7722, 7771, 7781]
152.4 :    4 : [7697, 7730, 7735, 7774]
152.6 :    1 : [7768]
152.7 :    1 : [7704]
152.8 :    5 : [7733, 7739, 7744, 7757, 7770]
152.9 :   15 : [7682, 7683, 7686, 7696, 7709, 7710, 7718, 7737, 7746, 7748, 7751, 7759, 7765, 7772, 7775]
153.0 :   19 : [7684, 7692, 7702, 7705, 7706, 7711, 7712, 7715, 7721, 7723, 7725, 7728, 7736, 7741, 7750, 7758, 7764, 7767, 7777]
153.1 :    9 : [7690, 7699, 7700, 7701, 7707, 7727, 7753, 7769, 7779]
153.2 :    1 : [7719]
153.3 :    2 : [7731, 7780]
153.4 :    1 : [7749]
153.5 :    6 : [7689, 7695, 7724, 7742, 7760, 7766]
153.6 :   13 : [7688, 7691, 7720, 7729, 7738, 7740, 7745, 7754, 7755, 7761, 7763, 7776, 7778]
153.7 :    4 : [7703, 7713, 7732, 7734]
153.8 :    3 : [7687, 7726, 7743]
153.9 :    2 : [7714, 7747]
154.0 :    1 : [7773]
154.1 :    2 : [7708, 7756]
154.2 :    1 : [7752]
154.3 :    2 : [7717, 7762]
154.4 :    6 : [7693, 7694, 7716, 7722, 7771, 7781]
154.5 :    4 : [7697, 7730, 7735, 7774]
154.6 :    1 : [7698]
154.7 :    1 : [7768]
154.8 :    1 : [7704]
154.9 :    4 : [7739, 7744, 7757, 7770]
155.0 :   14 : [7682, 7683, 7686, 7696, 7709, 7718, 7737, 7746, 7748, 7751, 7759, 7765, 7772, 7775]
155.1 :   19 : [7684, 7692, 7702, 7705, 7706, 7711, 7712, 7715, 7721, 7723, 7725, 7728, 7736, 7741, 7750, 7758, 7764, 7767, 7777]
155.2 :    9 : [7690, 7699, 7700, 7701, 7707, 7727, 7753, 7769, 7779]
155.3 :    1 : [7719]
155.4 :    2 : [7731, 7780]
155.5 :    1 : [7749]
155.6 :    6 : [7689, 7695, 7724, 7742, 7760, 7766]
155.7 :   13 : [7688, 7691, 7720, 7729, 7738, 7740, 7745, 7754, 7755, 7761, 7763, 7776, 7778]
155.8 :    2 : [7703, 7732]
155.9 :    2 : [7713, 7734]
156.0 :    5 : [7685, 7687, 7726, 7743, 7747]
156.2 :    4 : [7708, 7714, 7756, 7773]
156.4 :    3 : [7717, 7752, 7762]
156.5 :    6 : [7693, 7694, 7716, 7722, 7771, 7781]
156.6 :    5 : [7697, 7730, 7733, 7735, 7774]
156.7 :    2 : [7698, 7710]
156.8 :    1 : [7768]
156.9 :    1 : [7704]
157.0 :    4 : [7739, 7744, 7757, 7770]
157.1 :   14 : [7682, 7683, 7686, 7696, 7709, 7718, 7737, 7746, 7748, 7751, 7759, 7765, 7772, 7775]
157.2 :   17 : [7684, 7692, 7702, 7705, 7711, 7712, 7715, 7721, 7723, 7725, 7728, 7736, 7741, 7750, 7758, 7767, 7777]
157.3 :    9 : [7690, 7699, 7700, 7701, 7706, 7707, 7764, 7769, 7779]
157.4 :    3 : [7719, 7727, 7753]
157.5 :    2 : [7731, 7780]
157.6 :    1 : [7749]
157.7 :    6 : [7689, 7695, 7724, 7742, 7760, 7766]
157.8 :   11 : [7688, 7720, 7729, 7738, 7745, 7754, 7755, 7761, 7763, 7776, 7778]
157.9 :    3 : [7691, 7732, 7740]
158.0 :    1 : [7703]
158.1 :    4 : [7685, 7713, 7734, 7747]
158.2 :    1 : [7743]
158.3 :    4 : [7687, 7708, 7726, 7756]
158.4 :    1 : [7714]
158.5 :    3 : [7717, 7762, 7773]
158.6 :    5 : [7694, 7716, 7722, 7771, 7781]
158.7 :    7 : [7693, 7697, 7730, 7733, 7735, 7752, 7774]
158.9 :    2 : [7698, 7710]
159.1 :    6 : [7704, 7739, 7744, 7757, 7768, 7770]
159.2 :   10 : [7683, 7686, 7696, 7709, 7718, 7737, 7746, 7748, 7759, 7775]
159.3 :    8 : [7682, 7684, 7692, 7705, 7725, 7728, 7741, 7765]
159.4 :   11 : [7700, 7707, 7712, 7721, 7723, 7750, 7751, 7758, 7767, 7772, 7777]
159.5 :    7 : [7701, 7702, 7706, 7711, 7715, 7736, 7764]
159.6 :    4 : [7690, 7699, 7769, 7779]
159.7 :    4 : [7719, 7727, 7731, 7753]
159.8 :    7 : [7689, 7695, 7724, 7742, 7749, 7766, 7780]
159.9 :    6 : [7688, 7720, 7738, 7760, 7776, 7778]
160.0 :    3 : [7732, 7754, 7761]
160.1 :    2 : [7745, 7755]
160.2 :    2 : [7729, 7763]
160.3 :    5 : [7685, 7691, 7703, 7740, 7747]
160.5 :    2 : [7713, 7734]
160.6 :    3 : [7717, 7743, 7756]
160.7 :    4 : [7687, 7716, 7722, 7762]
160.8 :    6 : [7708, 7726, 7735, 7771, 7774, 7781]
160.9 :    2 : [7714, 7773]
161.0 :    4 : [7693, 7694, 7697, 7730]
161.1 :    1 : [7733]
161.2 :    4 : [7739, 7752, 7757, 7770]
161.3 :    3 : [7698, 7710, 7718]
161.4 :    3 : [7737, 7744, 7775]
161.5 :    3 : [7683, 7709, 7746]
161.6 :    5 : [7696, 7704, 7728, 7748, 7768]
161.7 :    4 : [7686, 7741, 7759, 7765]
161.8 :    8 : [7682, 7684, 7692, 7700, 7705, 7721, 7725, 7751]
161.9 :    6 : [7712, 7723, 7758, 7767, 7772, 7777]
162.0 :    8 : [7702, 7706, 7707, 7711, 7715, 7736, 7750, 7764]
162.1 :    4 : [7690, 7701, 7769, 7779]
162.2 :    4 : [7699, 7727, 7731, 7742]
162.3 :    5 : [7695, 7719, 7724, 7753, 7780]
162.4 :    5 : [7689, 7732, 7749, 7766, 7778]
162.5 :    5 : [7688, 7720, 7738, 7760, 7776]
162.6 :    2 : [7754, 7761]
162.7 :    1 : [7755]
162.8 :    3 : [7685, 7745, 7747]
162.9 :    2 : [7729, 7763]
163.0 :    1 : [7740]
163.1 :    4 : [7691, 7703, 7717, 7722]
163.2 :    2 : [7713, 7762]
163.3 :    3 : [7716, 7734, 7756]
163.4 :    4 : [7735, 7743, 7774, 7781]
163.5 :    1 : [7771]
163.6 :    3 : [7687, 7697, 7708]
163.7 :    4 : [7693, 7694, 7726, 7730]
163.8 :    1 : [7733]
163.9 :    4 : [7714, 7739, 7757, 7773]
164.0 :    2 : [7698, 7770]
164.1 :    2 : [7710, 7718]
164.2 :    5 : [7737, 7744, 7746, 7752, 7775]
164.3 :    1 : [7683]
164.4 :    4 : [7696, 7709, 7728, 7748]
164.5 :    2 : [7686, 7759]
164.6 :    4 : [7700, 7704, 7741, 7768]
164.7 :    4 : [7692, 7705, 7751, 7765]
164.8 :    4 : [7682, 7684, 7721, 7725]
164.9 :    9 : [7702, 7712, 7723, 7736, 7758, 7764, 7767, 7772, 7777]
165.0 :    2 : [7706, 7750]
165.1 :    5 : [7690, 7701, 7711, 7769, 7779]
165.2 :    3 : [7707, 7715, 7731]
165.3 :    3 : [7699, 7742, 7780]
165.4 :    4 : [7719, 7724, 7732, 7753]
165.5 :    2 : [7695, 7727]
165.6 :    2 : [7689, 7766]
165.7 :    2 : [7685, 7738]
165.8 :    5 : [7688, 7720, 7747, 7760, 7778]
165.9 :    3 : [7749, 7754, 7776]
166.0 :    1 : [7761]
166.1 :    1 : [7755]
166.2 :    2 : [7717, 7722]
166.3 :    1 : [7745]
166.4 :    1 : [7762]
166.5 :    1 : [7716]
166.6 :    2 : [7763, 7781]
166.7 :    2 : [7735, 7740]
166.8 :    2 : [7729, 7774]
166.9 :    2 : [7697, 7771]
167.1 :    3 : [7703, 7730, 7756]
167.2 :    3 : [7691, 7693, 7694]
167.6 :    2 : [7733, 7739]
167.8 :    1 : [7713]
167.9 :    1 : [7757]
315.5 :    4 : [7722, 7733, 7735, 7762]
315.6 :   55 : [7683, 7684, 7685, 7686, 7690, 7693, 7694, 7696, 7697, 7698, 7700, 7701, 7702, 7706, 7707, 7708, 7710, 7712, 7716, 7717, 7718, 7719, 7723, 7724, 7728, 7730, 7731, 7732, 7736, 7737, 7739, 7742, 7744, 7745, 7746, 7747, 7748, 7750, 7757, 7758, 7759, 7760, 7763, 7764, 7765, 7766, 7767, 7769, 7770, 7771, 7772, 7774, 7775, 7779, 7780]
315.7 :   39 : [7682, 7688, 7689, 7691, 7692, 7695, 7699, 7703, 7704, 7705, 7709, 7711, 7713, 7714, 7715, 7720, 7721, 7725, 7726, 7727, 7729, 7734, 7738, 7740, 7741, 7743, 7749, 7751, 7752, 7753, 7754, 7755, 7756, 7761, 7768, 7773, 7776, 7777, 7778]
315.8 :    1 : [7687]
317.9 :    4 : [7722, 7733, 7735, 7762]
318.0 :    4 : [7686, 7694, 7700, 7717]
318.1 :   82 : [7682, 7683, 7684, 7685, 7688, 7689, 7690, 7691, 7692, 7693, 7695, 7696, 7697, 7698, 7699, 7701, 7702, 7703, 7704, 7705, 7706, 7708, 7710, 7711, 7712, 7713, 7714, 7716, 7718, 7720, 7721, 7724, 7725, 7726, 7727, 7728, 7729, 7730, 7731, 7732, 7734, 7736, 7737, 7738, 7739, 7740, 7741, 7742, 7743, 7744, 7745, 7746, 7747, 7748, 7749, 7750, 7751, 7752, 7753, 7754, 7755, 7756, 7757, 7758, 7759, 7760, 7761, 7764, 7765, 7767, 7768, 7769, 7770, 7771, 7772, 7773, 7774, 7775, 7776, 7777, 7779, 7780]
318.2 :    5 : [7707, 7719, 7723, 7763, 7766]
318.3 :    1 : [7687]
320.0 :    3 : [7722, 7733, 7735]
320.2 :   37 : [7682, 7688, 7689, 7691, 7692, 7695, 7699, 7703, 7704, 7705, 7711, 7713, 7714, 7720, 7721, 7725, 7726, 7727, 7729, 7734, 7738, 7740, 7741, 7743, 7749, 7751, 7752, 7753, 7754, 7755, 7756, 7761, 7762, 7768, 7773, 7776, 7777]
320.3 :   14 : [7685, 7686, 7693, 7694, 7700, 7702, 7710, 7716, 7717, 7737, 7739, 7747, 7757, 7765]
320.4 :   30 : [7683, 7690, 7696, 7697, 7698, 7701, 7706, 7712, 7718, 7724, 7728, 7730, 7731, 7732, 7736, 7742, 7744, 7746, 7748, 7750, 7759, 7760, 7764, 7769, 7770, 7771, 7774, 7775, 7779, 7780]
320.5 :   10 : [7684, 7708, 7719, 7723, 7745, 7758, 7763, 7766, 7767, 7772]
320.6 :    1 : [7707]
320.7 :    1 : [7687]
322.3 :   13 : [7682, 7691, 7703, 7704, 7714, 7721, 7738, 7740, 7749, 7752, 7754, 7761, 7762]
322.4 :    2 : [7717, 7747]
322.5 :   15 : [7685, 7686, 7693, 7694, 7700, 7710, 7716, 7730, 7732, 7737, 7739, 7757, 7765, 7770, 7771]
322.6 :   23 : [7683, 7690, 7696, 7697, 7698, 7701, 7702, 7706, 7712, 7718, 7728, 7731, 7736, 7744, 7746, 7748, 7750, 7759, 7769, 7774, 7775, 7779, 7780]
322.7 :   14 : [7684, 7708, 7719, 7723, 7724, 7742, 7745, 7758, 7760, 7763, 7764, 7766, 7767, 7772]
322.8 :    1 : [7707]
322.9 :    1 : [7687]
323.2 :    1 : [7722]
323.4 :    2 : [7733, 7735]
323.5 :    4 : [7705, 7720, 7727, 7751]
323.6 :    6 : [7692, 7711, 7726, 7729, 7756, 7768]
323.7 :    9 : [7688, 7689, 7695, 7713, 7734, 7743, 7753, 7755, 7773]
323.8 :    5 : [7699, 7725, 7741, 7776, 7777]
324.4 :    1 : [7762]
324.5 :    2 : [7717, 7747]
324.6 :    9 : [7685, 7693, 7694, 7710, 7716, 7730, 7739, 7757, 7771]
324.7 :   20 : [7683, 7686, 7696, 7697, 7698, 7700, 7702, 7718, 7731, 7732, 7737, 7744, 7746, 7759, 7765, 7769, 7770, 7774, 7775, 7780]
324.8 :   15 : [7684, 7690, 7701, 7706, 7712, 7723, 7724, 7728, 7736, 7748, 7750, 7758, 7764, 7767, 7779]
324.9 :    8 : [7708, 7719, 7742, 7745, 7760, 7763, 7766, 7772]
325.1 :    2 : [7687, 7707]
325.3 :    1 : [7722]
325.5 :    2 : [7733, 7735]
325.6 :    4 : [7705, 7720, 7727, 7751]
325.7 :    6 : [7692, 7711, 7726, 7729, 7756, 7768]
325.8 :   11 : [7682, 7688, 7689, 7691, 7695, 7713, 7734, 7743, 7753, 7755, 7773]
325.9 :   12 : [7699, 7714, 7721, 7725, 7738, 7740, 7741, 7749, 7754, 7761, 7776, 7777]
326.0 :    3 : [7703, 7704, 7752]
326.5 :    1 : [7762]
326.6 :    2 : [7717, 7747]
326.7 :    9 : [7685, 7693, 7694, 7710, 7716, 7730, 7739, 7757, 7771]
326.8 :   18 : [7683, 7686, 7696, 7697, 7698, 7700, 7702, 7718, 7731, 7732, 7737, 7744, 7746, 7765, 7770, 7774, 7775, 7780]
326.9 :   17 : [7684, 7690, 7701, 7706, 7712, 7723, 7724, 7728, 7736, 7748, 7750, 7758, 7759, 7764, 7767, 7769, 7779]
327.0 :    5 : [7719, 7742, 7760, 7766, 7772]
327.1 :    3 : [7708, 7745, 7763]
327.2 :    1 : [7707]
327.3 :    1 : [7687]
327.6 :    2 : [7733, 7735]
327.7 :    3 : [7705, 7720, 7751]
327.8 :    5 : [7692, 7711, 7726, 7756, 7768]
327.9 :   11 : [7682, 7688, 7689, 7691, 7695, 7713, 7734, 7743, 7753, 7755, 7773]
328.0 :   12 : [7699, 7714, 7721, 7725, 7738, 7740, 7741, 7749, 7754, 7761, 7776, 7777]
328.1 :    3 : [7703, 7704, 7752]
328.6 :    1 : [7762]
328.7 :    2 : [7717, 7747]
328.8 :    9 : [7685, 7693, 7694, 7710, 7716, 7730, 7739, 7757, 7771]
328.9 :   19 : [7683, 7686, 7696, 7697, 7698, 7700, 7702, 7718, 7722, 7731, 7732, 7737, 7744, 7746, 7765, 7770, 7774, 7775, 7780]
329.0 :   17 : [7684, 7690, 7701, 7706, 7712, 7723, 7724, 7728, 7736, 7748, 7750, 7758, 7759, 7764, 7767, 7769, 7779]
329.1 :    5 : [7719, 7742, 7760, 7766, 7772]
329.2 :    3 : [7708, 7745, 7763]
329.3 :    1 : [7727]
329.4 :    2 : [7707, 7729]
329.5 :    1 : [7687]
329.9 :    2 : [7711, 7768]
330.0 :   10 : [7682, 7688, 7691, 7695, 7713, 7734, 7743, 7753, 7755, 7773]
330.1 :   12 : [7699, 7714, 7721, 7725, 7738, 7740, 7741, 7749, 7754, 7761, 7776, 7777]
330.2 :    3 : [7703, 7704, 7752]
330.7 :    1 : [7762]
330.8 :    2 : [7717, 7747]
330.9 :    9 : [7685, 7693, 7694, 7710, 7716, 7730, 7739, 7757, 7771]
331.0 :   19 : [7683, 7686, 7696, 7697, 7698, 7700, 7702, 7718, 7722, 7731, 7732, 7737, 7744, 7746, 7765, 7770, 7774, 7775, 7780]
331.1 :   17 : [7684, 7690, 7701, 7706, 7712, 7723, 7724, 7728, 7736, 7748, 7750, 7758, 7759, 7764, 7767, 7769, 7779]
331.2 :    7 : [7719, 7733, 7735, 7742, 7760, 7766, 7772]
331.3 :    6 : [7705, 7708, 7720, 7745, 7751, 7763]
331.4 :    3 : [7692, 7727, 7756]
331.5 :    3 : [7707, 7726, 7729]
331.6 :    2 : [7687, 7689]
332.1 :    7 : [7682, 7691, 7713, 7734, 7743, 7753, 7773]
332.2 :   10 : [7699, 7714, 7721, 7725, 7738, 7740, 7749, 7754, 7761, 7777]
332.3 :    3 : [7703, 7704, 7752]
332.8 :    1 : [7762]
332.9 :    2 : [7717, 7747]
333.0 :    9 : [7685, 7693, 7694, 7710, 7716, 7730, 7739, 7757, 7771]
333.1 :   19 : [7683, 7686, 7696, 7697, 7698, 7700, 7702, 7718, 7722, 7731, 7732, 7737, 7744, 7746, 7765, 7770, 7774, 7775, 7780]
333.2 :   17 : [7684, 7690, 7701, 7706, 7712, 7723, 7724, 7728, 7736, 7748, 7750, 7758, 7759, 7764, 7767, 7769, 7779]
333.3 :    7 : [7719, 7733, 7735, 7742, 7760, 7766, 7772]
333.4 :    6 : [7705, 7708, 7720, 7745, 7751, 7763]
333.5 :    3 : [7692, 7727, 7756]
333.6 :    5 : [7707, 7711, 7726, 7729, 7768]
333.7 :    5 : [7687, 7688, 7689, 7695, 7755]
333.8 :    2 : [7741, 7776]
334.2 :    5 : [7682, 7691, 7734, 7743, 7773]
334.3 :    8 : [7714, 7721, 7738, 7740, 7749, 7754, 7761, 7777]
334.4 :    3 : [7703, 7704, 7752]
334.9 :    1 : [7762]
335.0 :    2 : [7717, 7747]
335.1 :    8 : [7693, 7694, 7710, 7716, 7730, 7739, 7757, 7771]
335.2 :   18 : [7683, 7686, 7696, 7697, 7698, 7700, 7702, 7718, 7731, 7732, 7737, 7744, 7746, 7765, 7770, 7774, 7775, 7780]
335.3 :   17 : [7684, 7690, 7701, 7706, 7712, 7723, 7724, 7728, 7736, 7748, 7750, 7758, 7759, 7764, 7767, 7769, 7779]
335.4 :    7 : [7719, 7733, 7735, 7742, 7760, 7766, 7772]
335.5 :    6 : [7705, 7708, 7720, 7745, 7751, 7763]
335.6 :    3 : [7692, 7727, 7756]
335.7 :    4 : [7711, 7726, 7729, 7768]
335.8 :    5 : [7688, 7689, 7695, 7707, 7755]
335.9 :    6 : [7687, 7713, 7725, 7741, 7753, 7776]
336.0 :    1 : [7699]
336.3 :    4 : [7682, 7691, 7734, 7773]
336.4 :    7 : [7714, 7721, 7738, 7740, 7749, 7754, 7761]
336.5 :    3 : [7703, 7704, 7752]
336.7 :    1 : [7685]
336.8 :    1 : [7722]
337.0 :    1 : [7762]
337.1 :    1 : [7717]
337.2 :    8 : [7693, 7694, 7710, 7716, 7730, 7739, 7757, 7771]
337.3 :   18 : [7683, 7686, 7696, 7697, 7698, 7700, 7702, 7718, 7731, 7732, 7737, 7744, 7746, 7765, 7770, 7774, 7775, 7780]
337.4 :   16 : [7684, 7690, 7701, 7706, 7712, 7723, 7728, 7736, 7748, 7750, 7758, 7759, 7764, 7767, 7769, 7779]
337.5 :    8 : [7719, 7724, 7733, 7735, 7742, 7760, 7766, 7772]
337.6 :    5 : [7705, 7708, 7720, 7745, 7751]
337.7 :    4 : [7692, 7727, 7756, 7763]
337.8 :    4 : [7711, 7726, 7729, 7768]
337.9 :    5 : [7688, 7689, 7695, 7707, 7755]
338.0 :    7 : [7687, 7713, 7725, 7741, 7743, 7753, 7776]
338.1 :    2 : [7699, 7777]
338.4 :    4 : [7682, 7691, 7734, 7773]
338.5 :    7 : [7714, 7721, 7738, 7740, 7749, 7754, 7761]
338.6 :    3 : [7703, 7704, 7752]
338.7 :    1 : [7747]
338.8 :    1 : [7685]
338.9 :    1 : [7722]
339.1 :    1 : [7762]
339.2 :    1 : [7717]
339.3 :    7 : [7693, 7694, 7710, 7730, 7739, 7757, 7771]
339.4 :   17 : [7683, 7686, 7696, 7697, 7698, 7700, 7702, 7718, 7731, 7732, 7737, 7744, 7746, 7765, 7770, 7775, 7780]
339.5 :   16 : [7684, 7690, 7701, 7706, 7712, 7723, 7728, 7736, 7748, 7750, 7758, 7759, 7764, 7767, 7769, 7779]
339.6 :    8 : [7719, 7724, 7733, 7735, 7742, 7760, 7766, 7772]
339.7 :    4 : [7705, 7708, 7720, 7751]
339.8 :    5 : [7692, 7727, 7745, 7756, 7763]
339.9 :    4 : [7711, 7726, 7729, 7768]
340.0 :    5 : [7688, 7689, 7695, 7707, 7755]
340.1 :    6 : [7713, 7725, 7741, 7743, 7753, 7776]
340.2 :    3 : [7687, 7699, 7777]
340.5 :    4 : [7682, 7691, 7734, 7773]
340.6 :    7 : [7714, 7721, 7738, 7740, 7749, 7754, 7761]
340.7 :    2 : [7703, 7704]
340.8 :    2 : [7747, 7752]
340.9 :    2 : [7685, 7716]
341.0 :    2 : [7722, 7774]
341.4 :    7 : [7693, 7694, 7710, 7730, 7739, 7757, 7771]
341.5 :   17 : [7683, 7686, 7696, 7697, 7698, 7700, 7702, 7718, 7731, 7732, 7737, 7744, 7746, 7765, 7770, 7775, 7780]
341.6 :   16 : [7684, 7690, 7701, 7706, 7712, 7723, 7728, 7736, 7748, 7750, 7758, 7759, 7764, 7767, 7769, 7779]
341.7 :    6 : [7719, 7724, 7733, 7742, 7760, 7772]
341.8 :    4 : [7705, 7720, 7751, 7766]
341.9 :    6 : [7692, 7708, 7727, 7745, 7756, 7763]
342.0 :    4 : [7711, 7726, 7729, 7768]
342.1 :    4 : [7688, 7689, 7695, 7755]
342.2 :    5 : [7707, 7725, 7741, 7753, 7776]
342.3 :    5 : [7687, 7699, 7713, 7743, 7777]
342.6 :    4 : [7682, 7691, 7734, 7773]
342.7 :    6 : [7721, 7738, 7740, 7749, 7754, 7761]
342.8 :    3 : [7703, 7704, 7714]
342.9 :    3 : [7717, 7747, 7762]
343.0 :    3 : [7685, 7716, 7752]
343.1 :    2 : [7722, 7774]
343.3 :    1 : [7735]
343.5 :    6 : [7693, 7710, 7730, 7739, 7757, 7771]
343.6 :   17 : [7683, 7686, 7696, 7697, 7698, 7700, 7702, 7718, 7731, 7732, 7737, 7744, 7746, 7765, 7770, 7775, 7780]
343.7 :   16 : [7684, 7690, 7701, 7706, 7712, 7723, 7728, 7736, 7748, 7750, 7758, 7759, 7764, 7767, 7769, 7779]
343.8 :    5 : [7719, 7724, 7733, 7742, 7772]
343.9 :    5 : [7705, 7720, 7751, 7760, 7766]
344.0 :    4 : [7692, 7708, 7727, 7756]
344.1 :    5 : [7711, 7729, 7745, 7763, 7768]
344.2 :    4 : [7688, 7689, 7695, 7726]
344.3 :    4 : [7725, 7741, 7753, 7755]
344.4 :    6 : [7699, 7707, 7713, 7743, 7776, 7777]
344.5 :    1 : [7687]
344.7 :    4 : [7682, 7691, 7734, 7773]
344.8 :    5 : [7721, 7738, 7740, 7754, 7761]
344.9 :    3 : [7703, 7704, 7749]
345.0 :    4 : [7714, 7717, 7747, 7762]
345.1 :    2 : [7685, 7716]
345.2 :    4 : [7694, 7722, 7752, 7774]
345.4 :    1 : [7735]
345.6 :    6 : [7693, 7710, 7730, 7739, 7757, 7771]
345.7 :   17 : [7683, 7686, 7696, 7697, 7698, 7700, 7702, 7718, 7731, 7732, 7737, 7744, 7746, 7765, 7770, 7775, 7780]
345.8 :   16 : [7684, 7690, 7701, 7706, 7712, 7723, 7728, 7736, 7748, 7750, 7758, 7759, 7764, 7767, 7769, 7779]
345.9 :    2 : [7733, 7772]
346.0 :    7 : [7705, 7719, 7720, 7724, 7742, 7751, 7760]
346.1 :    4 : [7692, 7727, 7756, 7766]
346.2 :    3 : [7708, 7711, 7729]
346.3 :    4 : [7689, 7745, 7763, 7768]
346.4 :    5 : [7688, 7695, 7725, 7741, 7753]
346.5 :    3 : [7726, 7755, 7777]
346.6 :    3 : [7699, 7707, 7776]
346.7 :    2 : [7713, 7743]
346.8 :    4 : [7682, 7687, 7734, 7773]
346.9 :    3 : [7721, 7738, 7754]
347.0 :    2 : [7691, 7761]
347.1 :    5 : [7704, 7717, 7740, 7747, 7762]
347.2 :    5 : [7685, 7703, 7714, 7716, 7749]
347.3 :    3 : [7694, 7722, 7774]
347.5 :    1 : [7752]
347.6 :    1 : [7735]
347.7 :    6 : [7693, 7710, 7730, 7739, 7757, 7771]
347.8 :   14 : [7683, 7686, 7697, 7698, 7700, 7718, 7732, 7737, 7744, 7746, 7765, 7770, 7775, 7780]
347.9 :    5 : [7696, 7728, 7731, 7748, 7759]
348.0 :    9 : [7684, 7702, 7712, 7723, 7733, 7736, 7750, 7758, 7764]
348.1 :    9 : [7690, 7701, 7705, 7706, 7751, 7767, 7769, 7772, 7779]
348.2 :    5 : [7692, 7720, 7724, 7727, 7742]
348.3 :    4 : [7719, 7756, 7760, 7766]
348.5 :    3 : [7708, 7711, 7729]
348.6 :    3 : [7689, 7741, 7745]
348.7 :    6 : [7688, 7695, 7725, 7753, 7763, 7768]
348.8 :    3 : [7726, 7755, 7777]
348.9 :    3 : [7682, 7699, 7776]
349.0 :    3 : [7707, 7713, 7721]
349.1 :    1 : [7743]
349.2 :    5 : [7687, 7734, 7747, 7754, 7773]
349.3 :    2 : [7685, 7738]
349.4 :    5 : [7691, 7717, 7722, 7761, 7762]
349.5 :    3 : [7704, 7716, 7740]
349.6 :    2 : [7703, 7749]
349.7 :    3 : [7694, 7714, 7774]
349.8 :    3 : [7693, 7730, 7771]
349.9 :    6 : [7697, 7710, 7735, 7739, 7757, 7770]
350.0 :    2 : [7698, 7752]
350.1 :    6 : [7700, 7718, 7733, 7737, 7775, 7780]
350.2 :    5 : [7683, 7686, 7744, 7746, 7765]
350.3 :    6 : [7696, 7728, 7731, 7732, 7748, 7759]
350.4 :    3 : [7702, 7712, 7764]
350.5 :   11 : [7684, 7701, 7705, 7706, 7723, 7736, 7750, 7751, 7758, 7767, 7772]
350.6 :    4 : [7690, 7727, 7769, 7779]
350.7 :    4 : [7692, 7720, 7724, 7742]
350.8 :    3 : [7719, 7756, 7760]
350.9 :    1 : [7766]
351.1 :    4 : [7708, 7711, 7729, 7741]
351.2 :    4 : [7689, 7725, 7745, 7768]
351.3 :    5 : [7682, 7688, 7695, 7753, 7763]
351.4 :    2 : [7699, 7777]
351.5 :    2 : [7721, 7755]
351.6 :    2 : [7726, 7776]
351.7 :    5 : [7685, 7707, 7713, 7743, 7747]
351.8 :    2 : [7722, 7754]
351.9 :    3 : [7687, 7717, 7762]
352.0 :    3 : [7734, 7738, 7773]
352.1 :    3 : [7691, 7716, 7761]
352.3 :    5 : [7694, 7704, 7740, 7771, 7774]
352.4 :    4 : [7693, 7697, 7703, 7730]
352.5 :    3 : [7714, 7739, 7749]
352.6 :    4 : [7698, 7735, 7757, 7770]
352.7 :    1 : [7710]
352.8 :    5 : [7700, 7718, 7733, 7775, 7780]
352.9 :    4 : [7683, 7737, 7744, 7746]
353.0 :    5 : [7686, 7731, 7732, 7752, 7765]
353.1 :    4 : [7696, 7728, 7748, 7759]
353.3 :    6 : [7684, 7702, 7712, 7736, 7764, 7772]
353.4 :    5 : [7705, 7706, 7723, 7750, 7758]
353.5 :    6 : [7701, 7727, 7751, 7767, 7769, 7779]
353.6 :    3 : [7690, 7692, 7742]
353.7 :    2 : [7720, 7724]
353.8 :    2 : [7719, 7756]
353.9 :    2 : [7760, 7766]
354.2 :    4 : [7708, 7711, 7725, 7741]
354.3 :    1 : [7729]
354.4 :    3 : [7682, 7745, 7753]
354.5 :    4 : [7689, 7695, 7768, 7777]
354.6 :    4 : [7688, 7699, 7747, 7763]
354.7 :    2 : [7685, 7721]
354.8 :    2 : [7722, 7755]
355.0 :    2 : [7717, 7762]
355.2 :    4 : [7713, 7716, 7754, 7776]
355.4 :    1 : [7743]
355.5 :    2 : [7726, 7774]
355.6 :    1 : [7707]
355.7 :    2 : [7761, 7771]
355.8 :    2 : [7694, 7697]
355.9 :    1 : [7730]
356.0 :    3 : [7693, 7735, 7770]
356.1 :    2 : [7738, 7739]
356.4 :    2 : [7698, 7757]
356.6 :    2 : [7700, 7733]
357.1 :    2 : [7710, 7718]
357.2 :    2 : [7683, 7775]
357.6 :    1 : [7780]
514.8 :    9 : [7685, 7690, 7694, 7700, 7713, 7722, 7730, 7736, 7762]
514.9 :   52 : [7683, 7686, 7692, 7696, 7697, 7698, 7699, 7701, 7702, 7705, 7706, 7708, 7710, 7712, 7716, 7717, 7718, 7719, 7721, 7728, 7732, 7733, 7735, 7737, 7739, 7740, 7741, 7744, 7746, 7747, 7748, 7749, 7750, 7756, 7757, 7759, 7760, 7761, 7763, 7764, 7765, 7767, 7768, 7769, 7770, 7771, 7772, 7773, 7774, 7775, 7779, 7780]
515.0 :   29 : [7682, 7684, 7689, 7691, 7693, 7695, 7703, 7704, 7707, 7711, 7720, 7723, 7724, 7725, 7729, 7731, 7734, 7738, 7742, 7743, 7745, 7752, 7753, 7754, 7755, 7758, 7766, 7776, 7777]
515.1 :    5 : [7687, 7688, 7714, 7727, 7751]
515.2 :    1 : [7726]
517.2 :    1 : [7722]
517.3 :   57 : [7683, 7685, 7686, 7692, 7694, 7696, 7697, 7698, 7699, 7700, 7701, 7702, 7705, 7706, 7708, 7710, 7712, 7716, 7717, 7718, 7719, 7721, 7728, 7730, 7732, 7733, 7735, 7737, 7739, 7740, 7741, 7744, 7746, 7747, 7748, 7749, 7750, 7756, 7757, 7759, 7760, 7761, 7762, 7763, 7764, 7765, 7767, 7768, 7769, 7770, 7771, 7772, 7773, 7774, 7775, 7779, 7780]
517.4 :   29 : [7682, 7684, 7689, 7690, 7691, 7695, 7703, 7704, 7707, 7711, 7713, 7720, 7723, 7724, 7725, 7729, 7731, 7734, 7736, 7738, 7742, 7743, 7752, 7753, 7754, 7758, 7766, 7776, 7777]
517.5 :    3 : [7745, 7751, 7755]
517.6 :    4 : [7687, 7688, 7714, 7727]
517.7 :    1 : [7726]
519.4 :   52 : [7683, 7686, 7692, 7696, 7697, 7698, 7699, 7701, 7702, 7705, 7706, 7708, 7710, 7712, 7716, 7717, 7718, 7719, 7721, 7728, 7732, 7733, 7735, 7737, 7739, 7740, 7741, 7744, 7746, 7747, 7748, 7749, 7750, 7756, 7757, 7759, 7760, 7761, 7763, 7764, 7765, 7767, 7768, 7769, 7770, 7771, 7772, 7773, 7774, 7775, 7779, 7780]
519.5 :   25 : [7682, 7684, 7685, 7689, 7691, 7695, 7703, 7704, 7707, 7711, 7720, 7722, 7723, 7725, 7729, 7731, 7738, 7743, 7752, 7753, 7754, 7758, 7766, 7776, 7777]
519.6 :    5 : [7694, 7700, 7724, 7730, 7762]
519.7 :    6 : [7690, 7734, 7736, 7742, 7745, 7755]
519.8 :    2 : [7713, 7751]
519.9 :    2 : [7688, 7727]
520.0 :    3 : [7687, 7714, 7726]
521.5 :    2 : [7740, 7773]
521.6 :    8 : [7685, 7691, 7720, 7722, 7729, 7738, 7758, 7777]
521.7 :    2 : [7694, 7762]
521.8 :    6 : [7700, 7724, 7730, 7734, 7742, 7755]
521.9 :    3 : [7690, 7736, 7745]
522.0 :    1 : [7751]
522.1 :    3 : [7688, 7713, 7727]
522.2 :    1 : [7687]
522.3 :    2 : [7714, 7726]
522.6 :    1 : [7754]
522.9 :   28 : [7682, 7684, 7695, 7697, 7698, 7704, 7706, 7707, 7710, 7716, 7717, 7723, 7725, 7735, 7737, 7741, 7746, 7747, 7748, 7752, 7757, 7760, 7764, 7766, 7769, 7771, 7775, 7779]
523.0 :   31 : [7683, 7686, 7692, 7696, 7699, 7701, 7702, 7705, 7708, 7712, 7718, 7719, 7721, 7728, 7732, 7733, 7739, 7744, 7749, 7750, 7756, 7759, 7761, 7763, 7765, 7767, 7768, 7770, 7772, 7774, 7780]
523.1 :    7 : [7689, 7703, 7711, 7731, 7743, 7753, 7776]
523.7 :    8 : [7685, 7691, 7720, 7722, 7729, 7738, 7758, 7777]
523.8 :    2 : [7694, 7762]
523.9 :    2 : [7724, 7730]
524.0 :    4 : [7700, 7734, 7742, 7755]
524.1 :    3 : [7690, 7736, 7745]
524.2 :    1 : [7751]
524.3 :    3 : [7688, 7713, 7727]
524.5 :    3 : [7687, 7714, 7726]
524.7 :    1 : [7754]
525.0 :   28 : [7682, 7684, 7695, 7697, 7698, 7704, 7706, 7707, 7710, 7716, 7717, 7723, 7725, 7735, 7737, 7741, 7746, 7747, 7748, 7752, 7757, 7760, 7764, 7766, 7769, 7771, 7775, 7779]
525.1 :   33 : [7683, 7686, 7692, 7696, 7699, 7701, 7702, 7705, 7708, 7712, 7718, 7719, 7721, 7728, 7732, 7733, 7739, 7740, 7744, 7749, 7750, 7756, 7759, 7761, 7763, 7765, 7767, 7768, 7770, 7772, 7773, 7774, 7780]
525.2 :    7 : [7689, 7703, 7711, 7731, 7743, 7753, 7776]
525.8 :    5 : [7685, 7691, 7722, 7729, 7738]
525.9 :    2 : [7694, 7762]
526.0 :    2 : [7724, 7730]
526.1 :    4 : [7700, 7734, 7742, 7755]
526.2 :    3 : [7690, 7736, 7745]
526.3 :    1 : [7751]
526.4 :    2 : [7713, 7727]
526.5 :    1 : [7688]
526.6 :    1 : [7687]
526.7 :    2 : [7714, 7726]
527.1 :   28 : [7682, 7684, 7695, 7697, 7698, 7704, 7706, 7707, 7710, 7716, 7717, 7723, 7725, 7735, 7737, 7741, 7746, 7747, 7748, 7752, 7757, 7760, 7764, 7766, 7769, 7771, 7775, 7779]
527.2 :   33 : [7683, 7686, 7692, 7696, 7699, 7701, 7702, 7705, 7708, 7712, 7718, 7719, 7721, 7728, 7732, 7733, 7739, 7740, 7744, 7749, 7750, 7756, 7759, 7761, 7763, 7765, 7767, 7768, 7770, 7772, 7773, 7774, 7780]
527.3 :    7 : [7689, 7703, 7711, 7731, 7743, 7753, 7776]
527.4 :    2 : [7758, 7777]
527.5 :    1 : [7720]
527.9 :    5 : [7685, 7691, 7722, 7729, 7738]
528.0 :    2 : [7694, 7762]
528.1 :    2 : [7724, 7730]
528.2 :    5 : [7700, 7734, 7742, 7754, 7755]
528.3 :    3 : [7690, 7736, 7745]
528.4 :    1 : [7751]
528.5 :    1 : [7727]
528.6 :    2 : [7688, 7713]
528.8 :    1 : [7687]
528.9 :    2 : [7714, 7726]
529.2 :   19 : [7697, 7698, 7704, 7706, 7707, 7710, 7716, 7717, 7737, 7741, 7746, 7748, 7752, 7757, 7760, 7764, 7769, 7771, 7779]
529.3 :   32 : [7683, 7686, 7692, 7696, 7699, 7701, 7702, 7705, 7708, 7712, 7718, 7719, 7721, 7728, 7732, 7733, 7739, 7740, 7744, 7749, 7750, 7756, 7759, 7761, 7763, 7765, 7767, 7768, 7770, 7772, 7773, 7780]
529.4 :    7 : [7689, 7703, 7711, 7731, 7743, 7753, 7776]
529.5 :    2 : [7758, 7777]
529.6 :    1 : [7720]
530.0 :    4 : [7685, 7691, 7722, 7729]
530.1 :    2 : [7694, 7762]
530.2 :    2 : [7724, 7730]
530.3 :    4 : [7700, 7742, 7754, 7755]
530.4 :    4 : [7690, 7734, 7736, 7745]
530.5 :    1 : [7751]
530.6 :    1 : [7727]
530.7 :    6 : [7682, 7684, 7688, 7713, 7723, 7725]
530.8 :    5 : [7695, 7735, 7747, 7766, 7775]
530.9 :    2 : [7687, 7774]
531.0 :    2 : [7714, 7726]
531.3 :    7 : [7706, 7746, 7748, 7752, 7760, 7769, 7779]
531.4 :   19 : [7686, 7702, 7705, 7708, 7712, 7719, 7721, 7732, 7740, 7749, 7750, 7756, 7759, 7761, 7763, 7767, 7768, 7772, 7773]
531.5 :    6 : [7689, 7703, 7711, 7743, 7753, 7776]
531.6 :    2 : [7758, 7777]
531.7 :    2 : [7720, 7738]
532.1 :    4 : [7685, 7691, 7722, 7729]
532.2 :    2 : [7694, 7762]
532.3 :    2 : [7724, 7730]
532.4 :    4 : [7700, 7742, 7754, 7755]
532.5 :    3 : [7690, 7734, 7736]
532.6 :    2 : [7745, 7751]
532.7 :    1 : [7727]
532.8 :    7 : [7682, 7684, 7688, 7716, 7723, 7725, 7771]
532.9 :   16 : [7695, 7697, 7698, 7704, 7710, 7713, 7717, 7733, 7735, 7737, 7741, 7747, 7757, 7764, 7766, 7775]
533.0 :   14 : [7683, 7692, 7696, 7699, 7701, 7707, 7718, 7728, 7739, 7744, 7765, 7770, 7774, 7780]
533.1 :    2 : [7687, 7731]
533.2 :    2 : [7714, 7726]
533.4 :    3 : [7706, 7752, 7779]
533.5 :   14 : [7702, 7708, 7712, 7719, 7721, 7740, 7749, 7750, 7756, 7761, 7763, 7767, 7768, 7773]
533.6 :    6 : [7689, 7703, 7711, 7743, 7753, 7776]
533.7 :    2 : [7758, 7777]
533.8 :    2 : [7720, 7738]
534.2 :    4 : [7685, 7691, 7722, 7729]
534.3 :    2 : [7694, 7762]
534.4 :    2 : [7724, 7730]
534.5 :    3 : [7700, 7742, 7754]
534.6 :    3 : [7690, 7736, 7755]
534.7 :    3 : [7734, 7745, 7751]
534.8 :    1 : [7727]
534.9 :    7 : [7682, 7684, 7688, 7716, 7723, 7725, 7771]
535.0 :   19 : [7695, 7697, 7698, 7704, 7710, 7713, 7717, 7733, 7735, 7737, 7741, 7746, 7747, 7748, 7757, 7764, 7766, 7769, 7775]
535.1 :   20 : [7683, 7686, 7692, 7696, 7699, 7701, 7705, 7707, 7718, 7728, 7732, 7739, 7744, 7759, 7760, 7765, 7770, 7772, 7774, 7780]
535.2 :    2 : [7687, 7731]
535.3 :    2 : [7714, 7726]
535.5 :    1 : [7752]
535.6 :   12 : [7708, 7712, 7719, 7721, 7740, 7749, 7750, 7756, 7761, 7763, 7768, 7773]
535.7 :    5 : [7689, 7703, 7743, 7753, 7776]
535.8 :    2 : [7758, 7777]
535.9 :    2 : [7720, 7738]
536.3 :    4 : [7685, 7691, 7722, 7729]
536.4 :    2 : [7694, 7762]
536.5 :    2 : [7724, 7730]
536.6 :    3 : [7700, 7742, 7754]
536.7 :    2 : [7736, 7755]
536.8 :    4 : [7690, 7734, 7745, 7751]
536.9 :    1 : [7727]
537.0 :    7 : [7682, 7684, 7688, 7716, 7723, 7725, 7771]
537.1 :   19 : [7695, 7697, 7698, 7704, 7710, 7713, 7717, 7733, 7735, 7737, 7741, 7746, 7747, 7748, 7757, 7764, 7766, 7769, 7775]
537.2 :   24 : [7683, 7686, 7692, 7696, 7699, 7701, 7702, 7705, 7706, 7707, 7718, 7728, 7732, 7739, 7744, 7759, 7760, 7765, 7767, 7770, 7772, 7774, 7779, 7780]
537.3 :    1 : [7731]
537.4 :    2 : [7687, 7711]
537.5 :    2 : [7714, 7726]
537.6 :    1 : [7752]
537.7 :    9 : [7708, 7721, 7740, 7749, 7756, 7761, 7763, 7768, 7773]
537.8 :    5 : [7689, 7703, 7743, 7753, 7776]
537.9 :    2 : [7758, 7777]
538.0 :    2 : [7720, 7738]
538.4 :    4 : [7685, 7691, 7722, 7729]
538.5 :    2 : [7694, 7762]
538.6 :    2 : [7724, 7730]
538.7 :    3 : [7700, 7742, 7754]
538.8 :    2 : [7736, 7755]
538.9 :    4 : [7690, 7734, 7745, 7751]
539.0 :    1 : [7727]
539.1 :    7 : [7682, 7684, 7688, 7716, 7723, 7725, 7771]
539.2 :   18 : [7695, 7697, 7698, 7704, 7710, 7717, 7733, 7735, 7737, 7741, 7746, 7747, 7748, 7757, 7764, 7766, 7769, 7775]
539.3 :   25 : [7683, 7686, 7692, 7696, 7699, 7701, 7702, 7705, 7706, 7707, 7713, 7718, 7728, 7732, 7739, 7744, 7759, 7760, 7765, 7767, 7770, 7772, 7774, 7779, 7780]
539.4 :    4 : [7712, 7719, 7731, 7750]
539.5 :    2 : [7687, 7711]
539.6 :    2 : [7714, 7726]
539.7 :    1 : [7752]
539.8 :    8 : [7708, 7740, 7749, 7756, 7761, 7763, 7768, 7773]
539.9 :    4 : [7689, 7703, 7743, 7776]
540.0 :    2 : [7758, 7777]
540.1 :    2 : [7720, 7738]
540.5 :    3 : [7691, 7722, 7729]
540.6 :    2 : [7694, 7762]
540.7 :    2 : [7724, 7730]
540.8 :    3 : [7700, 7742, 7754]
540.9 :    2 : [7736, 7755]
541.0 :    2 : [7690, 7751]
541.1 :    3 : [7727, 7734, 7745]
541.2 :    6 : [7682, 7684, 7716, 7723, 7725, 7771]
541.3 :   18 : [7688, 7695, 7697, 7698, 7704, 7710, 7717, 7733, 7735, 7737, 7741, 7746, 7748, 7757, 7764, 7766, 7769, 7775]
541.4 :   25 : [7683, 7686, 7692, 7696, 7699, 7701, 7702, 7705, 7706, 7707, 7713, 7718, 7728, 7732, 7739, 7744, 7759, 7760, 7765, 7767, 7770, 7772, 7774, 7779, 7780]
541.5 :    5 : [7712, 7719, 7721, 7731, 7750]
541.6 :    2 : [7711, 7753]
541.7 :    1 : [7687]
541.8 :    3 : [7714, 7726, 7752]
541.9 :    7 : [7708, 7740, 7749, 7756, 7761, 7763, 7768]
542.0 :    5 : [7689, 7703, 7743, 7773, 7776]
542.1 :    3 : [7685, 7758, 7777]
542.2 :    2 : [7720, 7738]
542.6 :    2 : [7691, 7729]
542.7 :    2 : [7694, 7762]
542.8 :    2 : [7724, 7730]
542.9 :    4 : [7700, 7742, 7747, 7754]
543.0 :    1 : [7736]
543.1 :    3 : [7690, 7751, 7755]
543.2 :    3 : [7727, 7734, 7745]
543.3 :    6 : [7682, 7684, 7716, 7723, 7725, 7771]
543.4 :   17 : [7688, 7695, 7697, 7698, 7704, 7710, 7717, 7733, 7737, 7741, 7746, 7748, 7757, 7764, 7766, 7769, 7775]
543.5 :   22 : [7683, 7686, 7692, 7696, 7699, 7701, 7702, 7705, 7706, 7718, 7728, 7732, 7739, 7744, 7759, 7760, 7765, 7767, 7770, 7772, 7779, 7780]
543.6 :    7 : [7707, 7712, 7713, 7719, 7721, 7731, 7750]
543.7 :    2 : [7711, 7753]
543.9 :    3 : [7687, 7726, 7752]
544.0 :    8 : [7708, 7714, 7740, 7749, 7756, 7761, 7763, 7768]
544.1 :    4 : [7689, 7703, 7743, 7776]
544.2 :    5 : [7685, 7722, 7758, 7773, 7777]
544.3 :    2 : [7720, 7738]
544.7 :    2 : [7691, 7729]
544.8 :    1 : [7694]
544.9 :    2 : [7724, 7730]
545.0 :    5 : [7700, 7735, 7742, 7747, 7754]
545.1 :    2 : [7736, 7774]
545.2 :    3 : [7690, 7751, 7755]
545.4 :    9 : [7682, 7684, 7716, 7723, 7725, 7727, 7734, 7745, 7771]
545.5 :   15 : [7688, 7695, 7697, 7698, 7710, 7733, 7737, 7741, 7746, 7748, 7757, 7764, 7766, 7769, 7775]
545.6 :   23 : [7683, 7686, 7692, 7696, 7699, 7701, 7702, 7704, 7705, 7706, 7718, 7728, 7732, 7739, 7744, 7759, 7760, 7765, 7767, 7770, 7772, 7779, 7780]
545.7 :    7 : [7707, 7712, 7713, 7719, 7721, 7731, 7750]
545.8 :    2 : [7711, 7753]
546.0 :    2 : [7687, 7752]
546.1 :    8 : [7708, 7726, 7740, 7749, 7756, 7761, 7763, 7768]
546.2 :    5 : [7689, 7703, 7714, 7743, 7776]
546.3 :    5 : [7685, 7722, 7758, 7773, 7777]
546.4 :    3 : [7720, 7738, 7762]
546.8 :    2 : [7691, 7729]
546.9 :    1 : [7694]
547.0 :    1 : [7730]
547.1 :    6 : [7700, 7717, 7724, 7735, 7747, 7754]
547.2 :    3 : [7736, 7742, 7774]
547.3 :    2 : [7690, 7751]
547.4 :    1 : [7755]
547.5 :    7 : [7682, 7684, 7716, 7723, 7725, 7727, 7771]
547.6 :   15 : [7695, 7697, 7698, 7710, 7733, 7734, 7737, 7741, 7745, 7746, 7748, 7757, 7764, 7766, 7775]
547.7 :   23 : [7683, 7686, 7688, 7692, 7696, 7699, 7701, 7704, 7705, 7706, 7718, 7728, 7732, 7739, 7744, 7759, 7760, 7765, 7769, 7770, 7772, 7779, 7780]
547.8 :    6 : [7702, 7712, 7721, 7731, 7750, 7767]
547.9 :    4 : [7707, 7711, 7713, 7719]
548.0 :    1 : [7753]
548.2 :    7 : [7687, 7708, 7752, 7756, 7761, 7763, 7768]
548.3 :    6 : [7689, 7703, 7726, 7740, 7749, 7776]
548.4 :    6 : [7685, 7714, 7722, 7743, 7758, 7777]
548.5 :    2 : [7720, 7762]
548.6 :    2 : [7738, 7773]
548.9 :    2 : [7691, 7729]
549.0 :    1 : [7694]
549.1 :    1 : [7730]
549.2 :    5 : [7700, 7717, 7735, 7747, 7754]
549.3 :    1 : [7724]
549.4 :    3 : [7736, 7742, 7774]
549.5 :    2 : [7690, 7751]
549.6 :    7 : [7682, 7684, 7716, 7723, 7725, 7755, 7771]
549.7 :   12 : [7697, 7698, 7710, 7727, 7733, 7737, 7741, 7746, 7748, 7757, 7764, 7775]
549.8 :   16 : [7683, 7686, 7692, 7695, 7696, 7718, 7728, 7732, 7739, 7744, 7745, 7759, 7765, 7766, 7770, 7780]
549.9 :   11 : [7688, 7699, 7701, 7705, 7706, 7731, 7734, 7760, 7769, 7772, 7779]
550.0 :    6 : [7702, 7704, 7712, 7721, 7750, 7767]
550.1 :    3 : [7711, 7713, 7719]
550.2 :    1 : [7707]
550.3 :    5 : [7753, 7756, 7761, 7763, 7768]
550.4 :    3 : [7689, 7708, 7776]
550.5 :    7 : [7685, 7687, 7703, 7722, 7749, 7752, 7777]
550.6 :    3 : [7726, 7740, 7758]
550.7 :    3 : [7714, 7743, 7762]
550.8 :    1 : [7720]
550.9 :    2 : [7738, 7773]
551.1 :    1 : [7694]
551.2 :    3 : [7691, 7729, 7730]
551.3 :    2 : [7700, 7747]
551.4 :    2 : [7717, 7754]
551.5 :    1 : [7735]
551.6 :    2 : [7724, 7774]
551.7 :    4 : [7716, 7736, 7742, 7771]
551.8 :   10 : [7682, 7684, 7690, 7697, 7698, 7710, 7725, 7733, 7757, 7775]
551.9 :    7 : [7718, 7723, 7737, 7739, 7746, 7751, 7770]
552.0 :    7 : [7683, 7741, 7744, 7748, 7755, 7764, 7780]
552.1 :    6 : [7686, 7695, 7696, 7727, 7728, 7759]
552.2 :   10 : [7692, 7701, 7705, 7731, 7732, 7745, 7765, 7766, 7769, 7779]
552.3 :   10 : [7688, 7699, 7702, 7706, 7712, 7721, 7734, 7760, 7767, 7772]
552.4 :    2 : [7704, 7750]
552.5 :    3 : [7711, 7719, 7756]
552.6 :    1 : [7713]
552.7 :    6 : [7685, 7689, 7707, 7753, 7761, 7768]
552.8 :    2 : [7763, 7776]
552.9 :    3 : [7708, 7722, 7777]
553.0 :    5 : [7687, 7703, 7740, 7749, 7758]
553.1 :    2 : [7752, 7762]
553.2 :    2 : [7726, 7743]
553.3 :    3 : [7694, 7714, 7720]
553.4 :    2 : [7730, 7738]
553.5 :    1 : [7773]
553.7 :    2 : [7729, 7747]
553.8 :    2 : [7691, 7700]
553.9 :    3 : [7716, 7717, 7735]
554.0 :    1 : [7754]
554.1 :    2 : [7771, 7774]
554.2 :    2 : [7697, 7724]
554.3 :    4 : [7698, 7736, 7742, 7775]
554.4 :    9 : [7682, 7684, 7690, 7710, 7725, 7733, 7739, 7757, 7770]
554.5 :    7 : [7683, 7718, 7723, 7737, 7744, 7746, 7751]
554.6 :    2 : [7741, 7780]
554.7 :    7 : [7686, 7696, 7728, 7748, 7755, 7759, 7764]
554.8 :    6 : [7692, 7695, 7727, 7731, 7732, 7765]
554.9 :   10 : [7701, 7702, 7705, 7706, 7721, 7745, 7766, 7769, 7772, 7779]
555.0 :    5 : [7699, 7712, 7750, 7760, 7767]
555.1 :    2 : [7688, 7734]
555.2 :    3 : [7704, 7719, 7756]
555.3 :    2 : [7685, 7711]
555.4 :    1 : [7713]
555.5 :    4 : [7689, 7722, 7753, 7761]
555.6 :    3 : [7707, 7768, 7776]
555.7 :    3 : [7762, 7763, 7777]
555.8 :    2 : [7703, 7708]
555.9 :    2 : [7749, 7758]
556.0 :    2 : [7694, 7740]
556.1 :    2 : [7687, 7752]
556.2 :    3 : [7720, 7730, 7743]
556.3 :    1 : [7726]
556.4 :    3 : [7714, 7738, 7747]
556.6 :    2 : [7717, 7773]
556.7 :    2 : [7700, 7735]
556.8 :    1 : [7716]
556.9 :    1 : [7729]
557.0 :    3 : [7691, 7771, 7774]
557.1 :    1 : [7697]
557.3 :    1 : [7698]
557.4 :    4 : [7739, 7754, 7757, 7775]
557.5 :    7 : [7690, 7710, 7718, 7724, 7733, 7737, 7770]
557.6 :    4 : [7725, 7736, 7742, 7746]
557.7 :    2 : [7683, 7684]
557.8 :    5 : [7682, 7741, 7744, 7751, 7780]
557.9 :    2 : [7723, 7728]
558.0 :    4 : [7686, 7748, 7759, 7764]
558.2 :    5 : [7692, 7696, 7721, 7731, 7765]
558.3 :    3 : [7701, 7732, 7755]
558.4 :    5 : [7702, 7712, 7727, 7772, 7779]
558.5 :    4 : [7695, 7705, 7706, 7769]
558.6 :    3 : [7685, 7699, 7767]
558.7 :    1 : [7750]
558.8 :    2 : [7760, 7766]
558.9 :    1 : [7745]
559.0 :    1 : [7722]
559.3 :    1 : [7762]
559.5 :    1 : [7756]
559.8 :    1 : [7719]
560.1 :    1 : [7694]
