Name: Raphe nuclei [dr], Title: Raster plot from device '95199', Hist: False
110.7 :    1 : [8502]
110.8 :    2 : [8462, 8549]
111.0 :    2 : [8455, 8486]
111.2 :    2 : [8505, 8540]
111.3 :    1 : [8489]
111.4 :    3 : [8480, 8529, 8534]
111.5 :    2 : [8476, 8539]
111.6 :    2 : [8463, 8528]
111.7 :    2 : [8466, 8543]
111.8 :    3 : [8457, 8510, 8533]
111.9 :    1 : [8498]
112.0 :    3 : [8485, 8492, 8512]
112.1 :    3 : [8453, 8506, 8537]
112.2 :    2 : [8461, 8472]
112.5 :    1 : [8465]
112.6 :    2 : [8515, 8535]
113.0 :    2 : [8511, 8538]
113.1 :    1 : [8458]
113.2 :    1 : [8509]
113.3 :    2 : [8502, 8548]
113.4 :    1 : [8455]
113.6 :    1 : [8540]
113.7 :    3 : [8460, 8462, 8544]
113.8 :    1 : [8505]
113.9 :    5 : [8454, 8484, 8486, 8489, 8541]
114.0 :    1 : [8543]
114.1 :    2 : [8456, 8466]
114.2 :    3 : [8480, 8514, 8532]
114.3 :    3 : [8498, 8512, 8533]
114.4 :    5 : [8457, 8463, 8476, 8528, 8546]
114.5 :    4 : [8483, 8510, 8534, 8537]
114.6 :    3 : [8453, 8485, 8506]
114.7 :    5 : [8492, 8501, 8529, 8539, 8549]
114.8 :   28 : [8450, 8452, 8459, 8461, 8467, 8468, 8469, 8471, 8472, 8473, 8475, 8477, 8481, 8488, 8494, 8495, 8499, 8503, 8513, 8516, 8518, 8519, 8523, 8525, 8526, 8527, 8531, 8536]
114.9 :   25 : [8451, 8464, 8465, 8474, 8478, 8479, 8482, 8487, 8490, 8491, 8493, 8496, 8497, 8500, 8504, 8507, 8508, 8517, 8521, 8522, 8524, 8530, 8535, 8542, 8547]
115.0 :    4 : [8470, 8515, 8520, 8545]
115.2 :    1 : [8511]
115.3 :    1 : [8538]
115.4 :    2 : [8458, 8502]
115.6 :    3 : [8455, 8509, 8548]
115.8 :    1 : [8540]
115.9 :    3 : [8462, 8505, 8544]
116.1 :    4 : [8454, 8460, 8486, 8541]
116.2 :    1 : [8489]
116.3 :    3 : [8466, 8484, 8543]
116.4 :    1 : [8498]
116.5 :    5 : [8476, 8480, 8512, 8532, 8533]
116.6 :    4 : [8456, 8463, 8510, 8537]
116.7 :    1 : [8514]
116.8 :    5 : [8457, 8483, 8485, 8528, 8534]
116.9 :    2 : [8492, 8546]
117.0 :    6 : [8453, 8461, 8478, 8506, 8535, 8539]
117.1 :    7 : [8469, 8472, 8501, 8503, 8515, 8523, 8529]
117.2 :   13 : [8452, 8465, 8468, 8471, 8488, 8495, 8499, 8513, 8525, 8527, 8530, 8536, 8549]
117.3 :   29 : [8450, 8451, 8459, 8467, 8473, 8474, 8475, 8477, 8479, 8481, 8487, 8490, 8491, 8494, 8496, 8497, 8500, 8504, 8507, 8508, 8511, 8516, 8518, 8519, 8522, 8524, 8526, 8531, 8542]
117.4 :    9 : [8464, 8470, 8482, 8493, 8517, 8520, 8521, 8545, 8547]
117.6 :    3 : [8458, 8502, 8538]
117.7 :    3 : [8455, 8509, 8548]
117.9 :    1 : [8540]
118.0 :    3 : [8462, 8505, 8544]
118.2 :    3 : [8454, 8486, 8541]
118.3 :    1 : [8460]
118.4 :    4 : [8466, 8484, 8489, 8543]
118.5 :    1 : [8498]
118.6 :    5 : [8476, 8480, 8512, 8532, 8533]
118.7 :    4 : [8456, 8463, 8510, 8537]
118.9 :    5 : [8483, 8485, 8514, 8528, 8534]
119.0 :    1 : [8492]
119.1 :    6 : [8453, 8457, 8478, 8535, 8539, 8546]
119.2 :    6 : [8461, 8469, 8472, 8503, 8506, 8529]
119.3 :    4 : [8471, 8513, 8515, 8523]
119.4 :   11 : [8452, 8465, 8468, 8488, 8495, 8499, 8501, 8511, 8526, 8527, 8530]
119.5 :   23 : [8450, 8459, 8467, 8473, 8474, 8475, 8477, 8481, 8487, 8491, 8494, 8496, 8497, 8500, 8516, 8518, 8519, 8524, 8525, 8531, 8536, 8542, 8549]
119.6 :   13 : [8451, 8464, 8470, 8479, 8482, 8490, 8504, 8507, 8508, 8521, 8522, 8545, 8547]
119.7 :    6 : [8458, 8493, 8502, 8517, 8520, 8538]
119.8 :    3 : [8455, 8509, 8548]
120.0 :    1 : [8540]
120.1 :    3 : [8462, 8505, 8544]
120.3 :    3 : [8454, 8486, 8541]
120.4 :    1 : [8460]
120.5 :    4 : [8466, 8484, 8489, 8543]
120.6 :    1 : [8498]
120.7 :    5 : [8476, 8480, 8512, 8532, 8533]
120.8 :    3 : [8456, 8463, 8510]
121.0 :    5 : [8483, 8485, 8514, 8528, 8534]
121.1 :    1 : [8492]
121.2 :    6 : [8453, 8457, 8478, 8535, 8539, 8546]
121.3 :    6 : [8461, 8469, 8472, 8503, 8506, 8529]
121.4 :    4 : [8471, 8513, 8515, 8523]
121.5 :   10 : [8452, 8465, 8468, 8488, 8495, 8499, 8501, 8511, 8526, 8530]
121.6 :    7 : [8459, 8467, 8500, 8524, 8525, 8527, 8536]
121.7 :   21 : [8450, 8473, 8474, 8475, 8477, 8479, 8481, 8487, 8490, 8491, 8494, 8496, 8497, 8507, 8516, 8518, 8519, 8521, 8531, 8542, 8545]
121.8 :   13 : [8451, 8458, 8464, 8470, 8482, 8502, 8504, 8508, 8517, 8522, 8538, 8547, 8549]
121.9 :    5 : [8455, 8493, 8509, 8520, 8548]
122.1 :    1 : [8540]
122.2 :    3 : [8462, 8505, 8544]
122.3 :    1 : [8537]
122.4 :    3 : [8454, 8486, 8541]
122.5 :    1 : [8460]
122.6 :    4 : [8466, 8484, 8489, 8543]
122.7 :    1 : [8498]
122.8 :    5 : [8476, 8480, 8512, 8532, 8533]
122.9 :    2 : [8456, 8463]
123.1 :    5 : [8483, 8485, 8514, 8528, 8534]
123.2 :    1 : [8492]
123.3 :    6 : [8453, 8457, 8478, 8535, 8539, 8546]
123.4 :    5 : [8461, 8469, 8503, 8506, 8529]
123.5 :    4 : [8471, 8513, 8515, 8523]
123.6 :   10 : [8452, 8465, 8468, 8488, 8495, 8499, 8501, 8511, 8526, 8530]
123.7 :    7 : [8459, 8467, 8500, 8524, 8525, 8527, 8536]
123.8 :   18 : [8450, 8473, 8474, 8475, 8477, 8479, 8481, 8487, 8490, 8491, 8496, 8497, 8518, 8519, 8521, 8531, 8542, 8545]
123.9 :   14 : [8451, 8458, 8464, 8470, 8494, 8502, 8504, 8507, 8508, 8516, 8522, 8538, 8547, 8549]
124.0 :    5 : [8482, 8493, 8509, 8517, 8520]
124.2 :    1 : [8540]
124.3 :    2 : [8462, 8544]
124.4 :    2 : [8510, 8537]
124.5 :    1 : [8541]
124.6 :    1 : [8460]
124.7 :    3 : [8484, 8489, 8543]
124.8 :    1 : [8498]
124.9 :    5 : [8472, 8476, 8480, 8512, 8533]
125.0 :    1 : [8456]
125.2 :    4 : [8483, 8514, 8528, 8534]
125.3 :    1 : [8492]
125.4 :    5 : [8453, 8457, 8478, 8535, 8546]
125.5 :    6 : [8455, 8469, 8503, 8506, 8529, 8548]
125.6 :    3 : [8513, 8515, 8523]
125.7 :    8 : [8452, 8465, 8468, 8488, 8495, 8499, 8501, 8530]
125.8 :    7 : [8459, 8467, 8500, 8524, 8525, 8527, 8536]
125.9 :   19 : [8450, 8473, 8474, 8475, 8477, 8479, 8481, 8487, 8490, 8491, 8496, 8497, 8505, 8518, 8519, 8521, 8531, 8542, 8545]
126.0 :   14 : [8451, 8458, 8464, 8470, 8486, 8494, 8502, 8504, 8507, 8508, 8516, 8522, 8538, 8547]
126.1 :    6 : [8454, 8482, 8509, 8517, 8520, 8549]
126.2 :    2 : [8466, 8493]
126.3 :    1 : [8540]
126.4 :    2 : [8462, 8544]
126.5 :    4 : [8463, 8510, 8532, 8537]
126.6 :    1 : [8541]
126.7 :    2 : [8460, 8485]
126.8 :    2 : [8489, 8543]
126.9 :    2 : [8498, 8539]
127.0 :    2 : [8461, 8472]
127.1 :    3 : [8456, 8471, 8526]
127.2 :    1 : [8511]
127.3 :    1 : [8514]
127.5 :    4 : [8453, 8457, 8535, 8546]
127.6 :    6 : [8455, 8469, 8503, 8506, 8529, 8548]
127.7 :    2 : [8515, 8523]
127.8 :    8 : [8452, 8465, 8468, 8488, 8495, 8499, 8501, 8530]
127.9 :    7 : [8459, 8467, 8500, 8524, 8525, 8527, 8536]
128.0 :   19 : [8450, 8473, 8474, 8475, 8477, 8479, 8481, 8487, 8490, 8491, 8496, 8497, 8505, 8518, 8519, 8521, 8531, 8542, 8545]
128.1 :   14 : [8451, 8458, 8464, 8470, 8486, 8494, 8502, 8504, 8507, 8508, 8516, 8522, 8538, 8547]
128.2 :    6 : [8454, 8482, 8509, 8517, 8520, 8549]
128.3 :    2 : [8466, 8493]
128.4 :    1 : [8484]
128.5 :    1 : [8544]
128.6 :    7 : [8463, 8476, 8480, 8510, 8512, 8532, 8533]
128.7 :    2 : [8483, 8528]
128.8 :    2 : [8460, 8485]
128.9 :    2 : [8492, 8534]
129.0 :    3 : [8478, 8498, 8539]
129.1 :    2 : [8461, 8472]
129.2 :    4 : [8456, 8471, 8513, 8526]
129.3 :    1 : [8511]
129.4 :    1 : [8514]
129.6 :    3 : [8453, 8457, 8546]
129.7 :    4 : [8455, 8469, 8506, 8548]
129.8 :    2 : [8515, 8523]
129.9 :    8 : [8452, 8465, 8468, 8488, 8495, 8499, 8501, 8530]
130.0 :    6 : [8459, 8462, 8500, 8525, 8527, 8536]
130.1 :   21 : [8450, 8473, 8474, 8475, 8477, 8479, 8481, 8487, 8490, 8491, 8496, 8497, 8505, 8518, 8519, 8521, 8531, 8537, 8540, 8542, 8545]
130.2 :   14 : [8451, 8458, 8464, 8470, 8486, 8494, 8502, 8504, 8507, 8508, 8516, 8522, 8538, 8547]
130.3 :    7 : [8454, 8482, 8509, 8517, 8520, 8541, 8549]
130.4 :    2 : [8466, 8493]
130.5 :    3 : [8484, 8489, 8543]
130.6 :    1 : [8544]
130.7 :    7 : [8463, 8476, 8480, 8510, 8512, 8532, 8533]
130.8 :    2 : [8483, 8528]
130.9 :    2 : [8460, 8485]
131.0 :    2 : [8492, 8534]
131.1 :    3 : [8478, 8535, 8539]
131.2 :    2 : [8461, 8472]
131.3 :    6 : [8456, 8471, 8503, 8513, 8526, 8529]
131.4 :    1 : [8511]
131.5 :    1 : [8524]
131.6 :    1 : [8467]
131.7 :    3 : [8453, 8457, 8546]
131.8 :    4 : [8455, 8469, 8506, 8548]
131.9 :    2 : [8515, 8523]
132.0 :    8 : [8452, 8465, 8468, 8488, 8495, 8499, 8501, 8530]
132.1 :    6 : [8459, 8462, 8500, 8525, 8527, 8536]
132.2 :   21 : [8450, 8473, 8474, 8475, 8477, 8479, 8481, 8487, 8490, 8491, 8496, 8497, 8505, 8518, 8519, 8521, 8531, 8537, 8540, 8542, 8545]
132.3 :   12 : [8451, 8464, 8470, 8486, 8494, 8502, 8504, 8507, 8508, 8516, 8522, 8547]
132.4 :    7 : [8454, 8482, 8509, 8517, 8520, 8541, 8549]
132.5 :    2 : [8466, 8493]
132.6 :    3 : [8484, 8489, 8543]
132.7 :    2 : [8498, 8544]
132.8 :    6 : [8463, 8476, 8480, 8512, 8532, 8533]
132.9 :    2 : [8483, 8528]
133.0 :    2 : [8460, 8485]
133.1 :    3 : [8492, 8514, 8534]
133.2 :    3 : [8478, 8535, 8539]
133.3 :    1 : [8461]
133.4 :    5 : [8471, 8503, 8513, 8526, 8529]
133.5 :    1 : [8511]
133.6 :    1 : [8524]
133.7 :    1 : [8467]
133.8 :    4 : [8453, 8457, 8458, 8546]
133.9 :    3 : [8455, 8469, 8538]
134.0 :    2 : [8515, 8523]
134.1 :    3 : [8452, 8465, 8530]
134.2 :    6 : [8459, 8462, 8500, 8525, 8527, 8536]
134.3 :   20 : [8450, 8473, 8474, 8475, 8477, 8479, 8481, 8487, 8490, 8491, 8496, 8497, 8505, 8510, 8518, 8519, 8531, 8537, 8540, 8542]
134.4 :   12 : [8451, 8464, 8470, 8486, 8494, 8502, 8504, 8507, 8508, 8516, 8522, 8547]
134.5 :    7 : [8454, 8482, 8509, 8517, 8520, 8541, 8549]
134.6 :    2 : [8466, 8493]
134.7 :    3 : [8484, 8489, 8543]
134.8 :    3 : [8472, 8498, 8544]
134.9 :    6 : [8463, 8476, 8480, 8512, 8532, 8533]
135.0 :    2 : [8456, 8528]
135.1 :    1 : [8460]
135.2 :    1 : [8514]
135.3 :    3 : [8478, 8535, 8539]
135.5 :    6 : [8471, 8503, 8506, 8513, 8529, 8548]
135.6 :    5 : [8468, 8488, 8499, 8501, 8511]
135.7 :    2 : [8495, 8524]
135.8 :    2 : [8467, 8521]
135.9 :    5 : [8453, 8457, 8458, 8545, 8546]
136.0 :    1 : [8538]
136.1 :    1 : [8515]
136.2 :    2 : [8452, 8530]
136.3 :    2 : [8462, 8525]
136.4 :   17 : [8450, 8473, 8475, 8477, 8479, 8481, 8487, 8490, 8496, 8505, 8510, 8518, 8519, 8531, 8537, 8540, 8542]
136.5 :   11 : [8451, 8464, 8470, 8494, 8502, 8504, 8507, 8508, 8516, 8522, 8547]
136.6 :    6 : [8482, 8483, 8517, 8520, 8541, 8549]
136.7 :    3 : [8485, 8492, 8493]
136.8 :    4 : [8484, 8489, 8534, 8543]
136.9 :    4 : [8461, 8472, 8498, 8544]
137.0 :    6 : [8463, 8476, 8480, 8512, 8526, 8533]
137.1 :    1 : [8456]
137.2 :    1 : [8460]
137.3 :    1 : [8514]
137.4 :    3 : [8478, 8535, 8539]
137.6 :    6 : [8455, 8469, 8503, 8506, 8529, 8548]
137.7 :    5 : [8468, 8488, 8499, 8501, 8523]
137.8 :    6 : [8459, 8465, 8495, 8524, 8527, 8536]
137.9 :    4 : [8467, 8497, 8500, 8521]
138.0 :    7 : [8453, 8457, 8458, 8474, 8491, 8545, 8546]
138.1 :    3 : [8486, 8509, 8538]
138.2 :    2 : [8454, 8515]
138.3 :    2 : [8466, 8530]
138.5 :   10 : [8473, 8475, 8477, 8479, 8481, 8487, 8490, 8496, 8510, 8540]
138.6 :   13 : [8451, 8464, 8470, 8494, 8502, 8504, 8507, 8508, 8516, 8522, 8528, 8532, 8547]
138.7 :    6 : [8482, 8483, 8517, 8520, 8541, 8549]
138.8 :    3 : [8485, 8492, 8493]
138.9 :    4 : [8484, 8489, 8534, 8543]
139.0 :    4 : [8461, 8472, 8498, 8544]
139.1 :    7 : [8463, 8471, 8476, 8480, 8512, 8526, 8533]
139.2 :    2 : [8456, 8513]
139.3 :    2 : [8460, 8511]
139.4 :    1 : [8514]
139.5 :    3 : [8478, 8535, 8539]
139.7 :    5 : [8455, 8469, 8503, 8506, 8548]
139.8 :    5 : [8468, 8488, 8499, 8501, 8523]
139.9 :    7 : [8452, 8459, 8465, 8495, 8524, 8527, 8536]
140.0 :    7 : [8462, 8467, 8497, 8500, 8521, 8525, 8537]
140.1 :   13 : [8450, 8453, 8457, 8458, 8474, 8491, 8505, 8518, 8519, 8531, 8542, 8545, 8546]
140.2 :    3 : [8486, 8509, 8538]
140.3 :    2 : [8454, 8515]
140.4 :    2 : [8466, 8530]
140.6 :    5 : [8475, 8479, 8487, 8510, 8540]
140.7 :    8 : [8464, 8470, 8494, 8507, 8508, 8516, 8528, 8532]
140.8 :    4 : [8483, 8517, 8520, 8541]
140.9 :    4 : [8485, 8492, 8493, 8549]
141.0 :    3 : [8484, 8534, 8543]
141.1 :    4 : [8461, 8472, 8498, 8544]
141.2 :    5 : [8463, 8471, 8480, 8512, 8526]
141.3 :    3 : [8456, 8513, 8529]
141.4 :    2 : [8460, 8511]
141.5 :    1 : [8514]
141.6 :    3 : [8478, 8535, 8539]
141.8 :    4 : [8455, 8469, 8506, 8548]
141.9 :    5 : [8468, 8488, 8499, 8501, 8523]
142.0 :    6 : [8452, 8459, 8465, 8495, 8527, 8536]
142.1 :    6 : [8462, 8497, 8500, 8521, 8525, 8537]
142.2 :   18 : [8450, 8457, 8473, 8474, 8477, 8481, 8490, 8491, 8496, 8502, 8505, 8518, 8519, 8531, 8542, 8545, 8546, 8547]
142.3 :    6 : [8451, 8486, 8504, 8509, 8522, 8538]
142.4 :    3 : [8454, 8482, 8515]
142.5 :    3 : [8466, 8489, 8530]
142.7 :    2 : [8479, 8540]
142.8 :    5 : [8476, 8494, 8528, 8532, 8533]
142.9 :    1 : [8520]
143.0 :    4 : [8485, 8492, 8493, 8549]
143.1 :    1 : [8543]
143.2 :    3 : [8461, 8498, 8544]
143.3 :    5 : [8463, 8471, 8480, 8512, 8526]
143.4 :    4 : [8456, 8503, 8513, 8529]
143.5 :    2 : [8460, 8511]
143.6 :    3 : [8467, 8514, 8524]
143.7 :    4 : [8458, 8478, 8535, 8539]
143.8 :    1 : [8453]
143.9 :    3 : [8455, 8469, 8548]
144.0 :    1 : [8523]
144.1 :    6 : [8452, 8459, 8465, 8495, 8527, 8536]
144.2 :    6 : [8462, 8497, 8500, 8510, 8525, 8537]
144.3 :   20 : [8450, 8457, 8473, 8474, 8475, 8477, 8481, 8483, 8487, 8490, 8491, 8496, 8502, 8505, 8518, 8519, 8531, 8542, 8546, 8547]
144.4 :   11 : [8451, 8464, 8470, 8486, 8504, 8507, 8508, 8509, 8516, 8522, 8538]
144.5 :    5 : [8454, 8482, 8515, 8517, 8541]
144.6 :    3 : [8466, 8489, 8530]
144.7 :    3 : [8472, 8484, 8534]
144.8 :    1 : [8540]
144.9 :    3 : [8476, 8532, 8533]
145.1 :    2 : [8493, 8549]
145.3 :    2 : [8498, 8544]
145.4 :    2 : [8471, 8512]
145.5 :    8 : [8456, 8488, 8499, 8501, 8503, 8506, 8513, 8529]
145.6 :    2 : [8468, 8511]
145.7 :    4 : [8467, 8514, 8521, 8524]
145.8 :    2 : [8458, 8539]
145.9 :    2 : [8453, 8545]
146.0 :    3 : [8455, 8469, 8548]
146.1 :    1 : [8523]
146.2 :    5 : [8452, 8459, 8465, 8527, 8536]
146.3 :    6 : [8462, 8497, 8500, 8510, 8525, 8537]
146.4 :   20 : [8450, 8473, 8474, 8475, 8477, 8481, 8483, 8487, 8490, 8491, 8496, 8502, 8505, 8518, 8519, 8528, 8531, 8542, 8546, 8547]
146.5 :   13 : [8451, 8464, 8470, 8479, 8486, 8494, 8504, 8507, 8508, 8509, 8516, 8522, 8538]
146.6 :    8 : [8454, 8482, 8485, 8492, 8515, 8517, 8520, 8541]
146.7 :    3 : [8466, 8489, 8530]
146.8 :    5 : [8472, 8484, 8526, 8534, 8543]
146.9 :    2 : [8461, 8540]
147.0 :    5 : [8463, 8476, 8480, 8532, 8533]
147.2 :    2 : [8460, 8549]
147.4 :    3 : [8478, 8498, 8535]
147.5 :    1 : [8471]
147.6 :    7 : [8456, 8488, 8499, 8501, 8503, 8506, 8529]
147.7 :    2 : [8468, 8511]
147.8 :    5 : [8467, 8495, 8514, 8521, 8524]
147.9 :    2 : [8458, 8539]
148.0 :    3 : [8453, 8457, 8545]
148.1 :    2 : [8469, 8548]
148.2 :    1 : [8523]
148.3 :    3 : [8452, 8465, 8527]
148.4 :    2 : [8510, 8525]
148.5 :   18 : [8450, 8473, 8475, 8477, 8481, 8483, 8487, 8490, 8496, 8502, 8505, 8518, 8519, 8528, 8531, 8542, 8546, 8547]
148.6 :   11 : [8451, 8464, 8470, 8479, 8494, 8504, 8507, 8508, 8509, 8516, 8522]
148.7 :    8 : [8454, 8482, 8485, 8492, 8515, 8517, 8520, 8541]
148.8 :    2 : [8489, 8530]
148.9 :    6 : [8472, 8484, 8493, 8526, 8534, 8543]
149.0 :    3 : [8461, 8540, 8544]
149.1 :    7 : [8463, 8476, 8480, 8512, 8513, 8532, 8533]
149.3 :    2 : [8460, 8549]
149.5 :    2 : [8478, 8535]
149.7 :    6 : [8455, 8488, 8499, 8501, 8503, 8506]
149.8 :    3 : [8459, 8468, 8536]
149.9 :    6 : [8462, 8467, 8495, 8500, 8521, 8524]
150.0 :    3 : [8497, 8537, 8539]
150.1 :    5 : [8453, 8457, 8474, 8491, 8545]
150.2 :    2 : [8486, 8538]
150.4 :    3 : [8452, 8465, 8466]
150.5 :    2 : [8510, 8525]
150.6 :   18 : [8450, 8473, 8475, 8477, 8481, 8483, 8487, 8490, 8496, 8502, 8505, 8518, 8519, 8528, 8531, 8542, 8546, 8547]
150.7 :   10 : [8451, 8464, 8470, 8479, 8494, 8504, 8507, 8508, 8516, 8522]
150.8 :    6 : [8482, 8485, 8492, 8517, 8520, 8541]
150.9 :    2 : [8489, 8530]
151.0 :    6 : [8472, 8484, 8493, 8526, 8534, 8543]
151.1 :    2 : [8461, 8540]
151.2 :    9 : [8463, 8471, 8476, 8480, 8498, 8512, 8513, 8533, 8544]
151.3 :    1 : [8529]
151.4 :    4 : [8456, 8460, 8511, 8549]
151.5 :    1 : [8514]
151.6 :    3 : [8458, 8478, 8535]
151.8 :    8 : [8455, 8469, 8488, 8499, 8501, 8503, 8506, 8548]
151.9 :    5 : [8459, 8468, 8523, 8527, 8536]
152.0 :    6 : [8462, 8467, 8495, 8500, 8521, 8524]
152.1 :    3 : [8497, 8537, 8539]
152.2 :    6 : [8453, 8457, 8474, 8491, 8509, 8545]
152.3 :    2 : [8486, 8538]
152.4 :    1 : [8454]
152.5 :    3 : [8452, 8466, 8515]
152.7 :   15 : [8450, 8473, 8475, 8477, 8481, 8487, 8490, 8496, 8502, 8505, 8518, 8519, 8531, 8546, 8547]
152.8 :   11 : [8451, 8464, 8470, 8479, 8494, 8504, 8507, 8508, 8516, 8522, 8532]
152.9 :    6 : [8482, 8485, 8492, 8517, 8520, 8541]
153.0 :    1 : [8489]
153.1 :    5 : [8472, 8484, 8493, 8526, 8543]
153.2 :    2 : [8461, 8540]
153.3 :    9 : [8463, 8471, 8476, 8480, 8498, 8512, 8513, 8533, 8544]
153.4 :    1 : [8529]
153.5 :    4 : [8456, 8460, 8511, 8549]
153.6 :    1 : [8514]
153.7 :    3 : [8458, 8478, 8535]
153.9 :    6 : [8455, 8469, 8488, 8503, 8506, 8548]
154.0 :    4 : [8459, 8523, 8527, 8536]
154.1 :    6 : [8462, 8465, 8467, 8495, 8500, 8510]
154.2 :    6 : [8483, 8497, 8525, 8528, 8537, 8539]
154.3 :    5 : [8453, 8457, 8474, 8491, 8509]
154.4 :    3 : [8486, 8538, 8542]
154.5 :    1 : [8454]
154.6 :    3 : [8466, 8515, 8534]
154.7 :    1 : [8530]
154.8 :   12 : [8473, 8475, 8477, 8481, 8487, 8490, 8496, 8502, 8505, 8531, 8546, 8547]
154.9 :   11 : [8451, 8464, 8470, 8479, 8494, 8504, 8507, 8508, 8516, 8522, 8532]
155.0 :    6 : [8482, 8485, 8492, 8517, 8520, 8541]
155.1 :    1 : [8489]
155.2 :    5 : [8472, 8484, 8493, 8526, 8543]
155.3 :    2 : [8461, 8540]
155.4 :    8 : [8463, 8471, 8476, 8480, 8498, 8512, 8513, 8544]
155.5 :    3 : [8499, 8501, 8529]
155.6 :    5 : [8456, 8460, 8468, 8511, 8549]
155.7 :    3 : [8514, 8521, 8524]
155.8 :    3 : [8458, 8478, 8535]
155.9 :    1 : [8545]
156.0 :    3 : [8455, 8469, 8548]
156.1 :    4 : [8459, 8523, 8527, 8536]
156.2 :    4 : [8462, 8495, 8500, 8510]
156.3 :    8 : [8452, 8465, 8483, 8497, 8525, 8528, 8537, 8539]
156.4 :    5 : [8453, 8457, 8474, 8491, 8509]
156.5 :    6 : [8450, 8486, 8518, 8519, 8538, 8542]
156.6 :    1 : [8454]
156.7 :    2 : [8466, 8534]
156.8 :    1 : [8515]
156.9 :   13 : [8473, 8475, 8477, 8481, 8487, 8490, 8496, 8502, 8505, 8530, 8531, 8546, 8547]
157.0 :   11 : [8451, 8464, 8470, 8479, 8494, 8504, 8507, 8508, 8516, 8522, 8532]
157.1 :    6 : [8482, 8485, 8517, 8520, 8533, 8541]
157.2 :    1 : [8489]
157.3 :    5 : [8472, 8484, 8493, 8526, 8543]
157.4 :    2 : [8461, 8540]
157.5 :    6 : [8463, 8471, 8476, 8480, 8498, 8513]
157.6 :    6 : [8488, 8499, 8501, 8512, 8529, 8544]
157.7 :    6 : [8456, 8460, 8468, 8503, 8506, 8511]
157.8 :    2 : [8514, 8521]
157.9 :    6 : [8458, 8467, 8478, 8524, 8535, 8549]
158.1 :    4 : [8455, 8469, 8545, 8548]
158.2 :    4 : [8459, 8523, 8527, 8536]
158.3 :    4 : [8462, 8495, 8500, 8510]
158.4 :    8 : [8452, 8465, 8483, 8497, 8525, 8528, 8537, 8539]
158.5 :    4 : [8453, 8474, 8491, 8509]
158.6 :    4 : [8457, 8486, 8538, 8542]
158.7 :    4 : [8450, 8454, 8518, 8519]
158.8 :    3 : [8466, 8492, 8534]
159.0 :   13 : [8473, 8475, 8477, 8481, 8487, 8490, 8496, 8502, 8505, 8515, 8531, 8546, 8547]
159.1 :   10 : [8451, 8464, 8470, 8479, 8504, 8507, 8508, 8516, 8522, 8530]
159.2 :    6 : [8482, 8485, 8494, 8517, 8532, 8541]
159.3 :    3 : [8489, 8520, 8533]
159.4 :    4 : [8472, 8484, 8526, 8543]
159.5 :    2 : [8461, 8493]
159.6 :    3 : [8471, 8476, 8513]
159.7 :    3 : [8463, 8529, 8540]
159.8 :    5 : [8480, 8488, 8498, 8499, 8501]
159.9 :    6 : [8468, 8503, 8506, 8511, 8512, 8544]
160.0 :    5 : [8456, 8458, 8460, 8521, 8535]
160.1 :    4 : [8467, 8478, 8514, 8524]
160.2 :    1 : [8549]
160.3 :    4 : [8455, 8459, 8536, 8545]
160.4 :    6 : [8462, 8469, 8495, 8500, 8527, 8548]
160.5 :    6 : [8483, 8497, 8510, 8523, 8528, 8537]
160.6 :    2 : [8474, 8539]
160.7 :    4 : [8452, 8453, 8491, 8525]
160.8 :    3 : [8465, 8486, 8509]
160.9 :    2 : [8538, 8542]
161.0 :    6 : [8450, 8457, 8466, 8492, 8518, 8519]
161.1 :    8 : [8454, 8473, 8477, 8490, 8496, 8531, 8534, 8547]
161.2 :    6 : [8470, 8475, 8481, 8487, 8502, 8505]
161.3 :    3 : [8451, 8485, 8522]
161.4 :    6 : [8464, 8479, 8489, 8504, 8508, 8516]
161.5 :    9 : [8472, 8482, 8507, 8515, 8517, 8526, 8532, 8541, 8546]
161.6 :    3 : [8461, 8494, 8530]
161.7 :    3 : [8513, 8520, 8533]
161.8 :    2 : [8484, 8543]
161.9 :    1 : [8476]
162.0 :    3 : [8471, 8493, 8529]
162.1 :    2 : [8499, 8501]
162.2 :    4 : [8458, 8463, 8488, 8540]
162.3 :    5 : [8468, 8480, 8498, 8506, 8511]
162.4 :    4 : [8503, 8512, 8521, 8544]
162.5 :    2 : [8456, 8535]
162.6 :    4 : [8460, 8467, 8514, 8524]
162.7 :    5 : [8459, 8462, 8478, 8536, 8545]
162.8 :    2 : [8455, 8495]
162.9 :    9 : [8469, 8483, 8497, 8500, 8510, 8527, 8528, 8537, 8549]
163.0 :    2 : [8523, 8548]
163.1 :    1 : [8474]
163.2 :    2 : [8452, 8491]
163.3 :    4 : [8465, 8509, 8525, 8539]
163.4 :    2 : [8453, 8486]
163.5 :    5 : [8466, 8492, 8496, 8519, 8542]
163.6 :    5 : [8450, 8457, 8518, 8534, 8538]
163.7 :    5 : [8454, 8473, 8477, 8490, 8531]
163.8 :    5 : [8475, 8481, 8487, 8505, 8547]
163.9 :    4 : [8470, 8485, 8502, 8526]
164.0 :    5 : [8451, 8472, 8489, 8516, 8522]
164.1 :    5 : [8461, 8464, 8479, 8504, 8508]
164.2 :    6 : [8482, 8507, 8513, 8517, 8532, 8541]
164.3 :    5 : [8494, 8515, 8530, 8533, 8546]
164.5 :    2 : [8520, 8543]
164.6 :    1 : [8484]
164.7 :    3 : [8471, 8476, 8529]
164.8 :    5 : [8458, 8488, 8493, 8499, 8501]
165.0 :    2 : [8463, 8506]
165.1 :    3 : [8468, 8511, 8521]
165.2 :    4 : [8480, 8498, 8503, 8540]
165.3 :    1 : [8512]
165.4 :    4 : [8456, 8462, 8524, 8544]
165.5 :    6 : [8459, 8467, 8514, 8535, 8536, 8545]
165.6 :    5 : [8460, 8478, 8483, 8495, 8528]
165.7 :    3 : [8455, 8510, 8527]
165.8 :    4 : [8469, 8497, 8500, 8537]
165.9 :    2 : [8474, 8548]
166.0 :    1 : [8523]
166.1 :    1 : [8549]
166.2 :    3 : [8452, 8491, 8525]
166.3 :    2 : [8486, 8509]
166.4 :    3 : [8465, 8492, 8534]
166.5 :    1 : [8466]
166.6 :    5 : [8453, 8496, 8519, 8539, 8542]
166.8 :    6 : [8450, 8454, 8473, 8477, 8518, 8538]
166.9 :    6 : [8457, 8485, 8487, 8490, 8526, 8547]
167.0 :    2 : [8475, 8531]
167.1 :    4 : [8470, 8472, 8481, 8505]
167.2 :    2 : [8489, 8502]
167.3 :    5 : [8451, 8461, 8513, 8516, 8522]
167.4 :    1 : [8532]
167.5 :    3 : [8464, 8504, 8508]
167.6 :    5 : [8479, 8482, 8517, 8533, 8541]
167.7 :    1 : [8507]
167.8 :    1 : [8494]
168.0 :    3 : [8458, 8529, 8543]
168.1 :    3 : [8488, 8499, 8520]
168.2 :    4 : [8471, 8515, 8530, 8546]
168.3 :    1 : [8501]
168.4 :    1 : [8506]
168.5 :    1 : [8484]
168.6 :    2 : [8476, 8521]
168.7 :    1 : [8468]
168.9 :    2 : [8493, 8511]
169.0 :    3 : [8463, 8483, 8528]
169.1 :    1 : [8462]
169.2 :    1 : [8503]
169.3 :    2 : [8459, 8545]
169.4 :    2 : [8510, 8524]
169.5 :    1 : [8536]
169.7 :    1 : [8495]
170.0 :    1 : [8527]
170.4 :    1 : [8467]
170.5 :    1 : [8497]
211.0 :    1 : [8484]
211.2 :    2 : [8488, 8531]
211.5 :    1 : [8539]
211.6 :    3 : [8462, 8467, 8528]
211.7 :    4 : [8470, 8477, 8493, 8506]
211.8 :    1 : [8510]
211.9 :    2 : [8497, 8515]
212.0 :    3 : [8474, 8491, 8527]
212.1 :    4 : [8472, 8500, 8505, 8519]
212.3 :    1 : [8533]
212.4 :    2 : [8466, 8469]
212.5 :    4 : [8478, 8482, 8508, 8530]
212.6 :    1 : [8456]
212.7 :    3 : [8459, 8541, 8542]
212.9 :    1 : [8537]
213.0 :    2 : [8452, 8473]
213.3 :    2 : [8489, 8521]
213.4 :    3 : [8479, 8495, 8514]
213.5 :    2 : [8465, 8529]
213.6 :    1 : [8458]
213.7 :    1 : [8492]
213.9 :    2 : [8496, 8503]
214.0 :    3 : [8484, 8531, 8539]
214.3 :    3 : [8488, 8498, 8510]
214.4 :    1 : [8491]
214.6 :    4 : [8477, 8493, 8506, 8528]
214.7 :    2 : [8470, 8515]
214.8 :    2 : [8516, 8547]
214.9 :    1 : [8472]
215.0 :    1 : [8530]
215.1 :    3 : [8466, 8500, 8513]
215.2 :    4 : [8474, 8507, 8512, 8533]
215.3 :    2 : [8469, 8543]
215.4 :    3 : [8511, 8527, 8542]
215.5 :    3 : [8468, 8505, 8541]
215.8 :    1 : [8508]
216.0 :    4 : [8458, 8479, 8489, 8523]
216.1 :    3 : [8450, 8497, 8545]
216.2 :    1 : [8494]
216.3 :    2 : [8529, 8539]
216.4 :    2 : [8495, 8540]
216.5 :    1 : [8522]
216.6 :    2 : [8452, 8459]
216.7 :    1 : [8525]
216.8 :    3 : [8455, 8491, 8498]
216.9 :    3 : [8510, 8514, 8531]
217.0 :    1 : [8504]
217.1 :    2 : [8473, 8484]
217.3 :    5 : [8472, 8488, 8503, 8506, 8528]
217.5 :    2 : [8499, 8530]
217.6 :    2 : [8476, 8493]
217.8 :    5 : [8466, 8500, 8519, 8533, 8542]
217.9 :    3 : [8516, 8532, 8547]
218.0 :    1 : [8515]
218.1 :    5 : [8462, 8469, 8487, 8505, 8537]
218.2 :    2 : [8477, 8496]
218.3 :    1 : [8527]
218.4 :    1 : [8478]
218.5 :    3 : [8458, 8507, 8543]
218.6 :    1 : [8523]
218.7 :    2 : [8479, 8540]
218.8 :    2 : [8529, 8539]
219.0 :    2 : [8450, 8474]
219.1 :    2 : [8491, 8495]
219.2 :    4 : [8470, 8489, 8497, 8541]
219.3 :    1 : [8498]
219.4 :    3 : [8482, 8494, 8531]
219.6 :    2 : [8506, 8528]
219.7 :    1 : [8513]
219.9 :    2 : [8488, 8512]
220.0 :    2 : [8500, 8510]
220.1 :    2 : [8472, 8530]
220.2 :    1 : [8533]
220.3 :    2 : [8451, 8542]
220.4 :    5 : [8466, 8484, 8492, 8504, 8522]
220.6 :    1 : [8508]
220.7 :    2 : [8493, 8547]
220.8 :    2 : [8458, 8516]
220.9 :    1 : [8505]
221.0 :    1 : [8455]
221.2 :    2 : [8459, 8539]
221.3 :    2 : [8473, 8532]
221.4 :    3 : [8477, 8515, 8540]
221.5 :    5 : [8462, 8491, 8495, 8499, 8541]
221.6 :    1 : [8479]
221.7 :    1 : [8523]
221.8 :    2 : [8506, 8537]
221.9 :    6 : [8452, 8474, 8497, 8498, 8507, 8529]
222.0 :    2 : [8487, 8528]
222.1 :    1 : [8531]
222.2 :    1 : [8470]
222.3 :    4 : [8469, 8500, 8527, 8543]
222.5 :    3 : [8513, 8530, 8533]
222.6 :    2 : [8488, 8494]
223.0 :    1 : [8472]
223.2 :    4 : [8450, 8458, 8510, 8542]
223.4 :    2 : [8466, 8512]
223.6 :    1 : [8504]
223.7 :    1 : [8505]
223.8 :    1 : [8516]
223.9 :    1 : [8539]
224.1 :    1 : [8541]
224.2 :    2 : [8491, 8506]
224.3 :    2 : [8479, 8540]
224.4 :    2 : [8477, 8495]
224.5 :    1 : [8528]
224.7 :    1 : [8500]
224.8 :    1 : [8515]
225.0 :    2 : [8498, 8533]
225.1 :    5 : [8474, 8507, 8529, 8530, 8547]
225.2 :    1 : [8522]
225.3 :    1 : [8531]
225.4 :    1 : [8497]
225.5 :    1 : [8537]
225.9 :    1 : [8488]
226.0 :    1 : [8458]
226.1 :    1 : [8513]
226.4 :    1 : [8532]
226.8 :    1 : [8506]
227.0 :    1 : [8539]
227.2 :    1 : [8541]
227.4 :    1 : [8528]
227.6 :    2 : [8479, 8500]
227.7 :    1 : [8491]
227.9 :    1 : [8533]
228.4 :    1 : [8530]
228.5 :    1 : [8505]
229.5 :    1 : [8495]
229.6 :    1 : [8458]
229.9 :    1 : [8506]
231.6 :    1 : [8500]
310.5 :    1 : [8477]
310.6 :    4 : [8455, 8496, 8511, 8512]
310.7 :    3 : [8486, 8526, 8533]
310.9 :    2 : [8503, 8534]
311.0 :    2 : [8465, 8509]
311.1 :    1 : [8515]
311.2 :    4 : [8463, 8470, 8504, 8514]
311.3 :    3 : [8451, 8473, 8525]
311.4 :    2 : [8499, 8530]
311.6 :    1 : [8545]
311.7 :    1 : [8467]
311.9 :    1 : [8452]
312.1 :    1 : [8464]
312.3 :    2 : [8489, 8535]
312.4 :    2 : [8453, 8506]
312.5 :    1 : [8456]
312.6 :    1 : [8477]
312.7 :    2 : [8511, 8512]
312.8 :    4 : [8455, 8496, 8526, 8538]
312.9 :    1 : [8454]
313.1 :    2 : [8509, 8534]
313.2 :    2 : [8515, 8537]
313.3 :    5 : [8463, 8465, 8470, 8504, 8513]
313.4 :    2 : [8486, 8533]
313.5 :    3 : [8473, 8514, 8521]
313.6 :    1 : [8503]
313.7 :    3 : [8458, 8499, 8548]
313.8 :    1 : [8467]
313.9 :    1 : [8545]
314.0 :    2 : [8451, 8525]
314.1 :    4 : [8471, 8530, 8543, 8546]
314.2 :    1 : [8452]
314.3 :    2 : [8522, 8523]
314.4 :    2 : [8489, 8541]
314.5 :    2 : [8472, 8491]
314.6 :    1 : [8468]
314.7 :    1 : [8477]
314.8 :    4 : [8456, 8464, 8511, 8512]
314.9 :    2 : [8496, 8526]
315.0 :    5 : [8453, 8492, 8506, 8535, 8538]
315.1 :    1 : [8527]
315.2 :    2 : [8455, 8534]
315.3 :    3 : [8509, 8515, 8537]
315.4 :    3 : [8454, 8463, 8470]
315.5 :    6 : [8469, 8479, 8488, 8504, 8505, 8528]
315.6 :   38 : [8457, 8459, 8461, 8465, 8466, 8474, 8475, 8476, 8478, 8481, 8483, 8484, 8485, 8486, 8487, 8490, 8493, 8494, 8495, 8497, 8500, 8501, 8502, 8507, 8510, 8513, 8514, 8516, 8517, 8519, 8520, 8524, 8529, 8531, 8532, 8536, 8542, 8547]
315.7 :   15 : [8450, 8462, 8473, 8480, 8482, 8498, 8503, 8508, 8518, 8521, 8533, 8539, 8540, 8544, 8549]
315.8 :    3 : [8458, 8460, 8499]
315.9 :    2 : [8467, 8548]
316.0 :    1 : [8545]
316.1 :    2 : [8451, 8525]
316.2 :    3 : [8471, 8543, 8546]
316.3 :    1 : [8452]
316.4 :    3 : [8522, 8523, 8530]
316.5 :    1 : [8489]
316.6 :    1 : [8541]
316.7 :    3 : [8468, 8472, 8491]
316.9 :    4 : [8456, 8464, 8511, 8512]
317.0 :    1 : [8496]
317.1 :    1 : [8453]
317.2 :    2 : [8506, 8538]
317.3 :    3 : [8492, 8534, 8535]
317.4 :    3 : [8455, 8527, 8537]
317.6 :    3 : [8479, 8504, 8509]
317.7 :    5 : [8454, 8465, 8514, 8519, 8547]
317.8 :    5 : [8486, 8503, 8507, 8520, 8533]
317.9 :    7 : [8473, 8488, 8499, 8513, 8526, 8528, 8544]
318.0 :   12 : [8467, 8469, 8474, 8483, 8485, 8495, 8510, 8521, 8532, 8536, 8539, 8548]
318.1 :   25 : [8450, 8459, 8461, 8462, 8466, 8475, 8476, 8478, 8481, 8484, 8487, 8490, 8493, 8494, 8497, 8500, 8501, 8502, 8505, 8516, 8517, 8524, 8529, 8531, 8542]
318.2 :    9 : [8451, 8457, 8480, 8482, 8498, 8508, 8518, 8525, 8540]
318.3 :    5 : [8460, 8471, 8477, 8546, 8549]
318.4 :    1 : [8452]
318.5 :    2 : [8522, 8523]
318.6 :    2 : [8489, 8530]
318.7 :    1 : [8541]
318.8 :    3 : [8472, 8491, 8515]
318.9 :    2 : [8463, 8470]
319.0 :    3 : [8456, 8464, 8512]
319.2 :    1 : [8453]
319.3 :    2 : [8506, 8538]
319.4 :    2 : [8458, 8492]
319.5 :    3 : [8455, 8535, 8537]
319.6 :    2 : [8527, 8545]
319.7 :    3 : [8479, 8504, 8509]
319.8 :    6 : [8454, 8465, 8514, 8519, 8543, 8547]
319.9 :    3 : [8507, 8520, 8533]
320.0 :    3 : [8473, 8486, 8513]
320.1 :    6 : [8467, 8488, 8528, 8532, 8544, 8548]
320.2 :    4 : [8483, 8510, 8521, 8539]
320.3 :   17 : [8451, 8459, 8461, 8466, 8468, 8469, 8474, 8478, 8485, 8487, 8495, 8497, 8501, 8525, 8529, 8531, 8536]
320.4 :   20 : [8450, 8462, 8471, 8475, 8476, 8477, 8481, 8484, 8490, 8493, 8494, 8500, 8502, 8505, 8516, 8517, 8518, 8524, 8542, 8546]
320.5 :    6 : [8457, 8480, 8482, 8498, 8508, 8511]
320.6 :    7 : [8452, 8460, 8496, 8522, 8534, 8540, 8549]
320.7 :    1 : [8530]
320.8 :    1 : [8541]
320.9 :    3 : [8472, 8491, 8515]
321.0 :    2 : [8463, 8470]
321.1 :    1 : [8464]
321.2 :    1 : [8503]
321.3 :    3 : [8453, 8499, 8526]
321.4 :    2 : [8506, 8538]
321.5 :    2 : [8458, 8492]
321.6 :    2 : [8455, 8535]
321.7 :    2 : [8527, 8545]
321.8 :    3 : [8479, 8504, 8509]
321.9 :    5 : [8454, 8514, 8519, 8543, 8547]
322.0 :    3 : [8507, 8523, 8533]
322.1 :    4 : [8473, 8486, 8489, 8513]
322.2 :    4 : [8488, 8528, 8532, 8544]
322.3 :    3 : [8483, 8510, 8521]
322.4 :    8 : [8459, 8468, 8474, 8478, 8485, 8525, 8536, 8539]
322.5 :   12 : [8461, 8462, 8466, 8469, 8487, 8495, 8497, 8500, 8501, 8512, 8529, 8531]
322.6 :   16 : [8450, 8456, 8475, 8476, 8481, 8484, 8490, 8494, 8502, 8505, 8511, 8516, 8517, 8518, 8524, 8542]
322.7 :    9 : [8452, 8457, 8480, 8482, 8493, 8496, 8498, 8508, 8534]
322.8 :    3 : [8460, 8530, 8540]
322.9 :    2 : [8537, 8549]
323.0 :    1 : [8491]
323.1 :    1 : [8463]
323.3 :    2 : [8465, 8503]
323.4 :    3 : [8453, 8467, 8499]
323.5 :    2 : [8506, 8520]
323.6 :    1 : [8548]
323.7 :    1 : [8535]
323.8 :    2 : [8527, 8545]
323.9 :    4 : [8451, 8479, 8509, 8546]
324.0 :    4 : [8454, 8471, 8477, 8547]
324.1 :    1 : [8523]
324.2 :    4 : [8473, 8489, 8513, 8522]
324.3 :    5 : [8488, 8515, 8528, 8532, 8544]
324.4 :    5 : [8472, 8483, 8510, 8521, 8541]
324.5 :    8 : [8459, 8470, 8474, 8478, 8485, 8525, 8536, 8539]
324.6 :   11 : [8461, 8462, 8466, 8469, 8495, 8497, 8500, 8501, 8512, 8529, 8531]
324.7 :   12 : [8450, 8456, 8464, 8475, 8487, 8490, 8502, 8505, 8517, 8524, 8526, 8542]
324.8 :    9 : [8452, 8476, 8481, 8484, 8493, 8494, 8508, 8516, 8518]
324.9 :    5 : [8457, 8480, 8482, 8498, 8530]
325.0 :    5 : [8460, 8492, 8537, 8538, 8540]
325.1 :    2 : [8458, 8491]
325.2 :    3 : [8455, 8463, 8549]
325.3 :    1 : [8543]
325.4 :    4 : [8465, 8503, 8504, 8514]
325.5 :    3 : [8467, 8499, 8519]
325.6 :    4 : [8486, 8506, 8520, 8533]
325.7 :    2 : [8507, 8548]
325.8 :    1 : [8535]
325.9 :    1 : [8527]
326.0 :    5 : [8451, 8468, 8479, 8534, 8546]
326.1 :    4 : [8454, 8471, 8477, 8547]
326.2 :    3 : [8496, 8511, 8523]
326.3 :    3 : [8489, 8513, 8522]
326.4 :    5 : [8488, 8515, 8528, 8532, 8544]
326.5 :    5 : [8472, 8483, 8510, 8521, 8541]
326.6 :    8 : [8459, 8470, 8474, 8478, 8485, 8525, 8536, 8539]
326.7 :   11 : [8461, 8462, 8466, 8469, 8495, 8497, 8500, 8501, 8512, 8529, 8531]
326.8 :   12 : [8450, 8456, 8464, 8475, 8487, 8490, 8502, 8505, 8517, 8524, 8526, 8542]
326.9 :    8 : [8452, 8476, 8481, 8484, 8494, 8508, 8516, 8518]
327.0 :    7 : [8453, 8457, 8480, 8482, 8493, 8498, 8530]
327.1 :    4 : [8460, 8492, 8537, 8538]
327.2 :    3 : [8458, 8491, 8540]
327.3 :    4 : [8455, 8463, 8545, 8549]
327.4 :    1 : [8543]
327.5 :    5 : [8465, 8503, 8504, 8509, 8514]
327.6 :    2 : [8467, 8519]
327.7 :    4 : [8486, 8506, 8520, 8533]
327.8 :    2 : [8507, 8548]
327.9 :    2 : [8473, 8535]
328.1 :    4 : [8451, 8468, 8534, 8546]
328.2 :    4 : [8454, 8471, 8477, 8547]
328.3 :    2 : [8496, 8511]
328.4 :    1 : [8522]
328.5 :    5 : [8488, 8515, 8528, 8532, 8544]
328.6 :    5 : [8472, 8483, 8510, 8521, 8541]
328.7 :    7 : [8459, 8474, 8478, 8485, 8525, 8536, 8539]
328.8 :   11 : [8461, 8462, 8466, 8469, 8495, 8497, 8500, 8501, 8512, 8529, 8531]
328.9 :   11 : [8450, 8456, 8464, 8475, 8487, 8490, 8502, 8505, 8517, 8524, 8542]
329.0 :    9 : [8452, 8476, 8481, 8484, 8494, 8499, 8508, 8516, 8518]
329.1 :    7 : [8453, 8457, 8480, 8482, 8493, 8498, 8530]
329.2 :    4 : [8460, 8492, 8537, 8538]
329.3 :    3 : [8458, 8491, 8540]
329.4 :    3 : [8455, 8463, 8545]
329.5 :    2 : [8543, 8549]
329.6 :    4 : [8504, 8509, 8514, 8527]
329.7 :    2 : [8479, 8519]
329.8 :    5 : [8486, 8506, 8520, 8523, 8533]
329.9 :    3 : [8507, 8513, 8548]
330.0 :    3 : [8473, 8489, 8535]
330.2 :    4 : [8451, 8468, 8470, 8546]
330.3 :    4 : [8454, 8471, 8526, 8547]
330.4 :    2 : [8496, 8511]
330.5 :    1 : [8522]
330.6 :    4 : [8488, 8528, 8532, 8544]
330.7 :    3 : [8510, 8521, 8541]
330.8 :    6 : [8459, 8474, 8478, 8485, 8525, 8536]
330.9 :   11 : [8461, 8462, 8466, 8469, 8495, 8497, 8500, 8501, 8529, 8531, 8539]
331.0 :   11 : [8450, 8456, 8464, 8475, 8487, 8490, 8502, 8505, 8517, 8524, 8542]
331.1 :   11 : [8452, 8465, 8476, 8481, 8484, 8494, 8499, 8503, 8508, 8516, 8518]
331.2 :    8 : [8453, 8457, 8467, 8480, 8482, 8493, 8498, 8530]
331.3 :    2 : [8460, 8538]
331.4 :    1 : [8491]
331.5 :    3 : [8455, 8540, 8545]
331.6 :    1 : [8549]
331.7 :    5 : [8504, 8509, 8514, 8527, 8534]
331.8 :    2 : [8479, 8519]
331.9 :    5 : [8477, 8486, 8520, 8523, 8533]
332.0 :    2 : [8507, 8513]
332.1 :    3 : [8473, 8489, 8535]
332.2 :    1 : [8515]
332.3 :    5 : [8468, 8470, 8472, 8483, 8546]
332.4 :    3 : [8471, 8526, 8547]
332.5 :    3 : [8496, 8511, 8512]
332.6 :    1 : [8522]
332.7 :    3 : [8488, 8532, 8544]
332.8 :    4 : [8458, 8510, 8537, 8541]
332.9 :    7 : [8459, 8474, 8478, 8485, 8492, 8525, 8536]
333.0 :   11 : [8461, 8462, 8466, 8469, 8495, 8497, 8500, 8501, 8529, 8531, 8539]
333.1 :   10 : [8450, 8463, 8475, 8487, 8490, 8502, 8505, 8517, 8524, 8542]
333.2 :   12 : [8452, 8465, 8476, 8481, 8484, 8494, 8499, 8503, 8508, 8516, 8518, 8543]
333.3 :    8 : [8453, 8457, 8467, 8480, 8482, 8493, 8498, 8530]
333.4 :    2 : [8460, 8538]
333.5 :    2 : [8491, 8506]
333.6 :    3 : [8540, 8545, 8548]
333.8 :    6 : [8504, 8509, 8514, 8527, 8534, 8549]
333.9 :    3 : [8451, 8479, 8519]
334.0 :    5 : [8454, 8477, 8520, 8523, 8533]
334.1 :    2 : [8507, 8513]
334.2 :    4 : [8473, 8489, 8528, 8535]
334.3 :    1 : [8515]
334.4 :    5 : [8470, 8472, 8483, 8521, 8546]
334.5 :    3 : [8471, 8526, 8547]
334.6 :    3 : [8496, 8511, 8512]
334.7 :    3 : [8456, 8464, 8522]
334.8 :    2 : [8532, 8544]
334.9 :    3 : [8458, 8537, 8541]
335.0 :    7 : [8459, 8474, 8478, 8485, 8492, 8525, 8536]
335.1 :    9 : [8461, 8466, 8469, 8495, 8497, 8500, 8529, 8531, 8539]
335.2 :   11 : [8450, 8455, 8463, 8475, 8487, 8490, 8502, 8505, 8517, 8524, 8542]
335.3 :   12 : [8452, 8465, 8476, 8481, 8484, 8494, 8499, 8503, 8508, 8516, 8518, 8543]
335.4 :    8 : [8453, 8457, 8467, 8480, 8482, 8493, 8498, 8530]
335.5 :    1 : [8460]
335.6 :    3 : [8486, 8491, 8506]
335.7 :    2 : [8540, 8548]
335.9 :    6 : [8468, 8504, 8509, 8527, 8534, 8549]
336.0 :    2 : [8451, 8479]
336.1 :    5 : [8454, 8477, 8520, 8523, 8533]
336.2 :    1 : [8513]
336.3 :    4 : [8473, 8489, 8528, 8535]
336.4 :    2 : [8488, 8515]
336.5 :    6 : [8470, 8472, 8483, 8510, 8521, 8546]
336.6 :    1 : [8547]
336.7 :    5 : [8462, 8496, 8501, 8511, 8512]
336.8 :    2 : [8456, 8464]
336.9 :    1 : [8544]
337.0 :    2 : [8458, 8537]
337.1 :    6 : [8474, 8478, 8485, 8492, 8536, 8538]
337.2 :    8 : [8461, 8466, 8469, 8495, 8497, 8500, 8531, 8539]
337.3 :   12 : [8450, 8455, 8463, 8475, 8487, 8490, 8502, 8505, 8517, 8524, 8542, 8545]
337.4 :   11 : [8452, 8465, 8476, 8481, 8484, 8494, 8503, 8508, 8516, 8518, 8543]
337.5 :    8 : [8453, 8457, 8467, 8480, 8482, 8493, 8498, 8530]
337.6 :    3 : [8460, 8514, 8519]
337.7 :    3 : [8486, 8491, 8506]
337.8 :    3 : [8507, 8540, 8548]
338.0 :    6 : [8468, 8504, 8526, 8527, 8534, 8549]
338.1 :    2 : [8451, 8479]
338.2 :    5 : [8454, 8471, 8477, 8523, 8533]
338.3 :    1 : [8513]
338.4 :    4 : [8473, 8489, 8528, 8535]
338.5 :    4 : [8488, 8515, 8522, 8532]
338.6 :    7 : [8470, 8472, 8483, 8510, 8521, 8541, 8546]
338.7 :    3 : [8459, 8525, 8547]
338.8 :    4 : [8462, 8501, 8512, 8529]
338.9 :    3 : [8456, 8464, 8499]
339.0 :    1 : [8544]
339.1 :    2 : [8458, 8537]
339.2 :    4 : [8474, 8478, 8492, 8538]
339.3 :    6 : [8466, 8469, 8495, 8500, 8531, 8539]
339.4 :   11 : [8450, 8455, 8463, 8475, 8487, 8490, 8502, 8505, 8517, 8542, 8545]
339.5 :   11 : [8452, 8465, 8476, 8481, 8484, 8494, 8503, 8508, 8516, 8518, 8543]
339.6 :    9 : [8453, 8457, 8467, 8480, 8482, 8493, 8498, 8509, 8530]
339.7 :    3 : [8460, 8514, 8519]
339.8 :    3 : [8486, 8491, 8506]
339.9 :    3 : [8507, 8520, 8548]
340.0 :    1 : [8540]
340.1 :    4 : [8468, 8504, 8526, 8527]
340.2 :    3 : [8451, 8479, 8549]
340.3 :    4 : [8454, 8471, 8477, 8523]
340.4 :    2 : [8496, 8511]
340.5 :    4 : [8473, 8489, 8528, 8535]
340.6 :    4 : [8488, 8515, 8522, 8532]
340.7 :    6 : [8470, 8472, 8510, 8521, 8541, 8546]
340.8 :    5 : [8459, 8485, 8525, 8536, 8547]
340.9 :    6 : [8461, 8462, 8497, 8501, 8512, 8529]
341.0 :    4 : [8456, 8464, 8499, 8524]
341.1 :    1 : [8544]
341.2 :    1 : [8537]
341.3 :    3 : [8474, 8478, 8538]
341.4 :    3 : [8466, 8469, 8531]
341.5 :   12 : [8450, 8455, 8463, 8475, 8487, 8490, 8502, 8505, 8517, 8539, 8542, 8545]
341.6 :   12 : [8452, 8465, 8476, 8481, 8484, 8494, 8503, 8508, 8516, 8518, 8534, 8543]
341.7 :    8 : [8453, 8457, 8480, 8482, 8493, 8498, 8509, 8530]
341.8 :    3 : [8460, 8514, 8519]
341.9 :    4 : [8486, 8491, 8506, 8533]
342.0 :    4 : [8507, 8513, 8520, 8548]
342.1 :    1 : [8540]
342.2 :    4 : [8468, 8483, 8504, 8526]
342.3 :    3 : [8451, 8479, 8549]
342.4 :    4 : [8454, 8471, 8477, 8523]
342.5 :    2 : [8496, 8511]
342.6 :    4 : [8473, 8489, 8528, 8535]
342.7 :    4 : [8488, 8515, 8522, 8532]
342.8 :    7 : [8458, 8470, 8472, 8510, 8521, 8541, 8546]
342.9 :    6 : [8459, 8485, 8492, 8525, 8536, 8547]
343.0 :    8 : [8461, 8462, 8495, 8497, 8500, 8501, 8512, 8529]
343.1 :    4 : [8456, 8464, 8499, 8524]
343.2 :    1 : [8544]
343.3 :    1 : [8537]
343.4 :    3 : [8467, 8478, 8538]
343.5 :    2 : [8469, 8531]
343.6 :   12 : [8450, 8455, 8463, 8475, 8487, 8490, 8502, 8505, 8517, 8539, 8542, 8545]
343.7 :   12 : [8452, 8465, 8476, 8481, 8484, 8494, 8503, 8508, 8516, 8518, 8534, 8543]
343.8 :    9 : [8453, 8457, 8480, 8482, 8493, 8498, 8509, 8527, 8530]
343.9 :    3 : [8460, 8514, 8519]
344.0 :    4 : [8486, 8491, 8506, 8533]
344.1 :    4 : [8507, 8513, 8520, 8548]
344.3 :    5 : [8468, 8483, 8504, 8526, 8540]
344.4 :    2 : [8451, 8479]
344.5 :    5 : [8454, 8471, 8477, 8523, 8549]
344.6 :    2 : [8496, 8511]
344.7 :    2 : [8473, 8535]
344.8 :    4 : [8488, 8515, 8522, 8532]
344.9 :    6 : [8458, 8470, 8510, 8521, 8541, 8546]
345.0 :    6 : [8459, 8485, 8492, 8525, 8536, 8547]
345.1 :    9 : [8461, 8462, 8474, 8495, 8497, 8500, 8501, 8512, 8529]
345.2 :    5 : [8456, 8464, 8466, 8499, 8524]
345.3 :    1 : [8544]
345.5 :    3 : [8467, 8478, 8538]
345.6 :    2 : [8469, 8531]
345.7 :   11 : [8450, 8455, 8463, 8475, 8487, 8490, 8502, 8505, 8517, 8542, 8545]
345.8 :   13 : [8452, 8465, 8476, 8481, 8484, 8494, 8503, 8508, 8516, 8518, 8534, 8539, 8543]
345.9 :    7 : [8453, 8482, 8493, 8498, 8509, 8527, 8530]
346.0 :    4 : [8457, 8480, 8514, 8519]
346.1 :    4 : [8460, 8486, 8491, 8506]
346.2 :    4 : [8513, 8520, 8533, 8548]
346.3 :    2 : [8507, 8528]
346.4 :    5 : [8468, 8483, 8489, 8504, 8526]
346.5 :    3 : [8451, 8479, 8540]
346.6 :    5 : [8454, 8471, 8472, 8477, 8523]
346.7 :    2 : [8496, 8549]
346.8 :    3 : [8473, 8511, 8535]
346.9 :    4 : [8488, 8515, 8522, 8532]
347.0 :    6 : [8458, 8470, 8510, 8521, 8541, 8546]
347.1 :    7 : [8459, 8485, 8492, 8525, 8536, 8537, 8547]
347.2 :    7 : [8461, 8462, 8474, 8497, 8500, 8501, 8529]
347.3 :    7 : [8456, 8464, 8466, 8495, 8499, 8512, 8524]
347.4 :    1 : [8544]
347.6 :    3 : [8467, 8478, 8538]
347.7 :    2 : [8469, 8531]
347.8 :   10 : [8450, 8455, 8475, 8487, 8490, 8502, 8505, 8517, 8542, 8545]
347.9 :   12 : [8452, 8465, 8476, 8481, 8484, 8494, 8503, 8508, 8516, 8518, 8534, 8543]
348.0 :    4 : [8453, 8463, 8482, 8509]
348.1 :    6 : [8498, 8514, 8519, 8527, 8530, 8539]
348.2 :    6 : [8457, 8480, 8486, 8491, 8493, 8506]
348.3 :    3 : [8513, 8533, 8548]
348.4 :    2 : [8460, 8528]
348.5 :    6 : [8468, 8483, 8504, 8507, 8520, 8526]
348.6 :    1 : [8489]
348.7 :    6 : [8451, 8454, 8471, 8477, 8479, 8523]
348.8 :    2 : [8472, 8540]
348.9 :    2 : [8473, 8535]
349.0 :    3 : [8488, 8496, 8511]
349.1 :    5 : [8458, 8470, 8510, 8521, 8549]
349.2 :    6 : [8459, 8492, 8522, 8532, 8546, 8547]
349.3 :    8 : [8462, 8485, 8501, 8515, 8525, 8529, 8536, 8541]
349.4 :    4 : [8461, 8497, 8499, 8537]
349.5 :    3 : [8474, 8495, 8500]
349.6 :    5 : [8464, 8466, 8512, 8524, 8544]
349.7 :    2 : [8456, 8478]
349.8 :    1 : [8469]
349.9 :    5 : [8450, 8467, 8531, 8542, 8545]
350.0 :    8 : [8452, 8465, 8487, 8490, 8502, 8503, 8518, 8538]
350.1 :    3 : [8455, 8475, 8481]
350.2 :    7 : [8453, 8505, 8508, 8516, 8517, 8534, 8543]
350.3 :    7 : [8476, 8482, 8484, 8491, 8494, 8506, 8509]
350.4 :    2 : [8463, 8527]
350.5 :    5 : [8486, 8498, 8514, 8519, 8539]
350.6 :    6 : [8457, 8468, 8493, 8513, 8526, 8530]
350.7 :    4 : [8480, 8528, 8533, 8548]
350.8 :    2 : [8483, 8504]
350.9 :    2 : [8460, 8523]
351.0 :    4 : [8477, 8489, 8507, 8520]
351.1 :    3 : [8451, 8471, 8479]
351.2 :    5 : [8454, 8472, 8488, 8510, 8521]
351.3 :    1 : [8473]
351.4 :    1 : [8470]
351.5 :    7 : [8458, 8462, 8496, 8511, 8535, 8540, 8547]
351.6 :    3 : [8459, 8492, 8501]
351.7 :    4 : [8522, 8532, 8536, 8549]
351.8 :    7 : [8461, 8485, 8499, 8525, 8529, 8537, 8546]
351.9 :    3 : [8497, 8515, 8541]
352.0 :    3 : [8474, 8495, 8500]
352.1 :    1 : [8464]
352.2 :    2 : [8466, 8524]
352.3 :    3 : [8456, 8512, 8544]
352.4 :    2 : [8469, 8478]
352.5 :    6 : [8450, 8452, 8467, 8531, 8542, 8545]
352.6 :    6 : [8465, 8487, 8490, 8503, 8518, 8538]
352.7 :    5 : [8455, 8475, 8481, 8502, 8534]
352.8 :    2 : [8491, 8543]
352.9 :   10 : [8453, 8476, 8484, 8494, 8505, 8506, 8508, 8509, 8516, 8517]
353.0 :    1 : [8482]
353.1 :    4 : [8463, 8468, 8486, 8527]
353.2 :    4 : [8513, 8514, 8519, 8526]
353.3 :    2 : [8498, 8528]
353.4 :    6 : [8457, 8483, 8530, 8533, 8539, 8548]
353.5 :    3 : [8480, 8493, 8504]
353.6 :    1 : [8523]
353.7 :    2 : [8460, 8477]
353.8 :    5 : [8471, 8489, 8507, 8520, 8521]
353.9 :    4 : [8472, 8479, 8488, 8510]
354.0 :    2 : [8451, 8454]
354.2 :    3 : [8458, 8462, 8473]
354.3 :    3 : [8470, 8492, 8496]
354.4 :    5 : [8459, 8501, 8511, 8535, 8547]
354.5 :    2 : [8532, 8536]
354.6 :    5 : [8461, 8485, 8499, 8537, 8540]
354.7 :    3 : [8522, 8525, 8529]
354.8 :    1 : [8497]
354.9 :    4 : [8500, 8541, 8546, 8549]
355.0 :    2 : [8474, 8495]
355.1 :    3 : [8466, 8515, 8524]
355.2 :    1 : [8464]
355.3 :    1 : [8456]
355.4 :    1 : [8545]
355.5 :    4 : [8452, 8467, 8478, 8544]
355.6 :    5 : [8469, 8512, 8531, 8534, 8542]
355.7 :    3 : [8450, 8518, 8538]
355.8 :    3 : [8487, 8490, 8503]
355.9 :    4 : [8455, 8465, 8475, 8502]
356.0 :    4 : [8481, 8491, 8506, 8543]
356.1 :    1 : [8509]
356.2 :    6 : [8453, 8468, 8494, 8508, 8516, 8517]
356.3 :    8 : [8476, 8484, 8486, 8505, 8513, 8526, 8527, 8528]
356.5 :    2 : [8482, 8483]
356.6 :    1 : [8514]
356.7 :    2 : [8463, 8519]
356.9 :    2 : [8533, 8548]
357.0 :    1 : [8498]
357.1 :    1 : [8523]
357.2 :    5 : [8471, 8488, 8504, 8510, 8521]
357.3 :    4 : [8457, 8472, 8489, 8530]
357.4 :    1 : [8477]
357.5 :    2 : [8480, 8539]
357.6 :    1 : [8458]
357.7 :    3 : [8462, 8492, 8493]
357.9 :    2 : [8479, 8507]
358.1 :    2 : [8454, 8459]
358.2 :    2 : [8499, 8501]
358.4 :    2 : [8451, 8473]
358.6 :    1 : [8461]
358.7 :    1 : [8536]
358.8 :    1 : [8537]
358.9 :    2 : [8485, 8496]
359.2 :    1 : [8547]
359.6 :    1 : [8511]
410.6 :    1 : [8482]
410.7 :    1 : [8536]
410.8 :    2 : [8500, 8509]
410.9 :    3 : [8507, 8512, 8527]
411.0 :    2 : [8458, 8484]
411.1 :    2 : [8455, 8505]
411.2 :    1 : [8548]
411.4 :    1 : [8468]
411.6 :    1 : [8452]
411.8 :    2 : [8463, 8503]
411.9 :    3 : [8475, 8478, 8542]
412.0 :    1 : [8464]
412.1 :    2 : [8483, 8491]
412.3 :    1 : [8470]
412.4 :    1 : [8450]
412.5 :    2 : [8451, 8487]
412.6 :    1 : [8539]
412.7 :    1 : [8485]
412.8 :    3 : [8482, 8540, 8545]
412.9 :    1 : [8471]
413.1 :    1 : [8523]
413.2 :    2 : [8512, 8516]
413.4 :    5 : [8458, 8486, 8527, 8544, 8548]
413.5 :    2 : [8526, 8537]
413.6 :    1 : [8536]
413.7 :    2 : [8504, 8509]
413.8 :    1 : [8455]
414.0 :    2 : [8494, 8502]
414.1 :    1 : [8542]
414.3 :    1 : [8478]
414.4 :    3 : [8496, 8503, 8519]
414.5 :    1 : [8459]
414.6 :    1 : [8483]
414.7 :    2 : [8480, 8491]
414.9 :    2 : [8451, 8482]
415.0 :    3 : [8450, 8470, 8539]
415.1 :    1 : [8545]
415.2 :    1 : [8485]
415.3 :    3 : [8487, 8507, 8512]
415.4 :    2 : [8471, 8473]
415.6 :    3 : [8500, 8521, 8548]
415.7 :    1 : [8516]
415.8 :    1 : [8523]
416.0 :    5 : [8458, 8477, 8509, 8536, 8537]
416.2 :    4 : [8486, 8504, 8527, 8531]
416.4 :    2 : [8475, 8526]
416.5 :    1 : [8461]
416.6 :    3 : [8502, 8540, 8542]
416.7 :    2 : [8478, 8494]
416.9 :    3 : [8455, 8464, 8490]
417.0 :    2 : [8482, 8483]
417.1 :    1 : [8491]
417.2 :    2 : [8451, 8459]
417.3 :    5 : [8468, 8503, 8513, 8539, 8545]
417.4 :    3 : [8450, 8472, 8487]
417.5 :    1 : [8512]
417.7 :    2 : [8470, 8547]
417.8 :    1 : [8492]
417.9 :    3 : [8500, 8506, 8548]
418.1 :    1 : [8510]
418.2 :    2 : [8471, 8509]
418.3 :    2 : [8485, 8516]
418.4 :    2 : [8458, 8537]
418.5 :    2 : [8507, 8527]
418.6 :    1 : [8473]
418.7 :    1 : [8504]
418.8 :    1 : [8475]
418.9 :    5 : [8477, 8489, 8531, 8540, 8542]
419.0 :    4 : [8461, 8494, 8521, 8536]
419.1 :    3 : [8478, 8482, 8486]
419.2 :    2 : [8463, 8465]
419.3 :    4 : [8455, 8483, 8491, 8523]
419.4 :    1 : [8484]
419.5 :    3 : [8502, 8539, 8545]
419.6 :    3 : [8451, 8459, 8544]
419.7 :    1 : [8512]
419.8 :    1 : [8487]
419.9 :    1 : [8503]
420.0 :    3 : [8470, 8472, 8500]
420.2 :    4 : [8452, 8464, 8468, 8526]
420.3 :    2 : [8450, 8513]
420.4 :    1 : [8547]
420.5 :    3 : [8492, 8509, 8537]
420.6 :    3 : [8496, 8506, 8548]
420.7 :    1 : [8516]
420.8 :    3 : [8485, 8527, 8538]
420.9 :    2 : [8510, 8519]
421.0 :    1 : [8542]
421.1 :    2 : [8458, 8475]
421.2 :    2 : [8482, 8494]
421.3 :    1 : [8486]
421.4 :    2 : [8507, 8540]
421.5 :    3 : [8477, 8478, 8491]
421.6 :    4 : [8483, 8489, 8504, 8539]
421.7 :    3 : [8455, 8473, 8545]
421.8 :    3 : [8451, 8505, 8512]
421.9 :    1 : [8523]
422.0 :    2 : [8459, 8544]
422.1 :    5 : [8461, 8465, 8470, 8500, 8521]
422.2 :    1 : [8502]
422.3 :    2 : [8487, 8531]
422.4 :    1 : [8464]
422.5 :    2 : [8450, 8471]
422.6 :    1 : [8503]
422.7 :    1 : [8468]
422.8 :    1 : [8509]
422.9 :    4 : [8452, 8463, 8506, 8537]
423.1 :    3 : [8472, 8484, 8516]
423.2 :    1 : [8485]
423.3 :    3 : [8482, 8527, 8542]
423.4 :    2 : [8513, 8547]
423.5 :    1 : [8494]
423.6 :    2 : [8475, 8538]
423.8 :    3 : [8486, 8539, 8548]
423.9 :    3 : [8491, 8492, 8512]
424.0 :    2 : [8451, 8545]
424.1 :    2 : [8477, 8496]
424.2 :    3 : [8478, 8483, 8507]
424.4 :    5 : [8455, 8458, 8510, 8519, 8540]
424.5 :    2 : [8470, 8500]
424.6 :    1 : [8473]
424.7 :    3 : [8464, 8523, 8544]
424.8 :    2 : [8459, 8489]
424.9 :    1 : [8450]
425.1 :    1 : [8487]
425.3 :    1 : [8509]
425.4 :    2 : [8482, 8506]
425.5 :    1 : [8537]
425.7 :    2 : [8468, 8542]
425.8 :    2 : [8502, 8516]
425.9 :    3 : [8465, 8485, 8505]
426.0 :    1 : [8527]
426.1 :    2 : [8494, 8503]
426.2 :    1 : [8452]
426.3 :    2 : [8512, 8539]
426.4 :    1 : [8451]
426.5 :    2 : [8475, 8491]
426.6 :    1 : [8545]
426.7 :    1 : [8486]
427.0 :    1 : [8500]
427.1 :    2 : [8470, 8477]
427.2 :    1 : [8538]
427.3 :    1 : [8464]
427.4 :    1 : [8483]
427.7 :    2 : [8450, 8478]
427.9 :    3 : [8455, 8507, 8544]
428.1 :    1 : [8482]
428.2 :    2 : [8506, 8509]
428.4 :    1 : [8523]
428.5 :    1 : [8542]
428.6 :    1 : [8459]
428.8 :    1 : [8537]
428.9 :    2 : [8473, 8512]
429.0 :    1 : [8487]
429.1 :    3 : [8451, 8485, 8539]
429.3 :    2 : [8494, 8516]
429.5 :    1 : [8545]
429.8 :    2 : [8491, 8527]
430.1 :    1 : [8500]
430.2 :    1 : [8470]
430.5 :    1 : [8464]
431.3 :    1 : [8482]
431.7 :    1 : [8450]
432.2 :    1 : [8512]
432.5 :    2 : [8451, 8542]
432.8 :    1 : [8506]
432.9 :    1 : [8539]
510.5 :    4 : [8461, 8469, 8473, 8532]
510.6 :    4 : [8475, 8483, 8524, 8537]
510.7 :    5 : [8484, 8507, 8529, 8530, 8535]
510.8 :    2 : [8460, 8478]
510.9 :    2 : [8487, 8516]
511.0 :    1 : [8533]
511.1 :    2 : [8474, 8497]
511.3 :    2 : [8496, 8506]
511.4 :    3 : [8499, 8514, 8543]
511.5 :    1 : [8486]
511.9 :    1 : [8522]
512.2 :    1 : [8463]
512.3 :    1 : [8456]
512.4 :    1 : [8465]
512.6 :    3 : [8469, 8473, 8508]
512.7 :    4 : [8461, 8475, 8532, 8537]
512.8 :    4 : [8484, 8529, 8530, 8535]
512.9 :    1 : [8478]
513.0 :    3 : [8487, 8517, 8545]
513.1 :    3 : [8483, 8516, 8524]
513.2 :    4 : [8474, 8481, 8497, 8507]
513.3 :    1 : [8460]
513.4 :    1 : [8506]
513.5 :    4 : [8496, 8514, 8533, 8543]
513.7 :    1 : [8486]
513.9 :    1 : [8499]
514.0 :    1 : [8522]
514.4 :    1 : [8527]
514.5 :    2 : [8463, 8538]
514.6 :    2 : [8456, 8465]
514.7 :    3 : [8469, 8488, 8508]
514.8 :   18 : [8452, 8459, 8461, 8468, 8470, 8471, 8490, 8492, 8495, 8504, 8505, 8513, 8521, 8526, 8528, 8532, 8536, 8537]
514.9 :   30 : [8454, 8457, 8458, 8462, 8464, 8466, 8472, 8477, 8479, 8484, 8485, 8491, 8494, 8501, 8502, 8503, 8509, 8510, 8511, 8519, 8523, 8525, 8529, 8530, 8534, 8535, 8541, 8542, 8546, 8547]
515.0 :   19 : [8450, 8451, 8453, 8467, 8476, 8480, 8482, 8489, 8493, 8498, 8500, 8512, 8518, 8520, 8531, 8539, 8544, 8548, 8549]
515.1 :    5 : [8455, 8487, 8515, 8517, 8540]
515.2 :    4 : [8483, 8516, 8524, 8545]
515.3 :    3 : [8474, 8481, 8497]
515.4 :    1 : [8507]
515.5 :    2 : [8460, 8506]
515.6 :    1 : [8496]
515.7 :    2 : [8473, 8533]
516.0 :    1 : [8499]
516.1 :    2 : [8475, 8522]
516.3 :    1 : [8478]
516.6 :    2 : [8463, 8527]
516.7 :    3 : [8456, 8465, 8538]
516.8 :    2 : [8469, 8508]
516.9 :    2 : [8461, 8514]
517.0 :    7 : [8454, 8471, 8477, 8490, 8509, 8543, 8546]
517.1 :    7 : [8467, 8486, 8503, 8526, 8530, 8539, 8542]
517.2 :    5 : [8453, 8487, 8488, 8502, 8528]
517.3 :   14 : [8452, 8458, 8459, 8466, 8468, 8470, 8483, 8492, 8501, 8513, 8521, 8524, 8536, 8545]
517.4 :   23 : [8457, 8462, 8464, 8472, 8479, 8481, 8485, 8489, 8491, 8494, 8495, 8500, 8504, 8505, 8510, 8511, 8518, 8519, 8523, 8525, 8534, 8541, 8547]
517.5 :   12 : [8450, 8451, 8476, 8480, 8482, 8493, 8498, 8512, 8520, 8531, 8544, 8548]
517.6 :    6 : [8455, 8460, 8507, 8515, 8540, 8549]
517.7 :    1 : [8496]
517.8 :    1 : [8533]
518.0 :    2 : [8532, 8537]
518.1 :    1 : [8499]
518.2 :    1 : [8522]
518.3 :    1 : [8484]
518.4 :    3 : [8478, 8517, 8535]
518.5 :    2 : [8474, 8529]
518.6 :    2 : [8497, 8516]
518.7 :    2 : [8463, 8527]
518.8 :    3 : [8456, 8465, 8538]
518.9 :    1 : [8469]
519.0 :    3 : [8473, 8506, 8514]
519.1 :    5 : [8454, 8471, 8477, 8490, 8546]
519.2 :    6 : [8467, 8503, 8526, 8530, 8539, 8542]
519.3 :    3 : [8453, 8488, 8502]
519.4 :    4 : [8483, 8524, 8528, 8545]
519.5 :    5 : [8458, 8475, 8492, 8504, 8513]
519.6 :   13 : [8452, 8459, 8462, 8466, 8468, 8472, 8485, 8491, 8501, 8510, 8521, 8534, 8536]
519.7 :   15 : [8460, 8464, 8470, 8479, 8489, 8495, 8500, 8505, 8511, 8518, 8519, 8523, 8525, 8541, 8547]
519.8 :   12 : [8450, 8451, 8457, 8476, 8480, 8482, 8493, 8494, 8498, 8512, 8520, 8531]
519.9 :    6 : [8455, 8507, 8515, 8544, 8548, 8549]
520.0 :    3 : [8461, 8533, 8540]
520.1 :    3 : [8508, 8532, 8537]
520.3 :    1 : [8543]
520.4 :    2 : [8484, 8486]
520.5 :    3 : [8478, 8509, 8535]
520.6 :    2 : [8474, 8529]
520.7 :    2 : [8487, 8516]
520.8 :    1 : [8527]
520.9 :    1 : [8481]
521.0 :    3 : [8469, 8496, 8499]
521.1 :    1 : [8506]
521.2 :    2 : [8471, 8490]
521.3 :    5 : [8467, 8503, 8526, 8530, 8539]
521.4 :    3 : [8453, 8488, 8502]
521.5 :    3 : [8524, 8528, 8545]
521.6 :    2 : [8458, 8492]
521.7 :   10 : [8459, 8462, 8468, 8501, 8510, 8513, 8521, 8522, 8534, 8536]
521.8 :   11 : [8452, 8464, 8466, 8470, 8472, 8485, 8491, 8495, 8500, 8517, 8523]
521.9 :   11 : [8451, 8479, 8480, 8489, 8505, 8511, 8518, 8519, 8525, 8541, 8547]
522.0 :   13 : [8450, 8455, 8457, 8476, 8482, 8493, 8494, 8497, 8498, 8507, 8520, 8531, 8548]
522.1 :    6 : [8461, 8463, 8465, 8512, 8533, 8544]
522.2 :    4 : [8508, 8515, 8540, 8549]
522.3 :    1 : [8546]
522.4 :    4 : [8456, 8477, 8514, 8538]
522.5 :    1 : [8473]
522.6 :    3 : [8509, 8535, 8542]
522.7 :    2 : [8454, 8529]
522.8 :    1 : [8487]
522.9 :    2 : [8504, 8527]
523.0 :    3 : [8475, 8481, 8483]
523.1 :    2 : [8469, 8496]
523.2 :    1 : [8460]
523.3 :    2 : [8471, 8490]
523.4 :    4 : [8503, 8526, 8530, 8537]
523.5 :    1 : [8453]
523.6 :    3 : [8484, 8528, 8532]
523.7 :    2 : [8458, 8492]
523.8 :   13 : [8459, 8462, 8468, 8474, 8486, 8501, 8510, 8513, 8521, 8522, 8534, 8536, 8543]
523.9 :    9 : [8464, 8466, 8470, 8472, 8478, 8485, 8491, 8495, 8500]
524.0 :    9 : [8452, 8480, 8489, 8511, 8518, 8519, 8523, 8525, 8547]
524.1 :   13 : [8450, 8451, 8455, 8476, 8479, 8482, 8494, 8505, 8516, 8520, 8531, 8541, 8548]
524.2 :    7 : [8457, 8463, 8465, 8493, 8498, 8512, 8533]
524.3 :    2 : [8506, 8544]
524.4 :    4 : [8499, 8515, 8540, 8546]
524.5 :    5 : [8456, 8477, 8514, 8538, 8549]
524.6 :    2 : [8467, 8473]
524.7 :    2 : [8509, 8542]
524.8 :    2 : [8454, 8488]
524.9 :    2 : [8487, 8545]
525.0 :    2 : [8504, 8527]
525.1 :    4 : [8483, 8502, 8524, 8539]
525.2 :    1 : [8469]
525.3 :    2 : [8460, 8517]
525.4 :    3 : [8461, 8471, 8490]
525.5 :    4 : [8497, 8526, 8530, 8537]
525.6 :    3 : [8453, 8507, 8508]
525.7 :    3 : [8484, 8528, 8532]
525.8 :    2 : [8458, 8492]
525.9 :   11 : [8459, 8462, 8468, 8474, 8501, 8510, 8513, 8521, 8534, 8536, 8543]
526.0 :    8 : [8464, 8466, 8472, 8478, 8485, 8491, 8495, 8500]
526.1 :    9 : [8452, 8480, 8489, 8511, 8518, 8519, 8523, 8525, 8547]
526.2 :   10 : [8450, 8451, 8455, 8479, 8494, 8505, 8516, 8531, 8535, 8541]
526.3 :    8 : [8457, 8463, 8476, 8482, 8498, 8520, 8533, 8548]
526.4 :    4 : [8493, 8506, 8512, 8529]
526.5 :    4 : [8481, 8499, 8515, 8544]
526.6 :    5 : [8456, 8475, 8538, 8540, 8549]
526.7 :    2 : [8467, 8496]
526.8 :    1 : [8542]
526.9 :    2 : [8454, 8488]
527.0 :    2 : [8487, 8545]
527.1 :    2 : [8503, 8504]
527.2 :    4 : [8483, 8502, 8524, 8539]
527.3 :    1 : [8469]
527.4 :    4 : [8460, 8486, 8517, 8522]
527.5 :    3 : [8461, 8471, 8490]
527.6 :    4 : [8470, 8497, 8526, 8530]
527.7 :    4 : [8453, 8465, 8507, 8508]
527.8 :    1 : [8528]
527.9 :    3 : [8458, 8492, 8546]
528.0 :   10 : [8459, 8462, 8468, 8477, 8501, 8510, 8513, 8521, 8534, 8536]
528.1 :    9 : [8464, 8466, 8472, 8473, 8485, 8491, 8495, 8500, 8514]
528.2 :    8 : [8452, 8489, 8511, 8518, 8519, 8523, 8525, 8547]
528.3 :   10 : [8450, 8451, 8455, 8479, 8494, 8505, 8509, 8531, 8535, 8541]
528.4 :    7 : [8457, 8476, 8482, 8498, 8520, 8533, 8548]
528.5 :    3 : [8493, 8512, 8529]
528.6 :    2 : [8481, 8544]
528.7 :    6 : [8456, 8475, 8515, 8527, 8538, 8540]
528.8 :    3 : [8467, 8496, 8549]
529.0 :    2 : [8454, 8488]
529.1 :    2 : [8487, 8545]
529.2 :    2 : [8503, 8537]
529.3 :    4 : [8484, 8502, 8524, 8539]
529.4 :    2 : [8532, 8543]
529.5 :    3 : [8474, 8486, 8522]
529.6 :    2 : [8471, 8478]
529.7 :    2 : [8470, 8530]
529.8 :    5 : [8465, 8480, 8499, 8507, 8508]
529.9 :    2 : [8516, 8528]
530.0 :    5 : [8458, 8463, 8492, 8506, 8546]
530.1 :   10 : [8459, 8462, 8468, 8477, 8501, 8510, 8513, 8521, 8534, 8536]
530.2 :    9 : [8464, 8466, 8472, 8473, 8485, 8491, 8495, 8500, 8514]
530.3 :    8 : [8452, 8489, 8511, 8518, 8519, 8523, 8525, 8547]
530.4 :   10 : [8450, 8451, 8455, 8479, 8494, 8505, 8509, 8531, 8535, 8541]
530.5 :    7 : [8476, 8482, 8498, 8520, 8533, 8542, 8548]
530.6 :    4 : [8457, 8493, 8512, 8529]
530.7 :    2 : [8481, 8544]
530.8 :    5 : [8456, 8504, 8515, 8527, 8538]
530.9 :    4 : [8483, 8496, 8540, 8549]
531.0 :    1 : [8469]
531.1 :    4 : [8454, 8460, 8461, 8517]
531.2 :    3 : [8490, 8497, 8545]
531.3 :    3 : [8503, 8526, 8537]
531.4 :    5 : [8453, 8484, 8502, 8524, 8539]
531.5 :    2 : [8532, 8543]
531.6 :    2 : [8474, 8522]
531.7 :    2 : [8471, 8478]
531.8 :    1 : [8470]
531.9 :    5 : [8465, 8480, 8499, 8507, 8530]
532.0 :    1 : [8516]
532.1 :    5 : [8458, 8463, 8492, 8506, 8546]
532.2 :   10 : [8459, 8462, 8468, 8477, 8501, 8510, 8513, 8521, 8534, 8536]
532.3 :    9 : [8464, 8466, 8472, 8473, 8485, 8491, 8495, 8500, 8514]
532.4 :    9 : [8452, 8475, 8489, 8511, 8518, 8519, 8523, 8525, 8547]
532.5 :   11 : [8450, 8451, 8455, 8467, 8479, 8494, 8505, 8509, 8531, 8535, 8541]
532.6 :    8 : [8476, 8482, 8488, 8498, 8520, 8533, 8542, 8548]
532.7 :    4 : [8457, 8493, 8512, 8529]
532.8 :    3 : [8481, 8487, 8544]
532.9 :    3 : [8504, 8515, 8527]
533.0 :    3 : [8483, 8496, 8540]
533.1 :    3 : [8469, 8486, 8549]
533.2 :    4 : [8454, 8460, 8461, 8517]
533.3 :    2 : [8490, 8497]
533.4 :    3 : [8503, 8526, 8537]
533.5 :    6 : [8453, 8484, 8502, 8508, 8524, 8539]
533.6 :    3 : [8528, 8532, 8543]
533.7 :    2 : [8474, 8522]
533.8 :    2 : [8471, 8478]
533.9 :    1 : [8470]
534.0 :    5 : [8465, 8480, 8499, 8507, 8530]
534.1 :    1 : [8516]
534.2 :    5 : [8458, 8463, 8492, 8506, 8546]
534.3 :   10 : [8459, 8462, 8468, 8477, 8501, 8510, 8513, 8521, 8534, 8536]
534.4 :    9 : [8464, 8466, 8472, 8473, 8485, 8491, 8495, 8500, 8514]
534.5 :   11 : [8452, 8456, 8475, 8489, 8511, 8518, 8519, 8523, 8525, 8538, 8547]
534.6 :   10 : [8450, 8451, 8455, 8467, 8479, 8505, 8509, 8531, 8535, 8541]
534.7 :    9 : [8476, 8482, 8488, 8494, 8498, 8520, 8533, 8542, 8548]
534.8 :    4 : [8457, 8493, 8512, 8529]
534.9 :    3 : [8481, 8487, 8545]
535.0 :    4 : [8504, 8515, 8527, 8544]
535.1 :    2 : [8483, 8496]
535.2 :    4 : [8469, 8486, 8540, 8549]
535.3 :    4 : [8454, 8460, 8461, 8517]
535.4 :    2 : [8490, 8497]
535.5 :    3 : [8503, 8526, 8537]
535.6 :    6 : [8453, 8484, 8502, 8508, 8524, 8539]
535.7 :    3 : [8528, 8532, 8543]
535.8 :    1 : [8474]
535.9 :    2 : [8471, 8478]
536.0 :    1 : [8470]
536.1 :    3 : [8480, 8507, 8530]
536.2 :    1 : [8516]
536.3 :    3 : [8463, 8506, 8546]
536.4 :    4 : [8459, 8468, 8501, 8536]
536.5 :    8 : [8464, 8466, 8472, 8485, 8491, 8495, 8500, 8514]
536.6 :   11 : [8452, 8456, 8475, 8489, 8511, 8518, 8519, 8523, 8525, 8538, 8547]
536.7 :   10 : [8450, 8451, 8455, 8467, 8479, 8505, 8509, 8531, 8535, 8541]
536.8 :    9 : [8476, 8482, 8488, 8494, 8498, 8520, 8533, 8542, 8548]
536.9 :    3 : [8457, 8493, 8512]
537.0 :    2 : [8487, 8545]
537.1 :    4 : [8504, 8515, 8527, 8544]
537.3 :    3 : [8469, 8486, 8540]
537.4 :    4 : [8460, 8517, 8522, 8549]
537.5 :    2 : [8490, 8497]
537.6 :    3 : [8499, 8503, 8526]
537.7 :    7 : [8453, 8465, 8484, 8502, 8508, 8524, 8539]
537.8 :    5 : [8458, 8492, 8528, 8532, 8543]
537.9 :    1 : [8510]
538.0 :    6 : [8462, 8477, 8478, 8513, 8521, 8534]
538.1 :    2 : [8470, 8473]
538.2 :    2 : [8480, 8530]
538.3 :    1 : [8516]
538.4 :    2 : [8463, 8546]
538.5 :    3 : [8459, 8529, 8536]
538.6 :    8 : [8464, 8466, 8472, 8481, 8485, 8491, 8495, 8500]
538.7 :   11 : [8452, 8456, 8475, 8489, 8511, 8518, 8519, 8523, 8525, 8538, 8547]
538.8 :   10 : [8450, 8451, 8455, 8467, 8479, 8483, 8496, 8505, 8531, 8541]
538.9 :    9 : [8476, 8482, 8488, 8494, 8498, 8520, 8533, 8542, 8548]
539.0 :    5 : [8454, 8457, 8461, 8493, 8512]
539.1 :    2 : [8487, 8545]
539.2 :    4 : [8504, 8527, 8537, 8544]
539.3 :    1 : [8515]
539.4 :    4 : [8469, 8474, 8486, 8540]
539.5 :    4 : [8460, 8517, 8522, 8549]
539.6 :    2 : [8471, 8490]
539.7 :    3 : [8499, 8503, 8526]
539.8 :    6 : [8453, 8465, 8484, 8502, 8507, 8508]
539.9 :    5 : [8458, 8492, 8528, 8539, 8543]
540.0 :    3 : [8501, 8506, 8510]
540.1 :    7 : [8462, 8468, 8477, 8478, 8513, 8521, 8534]
540.2 :    2 : [8470, 8473]
540.3 :    3 : [8480, 8514, 8530]
540.4 :    3 : [8509, 8516, 8535]
540.5 :    2 : [8463, 8546]
540.6 :    1 : [8529]
540.7 :    5 : [8466, 8481, 8491, 8495, 8500]
540.8 :   11 : [8452, 8456, 8475, 8489, 8511, 8518, 8519, 8523, 8525, 8538, 8547]
540.9 :   10 : [8450, 8451, 8455, 8467, 8479, 8483, 8496, 8505, 8531, 8541]
541.0 :    9 : [8476, 8482, 8488, 8494, 8498, 8520, 8533, 8542, 8548]
541.1 :    6 : [8454, 8457, 8461, 8493, 8497, 8512]
541.2 :    2 : [8487, 8545]
541.3 :    3 : [8504, 8537, 8544]
541.4 :    2 : [8515, 8524]
541.5 :    5 : [8469, 8474, 8486, 8532, 8540]
541.6 :    2 : [8460, 8522]
541.7 :    3 : [8471, 8490, 8549]
541.8 :    2 : [8499, 8526]
541.9 :    5 : [8453, 8465, 8502, 8507, 8508]
542.0 :    3 : [8458, 8492, 8539]
542.1 :    4 : [8459, 8501, 8506, 8510]
542.2 :    8 : [8462, 8468, 8477, 8478, 8513, 8521, 8534, 8536]
542.3 :    4 : [8470, 8472, 8473, 8485]
542.4 :    4 : [8464, 8480, 8514, 8530]
542.5 :    3 : [8509, 8516, 8535]
542.6 :    2 : [8463, 8546]
542.7 :    1 : [8529]
542.8 :    4 : [8466, 8481, 8491, 8495]
542.9 :   12 : [8452, 8456, 8475, 8489, 8511, 8518, 8519, 8523, 8525, 8527, 8538, 8547]
543.0 :   10 : [8450, 8451, 8455, 8467, 8479, 8483, 8496, 8505, 8531, 8541]
543.1 :    8 : [8476, 8482, 8494, 8498, 8520, 8533, 8542, 8548]
543.2 :    6 : [8454, 8457, 8461, 8493, 8497, 8517]
543.3 :    3 : [8487, 8512, 8545]
543.4 :    4 : [8503, 8504, 8537, 8544]
543.5 :    4 : [8484, 8515, 8524, 8528]
543.6 :    4 : [8469, 8474, 8532, 8543]
543.7 :    3 : [8460, 8522, 8540]
543.8 :    3 : [8471, 8490, 8549]
543.9 :    1 : [8499]
544.0 :    5 : [8453, 8465, 8502, 8507, 8508]
544.1 :    3 : [8458, 8492, 8539]
544.2 :    4 : [8459, 8501, 8506, 8510]
544.3 :    8 : [8462, 8468, 8477, 8478, 8513, 8521, 8534, 8536]
544.4 :    5 : [8470, 8472, 8473, 8485, 8500]
544.5 :    4 : [8464, 8480, 8514, 8530]
544.6 :    3 : [8509, 8516, 8535]
544.7 :    3 : [8463, 8488, 8546]
544.8 :    1 : [8529]
544.9 :    3 : [8466, 8481, 8491]
545.0 :   12 : [8452, 8456, 8475, 8489, 8511, 8518, 8519, 8523, 8525, 8527, 8538, 8547]
545.1 :   10 : [8450, 8451, 8455, 8467, 8479, 8483, 8496, 8505, 8531, 8541]
545.2 :    8 : [8476, 8482, 8486, 8494, 8498, 8520, 8533, 8548]
545.3 :    6 : [8454, 8457, 8461, 8493, 8497, 8517]
545.4 :    2 : [8487, 8512]
545.5 :    4 : [8503, 8504, 8526, 8537]
545.6 :    5 : [8484, 8515, 8524, 8528, 8544]
545.7 :    4 : [8469, 8474, 8532, 8543]
545.8 :    3 : [8460, 8522, 8540]
545.9 :    2 : [8471, 8490]
546.0 :    2 : [8499, 8549]
546.1 :    5 : [8453, 8465, 8502, 8507, 8508]
546.2 :    2 : [8458, 8492]
546.3 :    5 : [8459, 8501, 8506, 8510, 8539]
546.4 :    8 : [8462, 8468, 8477, 8478, 8513, 8521, 8534, 8536]
546.5 :    5 : [8470, 8472, 8473, 8485, 8500]
546.6 :    4 : [8464, 8480, 8495, 8514]
546.7 :    3 : [8509, 8530, 8535]
546.8 :    3 : [8463, 8488, 8546]
546.9 :    2 : [8529, 8542]
547.0 :    2 : [8481, 8545]
547.1 :   12 : [8452, 8456, 8475, 8489, 8511, 8518, 8519, 8523, 8525, 8527, 8538, 8547]
547.2 :    9 : [8450, 8451, 8455, 8467, 8479, 8496, 8505, 8531, 8541]
547.3 :    8 : [8476, 8482, 8486, 8494, 8498, 8520, 8533, 8548]
547.4 :    5 : [8454, 8457, 8461, 8497, 8517]
547.5 :    3 : [8487, 8493, 8512]
547.6 :    4 : [8503, 8504, 8526, 8537]
547.7 :    4 : [8484, 8524, 8528, 8544]
547.8 :    5 : [8469, 8474, 8515, 8532, 8543]
547.9 :    2 : [8460, 8522]
548.0 :    3 : [8471, 8490, 8540]
548.2 :    5 : [8453, 8465, 8502, 8508, 8549]
548.3 :    3 : [8458, 8492, 8507]
548.4 :    6 : [8459, 8501, 8506, 8510, 8516, 8539]
548.5 :    8 : [8462, 8468, 8477, 8478, 8513, 8521, 8534, 8536]
548.6 :    5 : [8470, 8472, 8473, 8485, 8500]
548.7 :    6 : [8464, 8466, 8480, 8491, 8495, 8514]
548.8 :    4 : [8483, 8509, 8530, 8535]
548.9 :    3 : [8463, 8488, 8546]
549.0 :    2 : [8529, 8542]
549.1 :    2 : [8481, 8545]
549.2 :   12 : [8452, 8456, 8475, 8489, 8511, 8518, 8519, 8523, 8525, 8527, 8538, 8547]
549.3 :    9 : [8450, 8451, 8455, 8467, 8479, 8496, 8505, 8531, 8541]
549.4 :    6 : [8476, 8482, 8494, 8520, 8533, 8548]
549.5 :    5 : [8454, 8461, 8486, 8497, 8498]
549.6 :    3 : [8457, 8487, 8517]
549.7 :    5 : [8493, 8504, 8512, 8526, 8537]
549.8 :    4 : [8499, 8503, 8524, 8528]
549.9 :    5 : [8469, 8474, 8484, 8532, 8544]
550.0 :    4 : [8460, 8515, 8522, 8543]
550.1 :    2 : [8471, 8490]
550.2 :    1 : [8540]
550.3 :    3 : [8465, 8502, 8508]
550.4 :    4 : [8453, 8458, 8492, 8549]
550.5 :    5 : [8459, 8501, 8506, 8507, 8510]
550.6 :    9 : [8462, 8468, 8477, 8478, 8513, 8516, 8521, 8534, 8536]
550.7 :    5 : [8470, 8472, 8473, 8485, 8539]
550.8 :    1 : [8500]
550.9 :    8 : [8464, 8466, 8480, 8483, 8491, 8495, 8509, 8514]
551.0 :    2 : [8488, 8546]
551.1 :    4 : [8463, 8529, 8530, 8535]
551.2 :    1 : [8542]
551.3 :   12 : [8452, 8475, 8481, 8489, 8511, 8518, 8519, 8523, 8525, 8527, 8545, 8547]
551.4 :    8 : [8450, 8451, 8455, 8467, 8496, 8531, 8538, 8541]
551.5 :    6 : [8456, 8476, 8479, 8505, 8533, 8548]
551.6 :    3 : [8461, 8482, 8497]
551.7 :    4 : [8486, 8487, 8494, 8520]
551.8 :    4 : [8454, 8498, 8504, 8537]
551.9 :    3 : [8517, 8526, 8528]
552.0 :    7 : [8457, 8469, 8474, 8493, 8499, 8503, 8524]
552.1 :    1 : [8512]
552.2 :    2 : [8490, 8532]
552.3 :    5 : [8460, 8484, 8522, 8543, 8544]
552.4 :    3 : [8471, 8502, 8515]
552.5 :    4 : [8458, 8465, 8492, 8508]
552.6 :    3 : [8501, 8510, 8540]
552.7 :    7 : [8462, 8468, 8478, 8506, 8513, 8521, 8534]
552.8 :    6 : [8453, 8459, 8470, 8477, 8507, 8536]
552.9 :    2 : [8472, 8549]
553.0 :    3 : [8473, 8485, 8516]
553.1 :    1 : [8500]
553.2 :    5 : [8466, 8483, 8495, 8509, 8539]
553.3 :    6 : [8464, 8480, 8488, 8491, 8514, 8529]
553.4 :    1 : [8546]
553.5 :    7 : [8452, 8463, 8467, 8475, 8489, 8525, 8535]
553.6 :    7 : [8455, 8518, 8519, 8523, 8530, 8542, 8547]
553.7 :    6 : [8450, 8481, 8511, 8527, 8531, 8545]
553.8 :    2 : [8496, 8538]
553.9 :    6 : [8451, 8456, 8461, 8533, 8541, 8548]
554.0 :    4 : [8476, 8479, 8497, 8505]
554.1 :    2 : [8482, 8537]
554.2 :    6 : [8454, 8486, 8487, 8494, 8520, 8528]
554.3 :    2 : [8504, 8526]
554.4 :    4 : [8469, 8498, 8499, 8517]
554.5 :    4 : [8457, 8474, 8503, 8524]
554.6 :    1 : [8493]
554.7 :    4 : [8490, 8492, 8512, 8532]
554.8 :    3 : [8458, 8484, 8522]
554.9 :    5 : [8460, 8471, 8502, 8510, 8543]
555.0 :    4 : [8462, 8513, 8534, 8544]
555.1 :    5 : [8465, 8501, 8508, 8515, 8521]
555.2 :    2 : [8468, 8506]
555.3 :    1 : [8470]
555.4 :    5 : [8459, 8477, 8478, 8536, 8540]
555.5 :    3 : [8453, 8472, 8507]
555.6 :    3 : [8473, 8485, 8516]
555.7 :    3 : [8483, 8495, 8549]
555.8 :    2 : [8500, 8509]
555.9 :    4 : [8466, 8488, 8491, 8529]
556.0 :    2 : [8514, 8539]
556.1 :    2 : [8464, 8480]
556.2 :    7 : [8452, 8467, 8475, 8489, 8525, 8535, 8546]
556.3 :    3 : [8463, 8519, 8523]
556.4 :    8 : [8450, 8455, 8511, 8518, 8527, 8542, 8545, 8547]
556.5 :    4 : [8481, 8496, 8530, 8531]
556.6 :    3 : [8461, 8533, 8538]
556.7 :    3 : [8451, 8541, 8548]
556.8 :    5 : [8456, 8479, 8497, 8505, 8537]
556.9 :    3 : [8476, 8482, 8528]
557.0 :    3 : [8486, 8487, 8526]
557.1 :    4 : [8454, 8494, 8499, 8520]
557.2 :    1 : [8504]
557.3 :    4 : [8469, 8503, 8517, 8524]
557.4 :    3 : [8474, 8492, 8498]
557.5 :    2 : [8457, 8458]
557.6 :    2 : [8490, 8532]
557.7 :    2 : [8471, 8510]
557.8 :    4 : [8493, 8502, 8512, 8522]
557.9 :    6 : [8462, 8484, 8513, 8521, 8534, 8543]
558.0 :    1 : [8501]
558.2 :    5 : [8460, 8465, 8468, 8506, 8508]
558.3 :    1 : [8544]
558.4 :    3 : [8459, 8470, 8536]
558.5 :    3 : [8472, 8477, 8515]
558.6 :    1 : [8478]
558.7 :    1 : [8483]
558.8 :    5 : [8473, 8485, 8495, 8507, 8516]
558.9 :    5 : [8453, 8488, 8500, 8509, 8540]
559.0 :    1 : [8529]
559.1 :    1 : [8466]
559.2 :    1 : [8491]
559.4 :    1 : [8514]
559.5 :    2 : [8464, 8525]
559.6 :    3 : [8467, 8489, 8549]
559.7 :    2 : [8452, 8523]
559.8 :    5 : [8475, 8519, 8527, 8535, 8545]
559.9 :    4 : [8455, 8518, 8542, 8547]
560.0 :    5 : [8450, 8461, 8463, 8480, 8511]
560.1 :    1 : [8496]
560.2 :    5 : [8497, 8528, 8531, 8539, 8546]
560.4 :    1 : [8481]
560.5 :    3 : [8499, 8533, 8537]
560.6 :    4 : [8451, 8526, 8541, 8548]
560.7 :    1 : [8538]
560.8 :    1 : [8486]
561.0 :    3 : [8479, 8487, 8492]
561.1 :    1 : [8456]
561.2 :    2 : [8476, 8505]
561.4 :    1 : [8458]
561.5 :    2 : [8454, 8524]
561.7 :    1 : [8510]
561.9 :    1 : [8474]
562.2 :    1 : [8503]
562.3 :    1 : [8462]
562.5 :    1 : [8513]
