Name: Striatum [D1], Title: Raster plot from device '95235', Hist: False
111.7 :   23 : [38410, 38421, 38423, 38424, 38427, 38434, 38439, 38440, 38441, 38450, 38451, 38455, 38459, 38460, 38462, 38472, 38473, 38482, 38486, 38496, 38498, 38499, 38507]
111.8 :   43 : [38411, 38412, 38416, 38417, 38419, 38422, 38425, 38426, 38429, 38433, 38436, 38437, 38438, 38442, 38444, 38445, 38446, 38447, 38448, 38449, 38452, 38453, 38461, 38463, 38464, 38465, 38466, 38467, 38469, 38474, 38478, 38479, 38480, 38484, 38485, 38488, 38489, 38490, 38495, 38497, 38501, 38502, 38505]
111.9 :   13 : [38408, 38409, 38413, 38420, 38430, 38435, 38458, 38475, 38476, 38481, 38491, 38492, 38494]
112.0 :    3 : [38418, 38470, 38503]
112.1 :    1 : [38471]
114.3 :   35 : [38410, 38419, 38421, 38424, 38427, 38437, 38438, 38440, 38441, 38442, 38446, 38447, 38451, 38452, 38453, 38459, 38460, 38461, 38462, 38463, 38466, 38467, 38469, 38472, 38473, 38482, 38484, 38486, 38490, 38496, 38498, 38499, 38501, 38505, 38507]
114.4 :   39 : [38408, 38409, 38411, 38412, 38413, 38416, 38417, 38422, 38423, 38425, 38426, 38429, 38430, 38433, 38434, 38435, 38436, 38439, 38444, 38445, 38449, 38450, 38455, 38458, 38464, 38465, 38474, 38475, 38478, 38479, 38480, 38485, 38488, 38489, 38492, 38494, 38495, 38497, 38502]
114.5 :    6 : [38418, 38420, 38448, 38476, 38481, 38491]
114.6 :    1 : [38471]
114.7 :    1 : [38470]
114.9 :    1 : [38503]
116.6 :   14 : [38410, 38424, 38434, 38438, 38441, 38451, 38464, 38472, 38473, 38482, 38486, 38496, 38498, 38507]
116.7 :   61 : [38408, 38409, 38411, 38412, 38413, 38416, 38417, 38419, 38421, 38422, 38423, 38425, 38426, 38427, 38429, 38430, 38433, 38435, 38436, 38437, 38439, 38440, 38442, 38444, 38445, 38446, 38447, 38449, 38450, 38452, 38453, 38455, 38458, 38459, 38460, 38461, 38462, 38463, 38465, 38466, 38467, 38469, 38474, 38475, 38478, 38479, 38480, 38484, 38485, 38488, 38489, 38490, 38491, 38492, 38494, 38495, 38497, 38499, 38501, 38502, 38505]
116.8 :    5 : [38418, 38420, 38471, 38476, 38481]
116.9 :    1 : [38448]
117.0 :    2 : [38470, 38503]
118.7 :    8 : [38410, 38434, 38451, 38464, 38473, 38486, 38496, 38507]
118.8 :    6 : [38409, 38419, 38439, 38452, 38472, 38482]
118.9 :    8 : [38412, 38421, 38441, 38442, 38444, 38461, 38471, 38492]
119.0 :    9 : [38436, 38458, 38462, 38463, 38467, 38469, 38485, 38498, 38505]
119.2 :    1 : [38448]
119.3 :   51 : [38408, 38411, 38413, 38416, 38417, 38418, 38420, 38422, 38423, 38424, 38425, 38426, 38427, 38429, 38430, 38433, 38435, 38437, 38438, 38440, 38445, 38446, 38447, 38449, 38450, 38453, 38455, 38459, 38460, 38465, 38466, 38470, 38474, 38475, 38476, 38478, 38479, 38480, 38481, 38484, 38488, 38489, 38490, 38491, 38494, 38495, 38497, 38499, 38501, 38502, 38503]
120.8 :    8 : [38410, 38434, 38451, 38464, 38473, 38486, 38496, 38507]
120.9 :    1 : [38452]
121.0 :   13 : [38409, 38412, 38419, 38421, 38439, 38441, 38442, 38444, 38461, 38471, 38472, 38482, 38492]
121.2 :    8 : [38436, 38458, 38462, 38463, 38467, 38469, 38485, 38505]
121.3 :    1 : [38498]
121.4 :   30 : [38408, 38411, 38413, 38417, 38420, 38422, 38423, 38426, 38427, 38429, 38430, 38435, 38437, 38438, 38446, 38447, 38450, 38453, 38455, 38465, 38466, 38470, 38475, 38478, 38479, 38484, 38490, 38491, 38494, 38502]
121.6 :    1 : [38448]
121.7 :   16 : [38416, 38418, 38424, 38425, 38445, 38449, 38459, 38474, 38476, 38481, 38488, 38489, 38495, 38497, 38499, 38503]
121.8 :    5 : [38433, 38440, 38460, 38480, 38501]
122.9 :    8 : [38410, 38434, 38451, 38464, 38473, 38486, 38496, 38507]
123.0 :    1 : [38452]
123.1 :   10 : [38409, 38412, 38419, 38441, 38442, 38444, 38461, 38472, 38482, 38492]
123.2 :    3 : [38421, 38439, 38471]
123.3 :    8 : [38436, 38458, 38462, 38463, 38467, 38469, 38485, 38505]
123.4 :    1 : [38498]
123.5 :    4 : [38426, 38450, 38475, 38484]
123.6 :    9 : [38411, 38413, 38417, 38422, 38427, 38430, 38490, 38491, 38502]
123.7 :   11 : [38420, 38435, 38438, 38446, 38447, 38453, 38455, 38466, 38478, 38479, 38494]
123.8 :    2 : [38408, 38465]
123.9 :    6 : [38424, 38429, 38470, 38474, 38489, 38495]
124.0 :    4 : [38433, 38448, 38460, 38488]
124.1 :    2 : [38425, 38459]
124.4 :   12 : [38416, 38418, 38437, 38445, 38449, 38476, 38480, 38481, 38497, 38499, 38501, 38503]
124.5 :    2 : [38423, 38440]
125.0 :    6 : [38410, 38434, 38451, 38464, 38496, 38507]
125.1 :    2 : [38452, 38473]
125.2 :    3 : [38419, 38444, 38492]
125.4 :    4 : [38409, 38421, 38472, 38482]
125.5 :    5 : [38439, 38458, 38462, 38463, 38467]
125.6 :    8 : [38412, 38436, 38442, 38450, 38475, 38485, 38486, 38505]
125.7 :   16 : [38411, 38413, 38417, 38422, 38426, 38427, 38430, 38441, 38461, 38469, 38471, 38484, 38490, 38491, 38498, 38502]
125.8 :   11 : [38420, 38435, 38438, 38446, 38447, 38453, 38455, 38466, 38478, 38479, 38494]
125.9 :    2 : [38408, 38465]
126.0 :    6 : [38424, 38429, 38470, 38474, 38489, 38495]
126.1 :    3 : [38433, 38460, 38488]
126.2 :    2 : [38425, 38459]
126.5 :    4 : [38418, 38449, 38476, 38481]
126.6 :    3 : [38440, 38480, 38501]
126.7 :    1 : [38499]
126.8 :    5 : [38416, 38423, 38437, 38448, 38503]
127.0 :    1 : [38497]
127.4 :   11 : [38410, 38419, 38434, 38444, 38445, 38451, 38452, 38473, 38492, 38496, 38507]
127.5 :    5 : [38409, 38421, 38464, 38472, 38482]
127.6 :    5 : [38439, 38458, 38462, 38463, 38467]
127.7 :    8 : [38412, 38436, 38442, 38450, 38475, 38485, 38486, 38505]
127.8 :   16 : [38411, 38413, 38417, 38422, 38426, 38427, 38430, 38441, 38461, 38469, 38471, 38484, 38490, 38491, 38498, 38502]
127.9 :   11 : [38420, 38435, 38438, 38446, 38447, 38453, 38455, 38466, 38478, 38479, 38494]
128.0 :    1 : [38408]
128.4 :    1 : [38459]
128.7 :    5 : [38440, 38449, 38465, 38476, 38480]
128.8 :   13 : [38418, 38424, 38425, 38429, 38433, 38460, 38470, 38474, 38481, 38488, 38489, 38495, 38499]
128.9 :    6 : [38416, 38423, 38437, 38448, 38501, 38503]
129.1 :    1 : [38497]
129.5 :   10 : [38410, 38419, 38434, 38444, 38451, 38452, 38473, 38492, 38496, 38507]
129.6 :    4 : [38409, 38421, 38464, 38472]
129.7 :    3 : [38445, 38463, 38467]
129.8 :   10 : [38412, 38436, 38439, 38442, 38450, 38458, 38462, 38475, 38482, 38505]
129.9 :   18 : [38411, 38413, 38417, 38422, 38426, 38427, 38430, 38441, 38461, 38469, 38471, 38484, 38485, 38486, 38490, 38491, 38498, 38502]
130.0 :    7 : [38420, 38435, 38438, 38446, 38466, 38479, 38494]
130.1 :    5 : [38408, 38447, 38453, 38455, 38478]
130.8 :    6 : [38440, 38449, 38459, 38465, 38476, 38480]
130.9 :   13 : [38418, 38424, 38425, 38429, 38433, 38460, 38470, 38474, 38481, 38488, 38489, 38495, 38499]
131.0 :    6 : [38416, 38423, 38437, 38448, 38501, 38503]
131.2 :    1 : [38497]
131.6 :    2 : [38452, 38496]
131.7 :    1 : [38451]
131.8 :    1 : [38467]
131.9 :   13 : [38409, 38410, 38419, 38421, 38434, 38436, 38445, 38450, 38464, 38472, 38473, 38482, 38492]
132.0 :   28 : [38411, 38412, 38413, 38417, 38422, 38426, 38427, 38430, 38439, 38441, 38442, 38444, 38458, 38461, 38462, 38463, 38469, 38471, 38475, 38484, 38485, 38486, 38490, 38491, 38498, 38502, 38505, 38507]
132.1 :    3 : [38420, 38438, 38479]
132.2 :    7 : [38408, 38446, 38447, 38453, 38455, 38466, 38478]
132.3 :    2 : [38435, 38494]
132.9 :    6 : [38440, 38449, 38459, 38465, 38476, 38480]
133.0 :   13 : [38418, 38424, 38425, 38429, 38433, 38460, 38470, 38474, 38481, 38488, 38489, 38495, 38499]
133.1 :    6 : [38416, 38423, 38437, 38448, 38501, 38503]
133.3 :    1 : [38497]
133.7 :    2 : [38452, 38496]
133.9 :    2 : [38451, 38467]
134.0 :    7 : [38409, 38410, 38436, 38445, 38450, 38472, 38492]
134.1 :   34 : [38411, 38412, 38413, 38417, 38419, 38421, 38422, 38426, 38427, 38430, 38434, 38439, 38441, 38442, 38444, 38458, 38461, 38462, 38463, 38464, 38469, 38471, 38473, 38475, 38482, 38484, 38485, 38486, 38490, 38491, 38498, 38502, 38505, 38507]
134.2 :    2 : [38420, 38479]
134.3 :    8 : [38408, 38438, 38446, 38447, 38453, 38455, 38466, 38478]
134.4 :    2 : [38435, 38494]
135.1 :   10 : [38418, 38429, 38440, 38449, 38459, 38465, 38476, 38480, 38481, 38488]
135.2 :   12 : [38423, 38424, 38425, 38433, 38437, 38460, 38470, 38474, 38495, 38499, 38501, 38503]
135.3 :    2 : [38416, 38448]
135.4 :    2 : [38489, 38497]
135.8 :    2 : [38452, 38496]
136.0 :    1 : [38467]
136.1 :    2 : [38436, 38445]
136.4 :   31 : [38409, 38410, 38411, 38412, 38419, 38420, 38422, 38426, 38434, 38438, 38442, 38444, 38447, 38450, 38451, 38453, 38458, 38461, 38464, 38466, 38469, 38471, 38475, 38478, 38479, 38486, 38492, 38498, 38502, 38505, 38507]
136.5 :   20 : [38408, 38413, 38417, 38421, 38427, 38430, 38435, 38441, 38446, 38455, 38462, 38463, 38472, 38473, 38482, 38484, 38485, 38490, 38491, 38494]
136.6 :    1 : [38439]
137.2 :    4 : [38440, 38459, 38465, 38476]
137.3 :    7 : [38429, 38437, 38460, 38481, 38488, 38499, 38501]
137.4 :   12 : [38416, 38418, 38423, 38424, 38425, 38433, 38449, 38470, 38474, 38480, 38495, 38503]
137.5 :    2 : [38448, 38497]
137.6 :    1 : [38489]
137.9 :    2 : [38452, 38496]
138.2 :    2 : [38436, 38445]
138.5 :   21 : [38409, 38410, 38412, 38419, 38420, 38438, 38442, 38444, 38451, 38453, 38458, 38461, 38464, 38466, 38467, 38486, 38492, 38498, 38502, 38505, 38507]
138.6 :   17 : [38411, 38421, 38422, 38426, 38434, 38435, 38441, 38447, 38450, 38462, 38469, 38471, 38475, 38478, 38479, 38484, 38494]
138.7 :   10 : [38408, 38417, 38427, 38430, 38472, 38473, 38482, 38485, 38490, 38491]
138.8 :    4 : [38413, 38439, 38455, 38463]
138.9 :    1 : [38446]
139.3 :    4 : [38440, 38459, 38465, 38476]
139.4 :    6 : [38437, 38460, 38481, 38488, 38499, 38501]
139.5 :    3 : [38416, 38433, 38449]
139.6 :    9 : [38418, 38423, 38424, 38425, 38429, 38448, 38470, 38474, 38480]
139.8 :    2 : [38497, 38503]
139.9 :    1 : [38495]
140.0 :    3 : [38452, 38489, 38496]
140.3 :    1 : [38436]
140.5 :    1 : [38445]
140.6 :   11 : [38412, 38419, 38420, 38444, 38451, 38453, 38461, 38464, 38502, 38505, 38507]
140.8 :    2 : [38462, 38484]
140.9 :   34 : [38409, 38410, 38411, 38413, 38417, 38421, 38426, 38427, 38430, 38434, 38435, 38438, 38439, 38441, 38442, 38447, 38450, 38458, 38463, 38466, 38467, 38469, 38471, 38472, 38473, 38475, 38479, 38485, 38486, 38490, 38491, 38492, 38494, 38498]
141.1 :    5 : [38408, 38422, 38455, 38478, 38482]
141.3 :    1 : [38446]
141.4 :    3 : [38440, 38459, 38476]
141.5 :    7 : [38437, 38460, 38465, 38481, 38488, 38499, 38501]
141.6 :    2 : [38433, 38449]
141.7 :    9 : [38416, 38418, 38423, 38424, 38425, 38429, 38470, 38474, 38480]
141.9 :    1 : [38448]
142.1 :    3 : [38489, 38495, 38496]
142.2 :    2 : [38452, 38503]
142.3 :    1 : [38497]
142.4 :    1 : [38436]
142.6 :    1 : [38445]
142.7 :    3 : [38419, 38464, 38505]
142.8 :    5 : [38420, 38444, 38451, 38461, 38502]
142.9 :    3 : [38412, 38484, 38507]
143.0 :    5 : [38439, 38462, 38463, 38467, 38469]
143.1 :   18 : [38411, 38413, 38426, 38427, 38430, 38434, 38442, 38447, 38450, 38458, 38466, 38472, 38473, 38479, 38485, 38486, 38490, 38491]
143.2 :    6 : [38408, 38421, 38422, 38453, 38455, 38475]
143.3 :    3 : [38417, 38482, 38498]
143.4 :    1 : [38435]
143.6 :   19 : [38409, 38410, 38437, 38438, 38440, 38441, 38446, 38459, 38460, 38465, 38471, 38476, 38478, 38481, 38488, 38492, 38494, 38499, 38501]
143.7 :    1 : [38449]
143.8 :    7 : [38416, 38424, 38429, 38433, 38470, 38474, 38480]
143.9 :    1 : [38423]
144.0 :    3 : [38418, 38425, 38448]
144.2 :    3 : [38489, 38495, 38496]
144.3 :    2 : [38452, 38503]
144.4 :    1 : [38497]
144.6 :    1 : [38436]
144.7 :    1 : [38445]
144.8 :    3 : [38419, 38464, 38505]
144.9 :    5 : [38420, 38444, 38451, 38461, 38502]
145.0 :    3 : [38412, 38484, 38507]
145.1 :    5 : [38439, 38462, 38463, 38467, 38469]
145.2 :   17 : [38411, 38413, 38426, 38427, 38430, 38434, 38442, 38447, 38458, 38466, 38472, 38473, 38479, 38485, 38486, 38490, 38491]
145.3 :    4 : [38408, 38421, 38455, 38475]
145.4 :    1 : [38453]
145.5 :    6 : [38417, 38422, 38435, 38450, 38482, 38498]
145.7 :    9 : [38410, 38437, 38438, 38441, 38471, 38476, 38481, 38492, 38501]
145.8 :   11 : [38409, 38440, 38446, 38449, 38459, 38460, 38465, 38478, 38488, 38494, 38499]
145.9 :    6 : [38416, 38424, 38429, 38470, 38474, 38480]
146.1 :    4 : [38418, 38423, 38425, 38433]
146.3 :    3 : [38448, 38495, 38496]
146.4 :    1 : [38452]
146.5 :    2 : [38489, 38497]
146.7 :    1 : [38436]
146.9 :    3 : [38419, 38464, 38503]
147.0 :    7 : [38420, 38444, 38445, 38451, 38461, 38502, 38505]
147.1 :    2 : [38412, 38507]
147.2 :    1 : [38469]
147.3 :   18 : [38411, 38426, 38427, 38430, 38434, 38439, 38442, 38447, 38458, 38466, 38467, 38472, 38473, 38479, 38484, 38485, 38486, 38491]
147.4 :    4 : [38408, 38413, 38455, 38462]
147.5 :    5 : [38421, 38453, 38463, 38475, 38490]
147.6 :    3 : [38417, 38482, 38498]
147.8 :    5 : [38422, 38476, 38481, 38492, 38501]
147.9 :    8 : [38409, 38438, 38441, 38460, 38465, 38488, 38494, 38499]
148.0 :    7 : [38410, 38416, 38429, 38440, 38449, 38459, 38480]
148.1 :    5 : [38437, 38450, 38470, 38471, 38478]
148.2 :    8 : [38418, 38423, 38424, 38425, 38433, 38435, 38446, 38474]
148.4 :    2 : [38495, 38496]
148.5 :    1 : [38452]
148.6 :    2 : [38448, 38497]
149.0 :    1 : [38419]
149.1 :    1 : [38503]
149.2 :    9 : [38412, 38420, 38445, 38451, 38464, 38489, 38502, 38505, 38507]
149.3 :    4 : [38436, 38444, 38461, 38469]
149.4 :   17 : [38411, 38426, 38427, 38430, 38434, 38439, 38442, 38447, 38458, 38466, 38467, 38472, 38473, 38479, 38484, 38485, 38491]
149.5 :    4 : [38408, 38413, 38455, 38462]
149.6 :    6 : [38421, 38453, 38463, 38475, 38486, 38490]
149.7 :    2 : [38417, 38482]
149.9 :    4 : [38422, 38476, 38492, 38501]
150.0 :    1 : [38409]
150.2 :    1 : [38471]
150.3 :    6 : [38410, 38418, 38425, 38459, 38480, 38488]
150.4 :   16 : [38416, 38423, 38438, 38440, 38441, 38446, 38449, 38450, 38460, 38465, 38470, 38474, 38478, 38481, 38494, 38499]
150.5 :    6 : [38429, 38433, 38435, 38495, 38496, 38498]
150.6 :    2 : [38437, 38452]
150.7 :    1 : [38424]
150.9 :    1 : [38448]
151.4 :    1 : [38503]
151.5 :    6 : [38427, 38434, 38442, 38445, 38451, 38489]
151.6 :   22 : [38412, 38413, 38419, 38420, 38426, 38430, 38436, 38439, 38447, 38455, 38458, 38462, 38464, 38466, 38469, 38472, 38479, 38484, 38491, 38497, 38502, 38505]
151.7 :   12 : [38411, 38421, 38444, 38453, 38461, 38463, 38467, 38473, 38475, 38485, 38490, 38507]
151.8 :    2 : [38417, 38482]
151.9 :    1 : [38408]
152.0 :    2 : [38486, 38492]
152.1 :    1 : [38409]
152.3 :    1 : [38471]
152.4 :    1 : [38425]
152.6 :    2 : [38480, 38488]
152.7 :   10 : [38416, 38438, 38440, 38441, 38449, 38465, 38470, 38474, 38478, 38499]
152.8 :   16 : [38410, 38423, 38429, 38433, 38435, 38446, 38450, 38452, 38459, 38460, 38476, 38481, 38495, 38496, 38498, 38501]
152.9 :    4 : [38418, 38422, 38437, 38494]
153.0 :    1 : [38424]
153.2 :    1 : [38448]
153.8 :    3 : [38445, 38489, 38503]
153.9 :   18 : [38412, 38413, 38417, 38419, 38420, 38430, 38434, 38436, 38439, 38447, 38458, 38462, 38464, 38466, 38479, 38491, 38497, 38502]
154.0 :   14 : [38411, 38426, 38427, 38453, 38455, 38461, 38467, 38469, 38472, 38482, 38484, 38490, 38505, 38507]
154.1 :    4 : [38444, 38451, 38475, 38485]
154.2 :    5 : [38408, 38409, 38463, 38473, 38492]
154.3 :    2 : [38421, 38486]
154.4 :    1 : [38471]
154.5 :    1 : [38442]
154.7 :    1 : [38425]
155.0 :    5 : [38438, 38440, 38480, 38488, 38499]
155.1 :   15 : [38410, 38416, 38441, 38446, 38449, 38450, 38452, 38459, 38460, 38465, 38470, 38474, 38476, 38478, 38481]
155.2 :   10 : [38418, 38422, 38423, 38429, 38433, 38435, 38437, 38495, 38498, 38501]
155.3 :    2 : [38494, 38496]
155.5 :    1 : [38424]
155.8 :    1 : [38448]
156.3 :   18 : [38413, 38417, 38419, 38420, 38430, 38434, 38436, 38439, 38445, 38458, 38461, 38462, 38464, 38466, 38489, 38491, 38502, 38503]
156.4 :   18 : [38411, 38412, 38426, 38427, 38447, 38451, 38453, 38455, 38467, 38469, 38472, 38479, 38482, 38484, 38490, 38497, 38505, 38507]
156.5 :    4 : [38409, 38444, 38475, 38485]
156.6 :    3 : [38463, 38473, 38492]
156.7 :    3 : [38408, 38471, 38486]
156.8 :    1 : [38421]
156.9 :    1 : [38442]
157.3 :    1 : [38425]
157.5 :    2 : [38440, 38499]
157.6 :   17 : [38410, 38418, 38438, 38441, 38446, 38449, 38452, 38459, 38460, 38465, 38470, 38474, 38476, 38478, 38480, 38481, 38488]
157.7 :    8 : [38416, 38422, 38423, 38433, 38435, 38450, 38496, 38501]
157.8 :    4 : [38429, 38437, 38494, 38498]
157.9 :    1 : [38495]
158.1 :    1 : [38424]
158.6 :    1 : [38448]
158.8 :    1 : [38458]
158.9 :   12 : [38413, 38417, 38419, 38420, 38430, 38436, 38439, 38461, 38464, 38466, 38490, 38502]
159.0 :   22 : [38409, 38412, 38426, 38427, 38434, 38445, 38447, 38451, 38453, 38455, 38462, 38467, 38469, 38472, 38479, 38482, 38484, 38489, 38491, 38503, 38505, 38507]
159.1 :    7 : [38411, 38444, 38463, 38475, 38485, 38492, 38497]
159.3 :    3 : [38408, 38471, 38473]
159.4 :    1 : [38421]
159.5 :    2 : [38442, 38486]
160.2 :    1 : [38425]
160.3 :    5 : [38440, 38452, 38459, 38476, 38499]
160.4 :   12 : [38410, 38418, 38422, 38435, 38438, 38441, 38446, 38460, 38474, 38478, 38481, 38496]
160.5 :    7 : [38416, 38449, 38465, 38470, 38480, 38488, 38501]
160.6 :    6 : [38423, 38433, 38437, 38450, 38494, 38498]
160.7 :    1 : [38429]
160.8 :    1 : [38495]
161.0 :    1 : [38424]
161.7 :    2 : [38448, 38458]
161.8 :   13 : [38417, 38419, 38420, 38430, 38436, 38439, 38451, 38461, 38464, 38466, 38467, 38490, 38502]
161.9 :   12 : [38409, 38412, 38413, 38434, 38447, 38455, 38462, 38469, 38475, 38482, 38484, 38505]
162.0 :   11 : [38411, 38426, 38427, 38453, 38463, 38472, 38479, 38489, 38491, 38492, 38507]
162.1 :    5 : [38444, 38445, 38471, 38485, 38503]
162.2 :    1 : [38497]
162.3 :    3 : [38408, 38421, 38473]
162.4 :    1 : [38442]
162.5 :    1 : [38486]
163.3 :    1 : [38459]
163.4 :    6 : [38418, 38425, 38452, 38460, 38476, 38496]
163.5 :   10 : [38410, 38422, 38435, 38438, 38440, 38441, 38446, 38478, 38481, 38499]
163.6 :    2 : [38470, 38474]
163.7 :    7 : [38416, 38449, 38465, 38480, 38488, 38494, 38501]
163.8 :    3 : [38433, 38437, 38450]
163.9 :    3 : [38423, 38429, 38498]
164.1 :    1 : [38495]
164.3 :    1 : [38424]
164.9 :    2 : [38451, 38458]
165.0 :    7 : [38409, 38419, 38439, 38461, 38464, 38466, 38490]
165.1 :   13 : [38412, 38417, 38420, 38430, 38436, 38447, 38467, 38469, 38475, 38482, 38484, 38492, 38502]
165.2 :    8 : [38413, 38434, 38455, 38462, 38463, 38472, 38505, 38507]
165.3 :    8 : [38411, 38426, 38427, 38448, 38453, 38471, 38479, 38491]
165.4 :    3 : [38444, 38485, 38489]
165.5 :    2 : [38421, 38445]
165.6 :    4 : [38442, 38473, 38497, 38503]
165.7 :    1 : [38408]
165.8 :    2 : [38416, 38449]
165.9 :    1 : [38486]
166.0 :    1 : [38429]
166.2 :    1 : [38495]
166.4 :    1 : [38424]
166.7 :    2 : [38459, 38496]
166.8 :    3 : [38418, 38452, 38476]
166.9 :    5 : [38425, 38440, 38446, 38460, 38499]
167.0 :    8 : [38410, 38422, 38435, 38441, 38451, 38458, 38478, 38481]
167.1 :    6 : [38419, 38438, 38461, 38466, 38470, 38474]
167.2 :   11 : [38412, 38420, 38430, 38436, 38447, 38469, 38482, 38488, 38492, 38494, 38501]
167.3 :    9 : [38413, 38434, 38455, 38462, 38465, 38472, 38480, 38505, 38507]
167.4 :   10 : [38411, 38426, 38427, 38433, 38437, 38448, 38450, 38453, 38479, 38491]
167.5 :    5 : [38423, 38444, 38485, 38489, 38498]
167.6 :    1 : [38445]
167.7 :    4 : [38442, 38473, 38497, 38503]
167.8 :    1 : [38408]
168.0 :    1 : [38486]
168.5 :    2 : [38409, 38490]
168.6 :    3 : [38439, 38464, 38467]
168.7 :    5 : [38417, 38463, 38475, 38484, 38502]
168.8 :    2 : [38459, 38496]
168.9 :    4 : [38418, 38452, 38471, 38476]
169.0 :    5 : [38425, 38440, 38446, 38460, 38499]
169.1 :    7 : [38410, 38421, 38422, 38435, 38441, 38478, 38481]
169.2 :    3 : [38438, 38470, 38474]
169.3 :    5 : [38416, 38449, 38488, 38494, 38501]
169.4 :    2 : [38465, 38480]
169.5 :    5 : [38429, 38433, 38437, 38448, 38450]
169.6 :    2 : [38423, 38498]
169.8 :    2 : [38497, 38503]
169.9 :    1 : [38495]
170.0 :    1 : [38424]
170.4 :    1 : [38451]
170.5 :    1 : [38458]
170.6 :    5 : [38409, 38419, 38461, 38490, 38492]
170.7 :    9 : [38420, 38430, 38439, 38447, 38464, 38466, 38467, 38469, 38482]
170.8 :    8 : [38412, 38417, 38436, 38463, 38475, 38484, 38502, 38507]
170.9 :    5 : [38413, 38434, 38455, 38472, 38505]
171.0 :    5 : [38426, 38453, 38462, 38471, 38485]
171.1 :    9 : [38411, 38425, 38427, 38440, 38444, 38446, 38479, 38491, 38499]
171.2 :    9 : [38410, 38421, 38422, 38435, 38441, 38442, 38478, 38481, 38489]
171.3 :    3 : [38438, 38470, 38474]
171.4 :    7 : [38416, 38445, 38449, 38473, 38488, 38494, 38501]
171.5 :    3 : [38408, 38465, 38480]
171.6 :    4 : [38433, 38437, 38448, 38450]
171.7 :    3 : [38423, 38429, 38498]
171.8 :    1 : [38486]
171.9 :    2 : [38497, 38503]
172.1 :    1 : [38495]
172.2 :    1 : [38424]
172.5 :    2 : [38451, 38496]
172.6 :    2 : [38458, 38459]
172.7 :    8 : [38409, 38418, 38419, 38452, 38461, 38476, 38490, 38492]
172.8 :    8 : [38430, 38439, 38460, 38464, 38466, 38467, 38469, 38482]
172.9 :   10 : [38412, 38417, 38420, 38436, 38447, 38463, 38475, 38484, 38502, 38507]
173.0 :    3 : [38455, 38472, 38505]
173.1 :    5 : [38413, 38426, 38434, 38453, 38471]
173.2 :    6 : [38425, 38440, 38446, 38462, 38485, 38499]
173.3 :   13 : [38410, 38411, 38421, 38422, 38427, 38435, 38441, 38442, 38444, 38478, 38479, 38481, 38491]
173.4 :    3 : [38438, 38470, 38474]
173.5 :    4 : [38488, 38489, 38494, 38501]
173.6 :    6 : [38416, 38445, 38449, 38465, 38473, 38480]
173.7 :    4 : [38408, 38433, 38437, 38450]
173.8 :    2 : [38423, 38448]
173.9 :    1 : [38498]
174.0 :    3 : [38429, 38497, 38503]
174.1 :    1 : [38486]
174.5 :    2 : [38424, 38495]
174.7 :    2 : [38451, 38496]
174.8 :    3 : [38409, 38459, 38490]
174.9 :    6 : [38418, 38439, 38458, 38461, 38464, 38492]
175.0 :    7 : [38419, 38452, 38463, 38467, 38475, 38476, 38484]
175.1 :    7 : [38417, 38430, 38460, 38466, 38469, 38482, 38502]
175.2 :    4 : [38420, 38447, 38471, 38507]
175.3 :    4 : [38412, 38436, 38446, 38505]
175.4 :    8 : [38410, 38422, 38435, 38440, 38455, 38472, 38481, 38499]
175.5 :    8 : [38413, 38421, 38426, 38434, 38441, 38453, 38462, 38478]
175.6 :    5 : [38438, 38442, 38444, 38485, 38494]
175.7 :    7 : [38411, 38425, 38427, 38474, 38479, 38491, 38501]
175.8 :    1 : [38470]
175.9 :    1 : [38489]
176.0 :    3 : [38437, 38465, 38488]
176.1 :    6 : [38408, 38416, 38433, 38449, 38473, 38480]
176.2 :    2 : [38445, 38450]
176.3 :    1 : [38423]
176.4 :    1 : [38498]
176.5 :    2 : [38429, 38497]
176.6 :    2 : [38448, 38486]
176.7 :    1 : [38503]
177.1 :    4 : [38409, 38424, 38451, 38496]
177.2 :    2 : [38490, 38495]
177.3 :    1 : [38459]
177.4 :    5 : [38418, 38458, 38464, 38475, 38492]
177.5 :    7 : [38439, 38452, 38461, 38463, 38467, 38476, 38484]
177.6 :    5 : [38417, 38419, 38469, 38471, 38502]
177.7 :    5 : [38430, 38447, 38460, 38466, 38482]
177.8 :    4 : [38412, 38420, 38446, 38507]
177.9 :    3 : [38422, 38436, 38505]
178.0 :    4 : [38421, 38435, 38455, 38472]
178.1 :    8 : [38410, 38413, 38426, 38434, 38440, 38453, 38481, 38499]
178.2 :    5 : [38441, 38442, 38462, 38478, 38485]
178.3 :    2 : [38444, 38494]
178.4 :    5 : [38411, 38427, 38438, 38479, 38501]
178.5 :    3 : [38470, 38474, 38491]
178.6 :    1 : [38425]
178.8 :    3 : [38437, 38473, 38489]
178.9 :    3 : [38408, 38465, 38488]
179.0 :    4 : [38416, 38433, 38449, 38480]
179.1 :    2 : [38445, 38450]
179.3 :    1 : [38423]
179.4 :    1 : [38498]
179.5 :    2 : [38429, 38486]
179.6 :    1 : [38497]
179.8 :    2 : [38451, 38496]
179.9 :    2 : [38409, 38503]
180.1 :    1 : [38490]
180.2 :    4 : [38448, 38459, 38475, 38492]
180.3 :    3 : [38418, 38458, 38463]
180.4 :    6 : [38424, 38439, 38461, 38464, 38467, 38476]
180.5 :    3 : [38452, 38471, 38484]
180.6 :    3 : [38417, 38419, 38469]
180.7 :    5 : [38430, 38460, 38482, 38495, 38502]
180.8 :    3 : [38447, 38466, 38507]
180.9 :    1 : [38412]
181.0 :    4 : [38420, 38421, 38422, 38446]
181.1 :    3 : [38436, 38472, 38505]
181.2 :    3 : [38435, 38442, 38455]
181.3 :    3 : [38410, 38453, 38481]
181.4 :    5 : [38413, 38426, 38434, 38485, 38499]
181.5 :    3 : [38440, 38441, 38494]
181.6 :    2 : [38444, 38478]
181.7 :    1 : [38462]
181.8 :    1 : [38411]
181.9 :    2 : [38427, 38501]
182.0 :    2 : [38438, 38479]
182.1 :    1 : [38491]
182.2 :    1 : [38474]
182.3 :    1 : [38470]
182.6 :    1 : [38473]
182.8 :    1 : [38408]
182.9 :    1 : [38437]
183.2 :    1 : [38489]
183.4 :    1 : [38496]
183.5 :    1 : [38451]
183.6 :    1 : [38409]
184.2 :    1 : [38492]
184.3 :    2 : [38475, 38490]
184.8 :    1 : [38463]
311.7 :   16 : [38410, 38425, 38433, 38436, 38437, 38438, 38440, 38441, 38444, 38452, 38463, 38464, 38472, 38480, 38491, 38497]
311.8 :   40 : [38408, 38412, 38413, 38416, 38418, 38419, 38420, 38421, 38422, 38424, 38426, 38427, 38429, 38434, 38439, 38442, 38445, 38448, 38449, 38455, 38458, 38460, 38461, 38462, 38467, 38469, 38471, 38473, 38475, 38476, 38479, 38481, 38482, 38488, 38492, 38494, 38496, 38498, 38499, 38505]
311.9 :    7 : [38430, 38435, 38465, 38474, 38489, 38502, 38503]
312.0 :    1 : [38446]
313.8 :    6 : [38410, 38425, 38433, 38437, 38440, 38463]
313.9 :    3 : [38448, 38449, 38488]
314.0 :    1 : [38465]
314.6 :    4 : [38421, 38436, 38444, 38472]
314.7 :   11 : [38422, 38426, 38427, 38438, 38458, 38467, 38475, 38479, 38482, 38496, 38497]
314.8 :   22 : [38408, 38416, 38418, 38419, 38420, 38430, 38439, 38441, 38442, 38445, 38452, 38455, 38460, 38462, 38464, 38471, 38473, 38480, 38491, 38492, 38494, 38499]
314.9 :   10 : [38413, 38424, 38429, 38434, 38461, 38469, 38481, 38502, 38503, 38505]
315.0 :    6 : [38412, 38435, 38474, 38476, 38489, 38498]
315.1 :    1 : [38446]
316.0 :    1 : [38410]
316.1 :    2 : [38437, 38463]
316.2 :    2 : [38433, 38440]
316.3 :    2 : [38449, 38488]
316.4 :    2 : [38425, 38465]
316.7 :    1 : [38448]
316.8 :    1 : [38444]
316.9 :    4 : [38421, 38436, 38472, 38475]
317.0 :    9 : [38422, 38426, 38438, 38458, 38467, 38479, 38482, 38496, 38497]
317.1 :    9 : [38408, 38418, 38427, 38439, 38455, 38471, 38473, 38491, 38492]
317.2 :   10 : [38416, 38420, 38430, 38441, 38445, 38452, 38460, 38494, 38499, 38502]
317.3 :    9 : [38419, 38442, 38461, 38462, 38464, 38480, 38481, 38503, 38505]
317.4 :    7 : [38413, 38424, 38429, 38434, 38435, 38469, 38476]
317.5 :    5 : [38412, 38446, 38474, 38489, 38498]
318.3 :    1 : [38410]
318.4 :    2 : [38437, 38463]
318.5 :    2 : [38433, 38440]
318.7 :    2 : [38449, 38488]
318.8 :    2 : [38425, 38465]
318.9 :    1 : [38444]
319.0 :    3 : [38421, 38436, 38475]
319.1 :    5 : [38422, 38467, 38472, 38482, 38496]
319.2 :    7 : [38408, 38418, 38438, 38448, 38455, 38458, 38479]
319.3 :    7 : [38426, 38427, 38439, 38473, 38491, 38492, 38497]
319.4 :   10 : [38416, 38420, 38430, 38441, 38445, 38452, 38460, 38471, 38494, 38502]
319.5 :    8 : [38419, 38442, 38461, 38462, 38464, 38480, 38499, 38505]
319.6 :    8 : [38413, 38424, 38434, 38435, 38469, 38476, 38481, 38503]
319.7 :    3 : [38412, 38429, 38498]
319.8 :    3 : [38446, 38474, 38489]
320.5 :    1 : [38410]
320.6 :    2 : [38437, 38463]
320.7 :    2 : [38433, 38440]
320.9 :    1 : [38488]
321.0 :    3 : [38425, 38444, 38449]
321.1 :    3 : [38436, 38465, 38475]
321.2 :    3 : [38421, 38422, 38467]
321.3 :    3 : [38472, 38482, 38496]
321.4 :    8 : [38408, 38418, 38426, 38427, 38438, 38455, 38458, 38479]
321.5 :    8 : [38420, 38430, 38439, 38473, 38491, 38492, 38497, 38502]
321.6 :   12 : [38416, 38419, 38441, 38445, 38448, 38452, 38460, 38461, 38462, 38471, 38494, 38499]
321.7 :    6 : [38413, 38442, 38464, 38480, 38481, 38505]
321.8 :    6 : [38424, 38434, 38435, 38469, 38476, 38503]
321.9 :    4 : [38412, 38429, 38446, 38498]
322.0 :    1 : [38489]
322.1 :    1 : [38474]
322.7 :    1 : [38410]
322.9 :    4 : [38433, 38437, 38440, 38463]
323.1 :    2 : [38444, 38488]
323.2 :    3 : [38436, 38449, 38475]
323.3 :    4 : [38421, 38422, 38425, 38467]
323.4 :    3 : [38465, 38472, 38496]
323.5 :    2 : [38418, 38455]
323.6 :    5 : [38408, 38426, 38427, 38458, 38482]
323.7 :    5 : [38430, 38438, 38479, 38497, 38502]
323.8 :    9 : [38416, 38439, 38445, 38452, 38460, 38462, 38491, 38494, 38499]
323.9 :   12 : [38413, 38419, 38420, 38441, 38448, 38461, 38464, 38471, 38473, 38480, 38492, 38505]
324.0 :    8 : [38424, 38434, 38435, 38442, 38476, 38481, 38498, 38503]
324.1 :    4 : [38412, 38429, 38446, 38469]
324.2 :    1 : [38489]
324.3 :    1 : [38474]
324.9 :    1 : [38410]
325.1 :    4 : [38433, 38437, 38440, 38463]
325.2 :    1 : [38444]
325.3 :    4 : [38436, 38449, 38475, 38488]
325.4 :    3 : [38421, 38422, 38467]
325.5 :    3 : [38425, 38472, 38496]
325.6 :    2 : [38418, 38455]
325.7 :    1 : [38465]
325.8 :    6 : [38408, 38426, 38427, 38458, 38482, 38502]
325.9 :    4 : [38430, 38438, 38439, 38479]
326.0 :   10 : [38416, 38445, 38452, 38460, 38462, 38491, 38494, 38497, 38499, 38505]
326.1 :   12 : [38413, 38419, 38420, 38434, 38441, 38442, 38461, 38464, 38471, 38473, 38480, 38492]
326.2 :    8 : [38412, 38424, 38435, 38448, 38476, 38481, 38498, 38503]
326.3 :    3 : [38429, 38446, 38469]
326.4 :    1 : [38489]
326.5 :    1 : [38474]
327.1 :    1 : [38410]
327.2 :    4 : [38433, 38437, 38440, 38463]
327.3 :    1 : [38444]
327.4 :    3 : [38436, 38475, 38488]
327.5 :    4 : [38421, 38422, 38449, 38467]
327.6 :    2 : [38472, 38496]
327.8 :    2 : [38418, 38425]
327.9 :    2 : [38458, 38465]
328.0 :    9 : [38426, 38427, 38430, 38438, 38439, 38455, 38479, 38482, 38502]
328.1 :    5 : [38452, 38460, 38462, 38494, 38505]
328.2 :   12 : [38408, 38416, 38420, 38434, 38441, 38445, 38461, 38464, 38491, 38492, 38497, 38499]
328.3 :    5 : [38413, 38419, 38424, 38480, 38498]
328.4 :   11 : [38412, 38429, 38435, 38442, 38446, 38469, 38471, 38473, 38476, 38481, 38503]
328.5 :    1 : [38448]
328.7 :    1 : [38489]
328.8 :    1 : [38474]
329.2 :    1 : [38410]
329.3 :    1 : [38433]
329.4 :    3 : [38437, 38440, 38444]
329.6 :    1 : [38463]
329.7 :    8 : [38421, 38422, 38436, 38449, 38467, 38475, 38488, 38496]
329.8 :    1 : [38472]
329.9 :    1 : [38418]
330.0 :    2 : [38425, 38458]
330.1 :    6 : [38426, 38430, 38438, 38439, 38455, 38502]
330.2 :    6 : [38427, 38460, 38462, 38465, 38479, 38494]
330.3 :   11 : [38416, 38420, 38434, 38441, 38445, 38452, 38461, 38482, 38492, 38499, 38505]
330.4 :    7 : [38408, 38413, 38419, 38424, 38464, 38491, 38497]
330.5 :    5 : [38446, 38471, 38473, 38480, 38498]
330.6 :    4 : [38412, 38429, 38435, 38481]
330.7 :    4 : [38442, 38448, 38476, 38503]
330.8 :    1 : [38469]
330.9 :    2 : [38474, 38489]
331.3 :    1 : [38410]
331.5 :    3 : [38433, 38440, 38444]
331.6 :    1 : [38437]
331.7 :    1 : [38463]
331.8 :    6 : [38421, 38422, 38436, 38467, 38488, 38496]
331.9 :    1 : [38449]
332.0 :    1 : [38418]
332.1 :    3 : [38458, 38472, 38475]
332.2 :    2 : [38425, 38455]
332.3 :    4 : [38427, 38430, 38438, 38439]
332.4 :   13 : [38426, 38434, 38441, 38445, 38452, 38461, 38462, 38465, 38479, 38492, 38494, 38502, 38505]
332.5 :    7 : [38408, 38420, 38424, 38460, 38464, 38482, 38499]
332.6 :    7 : [38416, 38419, 38446, 38471, 38473, 38491, 38497]
332.7 :    3 : [38413, 38480, 38498]
332.8 :    6 : [38412, 38429, 38435, 38442, 38481, 38503]
333.0 :    3 : [38448, 38469, 38476]
333.1 :    1 : [38474]
333.2 :    1 : [38489]
333.4 :    1 : [38410]
333.6 :    2 : [38433, 38444]
333.7 :    2 : [38437, 38440]
333.9 :    4 : [38421, 38463, 38467, 38496]
334.0 :    1 : [38422]
334.1 :    1 : [38488]
334.2 :    4 : [38418, 38449, 38458, 38475]
334.3 :    3 : [38436, 38455, 38472]
334.4 :    4 : [38425, 38427, 38438, 38439]
334.5 :    6 : [38434, 38441, 38445, 38452, 38462, 38492]
334.6 :    3 : [38465, 38494, 38502]
334.7 :    7 : [38408, 38416, 38446, 38464, 38482, 38499, 38505]
334.8 :    8 : [38419, 38420, 38426, 38430, 38461, 38471, 38473, 38491]
334.9 :    3 : [38413, 38480, 38497]
335.0 :    9 : [38412, 38429, 38435, 38442, 38460, 38479, 38481, 38498, 38503]
335.2 :    2 : [38424, 38476]
335.3 :    3 : [38448, 38469, 38489]
335.4 :    1 : [38474]
335.5 :    1 : [38410]
335.7 :    1 : [38444]
335.9 :    3 : [38433, 38437, 38440]
336.0 :    4 : [38421, 38463, 38467, 38496]
336.1 :    1 : [38422]
336.3 :    4 : [38418, 38458, 38475, 38488]
336.4 :    3 : [38449, 38455, 38472]
336.5 :    1 : [38439]
336.6 :    3 : [38441, 38445, 38452]
336.7 :    3 : [38425, 38427, 38462]
336.8 :    1 : [38446]
336.9 :    4 : [38461, 38482, 38494, 38505]
337.0 :    6 : [38426, 38464, 38465, 38473, 38491, 38499]
337.1 :   11 : [38413, 38416, 38419, 38420, 38430, 38434, 38436, 38460, 38471, 38497, 38502]
337.2 :    7 : [38429, 38435, 38442, 38479, 38480, 38492, 38498]
337.3 :    4 : [38412, 38438, 38481, 38503]
337.4 :    3 : [38424, 38469, 38476]
337.5 :    1 : [38408]
337.6 :    3 : [38448, 38474, 38489]
338.1 :    5 : [38433, 38437, 38440, 38463, 38496]
338.2 :    1 : [38422]
338.3 :    1 : [38444]
338.4 :    4 : [38410, 38458, 38467, 38475]
338.5 :    4 : [38418, 38421, 38472, 38488]
338.6 :    2 : [38439, 38449]
338.7 :    2 : [38441, 38445]
338.8 :    2 : [38452, 38455]
338.9 :    3 : [38427, 38446, 38462]
339.0 :    4 : [38425, 38482, 38494, 38505]
339.1 :    2 : [38426, 38473]
339.2 :    3 : [38434, 38464, 38499]
339.3 :    6 : [38413, 38419, 38430, 38436, 38465, 38491]
339.4 :    6 : [38416, 38420, 38460, 38479, 38480, 38497]
339.5 :    8 : [38412, 38429, 38435, 38442, 38471, 38481, 38492, 38498]
339.6 :    2 : [38438, 38503]
339.7 :    4 : [38408, 38424, 38469, 38476]
339.8 :    2 : [38461, 38502]
339.9 :    2 : [38474, 38489]
340.0 :    1 : [38448]
340.2 :    1 : [38463]
340.3 :    2 : [38422, 38433]
340.4 :    2 : [38437, 38440]
340.5 :    1 : [38467]
340.6 :    3 : [38444, 38458, 38472]
340.7 :    2 : [38410, 38421]
340.8 :    2 : [38418, 38496]
340.9 :    3 : [38441, 38449, 38488]
341.0 :    2 : [38445, 38452]
341.1 :    2 : [38446, 38455]
341.2 :    2 : [38427, 38462]
341.3 :    6 : [38425, 38426, 38473, 38482, 38494, 38505]
341.4 :    3 : [38434, 38464, 38475]
341.5 :    1 : [38499]
341.6 :    7 : [38413, 38419, 38430, 38436, 38439, 38480, 38491]
341.7 :    6 : [38416, 38420, 38460, 38465, 38479, 38492]
341.8 :    7 : [38412, 38429, 38438, 38442, 38471, 38497, 38498]
341.9 :    3 : [38435, 38481, 38503]
342.0 :    4 : [38408, 38424, 38469, 38476]
342.1 :    2 : [38461, 38502]
342.2 :    2 : [38474, 38489]
342.3 :    1 : [38463]
342.4 :    1 : [38448]
342.6 :    2 : [38422, 38433]
342.7 :    2 : [38437, 38440]
342.8 :    2 : [38444, 38467]
342.9 :    2 : [38458, 38472]
343.0 :    2 : [38410, 38421]
343.1 :    2 : [38418, 38496]
343.2 :    1 : [38441]
343.3 :    4 : [38445, 38449, 38452, 38488]
343.4 :    2 : [38446, 38455]
343.5 :    2 : [38427, 38462]
343.6 :    4 : [38473, 38482, 38494, 38505]
343.7 :    4 : [38425, 38426, 38464, 38475]
343.8 :    1 : [38434]
343.9 :    4 : [38413, 38420, 38430, 38499]
344.0 :    6 : [38419, 38436, 38439, 38460, 38480, 38491]
344.1 :    5 : [38416, 38438, 38471, 38479, 38492]
344.2 :    3 : [38412, 38429, 38442]
344.3 :    5 : [38424, 38465, 38497, 38498, 38503]
344.4 :    4 : [38408, 38435, 38461, 38469]
344.5 :    3 : [38476, 38481, 38502]
344.6 :    2 : [38463, 38474]
344.7 :    1 : [38489]
344.9 :    1 : [38422]
345.0 :    1 : [38433]
345.1 :    1 : [38440]
345.2 :    3 : [38437, 38448, 38467]
345.3 :    2 : [38444, 38472]
345.4 :    2 : [38421, 38458]
345.5 :    2 : [38410, 38496]
345.6 :    2 : [38418, 38441]
345.7 :    1 : [38445]
345.8 :    2 : [38452, 38455]
345.9 :    4 : [38427, 38446, 38449, 38488]
346.0 :    4 : [38462, 38473, 38482, 38494]
346.1 :    2 : [38475, 38505]
346.2 :    3 : [38426, 38434, 38464]
346.3 :    1 : [38420]
346.4 :    3 : [38413, 38425, 38460]
346.5 :    6 : [38430, 38436, 38439, 38471, 38492, 38499]
346.6 :    3 : [38419, 38438, 38480]
346.7 :    2 : [38479, 38491]
346.8 :    2 : [38416, 38442]
346.9 :    4 : [38412, 38424, 38429, 38461]
347.0 :    5 : [38408, 38469, 38498, 38502, 38503]
347.1 :    2 : [38463, 38497]
347.2 :    1 : [38476]
347.3 :    4 : [38435, 38465, 38474, 38481]
347.5 :    2 : [38422, 38489]
347.6 :    1 : [38433]
347.7 :    2 : [38440, 38467]
347.9 :    2 : [38444, 38472]
348.0 :    4 : [38421, 38437, 38458, 38496]
348.2 :    2 : [38410, 38448]
348.3 :    1 : [38441]
348.4 :    3 : [38418, 38445, 38455]
348.5 :    1 : [38452]
348.6 :    2 : [38446, 38482]
348.7 :    5 : [38427, 38449, 38462, 38473, 38494]
348.8 :    3 : [38475, 38488, 38505]
348.9 :    1 : [38420]
349.0 :    4 : [38426, 38434, 38460, 38464]
349.2 :    3 : [38413, 38471, 38492]
349.3 :    2 : [38430, 38439]
349.4 :    4 : [38436, 38438, 38480, 38499]
349.5 :    2 : [38425, 38479]
349.6 :    2 : [38419, 38461]
349.7 :    2 : [38416, 38442]
349.8 :    6 : [38408, 38412, 38424, 38463, 38491, 38502]
349.9 :    2 : [38429, 38469]
350.0 :    1 : [38503]
350.1 :    1 : [38498]
350.2 :    1 : [38497]
350.3 :    2 : [38422, 38476]
350.4 :    1 : [38474]
350.5 :    3 : [38433, 38435, 38467]
350.6 :    4 : [38440, 38465, 38481, 38489]
350.8 :    3 : [38444, 38472, 38496]
351.0 :    2 : [38421, 38458]
351.1 :    1 : [38437]
351.3 :    3 : [38410, 38441, 38455]
351.4 :    2 : [38418, 38445]
351.6 :    6 : [38446, 38448, 38452, 38473, 38482, 38494]
351.7 :    1 : [38427]
351.8 :    3 : [38420, 38462, 38475]
351.9 :    2 : [38449, 38505]
352.0 :    3 : [38434, 38460, 38488]
352.1 :    1 : [38464]
352.2 :    2 : [38426, 38471]
352.3 :    2 : [38413, 38492]
352.4 :    3 : [38430, 38438, 38439]
352.5 :    2 : [38436, 38480]
352.6 :    1 : [38461]
352.7 :    3 : [38465, 38479, 38499]
352.9 :    3 : [38419, 38425, 38463]
353.0 :    2 : [38442, 38502]
353.1 :    4 : [38408, 38412, 38416, 38424]
353.2 :    3 : [38429, 38469, 38491]
353.4 :    1 : [38503]
353.5 :    2 : [38422, 38498]
353.6 :    1 : [38467]
353.7 :    2 : [38448, 38497]
353.8 :    3 : [38433, 38474, 38476]
353.9 :    1 : [38440]
354.0 :    2 : [38449, 38496]
354.1 :    4 : [38435, 38472, 38488, 38489]
354.2 :    3 : [38421, 38444, 38481]
354.4 :    1 : [38458]
354.5 :    1 : [38437]
354.6 :    2 : [38436, 38455]
354.7 :    2 : [38410, 38441]
354.8 :    3 : [38445, 38479, 38499]
354.9 :    2 : [38418, 38446]
355.0 :    7 : [38419, 38420, 38425, 38452, 38473, 38482, 38494]
355.1 :    2 : [38442, 38475]
355.2 :    4 : [38412, 38416, 38427, 38462]
355.3 :    4 : [38429, 38460, 38469, 38491]
355.4 :    1 : [38505]
355.5 :    3 : [38434, 38464, 38503]
355.6 :    2 : [38471, 38498]
355.7 :    2 : [38426, 38492]
355.8 :    3 : [38413, 38448, 38497]
355.9 :    5 : [38433, 38438, 38439, 38474, 38476]
356.0 :    2 : [38430, 38440]
356.1 :    2 : [38461, 38480]
356.2 :    3 : [38435, 38472, 38489]
356.3 :    4 : [38421, 38444, 38465, 38481]
356.4 :    1 : [38463]
356.5 :    2 : [38458, 38502]
356.6 :    1 : [38437]
356.7 :    3 : [38408, 38424, 38455]
356.8 :    2 : [38410, 38441]
356.9 :    1 : [38445]
357.0 :    2 : [38418, 38446]
357.1 :    8 : [38420, 38422, 38425, 38452, 38467, 38473, 38482, 38494]
357.2 :    1 : [38475]
357.3 :    2 : [38427, 38462]
357.4 :    2 : [38460, 38491]
357.5 :    2 : [38449, 38505]
357.6 :    4 : [38434, 38464, 38496, 38503]
357.7 :    3 : [38471, 38488, 38498]
357.8 :    2 : [38426, 38492]
357.9 :    3 : [38413, 38448, 38497]
358.0 :    3 : [38438, 38439, 38476]
358.1 :    2 : [38430, 38436]
358.2 :    2 : [38461, 38480]
358.3 :    3 : [38435, 38479, 38489]
358.4 :    2 : [38481, 38499]
358.5 :    1 : [38463]
358.6 :    3 : [38419, 38465, 38502]
358.7 :    2 : [38437, 38442]
358.8 :    2 : [38408, 38424]
358.9 :    4 : [38410, 38412, 38416, 38469]
359.0 :    1 : [38445]
359.1 :    3 : [38418, 38429, 38446]
359.2 :    4 : [38422, 38425, 38452, 38467]
359.4 :    2 : [38427, 38462]
359.5 :    1 : [38491]
359.6 :    3 : [38433, 38440, 38505]
359.7 :    6 : [38434, 38449, 38464, 38474, 38496, 38503]
359.8 :    2 : [38471, 38498]
359.9 :    5 : [38421, 38426, 38444, 38472, 38488]
360.0 :    2 : [38413, 38497]
360.1 :    4 : [38438, 38439, 38448, 38476]
360.2 :    2 : [38430, 38436]
360.3 :    4 : [38455, 38458, 38461, 38480]
360.4 :    3 : [38435, 38479, 38489]
360.5 :    1 : [38441]
360.6 :    3 : [38420, 38463, 38499]
360.7 :    2 : [38481, 38502]
360.8 :    4 : [38419, 38437, 38473, 38482]
360.9 :    5 : [38408, 38424, 38442, 38475, 38494]
361.0 :    3 : [38410, 38460, 38465]
361.1 :    3 : [38412, 38445, 38469]
361.2 :    3 : [38416, 38418, 38446]
361.3 :    4 : [38422, 38425, 38452, 38467]
361.4 :    1 : [38429]
361.5 :    2 : [38427, 38462]
361.6 :    2 : [38491, 38492]
361.7 :    1 : [38505]
361.8 :    6 : [38433, 38434, 38440, 38464, 38496, 38503]
361.9 :    2 : [38471, 38498]
362.0 :    3 : [38426, 38449, 38474]
362.1 :    3 : [38413, 38421, 38472]
362.2 :    4 : [38438, 38439, 38444, 38488]
362.3 :    2 : [38430, 38497]
362.4 :    2 : [38461, 38480]
362.5 :    4 : [38436, 38455, 38458, 38476]
362.7 :    3 : [38463, 38479, 38489]
362.8 :    4 : [38420, 38441, 38448, 38502]
363.0 :    5 : [38435, 38437, 38473, 38482, 38499]
363.1 :    1 : [38494]
363.2 :    6 : [38408, 38410, 38424, 38445, 38460, 38475]
363.3 :    4 : [38418, 38419, 38442, 38446]
363.4 :    3 : [38452, 38467, 38481]
363.5 :    2 : [38422, 38469]
363.6 :    2 : [38412, 38427]
363.7 :    2 : [38416, 38462]
363.9 :    5 : [38429, 38465, 38492, 38496, 38505]
364.0 :    4 : [38425, 38434, 38464, 38471]
364.1 :    1 : [38491]
364.2 :    3 : [38433, 38440, 38503]
364.3 :    1 : [38438]
364.4 :    1 : [38413]
364.5 :    3 : [38421, 38461, 38472]
364.6 :    6 : [38426, 38439, 38444, 38449, 38474, 38498]
364.7 :    1 : [38430]
364.8 :    1 : [38480]
364.9 :    2 : [38455, 38463]
365.0 :    3 : [38436, 38488, 38497]
365.1 :    2 : [38420, 38458]
365.2 :    1 : [38502]
365.3 :    3 : [38441, 38476, 38479]
365.5 :    3 : [38445, 38473, 38482]
365.6 :    4 : [38446, 38475, 38489, 38494]
365.7 :    3 : [38437, 38460, 38467]
365.8 :    2 : [38408, 38499]
365.9 :    2 : [38410, 38424]
366.0 :    4 : [38418, 38422, 38442, 38452]
366.1 :    2 : [38419, 38435]
366.2 :    1 : [38469]
366.3 :    2 : [38427, 38496]
366.4 :    3 : [38412, 38462, 38471]
366.5 :    1 : [38492]
366.6 :    2 : [38448, 38505]
366.7 :    2 : [38416, 38464]
366.8 :    3 : [38429, 38434, 38481]
366.9 :    1 : [38433]
367.0 :    3 : [38438, 38440, 38461]
367.1 :    1 : [38413]
367.2 :    1 : [38421]
367.3 :    3 : [38472, 38491, 38503]
367.4 :    2 : [38439, 38444]
367.5 :    1 : [38426]
367.6 :    2 : [38430, 38463]
367.7 :    4 : [38420, 38425, 38455, 38474]
367.8 :    1 : [38480]
367.9 :    1 : [38449]
368.0 :    1 : [38458]
368.1 :    2 : [38436, 38502]
368.2 :    1 : [38498]
368.3 :    1 : [38441]
368.4 :    4 : [38460, 38473, 38479, 38482]
368.5 :    4 : [38445, 38467, 38475, 38494]
368.6 :    2 : [38446, 38488]
369.0 :    1 : [38408]
369.1 :    2 : [38422, 38497]
369.2 :    1 : [38496]
369.3 :    3 : [38424, 38437, 38452]
369.4 :    1 : [38418]
369.5 :    2 : [38410, 38471]
369.6 :    2 : [38427, 38442]
369.7 :    1 : [38492]
369.9 :    1 : [38462]
370.0 :    2 : [38469, 38499]
370.2 :    2 : [38461, 38464]
370.3 :    1 : [38505]
370.4 :    1 : [38438]
370.7 :    1 : [38434]
370.8 :    2 : [38420, 38433]
370.9 :    2 : [38421, 38440]
371.0 :    1 : [38413]
371.2 :    2 : [38463, 38472]
371.4 :    1 : [38455]
372.4 :    1 : [38460]
372.8 :    1 : [38467]
511.6 :   13 : [38419, 38425, 38434, 38439, 38442, 38448, 38452, 38472, 38474, 38488, 38496, 38497, 38505]
511.7 :    9 : [38410, 38412, 38413, 38416, 38444, 38461, 38476, 38481, 38498]
511.8 :    1 : [38435]
512.0 :    1 : [38426]
514.5 :   11 : [38412, 38419, 38434, 38439, 38442, 38452, 38461, 38472, 38476, 38496, 38505]
514.6 :    9 : [38410, 38413, 38416, 38425, 38435, 38444, 38474, 38488, 38498]
514.7 :    3 : [38448, 38481, 38497]
514.8 :    1 : [38426]
516.7 :    4 : [38434, 38439, 38452, 38496]
516.8 :    3 : [38442, 38461, 38505]
516.9 :    9 : [38410, 38412, 38413, 38419, 38425, 38435, 38472, 38474, 38476]
517.0 :    5 : [38416, 38444, 38481, 38488, 38498]
517.1 :    3 : [38426, 38448, 38497]
518.8 :    1 : [38439]
518.9 :    4 : [38434, 38442, 38452, 38496]
519.0 :    4 : [38413, 38419, 38461, 38505]
519.1 :    6 : [38410, 38412, 38435, 38472, 38474, 38476]
519.2 :    5 : [38425, 38444, 38481, 38488, 38498]
519.3 :    2 : [38416, 38426]
519.4 :    1 : [38497]
519.5 :    1 : [38448]
521.0 :    5 : [38434, 38439, 38442, 38452, 38496]
521.2 :    7 : [38410, 38413, 38419, 38435, 38461, 38472, 38505]
521.3 :    3 : [38412, 38474, 38476]
521.4 :    6 : [38425, 38426, 38444, 38481, 38488, 38498]
521.5 :    1 : [38416]
521.6 :    1 : [38497]
521.8 :    1 : [38448]
523.2 :    4 : [38434, 38439, 38452, 38496]
523.3 :    4 : [38413, 38419, 38435, 38442]
523.4 :    6 : [38410, 38412, 38461, 38472, 38476, 38505]
523.5 :    4 : [38426, 38444, 38474, 38481]
523.6 :    3 : [38425, 38488, 38498]
523.7 :    1 : [38416]
523.8 :    1 : [38497]
524.0 :    1 : [38448]
525.3 :    1 : [38496]
525.4 :    4 : [38434, 38439, 38442, 38452]
525.5 :    6 : [38410, 38413, 38419, 38435, 38461, 38505]
525.6 :    4 : [38412, 38472, 38474, 38476]
525.7 :    3 : [38426, 38444, 38481]
525.8 :    2 : [38425, 38498]
525.9 :    1 : [38488]
526.0 :    1 : [38416]
526.1 :    1 : [38497]
526.3 :    1 : [38448]
527.4 :    1 : [38496]
527.5 :    4 : [38434, 38439, 38442, 38452]
527.6 :    4 : [38413, 38419, 38435, 38461]
527.7 :    3 : [38410, 38412, 38505]
527.8 :    5 : [38426, 38444, 38472, 38474, 38476]
527.9 :    1 : [38481]
528.0 :    2 : [38425, 38498]
528.1 :    1 : [38488]
528.2 :    1 : [38416]
528.3 :    1 : [38497]
528.6 :    1 : [38448]
529.5 :    1 : [38496]
529.6 :    2 : [38442, 38452]
529.7 :    3 : [38419, 38435, 38439]
529.8 :    6 : [38410, 38412, 38413, 38434, 38461, 38505]
529.9 :    4 : [38426, 38472, 38474, 38476]
530.0 :    1 : [38444]
530.1 :    3 : [38425, 38481, 38498]
530.3 :    1 : [38488]
530.5 :    2 : [38416, 38497]
530.9 :    1 : [38448]
531.6 :    1 : [38496]
531.7 :    1 : [38442]
531.8 :    3 : [38435, 38439, 38452]
531.9 :    5 : [38410, 38413, 38419, 38434, 38461]
532.0 :    5 : [38412, 38426, 38472, 38476, 38505]
532.1 :    2 : [38444, 38474]
532.2 :    1 : [38481]
532.3 :    2 : [38425, 38498]
532.6 :    1 : [38488]
532.7 :    1 : [38416]
532.8 :    1 : [38497]
533.0 :    1 : [38448]
533.8 :    2 : [38442, 38496]
533.9 :    2 : [38435, 38452]
534.0 :    1 : [38413]
534.1 :    7 : [38410, 38412, 38419, 38426, 38434, 38461, 38476]
534.2 :    4 : [38439, 38444, 38472, 38505]
534.3 :    2 : [38474, 38481]
534.4 :    1 : [38498]
534.5 :    1 : [38425]
534.8 :    1 : [38488]
535.0 :    2 : [38416, 38497]
535.3 :    1 : [38448]
536.0 :    3 : [38435, 38452, 38496]
536.1 :    1 : [38442]
536.2 :    7 : [38410, 38413, 38419, 38426, 38434, 38461, 38476]
536.3 :    2 : [38412, 38439]
536.4 :    4 : [38472, 38474, 38481, 38505]
536.5 :    1 : [38444]
536.6 :    1 : [38498]
536.7 :    1 : [38425]
537.0 :    1 : [38488]
537.2 :    2 : [38416, 38497]
537.5 :    1 : [38448]
538.1 :    1 : [38435]
538.2 :    1 : [38496]
538.3 :    2 : [38426, 38452]
538.4 :    3 : [38410, 38413, 38419]
538.5 :    3 : [38412, 38461, 38476]
538.6 :    2 : [38472, 38481]
538.7 :    3 : [38439, 38444, 38474]
538.8 :    4 : [38434, 38442, 38498, 38505]
538.9 :    1 : [38425]
539.1 :    1 : [38488]
539.4 :    2 : [38416, 38497]
539.8 :    1 : [38448]
540.3 :    1 : [38435]
540.5 :    2 : [38426, 38496]
540.6 :    4 : [38410, 38413, 38419, 38452]
540.7 :    3 : [38412, 38461, 38476]
540.8 :    4 : [38439, 38472, 38474, 38481]
540.9 :    4 : [38434, 38442, 38444, 38505]
541.1 :    2 : [38425, 38498]
541.4 :    1 : [38488]
541.6 :    1 : [38497]
541.7 :    1 : [38416]
542.0 :    1 : [38448]
542.5 :    1 : [38435]
542.6 :    1 : [38496]
542.7 :    1 : [38426]
542.8 :    1 : [38452]
542.9 :    6 : [38410, 38412, 38413, 38419, 38461, 38476]
543.0 :    4 : [38439, 38442, 38472, 38474]
543.1 :    3 : [38434, 38481, 38505]
543.2 :    1 : [38444]
543.3 :    1 : [38498]
543.4 :    1 : [38425]
543.6 :    1 : [38488]
543.9 :    1 : [38497]
544.1 :    1 : [38416]
544.4 :    1 : [38448]
544.7 :    1 : [38435]
544.9 :    1 : [38496]
545.0 :    1 : [38426]
545.1 :    2 : [38442, 38452]
545.2 :    3 : [38410, 38413, 38419]
545.3 :    5 : [38412, 38439, 38461, 38474, 38476]
545.4 :    4 : [38434, 38472, 38481, 38505]
545.5 :    1 : [38444]
545.6 :    1 : [38498]
545.7 :    1 : [38425]
546.0 :    1 : [38488]
546.3 :    1 : [38497]
546.6 :    1 : [38416]
547.0 :    1 : [38448]
547.1 :    1 : [38435]
547.2 :    1 : [38496]
547.4 :    1 : [38426]
547.5 :    2 : [38442, 38452]
547.6 :    4 : [38410, 38413, 38419, 38439]
547.7 :    4 : [38412, 38461, 38474, 38476]
547.8 :    3 : [38434, 38472, 38505]
547.9 :    1 : [38481]
548.1 :    2 : [38444, 38498]
548.3 :    1 : [38425]
548.5 :    1 : [38488]
548.8 :    1 : [38497]
549.4 :    1 : [38416]
549.5 :    1 : [38435]
549.7 :    1 : [38496]
549.9 :    1 : [38448]
550.0 :    2 : [38426, 38442]
550.1 :    1 : [38452]
550.2 :    3 : [38413, 38419, 38439]
550.3 :    4 : [38410, 38412, 38461, 38474]
550.4 :    4 : [38434, 38472, 38476, 38505]
550.6 :    1 : [38481]
550.8 :    1 : [38498]
550.9 :    1 : [38444]
551.1 :    1 : [38425]
551.2 :    1 : [38488]
551.6 :    1 : [38497]
552.2 :    1 : [38435]
552.4 :    1 : [38496]
552.5 :    1 : [38416]
552.8 :    1 : [38442]
552.9 :    1 : [38426]
553.1 :    5 : [38413, 38419, 38439, 38448, 38452]
553.2 :    3 : [38412, 38461, 38474]
553.3 :    3 : [38410, 38472, 38505]
553.4 :    1 : [38434]
553.5 :    1 : [38476]
553.7 :    1 : [38481]
553.9 :    1 : [38498]
554.1 :    1 : [38444]
554.2 :    1 : [38425]
554.3 :    1 : [38488]
554.8 :    1 : [38497]
555.1 :    1 : [38435]
555.2 :    1 : [38448]
555.5 :    1 : [38496]
555.9 :    1 : [38442]
556.0 :    1 : [38416]
556.2 :    1 : [38426]
556.3 :    2 : [38413, 38452]
556.4 :    3 : [38419, 38439, 38474]
556.5 :    2 : [38412, 38461]
556.6 :    2 : [38472, 38505]
556.7 :    2 : [38410, 38434]
556.9 :    2 : [38476, 38497]
557.2 :    1 : [38481]
557.3 :    1 : [38498]
557.6 :    1 : [38444]
557.8 :    2 : [38425, 38488]
558.1 :    1 : [38416]
558.3 :    1 : [38426]
558.4 :    2 : [38413, 38452]
558.5 :    3 : [38419, 38435, 38474]
558.6 :    1 : [38412]
558.7 :    2 : [38472, 38505]
558.8 :    3 : [38410, 38434, 38448]
558.9 :    1 : [38496]
559.0 :    1 : [38476]
559.3 :    1 : [38481]
559.4 :    2 : [38442, 38498]
559.7 :    1 : [38444]
559.9 :    2 : [38425, 38488]
560.0 :    1 : [38439]
560.1 :    1 : [38461]
560.2 :    1 : [38416]
560.4 :    1 : [38497]
560.6 :    1 : [38435]
561.0 :    2 : [38448, 38496]
561.1 :    1 : [38476]
561.4 :    1 : [38481]
561.5 :    2 : [38442, 38498]
561.8 :    1 : [38444]
561.9 :    1 : [38426]
562.0 :    4 : [38413, 38425, 38474, 38488]
562.1 :    3 : [38419, 38439, 38452]
562.2 :    1 : [38461]
562.3 :    4 : [38412, 38416, 38472, 38505]
562.4 :    1 : [38434]
562.5 :    2 : [38410, 38497]
563.1 :    1 : [38496]
563.2 :    1 : [38476]
563.4 :    1 : [38448]
563.5 :    1 : [38481]
563.6 :    2 : [38442, 38498]
563.9 :    1 : [38444]
564.1 :    3 : [38425, 38426, 38488]
564.2 :    4 : [38413, 38439, 38452, 38474]
564.3 :    3 : [38419, 38435, 38461]
564.4 :    1 : [38505]
564.5 :    3 : [38412, 38416, 38472]
564.6 :    1 : [38434]
564.8 :    2 : [38410, 38497]
565.2 :    1 : [38496]
565.3 :    1 : [38476]
565.6 :    1 : [38481]
565.7 :    2 : [38442, 38498]
566.1 :    1 : [38448]
566.3 :    1 : [38488]
566.5 :    5 : [38413, 38425, 38439, 38444, 38474]
566.6 :    3 : [38426, 38435, 38452]
566.7 :    2 : [38419, 38461]
566.8 :    1 : [38505]
566.9 :    2 : [38412, 38472]
567.1 :    1 : [38434]
567.2 :    1 : [38416]
567.3 :    3 : [38410, 38496, 38497]
567.8 :    1 : [38476]
568.0 :    1 : [38442]
568.3 :    1 : [38481]
568.4 :    1 : [38498]
569.0 :    1 : [38435]
569.1 :    3 : [38439, 38474, 38488]
569.2 :    1 : [38413]
569.3 :    1 : [38426]
569.4 :    3 : [38425, 38452, 38461]
569.5 :    3 : [38419, 38444, 38505]
569.6 :    2 : [38412, 38472]
569.9 :    2 : [38434, 38448]
570.0 :    1 : [38496]
570.3 :    1 : [38410]
570.4 :    1 : [38497]
570.8 :    1 : [38442]
571.0 :    1 : [38476]
571.1 :    1 : [38416]
571.8 :    1 : [38498]
571.9 :    2 : [38435, 38481]
572.4 :    2 : [38439, 38474]
572.5 :    1 : [38413]
572.9 :    2 : [38461, 38488]
573.0 :    2 : [38452, 38505]
573.3 :    3 : [38419, 38472, 38496]
573.4 :    1 : [38412]
573.6 :    1 : [38426]
574.8 :    1 : [38442]
