Name: Motor cortex [Glu0], Title: Raster plot from device '95218', Hist: False
114.5 :   71 : [17341, 17342, 17343, 17344, 17346, 17347, 17349, 17351, 17352, 17355, 17356, 17360, 17361, 17362, 17363, 17365, 17366, 17367, 17368, 17369, 17371, 17373, 17375, 17378, 17379, 17380, 17381, 17382, 17384, 17385, 17387, 17388, 17389, 17390, 17391, 17393, 17394, 17395, 17399, 17400, 17401, 17404, 17406, 17408, 17409, 17410, 17411, 17412, 17413, 17414, 17415, 17416, 17417, 17419, 17421, 17423, 17424, 17425, 17426, 17427, 17428, 17429, 17430, 17431, 17432, 17433, 17434, 17435, 17436, 17437, 17438]
114.6 :   29 : [17339, 17340, 17345, 17348, 17350, 17353, 17354, 17357, 17358, 17359, 17364, 17370, 17372, 17374, 17376, 17377, 17383, 17386, 17392, 17396, 17397, 17398, 17402, 17403, 17405, 17407, 17418, 17420, 17422]
116.7 :  100 : [17339, 17340, 17341, 17342, 17343, 17344, 17345, 17346, 17347, 17348, 17349, 17350, 17351, 17352, 17353, 17354, 17355, 17356, 17357, 17358, 17359, 17360, 17361, 17362, 17363, 17364, 17365, 17366, 17367, 17368, 17369, 17370, 17371, 17372, 17373, 17374, 17375, 17376, 17377, 17378, 17379, 17380, 17381, 17382, 17383, 17384, 17385, 17386, 17387, 17388, 17389, 17390, 17391, 17392, 17393, 17394, 17395, 17396, 17397, 17398, 17399, 17400, 17401, 17402, 17403, 17404, 17405, 17406, 17407, 17408, 17409, 17410, 17411, 17412, 17413, 17414, 17415, 17416, 17417, 17418, 17419, 17420, 17421, 17422, 17423, 17424, 17425, 17426, 17427, 17428, 17429, 17430, 17431, 17432, 17433, 17434, 17435, 17436, 17437, 17438]
118.8 :  100 : [17339, 17340, 17341, 17342, 17343, 17344, 17345, 17346, 17347, 17348, 17349, 17350, 17351, 17352, 17353, 17354, 17355, 17356, 17357, 17358, 17359, 17360, 17361, 17362, 17363, 17364, 17365, 17366, 17367, 17368, 17369, 17370, 17371, 17372, 17373, 17374, 17375, 17376, 17377, 17378, 17379, 17380, 17381, 17382, 17383, 17384, 17385, 17386, 17387, 17388, 17389, 17390, 17391, 17392, 17393, 17394, 17395, 17396, 17397, 17398, 17399, 17400, 17401, 17402, 17403, 17404, 17405, 17406, 17407, 17408, 17409, 17410, 17411, 17412, 17413, 17414, 17415, 17416, 17417, 17418, 17419, 17420, 17421, 17422, 17423, 17424, 17425, 17426, 17427, 17428, 17429, 17430, 17431, 17432, 17433, 17434, 17435, 17436, 17437, 17438]
120.9 :    8 : [17340, 17353, 17354, 17370, 17383, 17398, 17403, 17420]
121.8 :    3 : [17380, 17393, 17428]
121.9 :   32 : [17344, 17351, 17356, 17362, 17363, 17367, 17371, 17378, 17381, 17382, 17384, 17388, 17389, 17391, 17399, 17400, 17404, 17410, 17412, 17417, 17419, 17421, 17425, 17427, 17429, 17430, 17431, 17432, 17434, 17435, 17436, 17438]
122.0 :   36 : [17341, 17342, 17343, 17346, 17347, 17349, 17352, 17355, 17360, 17361, 17365, 17366, 17368, 17369, 17373, 17375, 17379, 17385, 17387, 17390, 17394, 17395, 17401, 17406, 17408, 17409, 17411, 17413, 17414, 17415, 17416, 17423, 17424, 17426, 17433, 17437]
122.3 :   12 : [17339, 17350, 17357, 17358, 17364, 17374, 17376, 17377, 17396, 17407, 17418, 17422]
122.4 :    9 : [17345, 17348, 17359, 17372, 17386, 17392, 17397, 17402, 17405]
124.1 :    2 : [17370, 17420]
124.2 :    5 : [17353, 17354, 17383, 17398, 17403]
124.3 :    1 : [17340]
124.4 :    7 : [17339, 17350, 17357, 17374, 17377, 17418, 17422]
124.5 :    1 : [17405]
124.7 :    3 : [17380, 17393, 17428]
124.8 :   59 : [17341, 17342, 17343, 17344, 17346, 17347, 17349, 17351, 17356, 17360, 17361, 17362, 17363, 17365, 17366, 17367, 17368, 17369, 17371, 17373, 17375, 17378, 17381, 17382, 17384, 17385, 17388, 17389, 17390, 17391, 17395, 17399, 17400, 17401, 17404, 17408, 17410, 17411, 17412, 17413, 17414, 17415, 17416, 17417, 17419, 17421, 17424, 17425, 17426, 17427, 17429, 17430, 17431, 17432, 17434, 17435, 17436, 17437, 17438]
124.9 :    9 : [17352, 17355, 17379, 17387, 17394, 17406, 17409, 17423, 17433]
125.4 :    1 : [17376]
125.5 :   12 : [17345, 17348, 17358, 17359, 17364, 17372, 17386, 17392, 17396, 17397, 17402, 17407]
127.1 :    8 : [17339, 17350, 17357, 17374, 17377, 17405, 17418, 17422]
127.2 :    2 : [17370, 17420]
127.3 :    9 : [17340, 17353, 17354, 17380, 17383, 17393, 17398, 17403, 17428]
127.4 :   68 : [17341, 17342, 17343, 17344, 17346, 17347, 17349, 17351, 17352, 17355, 17356, 17360, 17361, 17362, 17363, 17365, 17366, 17367, 17368, 17369, 17371, 17373, 17375, 17378, 17379, 17381, 17382, 17384, 17385, 17387, 17388, 17389, 17390, 17391, 17394, 17395, 17399, 17400, 17401, 17404, 17406, 17408, 17409, 17410, 17411, 17412, 17413, 17414, 17415, 17416, 17417, 17419, 17421, 17423, 17424, 17425, 17426, 17427, 17429, 17430, 17431, 17432, 17433, 17434, 17435, 17436, 17437, 17438]
128.4 :    3 : [17364, 17376, 17402]
128.5 :   10 : [17345, 17348, 17358, 17359, 17372, 17386, 17392, 17396, 17397, 17407]
129.6 :   79 : [17339, 17341, 17342, 17343, 17344, 17346, 17347, 17349, 17350, 17351, 17352, 17355, 17356, 17357, 17360, 17361, 17362, 17363, 17365, 17366, 17367, 17368, 17369, 17371, 17373, 17374, 17375, 17377, 17378, 17379, 17380, 17381, 17382, 17384, 17385, 17387, 17388, 17389, 17390, 17391, 17393, 17394, 17395, 17399, 17400, 17401, 17404, 17405, 17406, 17408, 17409, 17410, 17411, 17412, 17413, 17414, 17415, 17416, 17417, 17418, 17419, 17421, 17422, 17423, 17424, 17425, 17426, 17427, 17428, 17429, 17430, 17431, 17432, 17433, 17434, 17435, 17436, 17437, 17438]
129.7 :    2 : [17370, 17420]
129.8 :    2 : [17353, 17403]
129.9 :    4 : [17340, 17354, 17383, 17398]
130.8 :    3 : [17364, 17376, 17402]
130.9 :   10 : [17345, 17348, 17358, 17359, 17372, 17386, 17392, 17396, 17397, 17407]
131.7 :   71 : [17341, 17342, 17343, 17344, 17346, 17347, 17349, 17351, 17352, 17355, 17356, 17360, 17361, 17362, 17363, 17365, 17366, 17367, 17368, 17369, 17371, 17373, 17375, 17378, 17379, 17380, 17381, 17382, 17384, 17385, 17387, 17388, 17389, 17390, 17391, 17393, 17394, 17395, 17399, 17400, 17401, 17404, 17406, 17408, 17409, 17410, 17411, 17412, 17413, 17414, 17415, 17416, 17417, 17419, 17421, 17423, 17424, 17425, 17426, 17427, 17428, 17429, 17430, 17431, 17432, 17433, 17434, 17435, 17436, 17437, 17438]
131.8 :    9 : [17339, 17350, 17357, 17374, 17377, 17405, 17418, 17420, 17422]
131.9 :    3 : [17353, 17370, 17403]
132.0 :    2 : [17354, 17398]
132.1 :    2 : [17340, 17383]
133.0 :   13 : [17345, 17348, 17358, 17359, 17364, 17372, 17376, 17386, 17392, 17396, 17397, 17402, 17407]
133.8 :   71 : [17341, 17342, 17343, 17344, 17346, 17347, 17349, 17351, 17352, 17355, 17356, 17360, 17361, 17362, 17363, 17365, 17366, 17367, 17368, 17369, 17371, 17373, 17375, 17378, 17379, 17380, 17381, 17382, 17384, 17385, 17387, 17388, 17389, 17390, 17391, 17393, 17394, 17395, 17399, 17400, 17401, 17404, 17406, 17408, 17409, 17410, 17411, 17412, 17413, 17414, 17415, 17416, 17417, 17419, 17421, 17423, 17424, 17425, 17426, 17427, 17428, 17429, 17430, 17431, 17432, 17433, 17434, 17435, 17436, 17437, 17438]
133.9 :    9 : [17339, 17350, 17357, 17374, 17377, 17405, 17418, 17420, 17422]
134.0 :    3 : [17353, 17370, 17403]
134.1 :    2 : [17354, 17398]
134.2 :    2 : [17340, 17383]
135.1 :   13 : [17345, 17348, 17358, 17359, 17364, 17372, 17376, 17386, 17392, 17396, 17397, 17402, 17407]
135.9 :   66 : [17341, 17342, 17343, 17344, 17346, 17349, 17351, 17355, 17356, 17360, 17361, 17362, 17363, 17365, 17366, 17367, 17368, 17369, 17371, 17373, 17375, 17378, 17379, 17380, 17381, 17382, 17384, 17385, 17387, 17388, 17389, 17390, 17391, 17393, 17394, 17395, 17399, 17400, 17401, 17404, 17406, 17408, 17409, 17410, 17411, 17412, 17413, 17414, 17415, 17416, 17419, 17421, 17423, 17425, 17426, 17427, 17428, 17429, 17430, 17431, 17432, 17433, 17434, 17436, 17437, 17438]
136.0 :   14 : [17339, 17347, 17350, 17352, 17357, 17374, 17377, 17405, 17417, 17418, 17420, 17422, 17424, 17435]
136.1 :    3 : [17353, 17370, 17403]
136.2 :    2 : [17354, 17398]
136.3 :    2 : [17340, 17383]
137.2 :   13 : [17345, 17348, 17358, 17359, 17364, 17372, 17376, 17386, 17392, 17396, 17397, 17402, 17407]
138.0 :    3 : [17380, 17393, 17428]
138.1 :   48 : [17339, 17341, 17342, 17344, 17346, 17347, 17349, 17350, 17351, 17352, 17355, 17357, 17361, 17363, 17365, 17366, 17367, 17371, 17374, 17375, 17377, 17379, 17382, 17384, 17385, 17389, 17391, 17395, 17399, 17401, 17405, 17411, 17412, 17413, 17415, 17416, 17417, 17418, 17420, 17422, 17424, 17427, 17429, 17430, 17431, 17433, 17434, 17438]
138.2 :   32 : [17343, 17353, 17356, 17360, 17362, 17368, 17369, 17370, 17373, 17378, 17381, 17387, 17388, 17390, 17394, 17400, 17403, 17404, 17406, 17408, 17409, 17410, 17414, 17419, 17421, 17423, 17425, 17426, 17432, 17435, 17436, 17437]
138.3 :    2 : [17354, 17398]
138.4 :    2 : [17340, 17383]
139.4 :   13 : [17345, 17348, 17358, 17359, 17364, 17372, 17376, 17386, 17392, 17396, 17397, 17402, 17407]
140.2 :    2 : [17380, 17420]
140.3 :   76 : [17339, 17341, 17342, 17343, 17344, 17346, 17347, 17349, 17350, 17351, 17352, 17353, 17355, 17357, 17360, 17361, 17362, 17363, 17365, 17366, 17367, 17368, 17369, 17370, 17371, 17374, 17375, 17377, 17378, 17379, 17381, 17382, 17384, 17385, 17388, 17389, 17391, 17393, 17394, 17395, 17399, 17400, 17401, 17403, 17404, 17405, 17406, 17408, 17409, 17410, 17411, 17412, 17413, 17414, 17415, 17416, 17417, 17418, 17419, 17421, 17422, 17423, 17424, 17425, 17426, 17428, 17429, 17430, 17431, 17432, 17433, 17434, 17435, 17436, 17437, 17438]
140.4 :    7 : [17354, 17356, 17373, 17387, 17390, 17398, 17427]
140.5 :    2 : [17340, 17383]
141.5 :   13 : [17345, 17348, 17358, 17359, 17364, 17372, 17376, 17386, 17392, 17396, 17397, 17402, 17407]
142.4 :   76 : [17341, 17342, 17343, 17344, 17346, 17347, 17349, 17350, 17351, 17352, 17353, 17355, 17357, 17360, 17361, 17362, 17363, 17365, 17366, 17367, 17368, 17369, 17370, 17371, 17374, 17375, 17377, 17378, 17379, 17380, 17381, 17382, 17384, 17385, 17388, 17389, 17391, 17393, 17394, 17395, 17399, 17400, 17401, 17403, 17404, 17405, 17406, 17408, 17409, 17410, 17411, 17412, 17413, 17414, 17415, 17416, 17417, 17418, 17419, 17420, 17421, 17422, 17423, 17424, 17425, 17426, 17428, 17429, 17430, 17431, 17433, 17434, 17435, 17436, 17437, 17438]
142.5 :    9 : [17339, 17354, 17356, 17373, 17387, 17390, 17398, 17427, 17432]
142.6 :    2 : [17340, 17383]
143.6 :    9 : [17345, 17348, 17358, 17359, 17386, 17392, 17396, 17397, 17407]
143.7 :    4 : [17364, 17372, 17376, 17402]
144.5 :   59 : [17341, 17342, 17343, 17344, 17346, 17349, 17351, 17352, 17353, 17355, 17361, 17362, 17363, 17365, 17366, 17367, 17369, 17370, 17371, 17375, 17378, 17381, 17382, 17384, 17385, 17388, 17389, 17391, 17394, 17395, 17399, 17400, 17401, 17403, 17404, 17406, 17408, 17409, 17411, 17412, 17413, 17414, 17415, 17416, 17417, 17419, 17421, 17423, 17424, 17425, 17428, 17429, 17430, 17433, 17434, 17435, 17436, 17437, 17438]
144.6 :   26 : [17339, 17347, 17350, 17354, 17356, 17357, 17360, 17368, 17373, 17374, 17377, 17379, 17380, 17387, 17390, 17393, 17398, 17405, 17410, 17418, 17420, 17422, 17426, 17427, 17431, 17432]
144.7 :    2 : [17340, 17383]
145.8 :   13 : [17345, 17348, 17358, 17359, 17364, 17372, 17376, 17386, 17392, 17396, 17397, 17402, 17407]
146.6 :   51 : [17341, 17342, 17343, 17344, 17349, 17351, 17352, 17353, 17355, 17361, 17362, 17363, 17365, 17366, 17367, 17369, 17371, 17378, 17382, 17384, 17385, 17388, 17389, 17394, 17395, 17399, 17400, 17401, 17403, 17404, 17406, 17409, 17411, 17412, 17413, 17414, 17415, 17416, 17417, 17419, 17423, 17424, 17425, 17428, 17430, 17433, 17434, 17435, 17436, 17437, 17438]
146.7 :   33 : [17339, 17346, 17347, 17350, 17354, 17356, 17357, 17360, 17368, 17373, 17374, 17375, 17377, 17379, 17380, 17381, 17387, 17390, 17391, 17393, 17398, 17405, 17408, 17410, 17418, 17420, 17421, 17422, 17426, 17427, 17429, 17431, 17432]
146.8 :    3 : [17340, 17370, 17383]
147.9 :   13 : [17345, 17348, 17358, 17359, 17364, 17372, 17376, 17386, 17392, 17396, 17397, 17402, 17407]
148.7 :   32 : [17341, 17343, 17351, 17355, 17361, 17365, 17366, 17367, 17369, 17371, 17382, 17385, 17388, 17394, 17395, 17400, 17401, 17403, 17404, 17406, 17409, 17411, 17415, 17416, 17419, 17423, 17425, 17428, 17433, 17434, 17436, 17438]
148.8 :   51 : [17339, 17342, 17344, 17346, 17347, 17349, 17350, 17352, 17353, 17354, 17356, 17357, 17360, 17362, 17363, 17368, 17373, 17374, 17375, 17377, 17378, 17379, 17380, 17381, 17384, 17387, 17389, 17390, 17391, 17393, 17398, 17399, 17405, 17408, 17410, 17412, 17413, 17414, 17417, 17420, 17421, 17422, 17424, 17426, 17427, 17429, 17430, 17431, 17432, 17435, 17437]
148.9 :    4 : [17340, 17370, 17383, 17418]
150.0 :   12 : [17345, 17348, 17358, 17359, 17364, 17372, 17376, 17386, 17392, 17396, 17402, 17407]
150.1 :    1 : [17397]
150.8 :   11 : [17355, 17367, 17382, 17385, 17395, 17400, 17411, 17425, 17428, 17433, 17434]
150.9 :   71 : [17339, 17341, 17342, 17343, 17344, 17346, 17347, 17349, 17350, 17351, 17352, 17353, 17354, 17356, 17357, 17360, 17361, 17362, 17363, 17365, 17366, 17368, 17369, 17371, 17373, 17374, 17375, 17377, 17378, 17379, 17380, 17381, 17384, 17387, 17388, 17389, 17390, 17391, 17393, 17394, 17398, 17399, 17401, 17404, 17405, 17406, 17408, 17409, 17410, 17412, 17413, 17414, 17415, 17416, 17417, 17419, 17420, 17421, 17422, 17423, 17424, 17426, 17427, 17429, 17430, 17431, 17432, 17435, 17436, 17437, 17438]
151.0 :    4 : [17340, 17383, 17403, 17418]
151.1 :    1 : [17370]
152.1 :    1 : [17372]
152.2 :   12 : [17345, 17348, 17358, 17359, 17364, 17376, 17386, 17392, 17396, 17397, 17402, 17407]
152.9 :    5 : [17355, 17367, 17395, 17400, 17433]
153.0 :   61 : [17341, 17343, 17346, 17347, 17349, 17350, 17351, 17352, 17354, 17356, 17357, 17360, 17361, 17363, 17365, 17366, 17369, 17371, 17373, 17374, 17375, 17378, 17379, 17380, 17382, 17384, 17385, 17387, 17388, 17389, 17391, 17393, 17398, 17399, 17401, 17404, 17405, 17406, 17408, 17410, 17411, 17413, 17415, 17416, 17417, 17419, 17420, 17422, 17423, 17425, 17427, 17428, 17429, 17430, 17431, 17432, 17434, 17435, 17436, 17437, 17438]
153.1 :    7 : [17340, 17344, 17362, 17368, 17383, 17390, 17414]
153.2 :   14 : [17339, 17342, 17353, 17370, 17377, 17381, 17394, 17403, 17409, 17412, 17418, 17421, 17424, 17426]
154.3 :   13 : [17345, 17348, 17358, 17359, 17364, 17372, 17376, 17386, 17392, 17396, 17397, 17402, 17407]
155.0 :    5 : [17355, 17367, 17395, 17400, 17433]
155.1 :    3 : [17354, 17398, 17434]
155.2 :   25 : [17340, 17341, 17343, 17347, 17349, 17351, 17360, 17362, 17365, 17373, 17375, 17379, 17383, 17388, 17391, 17393, 17404, 17408, 17411, 17413, 17415, 17419, 17423, 17428, 17430]
155.3 :   50 : [17339, 17342, 17344, 17346, 17350, 17352, 17356, 17357, 17363, 17366, 17368, 17369, 17370, 17371, 17374, 17377, 17378, 17380, 17381, 17382, 17384, 17385, 17387, 17389, 17390, 17394, 17399, 17401, 17403, 17405, 17406, 17409, 17410, 17412, 17414, 17416, 17417, 17418, 17420, 17421, 17422, 17424, 17425, 17426, 17427, 17429, 17432, 17435, 17436, 17437]
155.4 :    4 : [17353, 17361, 17431, 17438]
156.4 :   13 : [17345, 17348, 17358, 17359, 17364, 17372, 17376, 17386, 17392, 17396, 17397, 17402, 17407]
157.2 :    6 : [17354, 17395, 17398, 17400, 17433, 17434]
157.3 :    2 : [17340, 17383]
157.4 :   32 : [17341, 17343, 17349, 17351, 17360, 17373, 17374, 17375, 17378, 17379, 17382, 17384, 17388, 17391, 17393, 17399, 17401, 17403, 17404, 17405, 17408, 17411, 17413, 17415, 17419, 17422, 17423, 17427, 17428, 17429, 17430, 17437]
157.5 :   33 : [17342, 17344, 17346, 17350, 17352, 17362, 17363, 17365, 17366, 17367, 17368, 17370, 17371, 17380, 17381, 17385, 17387, 17389, 17390, 17394, 17406, 17409, 17410, 17414, 17416, 17418, 17420, 17421, 17424, 17425, 17426, 17432, 17436]
157.6 :    6 : [17347, 17353, 17417, 17431, 17435, 17438]
157.7 :    8 : [17339, 17355, 17356, 17357, 17361, 17369, 17377, 17412]
158.5 :    8 : [17345, 17348, 17359, 17364, 17376, 17386, 17392, 17396]
158.6 :    5 : [17358, 17372, 17397, 17402, 17407]
159.3 :    2 : [17354, 17434]
159.4 :    1 : [17383]
159.5 :    9 : [17340, 17388, 17398, 17404, 17405, 17408, 17415, 17422, 17433]
159.6 :    5 : [17363, 17374, 17403, 17420, 17427]
159.7 :   15 : [17341, 17349, 17365, 17378, 17379, 17382, 17384, 17393, 17401, 17411, 17413, 17419, 17423, 17428, 17430]
159.8 :   27 : [17342, 17343, 17344, 17346, 17350, 17352, 17360, 17366, 17367, 17368, 17371, 17381, 17385, 17387, 17389, 17390, 17399, 17400, 17406, 17410, 17416, 17418, 17421, 17424, 17432, 17436, 17437]
159.9 :   28 : [17339, 17347, 17351, 17353, 17355, 17356, 17357, 17361, 17362, 17369, 17370, 17373, 17375, 17377, 17380, 17391, 17394, 17395, 17409, 17412, 17414, 17417, 17425, 17426, 17429, 17431, 17435, 17438]
160.6 :    1 : [17345]
160.8 :    6 : [17358, 17359, 17364, 17376, 17392, 17396]
161.1 :    1 : [17348]
161.2 :    2 : [17397, 17402]
161.3 :    3 : [17372, 17386, 17407]
161.4 :    1 : [17354]
161.5 :    1 : [17383]
161.6 :    7 : [17340, 17404, 17405, 17408, 17415, 17422, 17434]
161.8 :    7 : [17374, 17378, 17398, 17403, 17419, 17427, 17430]
161.9 :   10 : [17343, 17344, 17360, 17367, 17381, 17388, 17390, 17393, 17421, 17432]
162.0 :   11 : [17353, 17356, 17361, 17370, 17373, 17389, 17394, 17411, 17426, 17433, 17438]
162.1 :   11 : [17346, 17349, 17351, 17377, 17385, 17395, 17413, 17418, 17420, 17425, 17435]
162.2 :   28 : [17341, 17342, 17350, 17352, 17357, 17362, 17363, 17365, 17366, 17368, 17371, 17379, 17382, 17384, 17391, 17399, 17401, 17409, 17410, 17412, 17414, 17416, 17417, 17423, 17424, 17428, 17429, 17431]
162.3 :    2 : [17406, 17437]
162.4 :    9 : [17339, 17347, 17355, 17369, 17375, 17380, 17387, 17400, 17436]
162.7 :    1 : [17345]
162.9 :    4 : [17359, 17364, 17376, 17392]
163.0 :    2 : [17358, 17396]
163.5 :    1 : [17354]
163.6 :    1 : [17383]
163.7 :    9 : [17340, 17348, 17397, 17404, 17405, 17408, 17415, 17422, 17434]
163.8 :    2 : [17386, 17402]
163.9 :    3 : [17378, 17398, 17430]
164.0 :    8 : [17374, 17388, 17390, 17393, 17403, 17407, 17419, 17427]
164.1 :   15 : [17344, 17353, 17356, 17360, 17361, 17370, 17372, 17381, 17389, 17394, 17411, 17421, 17426, 17432, 17438]
164.3 :    2 : [17417, 17423]
164.4 :    4 : [17366, 17377, 17406, 17429]
164.5 :   33 : [17339, 17342, 17343, 17347, 17349, 17351, 17352, 17355, 17362, 17363, 17367, 17368, 17369, 17373, 17379, 17380, 17382, 17384, 17391, 17395, 17399, 17400, 17410, 17412, 17413, 17414, 17416, 17418, 17420, 17424, 17428, 17433, 17436]
164.6 :   14 : [17341, 17346, 17350, 17357, 17365, 17371, 17375, 17385, 17387, 17401, 17409, 17425, 17431, 17435]
164.7 :    1 : [17437]
164.8 :    1 : [17345]
165.1 :    6 : [17358, 17359, 17364, 17376, 17392, 17396]
165.8 :    2 : [17348, 17408]
165.9 :    9 : [17340, 17386, 17397, 17402, 17404, 17405, 17415, 17422, 17434]
166.1 :   11 : [17354, 17374, 17378, 17388, 17390, 17393, 17398, 17407, 17419, 17427, 17430]
166.2 :   16 : [17344, 17353, 17356, 17360, 17361, 17370, 17372, 17381, 17389, 17394, 17403, 17411, 17421, 17426, 17432, 17438]
166.4 :    2 : [17417, 17423]
166.5 :    5 : [17366, 17377, 17383, 17406, 17429]
166.6 :   33 : [17339, 17342, 17343, 17347, 17349, 17351, 17352, 17355, 17362, 17363, 17367, 17368, 17369, 17373, 17379, 17380, 17382, 17384, 17391, 17395, 17399, 17400, 17410, 17412, 17413, 17414, 17416, 17418, 17420, 17424, 17428, 17433, 17436]
166.7 :   14 : [17341, 17346, 17350, 17357, 17365, 17371, 17375, 17385, 17387, 17401, 17409, 17425, 17431, 17435]
166.8 :    1 : [17437]
166.9 :    1 : [17345]
167.2 :    6 : [17358, 17359, 17364, 17376, 17392, 17396]
167.9 :    1 : [17408]
168.0 :    8 : [17340, 17348, 17386, 17397, 17402, 17404, 17405, 17422]
168.1 :    2 : [17415, 17434]
168.2 :    1 : [17388]
168.3 :   17 : [17353, 17354, 17356, 17361, 17370, 17378, 17381, 17389, 17390, 17393, 17394, 17398, 17403, 17407, 17421, 17427, 17430]
168.4 :    9 : [17344, 17360, 17372, 17374, 17411, 17419, 17426, 17432, 17438]
168.5 :    2 : [17417, 17423]
168.6 :    4 : [17366, 17377, 17383, 17406]
168.7 :   34 : [17339, 17342, 17343, 17347, 17349, 17351, 17352, 17355, 17362, 17363, 17367, 17368, 17369, 17373, 17379, 17380, 17382, 17384, 17391, 17395, 17399, 17400, 17410, 17412, 17413, 17414, 17416, 17418, 17420, 17424, 17428, 17429, 17433, 17436]
168.8 :   14 : [17341, 17346, 17350, 17357, 17365, 17371, 17375, 17385, 17387, 17401, 17409, 17425, 17431, 17435]
168.9 :    1 : [17437]
169.0 :    1 : [17345]
169.3 :    6 : [17358, 17359, 17364, 17376, 17392, 17396]
170.0 :    1 : [17408]
170.1 :    8 : [17340, 17348, 17386, 17397, 17402, 17404, 17405, 17422]
170.2 :    2 : [17415, 17434]
170.3 :    1 : [17388]
170.4 :   17 : [17353, 17354, 17356, 17361, 17370, 17378, 17381, 17389, 17390, 17393, 17394, 17398, 17403, 17407, 17421, 17427, 17430]
170.5 :    9 : [17344, 17360, 17372, 17374, 17411, 17419, 17426, 17432, 17438]
170.6 :    2 : [17417, 17423]
170.7 :    4 : [17366, 17377, 17383, 17406]
170.8 :   34 : [17339, 17342, 17343, 17347, 17349, 17351, 17352, 17355, 17362, 17363, 17367, 17368, 17369, 17373, 17379, 17380, 17382, 17384, 17391, 17395, 17399, 17400, 17410, 17412, 17413, 17414, 17416, 17418, 17420, 17424, 17428, 17429, 17433, 17436]
170.9 :   14 : [17341, 17346, 17350, 17357, 17365, 17371, 17375, 17385, 17387, 17401, 17409, 17425, 17431, 17435]
171.0 :    1 : [17437]
171.1 :    1 : [17345]
171.4 :    6 : [17358, 17359, 17364, 17376, 17392, 17396]
172.1 :    1 : [17408]
172.2 :    8 : [17340, 17348, 17386, 17397, 17402, 17404, 17405, 17422]
172.3 :    2 : [17415, 17434]
172.4 :    1 : [17388]
172.5 :   17 : [17353, 17354, 17356, 17361, 17370, 17378, 17381, 17389, 17390, 17393, 17394, 17398, 17403, 17407, 17421, 17427, 17430]
172.6 :    9 : [17344, 17360, 17372, 17374, 17411, 17419, 17426, 17432, 17438]
172.7 :    2 : [17417, 17423]
172.8 :    4 : [17366, 17377, 17383, 17406]
172.9 :   34 : [17339, 17342, 17343, 17347, 17349, 17351, 17352, 17355, 17362, 17363, 17367, 17368, 17369, 17373, 17379, 17380, 17382, 17384, 17391, 17395, 17399, 17400, 17410, 17412, 17413, 17414, 17416, 17418, 17420, 17424, 17428, 17429, 17433, 17436]
173.0 :   14 : [17341, 17346, 17350, 17357, 17365, 17371, 17375, 17385, 17387, 17401, 17409, 17425, 17431, 17435]
173.1 :    1 : [17437]
173.2 :    1 : [17345]
173.5 :    6 : [17358, 17359, 17364, 17376, 17392, 17396]
174.2 :    1 : [17408]
174.3 :    8 : [17340, 17348, 17386, 17397, 17402, 17404, 17405, 17422]
174.4 :    2 : [17415, 17434]
174.5 :    1 : [17388]
174.6 :   17 : [17353, 17354, 17356, 17361, 17370, 17378, 17381, 17389, 17390, 17393, 17394, 17398, 17403, 17407, 17421, 17427, 17430]
174.7 :    9 : [17344, 17360, 17372, 17374, 17411, 17419, 17426, 17432, 17438]
174.8 :    2 : [17417, 17423]
174.9 :    4 : [17366, 17377, 17383, 17406]
175.0 :   34 : [17339, 17342, 17343, 17347, 17349, 17351, 17352, 17355, 17362, 17363, 17367, 17368, 17369, 17373, 17379, 17380, 17382, 17384, 17391, 17395, 17399, 17400, 17410, 17412, 17413, 17414, 17416, 17418, 17420, 17424, 17428, 17429, 17433, 17436]
175.1 :   14 : [17341, 17346, 17350, 17357, 17365, 17371, 17375, 17385, 17387, 17401, 17409, 17425, 17431, 17435]
175.2 :    1 : [17437]
175.3 :    1 : [17345]
175.6 :    6 : [17358, 17359, 17364, 17376, 17392, 17396]
176.3 :    1 : [17408]
176.4 :    8 : [17340, 17348, 17386, 17397, 17402, 17404, 17405, 17422]
176.5 :    2 : [17415, 17434]
176.6 :    1 : [17388]
176.7 :   17 : [17353, 17354, 17356, 17361, 17370, 17378, 17381, 17389, 17390, 17393, 17394, 17398, 17403, 17407, 17421, 17427, 17430]
176.8 :    9 : [17344, 17360, 17372, 17374, 17411, 17419, 17426, 17432, 17438]
176.9 :    2 : [17417, 17423]
177.0 :    4 : [17366, 17377, 17383, 17406]
177.1 :   34 : [17339, 17342, 17343, 17347, 17349, 17351, 17352, 17355, 17362, 17363, 17367, 17368, 17369, 17373, 17379, 17380, 17382, 17384, 17391, 17395, 17399, 17400, 17410, 17412, 17413, 17414, 17416, 17418, 17420, 17424, 17428, 17429, 17433, 17436]
177.2 :   14 : [17341, 17346, 17350, 17357, 17365, 17371, 17375, 17385, 17387, 17401, 17409, 17425, 17431, 17435]
177.3 :    1 : [17437]
177.4 :    1 : [17345]
177.7 :    6 : [17358, 17359, 17364, 17376, 17392, 17396]
178.4 :    1 : [17408]
178.5 :    8 : [17340, 17348, 17386, 17397, 17402, 17404, 17405, 17422]
178.6 :    2 : [17415, 17434]
178.7 :    1 : [17388]
178.8 :   16 : [17353, 17354, 17356, 17361, 17370, 17378, 17381, 17389, 17393, 17394, 17398, 17403, 17407, 17421, 17427, 17430]
178.9 :    8 : [17344, 17360, 17372, 17374, 17411, 17419, 17426, 17438]
179.1 :    3 : [17366, 17377, 17383]
179.2 :   11 : [17339, 17342, 17352, 17363, 17382, 17384, 17399, 17412, 17414, 17418, 17424]
179.3 :    7 : [17350, 17357, 17385, 17406, 17420, 17431, 17435]
179.4 :    1 : [17365]
179.5 :    2 : [17341, 17345]
179.6 :    6 : [17373, 17395, 17400, 17417, 17432, 17437]
179.7 :    6 : [17346, 17362, 17368, 17387, 17423, 17436]
179.8 :   16 : [17351, 17358, 17359, 17364, 17367, 17369, 17371, 17376, 17379, 17390, 17392, 17396, 17401, 17413, 17416, 17433]
179.9 :    8 : [17343, 17349, 17375, 17380, 17391, 17410, 17425, 17429]
180.0 :    2 : [17347, 17409]
180.1 :    1 : [17355]
180.2 :    1 : [17428]
180.6 :    5 : [17340, 17348, 17386, 17397, 17402]
180.7 :    1 : [17415]
180.8 :    1 : [17434]
180.9 :    7 : [17354, 17361, 17388, 17393, 17398, 17403, 17407]
181.0 :    5 : [17353, 17360, 17372, 17404, 17419]
181.1 :    3 : [17356, 17408, 17427]
181.2 :    2 : [17383, 17394]
181.3 :    8 : [17352, 17363, 17370, 17381, 17382, 17384, 17414, 17424]
181.4 :    5 : [17342, 17366, 17378, 17426, 17435]
181.5 :    3 : [17385, 17411, 17422]
181.6 :    5 : [17345, 17357, 17374, 17405, 17430]
181.7 :    4 : [17350, 17421, 17431, 17438]
181.8 :    4 : [17344, 17365, 17399, 17406]
181.9 :    8 : [17358, 17359, 17364, 17376, 17389, 17392, 17396, 17420]
182.0 :    8 : [17373, 17377, 17400, 17412, 17417, 17418, 17432, 17437]
182.1 :    4 : [17341, 17362, 17368, 17387]
182.2 :   10 : [17346, 17351, 17371, 17395, 17401, 17413, 17416, 17423, 17433, 17436]
182.3 :    5 : [17339, 17367, 17369, 17375, 17410]
182.4 :    8 : [17347, 17379, 17380, 17390, 17391, 17409, 17425, 17429]
182.5 :    2 : [17343, 17349]
182.6 :    1 : [17355]
182.7 :    6 : [17340, 17348, 17386, 17397, 17402, 17428]
183.0 :    1 : [17407]
183.1 :    1 : [17372]
183.3 :    3 : [17354, 17383, 17415]
183.4 :    2 : [17398, 17434]
183.5 :    5 : [17360, 17388, 17393, 17403, 17419]
183.6 :    3 : [17353, 17361, 17404]
183.7 :    3 : [17345, 17408, 17427]
183.8 :    2 : [17356, 17394]
183.9 :    7 : [17352, 17363, 17370, 17382, 17384, 17414, 17424]
184.0 :    7 : [17342, 17366, 17376, 17378, 17381, 17392, 17435]
184.1 :    4 : [17385, 17411, 17422, 17426]
184.2 :    3 : [17357, 17405, 17430]
184.3 :    5 : [17350, 17374, 17421, 17431, 17438]
184.4 :    4 : [17344, 17364, 17396, 17399]
184.5 :    2 : [17365, 17389]
184.6 :    3 : [17377, 17406, 17412]
184.7 :    5 : [17358, 17373, 17418, 17420, 17432]
184.8 :    8 : [17341, 17362, 17368, 17387, 17400, 17402, 17417, 17437]
184.9 :    6 : [17339, 17395, 17401, 17413, 17416, 17436]
185.0 :    9 : [17346, 17351, 17367, 17371, 17375, 17397, 17410, 17423, 17433]
185.1 :    6 : [17347, 17369, 17379, 17380, 17391, 17425]
185.2 :    5 : [17343, 17359, 17390, 17409, 17429]
185.3 :    2 : [17340, 17349]
185.4 :    1 : [17355]
185.5 :    1 : [17386]
185.6 :    3 : [17372, 17407, 17428]
185.7 :    1 : [17348]
186.0 :    2 : [17354, 17398]
186.1 :    1 : [17415]
186.2 :    2 : [17383, 17434]
186.3 :    2 : [17360, 17419]
186.4 :    4 : [17361, 17388, 17393, 17403]
186.5 :    2 : [17353, 17404]
186.6 :    4 : [17345, 17356, 17408, 17427]
186.7 :    2 : [17394, 17424]
186.8 :    9 : [17352, 17363, 17370, 17381, 17382, 17384, 17396, 17414, 17435]
186.9 :    3 : [17342, 17366, 17378]
187.0 :    6 : [17357, 17364, 17385, 17411, 17422, 17426]
187.1 :    5 : [17358, 17374, 17392, 17405, 17430]
187.2 :    5 : [17350, 17376, 17421, 17431, 17438]
187.3 :    3 : [17344, 17399, 17402]
187.4 :    1 : [17389]
187.5 :    4 : [17365, 17377, 17397, 17412]
187.6 :    2 : [17406, 17418]
187.7 :    1 : [17373]
187.8 :    8 : [17339, 17362, 17387, 17400, 17417, 17420, 17432, 17437]
187.9 :    5 : [17341, 17359, 17368, 17401, 17416]
188.0 :    9 : [17340, 17351, 17367, 17371, 17395, 17410, 17413, 17433, 17436]
188.1 :    7 : [17346, 17347, 17375, 17380, 17386, 17391, 17423]
188.2 :    7 : [17369, 17372, 17379, 17407, 17409, 17425, 17429]
188.3 :    2 : [17343, 17390]
188.4 :    2 : [17348, 17349]
188.5 :    1 : [17355]
188.7 :    1 : [17428]
189.0 :    3 : [17354, 17383, 17398]
189.3 :    2 : [17345, 17415]
189.4 :    1 : [17434]
189.5 :    2 : [17360, 17419]
189.6 :    4 : [17388, 17393, 17396, 17403]
189.7 :    3 : [17353, 17361, 17404]
189.8 :    4 : [17356, 17364, 17408, 17427]
189.9 :    4 : [17376, 17392, 17394, 17424]
190.0 :    7 : [17352, 17358, 17363, 17370, 17382, 17384, 17414]
190.1 :    5 : [17342, 17366, 17378, 17381, 17435]
190.2 :    6 : [17357, 17385, 17402, 17411, 17422, 17426]
190.3 :    4 : [17374, 17397, 17405, 17430]
190.4 :    3 : [17350, 17421, 17431]
190.5 :    3 : [17344, 17399, 17438]
190.7 :    3 : [17359, 17377, 17389]
190.8 :    2 : [17412, 17418]
190.9 :    1 : [17365]
191.0 :    2 : [17339, 17340]
191.1 :    5 : [17372, 17373, 17386, 17406, 17407]
191.2 :    9 : [17341, 17362, 17368, 17387, 17400, 17417, 17420, 17432, 17437]
191.3 :    4 : [17348, 17401, 17413, 17416]
191.4 :    8 : [17351, 17367, 17371, 17375, 17410, 17415, 17433, 17436]
191.5 :    7 : [17346, 17347, 17380, 17391, 17395, 17425, 17434]
191.6 :    6 : [17360, 17369, 17409, 17419, 17423, 17429]
191.7 :    3 : [17379, 17390, 17403]
191.8 :    1 : [17343]
191.9 :    2 : [17349, 17356]
192.0 :    3 : [17355, 17383, 17424]
192.2 :    2 : [17378, 17428]
192.3 :    4 : [17354, 17357, 17398, 17422]
192.4 :    3 : [17345, 17374, 17405]
192.5 :    1 : [17421]
192.6 :    1 : [17399]
192.7 :    1 : [17396]
192.8 :    1 : [17377]
192.9 :    2 : [17364, 17418]
193.0 :    3 : [17365, 17376, 17392]
193.1 :    2 : [17358, 17388]
193.2 :    3 : [17373, 17393, 17406]
193.3 :   14 : [17341, 17353, 17361, 17362, 17368, 17387, 17400, 17402, 17404, 17417, 17420, 17427, 17432, 17437]
193.4 :    5 : [17397, 17401, 17408, 17413, 17416]
193.5 :    9 : [17351, 17367, 17370, 17371, 17375, 17394, 17410, 17433, 17436]
193.6 :   12 : [17346, 17347, 17352, 17363, 17380, 17382, 17384, 17391, 17395, 17414, 17425, 17435]
193.7 :    7 : [17342, 17366, 17369, 17381, 17409, 17423, 17429]
193.8 :    5 : [17379, 17385, 17390, 17411, 17426]
193.9 :    2 : [17343, 17430]
194.0 :    4 : [17349, 17350, 17359, 17431]
194.1 :    3 : [17344, 17355, 17438]
194.3 :    5 : [17340, 17372, 17386, 17389, 17428]
194.4 :    4 : [17354, 17398, 17407, 17412]
194.5 :    1 : [17348]
194.6 :    1 : [17339]
194.8 :    1 : [17415]
195.0 :    2 : [17360, 17434]
195.1 :    1 : [17419]
195.2 :    2 : [17388, 17403]
195.3 :    2 : [17393, 17406]
195.4 :    9 : [17353, 17356, 17361, 17362, 17368, 17383, 17404, 17420, 17427]
195.5 :    3 : [17408, 17413, 17424]
195.6 :    4 : [17370, 17375, 17394, 17436]
195.7 :   11 : [17346, 17352, 17363, 17378, 17382, 17384, 17395, 17414, 17422, 17425, 17435]
195.8 :    7 : [17342, 17345, 17357, 17366, 17369, 17381, 17423]
195.9 :    7 : [17374, 17379, 17385, 17390, 17405, 17411, 17426]
196.0 :    3 : [17343, 17421, 17430]
196.1 :    4 : [17349, 17350, 17399, 17431]
196.2 :    4 : [17344, 17355, 17396, 17438]
196.3 :    2 : [17364, 17377]
196.4 :    6 : [17340, 17372, 17386, 17389, 17418, 17428]
196.5 :    3 : [17376, 17392, 17412]
196.6 :    2 : [17348, 17358]
196.7 :    2 : [17339, 17365]
196.8 :    1 : [17402]
196.9 :    2 : [17397, 17415]
197.0 :    6 : [17373, 17387, 17400, 17417, 17432, 17437]
197.1 :    4 : [17341, 17360, 17416, 17434]
197.2 :    5 : [17351, 17367, 17371, 17401, 17419]
197.3 :    4 : [17388, 17403, 17410, 17433]
197.4 :    6 : [17347, 17380, 17391, 17393, 17406, 17429]
197.5 :    9 : [17353, 17356, 17361, 17362, 17383, 17404, 17409, 17420, 17427]
197.6 :    3 : [17359, 17408, 17424]
197.7 :    4 : [17370, 17375, 17394, 17436]
197.8 :   11 : [17346, 17352, 17363, 17378, 17382, 17384, 17395, 17414, 17422, 17425, 17435]
197.9 :    7 : [17342, 17345, 17357, 17366, 17369, 17381, 17423]
198.0 :    9 : [17354, 17374, 17379, 17385, 17390, 17405, 17407, 17411, 17426]
198.1 :    4 : [17343, 17398, 17421, 17430]
198.2 :    4 : [17349, 17350, 17399, 17431]
198.3 :    4 : [17344, 17355, 17396, 17438]
198.4 :    2 : [17364, 17377]
198.5 :    3 : [17389, 17418, 17428]
198.6 :    3 : [17376, 17392, 17412]
198.7 :    1 : [17358]
198.8 :    1 : [17339]
198.9 :    2 : [17365, 17402]
199.0 :    1 : [17397]
199.2 :    2 : [17373, 17415]
199.3 :    9 : [17341, 17360, 17368, 17387, 17400, 17417, 17432, 17434, 17437]
199.4 :    7 : [17367, 17371, 17388, 17401, 17413, 17416, 17419]
199.5 :    6 : [17351, 17393, 17403, 17406, 17410, 17433]
199.6 :    9 : [17347, 17353, 17361, 17362, 17383, 17391, 17404, 17420, 17427]
199.7 :    6 : [17356, 17359, 17380, 17408, 17409, 17429]
199.8 :    5 : [17370, 17375, 17394, 17424, 17436]
199.9 :   10 : [17346, 17352, 17363, 17372, 17382, 17384, 17386, 17395, 17414, 17425]
200.0 :    8 : [17340, 17342, 17366, 17369, 17378, 17381, 17423, 17435]
200.1 :   10 : [17348, 17354, 17357, 17379, 17385, 17390, 17407, 17411, 17422, 17426]
200.2 :    4 : [17343, 17374, 17405, 17430]
200.3 :    5 : [17349, 17350, 17398, 17421, 17431]
200.4 :    5 : [17344, 17355, 17396, 17399, 17438]
200.5 :    1 : [17364]
200.6 :    1 : [17389]
200.7 :    5 : [17376, 17377, 17392, 17412, 17428]
200.8 :    2 : [17358, 17418]
200.9 :    1 : [17339]
201.0 :    1 : [17402]
201.1 :    1 : [17397]
201.3 :    1 : [17365]
201.6 :    1 : [17415]
201.7 :    8 : [17341, 17345, 17373, 17383, 17387, 17400, 17417, 17437]
201.8 :    7 : [17359, 17360, 17362, 17368, 17416, 17432, 17434]
201.9 :    8 : [17367, 17371, 17388, 17393, 17401, 17406, 17413, 17419]
202.0 :    9 : [17351, 17353, 17372, 17375, 17386, 17403, 17404, 17410, 17433]
202.1 :    7 : [17347, 17361, 17380, 17391, 17408, 17425, 17427]
202.2 :    7 : [17340, 17356, 17394, 17407, 17409, 17420, 17429]
202.3 :    9 : [17348, 17352, 17363, 17370, 17382, 17384, 17414, 17424, 17436]
202.4 :    2 : [17346, 17395]
202.5 :   12 : [17342, 17354, 17357, 17366, 17369, 17378, 17381, 17385, 17396, 17411, 17423, 17435]
202.6 :    6 : [17364, 17379, 17398, 17422, 17426, 17430]
202.7 :    5 : [17343, 17350, 17374, 17390, 17405]
202.8 :    4 : [17376, 17392, 17421, 17431]
202.9 :    5 : [17344, 17349, 17358, 17399, 17438]
203.0 :    1 : [17355]
203.1 :    2 : [17389, 17402]
203.2 :    2 : [17377, 17397]
203.3 :    2 : [17412, 17428]
203.4 :    2 : [17339, 17418]
203.8 :    1 : [17383]
203.9 :    2 : [17345, 17359]
204.1 :    1 : [17365]
204.3 :    3 : [17372, 17386, 17407]
204.4 :    1 : [17415]
204.5 :    4 : [17341, 17373, 17387, 17437]
204.6 :    9 : [17340, 17348, 17360, 17368, 17396, 17400, 17417, 17432, 17434]
204.7 :   10 : [17362, 17364, 17367, 17371, 17388, 17393, 17401, 17413, 17416, 17419]
204.8 :    4 : [17351, 17353, 17404, 17410]
204.9 :    9 : [17347, 17375, 17376, 17392, 17403, 17406, 17425, 17427, 17433]
205.0 :    7 : [17356, 17361, 17380, 17391, 17408, 17409, 17429]
205.1 :    6 : [17354, 17358, 17370, 17382, 17394, 17424]
205.2 :    4 : [17352, 17363, 17384, 17414]
205.3 :    9 : [17342, 17366, 17381, 17397, 17398, 17402, 17411, 17435, 17436]
205.4 :    7 : [17346, 17357, 17378, 17385, 17395, 17420, 17422]
205.5 :    4 : [17350, 17374, 17426, 17430]
205.6 :    4 : [17369, 17405, 17423, 17431]
205.7 :    3 : [17344, 17379, 17421]
205.8 :    4 : [17343, 17390, 17399, 17438]
206.1 :    4 : [17349, 17377, 17383, 17389]
206.2 :    2 : [17355, 17412]
206.3 :    2 : [17339, 17418]
206.4 :    2 : [17345, 17359]
206.6 :    1 : [17428]
206.8 :    2 : [17372, 17407]
206.9 :    1 : [17386]
207.1 :    1 : [17348]
207.2 :    2 : [17340, 17396]
207.3 :    2 : [17364, 17376]
207.5 :    1 : [17392]
207.8 :    1 : [17358]
207.9 :    2 : [17365, 17397]
208.0 :    1 : [17402]
208.4 :    3 : [17341, 17354, 17415]
208.5 :    1 : [17360]
208.6 :    2 : [17368, 17387]
208.7 :    8 : [17367, 17371, 17373, 17398, 17401, 17413, 17416, 17437]
208.8 :    1 : [17417]
208.9 :    3 : [17388, 17393, 17400]
209.0 :    3 : [17351, 17353, 17383]
209.1 :    3 : [17404, 17410, 17434]
209.2 :    3 : [17347, 17425, 17427]
209.3 :    7 : [17345, 17359, 17362, 17382, 17408, 17429, 17432]
209.4 :    3 : [17356, 17370, 17419]
209.5 :    3 : [17375, 17391, 17409]
209.6 :    2 : [17357, 17411]
209.7 :    3 : [17363, 17372, 17384]
209.8 :    2 : [17350, 17407]
209.9 :    2 : [17386, 17424]
210.0 :    2 : [17352, 17430]
210.1 :    3 : [17348, 17374, 17433]
210.2 :    1 : [17414]
210.3 :    2 : [17376, 17396]
210.4 :    1 : [17385]
210.5 :    1 : [17364]
210.6 :    1 : [17340]
210.7 :    1 : [17392]
211.0 :    1 : [17397]
211.2 :    1 : [17358]
211.3 :    1 : [17402]
316.7 :   28 : [17342, 17345, 17346, 17352, 17355, 17357, 17360, 17362, 17369, 17381, 17391, 17393, 17394, 17404, 17406, 17407, 17410, 17414, 17419, 17421, 17424, 17426, 17427, 17431, 17432, 17434, 17435, 17436]
316.8 :   10 : [17340, 17343, 17353, 17356, 17370, 17374, 17383, 17403, 17418, 17422]
318.8 :    1 : [17407]
319.3 :   12 : [17346, 17352, 17355, 17362, 17391, 17393, 17406, 17410, 17414, 17431, 17434, 17435]
319.4 :   22 : [17342, 17343, 17345, 17353, 17356, 17357, 17360, 17369, 17370, 17374, 17381, 17394, 17403, 17404, 17418, 17419, 17421, 17424, 17426, 17427, 17432, 17436]
319.5 :    2 : [17340, 17383]
320.9 :    1 : [17407]
321.4 :   12 : [17346, 17352, 17355, 17362, 17391, 17393, 17406, 17410, 17414, 17431, 17434, 17435]
321.5 :   17 : [17342, 17343, 17353, 17356, 17360, 17369, 17374, 17381, 17394, 17404, 17418, 17419, 17424, 17426, 17427, 17432, 17436]
321.6 :    5 : [17345, 17357, 17370, 17403, 17421]
321.7 :    2 : [17340, 17383]
323.0 :    1 : [17407]
323.5 :   12 : [17346, 17352, 17355, 17362, 17391, 17393, 17406, 17410, 17414, 17431, 17434, 17435]
323.6 :    7 : [17342, 17343, 17353, 17374, 17426, 17432, 17436]
323.7 :    7 : [17356, 17357, 17369, 17370, 17381, 17394, 17427]
323.8 :    5 : [17345, 17403, 17404, 17421, 17424]
323.9 :    5 : [17340, 17360, 17383, 17418, 17419]
325.1 :    1 : [17407]
325.6 :    3 : [17414, 17431, 17434]
325.9 :    2 : [17374, 17394]
326.0 :   25 : [17342, 17343, 17345, 17346, 17352, 17353, 17356, 17357, 17362, 17369, 17370, 17381, 17391, 17403, 17404, 17406, 17410, 17418, 17421, 17424, 17426, 17427, 17432, 17435, 17436]
326.1 :    6 : [17340, 17355, 17360, 17383, 17393, 17419]
327.2 :    1 : [17407]
327.7 :    3 : [17414, 17431, 17434]
328.0 :    1 : [17394]
328.1 :   24 : [17342, 17343, 17345, 17346, 17352, 17353, 17356, 17357, 17362, 17369, 17374, 17381, 17391, 17404, 17406, 17410, 17418, 17421, 17424, 17426, 17427, 17432, 17435, 17436]
328.2 :    2 : [17383, 17403]
328.3 :    6 : [17340, 17355, 17360, 17370, 17393, 17419]
329.3 :    1 : [17407]
329.8 :    3 : [17414, 17431, 17434]
330.1 :    1 : [17394]
330.3 :    3 : [17345, 17356, 17427]
330.4 :   27 : [17342, 17343, 17346, 17352, 17353, 17355, 17357, 17360, 17362, 17369, 17374, 17381, 17383, 17391, 17393, 17403, 17404, 17406, 17410, 17418, 17419, 17421, 17424, 17426, 17432, 17435, 17436]
330.5 :    2 : [17340, 17370]
331.4 :    1 : [17407]
331.9 :    3 : [17414, 17431, 17434]
332.4 :    2 : [17356, 17427]
332.5 :   17 : [17345, 17346, 17357, 17360, 17369, 17374, 17381, 17383, 17391, 17393, 17403, 17404, 17419, 17421, 17424, 17426, 17432]
332.6 :   14 : [17340, 17342, 17343, 17352, 17353, 17355, 17362, 17370, 17394, 17406, 17410, 17418, 17435, 17436]
333.5 :    1 : [17407]
334.0 :    3 : [17414, 17431, 17434]
334.5 :    2 : [17356, 17427]
334.6 :   16 : [17345, 17346, 17357, 17360, 17369, 17374, 17381, 17383, 17391, 17393, 17403, 17404, 17419, 17421, 17424, 17432]
334.7 :   15 : [17340, 17342, 17343, 17352, 17353, 17355, 17362, 17370, 17394, 17406, 17410, 17418, 17426, 17435, 17436]
335.6 :    1 : [17407]
336.1 :    3 : [17414, 17431, 17434]
336.6 :    2 : [17356, 17427]
336.7 :   12 : [17345, 17346, 17357, 17369, 17374, 17381, 17383, 17391, 17403, 17404, 17421, 17424]
336.8 :   19 : [17340, 17342, 17343, 17352, 17353, 17355, 17360, 17362, 17370, 17393, 17394, 17406, 17410, 17418, 17419, 17426, 17432, 17435, 17436]
337.7 :    1 : [17407]
338.2 :    3 : [17414, 17431, 17434]
338.7 :    2 : [17356, 17427]
338.8 :   12 : [17345, 17346, 17357, 17369, 17374, 17381, 17383, 17391, 17403, 17404, 17421, 17424]
338.9 :   19 : [17340, 17342, 17343, 17352, 17353, 17355, 17360, 17362, 17370, 17393, 17394, 17406, 17410, 17418, 17419, 17426, 17432, 17435, 17436]
339.8 :    1 : [17407]
340.3 :    3 : [17414, 17431, 17434]
340.8 :    2 : [17356, 17427]
340.9 :   12 : [17345, 17346, 17357, 17369, 17374, 17381, 17383, 17391, 17403, 17404, 17421, 17424]
341.0 :   19 : [17340, 17342, 17343, 17352, 17353, 17355, 17360, 17362, 17370, 17393, 17394, 17406, 17410, 17418, 17419, 17426, 17432, 17435, 17436]
341.9 :    1 : [17407]
342.4 :    3 : [17414, 17431, 17434]
342.9 :    2 : [17356, 17427]
343.0 :   11 : [17345, 17346, 17357, 17369, 17374, 17381, 17383, 17391, 17403, 17421, 17424]
343.1 :   18 : [17340, 17342, 17343, 17352, 17353, 17355, 17362, 17370, 17393, 17394, 17404, 17406, 17410, 17418, 17426, 17432, 17435, 17436]
343.2 :    2 : [17360, 17419]
344.0 :    1 : [17407]
344.5 :    3 : [17414, 17431, 17434]
345.0 :    2 : [17356, 17427]
345.1 :   11 : [17345, 17346, 17357, 17369, 17374, 17381, 17383, 17391, 17403, 17421, 17424]
345.2 :    1 : [17340]
345.3 :   14 : [17342, 17343, 17352, 17355, 17362, 17393, 17394, 17406, 17410, 17418, 17419, 17432, 17435, 17436]
345.4 :    5 : [17353, 17360, 17370, 17404, 17426]
346.1 :    1 : [17407]
346.6 :    3 : [17414, 17431, 17434]
347.1 :    2 : [17356, 17427]
347.2 :    3 : [17345, 17383, 17403]
347.3 :    1 : [17346]
347.4 :   12 : [17340, 17342, 17343, 17352, 17355, 17369, 17391, 17410, 17421, 17424, 17432, 17435]
347.5 :    8 : [17357, 17360, 17370, 17374, 17381, 17393, 17404, 17419]
347.6 :    7 : [17353, 17362, 17394, 17406, 17418, 17426, 17436]
348.2 :    1 : [17407]
348.7 :    3 : [17414, 17431, 17434]
349.3 :    2 : [17345, 17383]
349.4 :    2 : [17356, 17403]
349.5 :   13 : [17340, 17342, 17343, 17346, 17352, 17369, 17391, 17410, 17421, 17424, 17427, 17432, 17435]
349.6 :    7 : [17355, 17357, 17360, 17370, 17381, 17404, 17419]
349.7 :    9 : [17353, 17362, 17374, 17393, 17394, 17406, 17418, 17426, 17436]
350.3 :    1 : [17407]
350.8 :    1 : [17434]
350.9 :    2 : [17414, 17431]
351.5 :    2 : [17345, 17383]
351.6 :   12 : [17342, 17343, 17346, 17352, 17356, 17369, 17391, 17403, 17410, 17421, 17424, 17435]
351.7 :    8 : [17340, 17355, 17357, 17360, 17381, 17419, 17427, 17432]
351.8 :   11 : [17353, 17362, 17370, 17374, 17393, 17394, 17404, 17406, 17418, 17426, 17436]
352.5 :    1 : [17407]
352.9 :    1 : [17434]
353.1 :    2 : [17414, 17431]
353.6 :    1 : [17383]
353.7 :    5 : [17343, 17345, 17346, 17410, 17435]
353.8 :   15 : [17342, 17352, 17355, 17356, 17357, 17360, 17369, 17381, 17391, 17403, 17419, 17421, 17424, 17427, 17432]
353.9 :    9 : [17340, 17353, 17370, 17374, 17393, 17394, 17404, 17418, 17426]
354.0 :    3 : [17362, 17406, 17436]
355.0 :    1 : [17434]
355.1 :    1 : [17407]
355.2 :    2 : [17414, 17431]
355.8 :    6 : [17343, 17345, 17346, 17383, 17410, 17435]
355.9 :   15 : [17342, 17352, 17355, 17356, 17357, 17360, 17369, 17381, 17391, 17403, 17419, 17421, 17424, 17427, 17432]
356.0 :    9 : [17340, 17353, 17370, 17374, 17393, 17394, 17404, 17418, 17426]
356.2 :    3 : [17362, 17406, 17436]
357.1 :    1 : [17434]
357.2 :    1 : [17407]
357.3 :    2 : [17414, 17431]
357.9 :    5 : [17343, 17345, 17346, 17410, 17435]
358.0 :   13 : [17342, 17352, 17355, 17356, 17357, 17369, 17381, 17383, 17391, 17419, 17421, 17427, 17432]
358.1 :    8 : [17360, 17370, 17393, 17394, 17403, 17404, 17418, 17424]
358.3 :    2 : [17340, 17426]
358.4 :    1 : [17362]
358.5 :    3 : [17353, 17406, 17436]
358.9 :    1 : [17374]
359.2 :    1 : [17434]
359.3 :    1 : [17407]
359.4 :    2 : [17414, 17431]
360.0 :    4 : [17343, 17346, 17410, 17435]
360.1 :    8 : [17342, 17352, 17355, 17356, 17357, 17369, 17391, 17421]
360.2 :    3 : [17370, 17383, 17393]
360.4 :    2 : [17403, 17424]
360.5 :    2 : [17360, 17362]
360.6 :    2 : [17340, 17426]
360.7 :    1 : [17404]
360.8 :    4 : [17345, 17353, 17394, 17418]
360.9 :    4 : [17406, 17419, 17432, 17436]
361.0 :    2 : [17381, 17427]
361.2 :    1 : [17374]
361.3 :    1 : [17434]
361.4 :    1 : [17407]
361.5 :    2 : [17414, 17431]
362.1 :    4 : [17343, 17346, 17410, 17435]
362.2 :    7 : [17342, 17352, 17355, 17356, 17357, 17391, 17421]
362.4 :    1 : [17370]
362.6 :    1 : [17383]
362.7 :    1 : [17424]
362.8 :    1 : [17360]
362.9 :    2 : [17403, 17426]
363.0 :    1 : [17404]
363.1 :    4 : [17340, 17345, 17394, 17418]
363.2 :    4 : [17353, 17369, 17393, 17419]
363.3 :    5 : [17362, 17406, 17427, 17432, 17436]
363.4 :    2 : [17381, 17434]
363.5 :    1 : [17407]
363.6 :    3 : [17374, 17414, 17431]
364.3 :    2 : [17343, 17346]
364.4 :    4 : [17342, 17355, 17391, 17410]
364.5 :    3 : [17356, 17357, 17421]
364.6 :    1 : [17352]
364.8 :    1 : [17435]
364.9 :    1 : [17370]
365.2 :    2 : [17383, 17424]
365.3 :    2 : [17360, 17426]
365.5 :    5 : [17369, 17394, 17404, 17418, 17434]
365.6 :    5 : [17345, 17362, 17393, 17403, 17407]
365.7 :    7 : [17353, 17406, 17419, 17427, 17431, 17432, 17436]
365.9 :    1 : [17381]
366.0 :    1 : [17340]
366.2 :    1 : [17374]
366.3 :    1 : [17414]
366.8 :    5 : [17343, 17346, 17355, 17391, 17410]
366.9 :    2 : [17342, 17356]
367.0 :    2 : [17352, 17357]
367.1 :    1 : [17421]
367.2 :    1 : [17435]
367.7 :    1 : [17370]
367.8 :    1 : [17431]
367.9 :    2 : [17424, 17434]
368.0 :    2 : [17360, 17426]
368.1 :    5 : [17362, 17369, 17383, 17394, 17418]
368.2 :    3 : [17393, 17404, 17406]
368.3 :    1 : [17436]
368.4 :    5 : [17345, 17353, 17407, 17419, 17432]
368.5 :    1 : [17427]
368.6 :    1 : [17403]
368.7 :    2 : [17381, 17414]
369.1 :    2 : [17340, 17374]
369.4 :    2 : [17391, 17410]
369.5 :    3 : [17343, 17346, 17355]
369.6 :    2 : [17352, 17356]
369.7 :    1 : [17342]
369.8 :    1 : [17435]
369.9 :    1 : [17357]
370.0 :    1 : [17421]
370.2 :    1 : [17431]
370.5 :    1 : [17434]
370.7 :    1 : [17370]
370.8 :    1 : [17407]
370.9 :    4 : [17362, 17369, 17394, 17426]
371.0 :    3 : [17406, 17418, 17424]
371.1 :    1 : [17360]
371.2 :    2 : [17393, 17436]
371.3 :    2 : [17383, 17404]
371.4 :    3 : [17345, 17414, 17419]
371.5 :    3 : [17353, 17427, 17432]
371.8 :    1 : [17381]
372.0 :    1 : [17403]
372.3 :    3 : [17374, 17391, 17410]
372.4 :    1 : [17355]
372.5 :    4 : [17343, 17346, 17352, 17356]
372.6 :    2 : [17340, 17435]
372.8 :    1 : [17342]
372.9 :    1 : [17431]
373.0 :    1 : [17357]
373.2 :    1 : [17421]
373.3 :    1 : [17434]
373.5 :    1 : [17407]
374.0 :    2 : [17362, 17369]
374.1 :    2 : [17370, 17403]
374.2 :    4 : [17394, 17406, 17418, 17426]
374.4 :    5 : [17360, 17374, 17393, 17414, 17424]
374.5 :    1 : [17436]
374.7 :    2 : [17340, 17404]
374.8 :    2 : [17345, 17419]
374.9 :    3 : [17383, 17427, 17432]
375.0 :    1 : [17353]
375.3 :    1 : [17381]
375.5 :    1 : [17410]
375.6 :    1 : [17391]
375.7 :    2 : [17352, 17355]
375.8 :    1 : [17435]
375.9 :    3 : [17343, 17346, 17356]
376.0 :    1 : [17431]
376.2 :    1 : [17370]
376.3 :    3 : [17342, 17418, 17426]
376.4 :    1 : [17434]
376.5 :    5 : [17357, 17360, 17393, 17407, 17424]
376.8 :    3 : [17340, 17404, 17421]
376.9 :    2 : [17345, 17419]
377.0 :    3 : [17383, 17427, 17432]
377.1 :    1 : [17353]
377.4 :    2 : [17362, 17381]
377.5 :    1 : [17369]
377.6 :    1 : [17410]
377.7 :    2 : [17406, 17414]
377.8 :    4 : [17352, 17355, 17394, 17403]
377.9 :    1 : [17374]
378.0 :    3 : [17343, 17346, 17356]
378.1 :    1 : [17436]
378.3 :    1 : [17370]
378.4 :    1 : [17342]
378.6 :    2 : [17357, 17360]
378.9 :    3 : [17340, 17404, 17421]
379.0 :    2 : [17345, 17419]
379.1 :    1 : [17383]
379.2 :    2 : [17353, 17391]
379.3 :    2 : [17431, 17435]
379.5 :    2 : [17362, 17381]
379.6 :    1 : [17369]
379.8 :    3 : [17406, 17414, 17418]
379.9 :    3 : [17394, 17407, 17426]
380.0 :    4 : [17374, 17393, 17403, 17434]
380.2 :    1 : [17436]
380.3 :    1 : [17424]
380.4 :    1 : [17370]
380.5 :    1 : [17342]
380.7 :    3 : [17357, 17360, 17432]
380.8 :    1 : [17427]
381.0 :    2 : [17404, 17421]
381.1 :    2 : [17345, 17419]
381.2 :    3 : [17340, 17383, 17410]
381.3 :    3 : [17352, 17353, 17391]
381.4 :    3 : [17355, 17431, 17435]
381.6 :    3 : [17356, 17362, 17381]
381.7 :    2 : [17343, 17369]
381.8 :    1 : [17346]
381.9 :    2 : [17406, 17418]
382.0 :    2 : [17394, 17407]
382.1 :    2 : [17426, 17434]
382.2 :    1 : [17393]
382.3 :    2 : [17374, 17436]
382.5 :    3 : [17370, 17403, 17424]
382.6 :    1 : [17342]
382.8 :    2 : [17357, 17360]
383.0 :    2 : [17427, 17432]
383.1 :    2 : [17404, 17421]
383.2 :    2 : [17345, 17419]
383.3 :    1 : [17410]
383.4 :    3 : [17352, 17353, 17391]
383.5 :    4 : [17355, 17414, 17431, 17435]
383.7 :    3 : [17362, 17381, 17383]
383.8 :    3 : [17340, 17356, 17369]
384.0 :    3 : [17343, 17346, 17406]
384.1 :    2 : [17394, 17418]
384.2 :    1 : [17434]
384.5 :    3 : [17393, 17426, 17436]
384.7 :    1 : [17342]
384.9 :    2 : [17370, 17374]
385.0 :    2 : [17360, 17424]
385.1 :    1 : [17357]
385.3 :    1 : [17403]
385.4 :    2 : [17404, 17419]
385.5 :    3 : [17421, 17427, 17432]
385.6 :    4 : [17345, 17391, 17410, 17435]
385.7 :    3 : [17352, 17407, 17414]
385.8 :    1 : [17362]
385.9 :    2 : [17353, 17355]
386.0 :    1 : [17369]
386.2 :    2 : [17356, 17381]
386.3 :    1 : [17434]
386.4 :    2 : [17343, 17406]
386.5 :    1 : [17346]
386.6 :    2 : [17383, 17394]
386.7 :    1 : [17418]
387.0 :    1 : [17393]
387.1 :    2 : [17426, 17436]
387.3 :    2 : [17340, 17342]
387.4 :    1 : [17431]
387.8 :    1 : [17357]
387.9 :    6 : [17360, 17370, 17374, 17407, 17424, 17435]
388.0 :    1 : [17414]
388.1 :    2 : [17391, 17410]
388.3 :    3 : [17352, 17419, 17432]
388.4 :    4 : [17362, 17404, 17421, 17427]
388.5 :    2 : [17355, 17434]
388.6 :    1 : [17345]
388.7 :    1 : [17369]
388.9 :    2 : [17353, 17356]
389.1 :    1 : [17406]
389.2 :    2 : [17343, 17403]
389.3 :    1 : [17346]
389.4 :    1 : [17381]
389.5 :    1 : [17394]
389.6 :    1 : [17418]
389.9 :    1 : [17431]
390.0 :    1 : [17393]
390.1 :    1 : [17436]
390.3 :    1 : [17426]
390.4 :    2 : [17342, 17407]
390.7 :    2 : [17414, 17435]
391.1 :    2 : [17391, 17410]
391.2 :    2 : [17352, 17434]
391.3 :    1 : [17357]
391.6 :    2 : [17355, 17362]
392.0 :    1 : [17369]
392.4 :    1 : [17356]
392.7 :    3 : [17360, 17406, 17431]
392.8 :    1 : [17419]
393.2 :    1 : [17407]
393.3 :    2 : [17343, 17346]
394.2 :    1 : [17414]
394.3 :    1 : [17435]
394.7 :    1 : [17434]
396.8 :    1 : [17431]
397.1 :    1 : [17407]
516.0 :   30 : [17340, 17342, 17343, 17345, 17346, 17352, 17353, 17355, 17357, 17360, 17362, 17369, 17370, 17374, 17381, 17383, 17391, 17393, 17403, 17406, 17410, 17414, 17418, 17424, 17426, 17427, 17432, 17434, 17435, 17436]
516.1 :    1 : [17407]
518.1 :    8 : [17340, 17345, 17353, 17383, 17403, 17410, 17414, 17434]
518.7 :   20 : [17342, 17343, 17346, 17352, 17355, 17357, 17360, 17362, 17369, 17374, 17381, 17391, 17393, 17406, 17418, 17424, 17427, 17432, 17435, 17436]
518.8 :    2 : [17370, 17426]
519.0 :    1 : [17407]
520.2 :    5 : [17340, 17345, 17383, 17414, 17434]
520.8 :   23 : [17342, 17343, 17346, 17352, 17353, 17355, 17357, 17360, 17362, 17369, 17374, 17381, 17391, 17393, 17403, 17406, 17410, 17418, 17424, 17427, 17432, 17435, 17436]
520.9 :    2 : [17370, 17426]
521.3 :    1 : [17407]
522.3 :    2 : [17414, 17434]
522.9 :    1 : [17393]
523.0 :   22 : [17342, 17343, 17346, 17352, 17355, 17357, 17360, 17362, 17369, 17370, 17374, 17381, 17391, 17406, 17410, 17418, 17424, 17426, 17427, 17432, 17435, 17436]
523.1 :    5 : [17340, 17345, 17353, 17383, 17403]
523.5 :    1 : [17407]
524.4 :    2 : [17414, 17434]
525.2 :   18 : [17342, 17343, 17346, 17352, 17355, 17360, 17362, 17369, 17374, 17406, 17410, 17418, 17424, 17426, 17427, 17432, 17435, 17436]
525.3 :    9 : [17340, 17345, 17353, 17357, 17370, 17381, 17391, 17393, 17403]
525.4 :    1 : [17383]
525.7 :    1 : [17407]
526.5 :    2 : [17414, 17434]
527.4 :   10 : [17342, 17343, 17352, 17360, 17369, 17374, 17391, 17406, 17410, 17427]
527.5 :   18 : [17340, 17345, 17346, 17353, 17355, 17357, 17362, 17370, 17381, 17383, 17393, 17403, 17418, 17424, 17426, 17432, 17435, 17436]
527.8 :    1 : [17407]
528.6 :    2 : [17414, 17434]
529.5 :    8 : [17343, 17352, 17360, 17374, 17391, 17406, 17410, 17427]
529.6 :   20 : [17340, 17342, 17345, 17346, 17353, 17355, 17357, 17362, 17369, 17370, 17381, 17383, 17393, 17403, 17418, 17424, 17426, 17432, 17435, 17436]
530.6 :    1 : [17407]
530.7 :    2 : [17414, 17434]
531.6 :    8 : [17343, 17352, 17360, 17374, 17391, 17406, 17410, 17427]
531.7 :   20 : [17340, 17342, 17345, 17346, 17353, 17355, 17357, 17362, 17369, 17370, 17381, 17383, 17393, 17403, 17418, 17424, 17426, 17432, 17435, 17436]
532.7 :    1 : [17407]
532.8 :    2 : [17414, 17434]
533.7 :    8 : [17343, 17352, 17360, 17374, 17391, 17406, 17410, 17427]
533.8 :   20 : [17340, 17342, 17345, 17346, 17353, 17355, 17357, 17362, 17369, 17370, 17381, 17383, 17393, 17403, 17418, 17424, 17426, 17432, 17435, 17436]
534.8 :    1 : [17407]
534.9 :    2 : [17414, 17434]
535.8 :    8 : [17343, 17352, 17360, 17374, 17391, 17406, 17410, 17427]
535.9 :   20 : [17340, 17342, 17345, 17346, 17353, 17355, 17357, 17362, 17369, 17370, 17381, 17383, 17393, 17403, 17418, 17424, 17426, 17432, 17435, 17436]
536.9 :    1 : [17407]
537.0 :    2 : [17414, 17434]
537.9 :    8 : [17343, 17352, 17360, 17374, 17391, 17406, 17410, 17427]
538.0 :   20 : [17340, 17342, 17345, 17346, 17353, 17355, 17357, 17362, 17369, 17370, 17381, 17383, 17393, 17403, 17418, 17424, 17426, 17432, 17435, 17436]
539.0 :    1 : [17407]
539.7 :    2 : [17414, 17434]
540.0 :    8 : [17343, 17352, 17360, 17374, 17391, 17406, 17410, 17427]
540.1 :   20 : [17340, 17342, 17345, 17346, 17353, 17355, 17357, 17362, 17369, 17370, 17381, 17383, 17393, 17403, 17418, 17424, 17426, 17432, 17435, 17436]
541.7 :    1 : [17407]
541.8 :    2 : [17414, 17434]
542.1 :    8 : [17343, 17352, 17360, 17374, 17391, 17406, 17410, 17427]
542.2 :    4 : [17345, 17357, 17369, 17370]
542.3 :    1 : [17346]
542.6 :   15 : [17340, 17342, 17353, 17355, 17362, 17381, 17383, 17393, 17403, 17418, 17424, 17426, 17432, 17435, 17436]
543.8 :    1 : [17407]
543.9 :    2 : [17414, 17434]
544.4 :    1 : [17346]
544.7 :   27 : [17340, 17342, 17343, 17345, 17352, 17353, 17355, 17357, 17360, 17362, 17369, 17370, 17374, 17381, 17383, 17391, 17393, 17403, 17406, 17410, 17418, 17424, 17426, 17427, 17432, 17435, 17436]
545.9 :    1 : [17407]
546.0 :    2 : [17414, 17434]
546.5 :    1 : [17346]
546.8 :   27 : [17340, 17342, 17343, 17345, 17352, 17353, 17355, 17357, 17360, 17362, 17369, 17370, 17374, 17381, 17383, 17391, 17393, 17403, 17406, 17410, 17418, 17424, 17426, 17427, 17432, 17435, 17436]
548.0 :    1 : [17407]
548.1 :    1 : [17434]
548.6 :    1 : [17346]
548.7 :    1 : [17414]
548.9 :   27 : [17340, 17342, 17343, 17345, 17352, 17353, 17355, 17357, 17360, 17362, 17369, 17370, 17374, 17381, 17383, 17391, 17393, 17403, 17406, 17410, 17418, 17424, 17426, 17427, 17432, 17435, 17436]
550.6 :    1 : [17434]
550.7 :    1 : [17346]
550.8 :    2 : [17407, 17414]
551.0 :   27 : [17340, 17342, 17343, 17345, 17352, 17353, 17355, 17357, 17360, 17362, 17369, 17370, 17374, 17381, 17383, 17391, 17393, 17403, 17406, 17410, 17418, 17424, 17426, 17427, 17432, 17435, 17436]
552.7 :    1 : [17434]
552.8 :    1 : [17346]
552.9 :    2 : [17407, 17414]
553.1 :   26 : [17342, 17343, 17345, 17352, 17353, 17355, 17357, 17360, 17362, 17369, 17370, 17374, 17381, 17383, 17391, 17393, 17403, 17406, 17410, 17418, 17424, 17426, 17427, 17432, 17435, 17436]
553.8 :    1 : [17340]
554.8 :    1 : [17434]
554.9 :    1 : [17346]
555.0 :    2 : [17407, 17414]
555.6 :   18 : [17343, 17345, 17352, 17353, 17355, 17357, 17370, 17374, 17391, 17393, 17410, 17418, 17424, 17426, 17427, 17432, 17435, 17436]
555.7 :    8 : [17342, 17360, 17362, 17369, 17381, 17383, 17403, 17406]
555.9 :    1 : [17340]
556.9 :    1 : [17434]
557.0 :    1 : [17346]
557.1 :    2 : [17407, 17414]
557.7 :   17 : [17343, 17345, 17352, 17353, 17355, 17357, 17374, 17391, 17393, 17410, 17418, 17424, 17426, 17427, 17432, 17435, 17436]
557.8 :    9 : [17342, 17360, 17362, 17369, 17370, 17381, 17383, 17403, 17406]
558.0 :    1 : [17340]
559.0 :    1 : [17434]
559.2 :    1 : [17414]
559.4 :    1 : [17407]
559.8 :   18 : [17343, 17345, 17346, 17352, 17353, 17355, 17357, 17374, 17391, 17393, 17410, 17418, 17424, 17426, 17427, 17432, 17435, 17436]
559.9 :    9 : [17342, 17360, 17362, 17369, 17370, 17381, 17383, 17403, 17406]
560.2 :    1 : [17340]
561.2 :    1 : [17434]
561.5 :    1 : [17414]
561.6 :    1 : [17407]
561.9 :   15 : [17343, 17345, 17352, 17355, 17357, 17391, 17393, 17410, 17418, 17424, 17426, 17427, 17432, 17435, 17436]
562.0 :    8 : [17346, 17353, 17360, 17362, 17369, 17374, 17381, 17406]
562.1 :    2 : [17370, 17403]
562.2 :    1 : [17383]
562.4 :    1 : [17340]
562.9 :    1 : [17342]
563.5 :    1 : [17434]
563.9 :    1 : [17414]
564.0 :    1 : [17407]
564.1 :    7 : [17345, 17381, 17406, 17424, 17427, 17435, 17436]
564.2 :   13 : [17343, 17352, 17355, 17357, 17360, 17362, 17369, 17391, 17393, 17410, 17418, 17426, 17432]
564.3 :    3 : [17346, 17353, 17374]
564.4 :    2 : [17370, 17403]
564.5 :    1 : [17383]
564.8 :    1 : [17340]
565.2 :    1 : [17342]
565.9 :    1 : [17434]
566.4 :    2 : [17414, 17436]
566.5 :    9 : [17345, 17362, 17381, 17391, 17393, 17406, 17424, 17427, 17435]
566.6 :   11 : [17343, 17352, 17355, 17357, 17360, 17369, 17407, 17410, 17418, 17426, 17432]
566.7 :    2 : [17346, 17374]
566.8 :    1 : [17353]
566.9 :    2 : [17370, 17403]
567.0 :    1 : [17383]
567.4 :    1 : [17340]
567.7 :    1 : [17342]
568.6 :    1 : [17434]
569.0 :    3 : [17427, 17435, 17436]
569.1 :    7 : [17345, 17362, 17381, 17391, 17393, 17406, 17424]
569.2 :    6 : [17343, 17355, 17360, 17418, 17426, 17432]
569.3 :    5 : [17352, 17357, 17369, 17410, 17414]
569.4 :    2 : [17346, 17374]
569.5 :    2 : [17353, 17407]
569.6 :    1 : [17370]
569.7 :    1 : [17403]
569.8 :    1 : [17383]
570.3 :    1 : [17340]
570.4 :    1 : [17342]
571.6 :    1 : [17434]
571.9 :    4 : [17381, 17427, 17435, 17436]
572.0 :    6 : [17345, 17362, 17391, 17393, 17406, 17424]
572.1 :    6 : [17343, 17355, 17360, 17418, 17426, 17432]
572.2 :    2 : [17369, 17410]
572.3 :    2 : [17352, 17357]
572.4 :    1 : [17374]
572.5 :    2 : [17346, 17414]
572.6 :    1 : [17353]
572.7 :    3 : [17370, 17403, 17407]
572.9 :    1 : [17383]
573.4 :    1 : [17342]
573.5 :    1 : [17340]
575.0 :    2 : [17427, 17434]
575.1 :    3 : [17381, 17435, 17436]
575.2 :    4 : [17345, 17391, 17393, 17424]
575.3 :    4 : [17355, 17362, 17406, 17432]
575.4 :    4 : [17343, 17360, 17418, 17426]
575.5 :    2 : [17369, 17410]
575.6 :    2 : [17352, 17357]
575.7 :    1 : [17374]
575.8 :    1 : [17346]
576.0 :    2 : [17353, 17414]
576.1 :    1 : [17370]
576.2 :    1 : [17403]
576.3 :    2 : [17383, 17407]
576.8 :    1 : [17342]
577.1 :    2 : [17340, 17434]
577.2 :    1 : [17436]
577.3 :    2 : [17391, 17424]
577.4 :    1 : [17432]
577.5 :    3 : [17360, 17418, 17426]
577.6 :    2 : [17369, 17410]
577.7 :    2 : [17352, 17357]
577.8 :    1 : [17374]
577.9 :    1 : [17346]
578.1 :    2 : [17353, 17414]
578.2 :    1 : [17370]
578.3 :    1 : [17403]
578.4 :    2 : [17383, 17407]
578.5 :    1 : [17427]
578.6 :    2 : [17381, 17435]
578.7 :    1 : [17393]
578.8 :    1 : [17345]
578.9 :    4 : [17342, 17355, 17362, 17406]
579.0 :    1 : [17343]
579.2 :    1 : [17340]
580.2 :    1 : [17414]
580.3 :    1 : [17370]
580.4 :    1 : [17403]
580.5 :    2 : [17383, 17407]
580.6 :    2 : [17427, 17436]
580.7 :    2 : [17381, 17435]
580.8 :    4 : [17391, 17393, 17424, 17434]
580.9 :    2 : [17345, 17432]
581.0 :    6 : [17355, 17360, 17362, 17406, 17418, 17426]
581.1 :    2 : [17343, 17369]
581.3 :    3 : [17340, 17352, 17410]
581.4 :    1 : [17357]
581.5 :    1 : [17374]
581.6 :    1 : [17346]
581.9 :    1 : [17353]
582.3 :    1 : [17414]
582.4 :    1 : [17370]
582.5 :    1 : [17403]
582.6 :    2 : [17383, 17407]
582.7 :    3 : [17342, 17427, 17436]
582.8 :    2 : [17381, 17435]
582.9 :    3 : [17391, 17393, 17424]
583.0 :    2 : [17345, 17434]
583.1 :    4 : [17355, 17362, 17406, 17432]
583.2 :    4 : [17343, 17360, 17418, 17426]
583.3 :    1 : [17369]
583.4 :    3 : [17340, 17352, 17410]
583.5 :    1 : [17357]
583.7 :    1 : [17374]
583.9 :    1 : [17346]
584.1 :    1 : [17353]
584.5 :    1 : [17370]
584.6 :    1 : [17403]
584.7 :    2 : [17383, 17414]
584.8 :    1 : [17427]
584.9 :    3 : [17342, 17381, 17435]
585.0 :    2 : [17393, 17436]
585.1 :    2 : [17345, 17407]
585.2 :    4 : [17355, 17391, 17406, 17424]
585.3 :    1 : [17362]
585.4 :    3 : [17343, 17432, 17434]
585.5 :    3 : [17360, 17418, 17426]
585.6 :    1 : [17369]
585.8 :    2 : [17352, 17410]
585.9 :    2 : [17340, 17357]
586.1 :    1 : [17374]
586.3 :    1 : [17346]
586.6 :    1 : [17353]
586.8 :    1 : [17370]
587.0 :    1 : [17403]
587.1 :    1 : [17427]
587.3 :    4 : [17342, 17381, 17383, 17435]
587.4 :    1 : [17393]
587.5 :    2 : [17414, 17436]
587.6 :    1 : [17345]
587.7 :    2 : [17391, 17424]
587.8 :    3 : [17355, 17362, 17406]
587.9 :    1 : [17432]
588.0 :    5 : [17343, 17360, 17407, 17418, 17426]
588.2 :    2 : [17369, 17434]
588.4 :    1 : [17410]
588.5 :    1 : [17352]
588.6 :    1 : [17357]
588.7 :    1 : [17340]
588.8 :    1 : [17374]
589.1 :    1 : [17346]
589.5 :    1 : [17353]
589.8 :    2 : [17370, 17427]
589.9 :    1 : [17403]
590.0 :    1 : [17381]
590.1 :    1 : [17435]
590.2 :    1 : [17342]
590.3 :    2 : [17393, 17436]
590.4 :    1 : [17383]
590.5 :    1 : [17345]
590.6 :    1 : [17391]
590.7 :    4 : [17355, 17362, 17406, 17424]
590.9 :    1 : [17432]
591.0 :    1 : [17343]
591.1 :    3 : [17360, 17418, 17426]
591.3 :    1 : [17369]
591.5 :    1 : [17414]
591.7 :    2 : [17352, 17410]
591.9 :    1 : [17434]
592.0 :    1 : [17357]
592.3 :    1 : [17374]
592.9 :    1 : [17346]
593.2 :    1 : [17427]
593.8 :    1 : [17381]
594.0 :    1 : [17435]
594.2 :    1 : [17342]
594.4 :    1 : [17393]
595.5 :    1 : [17436]
