       0.0    537.9      537.9  0.0 15:27:10.630572
     537.9    345.3      883.2 10.0 15:27:53.961224
     883.2    346.5     1229.7 20.0 15:28:37.985906
    1229.7    345.4     1575.1 30.0 15:29:21.298615
    1575.1    345.2     1920.3 40.0 15:30:04.580569
    1920.3    345.3     2265.6 50.0 15:30:47.889725
    2265.6    345.2     2610.8 60.0 15:31:31.179009
    2610.8    346.4     2957.2 70.0 15:32:15.126760
    2957.2    345.7     3302.9 80.0 15:32:58.850540
    3302.9    345.4     3648.3 90.0 15:33:42.162681
    3648.3    346.7     3995.0 100.0 15:34:26.078292
    3995.0    680.2     4675.1 110.0 15:35:51.666372
    4675.1    963.3     5638.4 120.0 15:37:53.000449
    5638.4    956.7     6595.1 130.0 15:39:53.322600
    6595.1    917.6     7512.7 140.0 15:41:48.766525
    7512.7    942.5     8455.2 150.0 15:43:48.133847
    8455.2    989.6     9444.8 160.0 15:45:53.532343
    9444.8    670.3    10115.1 170.0 15:47:18.015788
   10115.1    521.8    10636.8 180.0 15:48:23.557505
   10636.8    515.4    11152.2 190.0 15:49:28.322452
   11152.2    476.4    11628.7 200.0 15:50:28.567673
   11628.7    377.3    12006.0 210.0 15:51:16.344044
   12006.0    374.3    12380.3 220.0 15:52:04.181673
   12380.3    353.5    12733.8 230.0 15:52:48.574599
   12733.8    353.4    13087.2 240.0 15:53:32.965374
   13087.2    353.8    13441.0 250.0 15:54:17.597483
   13441.0    351.5    13792.5 260.0 15:55:01.645562
   13792.5    352.3    14144.8 270.0 15:55:46.160936
   14144.8    351.2    14496.1 280.0 15:56:30.220069
   14496.1    351.4    14847.5 290.0 15:57:14.323078
   14847.5    351.9    15199.3 300.0 15:57:58.666647
   15199.3    530.8    15730.1 310.0 15:59:05.715591
   15730.1    706.0    16436.1 320.0 16:00:34.672551
   16436.1    722.1    17158.2 330.0 16:02:06.447854
   17158.2    642.7    17800.9 340.0 16:03:27.572046
   17800.9    562.2    18363.1 350.0 16:04:38.489010
   18363.1    450.1    18813.2 360.0 16:05:35.116211
   18813.2    410.2    19223.4 370.0 16:06:26.738878
   19223.4    401.2    19624.6 380.0 16:07:17.266452
   19624.6    367.4    19992.0 390.0 16:08:03.448056
   19992.0    355.4    20347.4 400.0 16:08:48.325362
   20347.4    370.9    20718.3 410.0 16:09:34.985277
   20718.3    372.5    21090.8 420.0 16:10:21.887202
   21090.8    354.4    21445.2 430.0 16:11:06.366202
   21445.2    352.2    21797.4 440.0 16:11:50.520614
   21797.4    353.4    22150.9 450.0 16:12:35.334597
   22150.9    352.2    22503.1 460.0 16:13:19.496139
   22503.1    356.3    22859.4 470.0 16:14:05.847298
   22859.4    352.2    23211.5 480.0 16:14:50.019413
   23211.5    352.3    23563.9 490.0 16:15:34.279049
   23563.9    352.3    23916.1 500.0 16:16:18.481448
   23916.1    462.1    24378.2 510.0 16:17:16.630540
   24378.2    548.0    24926.3 520.0 16:18:25.886561
   24926.3    569.7    25496.0 530.0 16:19:37.971387
   25496.0    538.9    26034.9 540.0 16:20:46.017910
   26034.9    501.6    26536.5 550.0 16:21:49.412407
   26536.5    422.8    26959.2 560.0 16:22:42.566339
   26959.2    399.8    27359.1 570.0 16:23:32.835648
   27359.1    392.2    27751.2 580.0 16:24:22.453136
   27751.2    367.1    28118.3 590.0 16:25:08.783310
   28118.3    354.7    28473.0 600.0 16:25:53.827988
   28473.0    353.1    28826.0 610.0 16:26:38.208171
   28826.0    353.3    29179.3 620.0 16:27:22.671790
   29179.3    353.3    29532.6 630.0 16:28:07.124771
   29532.6    352.9    29885.5 640.0 16:28:51.411715
   29885.5    352.7    30238.2 650.0 16:29:35.686086
   30238.2    352.7    30591.0 660.0 16:30:19.908618
   30591.0    353.1    30944.0 670.0 16:31:04.264085
   30944.0    352.7    31296.7 680.0 16:31:48.496277
   31296.7    352.6    31649.3 690.0 16:32:32.751194
   31649.3    352.8    32002.1 700.0 16:33:16.998439
   32002.1    353.4    32355.5 710.0 16:34:01.582419
   32355.5    352.6    32708.1 720.0 16:34:45.887866
   32708.1    352.7    33060.8 730.0 16:35:30.205654
   33060.8    352.8    33413.7 740.0 16:36:14.505559
   33413.7    352.7    33766.4 750.0 16:36:58.827386
   33766.4    352.6    34119.0 760.0 16:37:43.159319
   34119.0    352.6    34471.6 770.0 16:38:27.430498
   34471.6    352.6    34824.2 780.0 16:39:11.653590
   34824.2    352.9    35177.1 790.0 16:39:55.953877
   35177.1    352.8    35529.9 800.0 16:40:40.292634
   35529.9    353.6    35883.5 810.0 16:41:25.112254
   35883.5    353.0    36236.5 820.0 16:42:09.457683
   36236.5    352.6    36589.1 830.0 16:42:53.739868
   36589.1    352.5    36941.6 840.0 16:43:37.959123
   36941.6    352.4    37294.0 850.0 16:44:22.185427
   37294.0    354.1    37648.1 860.0 16:45:07.215062
   37648.1    352.5    38000.6 870.0 16:45:51.441728
   38000.6    352.5    38353.1 880.0 16:46:35.693915
   38353.1    352.9    38706.0 890.0 16:47:20.084116
   38706.0    353.7    39059.7 900.0 16:48:04.880393
   39059.7    352.6    39412.3 910.0 16:48:49.107135
   39412.3    352.6    39764.9 920.0 16:49:33.362693
   39764.9    353.4    40118.3 930.0 16:50:18.118760
   40118.3    352.4    40470.7 940.0 16:51:02.397284
   40470.7    354.4    40825.1 950.0 16:51:47.697962
   40825.1    352.3    41177.4 960.0 16:52:31.877369
   41177.4    352.5    41529.9 970.0 16:53:16.541869
   41529.9    352.3    41882.2 980.0 16:54:00.743775
   41882.2    352.2    42234.3 990.0 16:54:44.899946
