       0.0      0.6        0.6  0.0 15:09:44.437752
       0.6      0.0        0.6 10.0 15:09:44.482402
       0.6      0.1        0.7 20.0 15:09:44.533866
       0.7      0.1        0.7 30.0 15:09:44.584533
       0.7      0.0        0.8 40.0 15:09:44.634028
       0.8      0.0        0.8 50.0 15:09:44.681176
       0.8      0.1        0.9 60.0 15:09:44.735226
       0.9      0.0        0.9 70.0 15:09:44.782634
       0.9      0.0        1.0 80.0 15:09:44.829901
       1.0      0.0        1.0 90.0 15:09:44.876770
       1.0      0.0        1.1 100.0 15:09:44.925500
       1.1      0.1        1.1 110.0 15:09:44.984719
       1.1      0.1        1.2 120.0 15:09:45.043921
       1.2      0.1        1.2 130.0 15:09:45.102924
       1.2      0.0        1.3 140.0 15:09:45.151358
       1.3      0.1        1.3 150.0 15:09:45.204451
       1.3      0.0        1.4 160.0 15:09:45.253828
       1.4      0.0        1.4 170.0 15:09:45.300068
       1.4      0.0        1.5 180.0 15:09:45.347448
       1.5      0.0        1.5 190.0 15:09:45.396274
       1.5      0.0        1.6 200.0 15:09:45.443050
       1.6      0.1        1.7 210.0 15:09:45.509185
       1.7      0.1        1.7 220.0 15:09:45.577240
       1.7      0.1        1.8 230.0 15:09:45.634447
       1.8      0.0        1.8 240.0 15:09:45.683806
       1.8      0.0        1.9 250.0 15:09:45.732356
       1.9      0.0        1.9 260.0 15:09:45.780919
       1.9      0.1        2.0 270.0 15:09:45.838863
       2.0      0.0        2.0 280.0 15:09:45.887050
       2.0      0.0        2.1 290.0 15:09:45.935031
       2.1      0.0        2.1 300.0 15:09:45.983687
       2.1      0.1        2.2 310.0 15:09:46.045218
       2.2      0.1        2.3 320.0 15:09:46.111049
       2.3      0.1        2.3 330.0 15:09:46.165994
       2.3      0.0        2.4 340.0 15:09:46.213226
       2.4      0.1        2.4 350.0 15:09:46.264332
       2.4      0.0        2.5 360.0 15:09:46.310840
       2.5      0.0        2.5 370.0 15:09:46.359055
       2.5      0.0        2.5 380.0 15:09:46.406534
       2.5      0.0        2.6 390.0 15:09:46.455175
       2.6      0.0        2.6 400.0 15:09:46.504952
       2.6      0.1        2.7 410.0 15:09:46.573328
       2.7      0.1        2.8 420.0 15:09:46.638673
       2.8      0.1        2.8 430.0 15:09:46.695062
       2.8      0.0        2.9 440.0 15:09:46.742401
       2.9      0.0        2.9 450.0 15:09:46.790290
       2.9      0.0        3.0 460.0 15:09:46.837453
       3.0      0.0        3.0 470.0 15:09:46.884775
       3.0      0.0        3.1 480.0 15:09:46.932308
       3.1      0.0        3.1 490.0 15:09:46.980698
       3.1      0.0        3.2 500.0 15:09:47.028109
       3.2      0.1        3.2 510.0 15:09:47.098550
       3.2      0.1        3.3 520.0 15:09:47.167131
       3.3      0.1        3.4 530.0 15:09:47.221802
       3.4      0.1        3.5 540.0 15:09:47.315628
       3.5      0.1        3.5 550.0 15:09:47.382910
       3.5      0.1        3.6 560.0 15:09:47.447256
       3.6      0.1        3.7 570.0 15:09:47.514544
       3.7      0.1        3.7 580.0 15:09:47.578424
       3.7      0.1        3.8 590.0 15:09:47.651347
       3.8      0.1        3.9 600.0 15:09:47.722153
       3.9      0.1        3.9 610.0 15:09:47.795822
       3.9      0.1        4.0 620.0 15:09:47.870559
       4.0      0.1        4.1 630.0 15:09:47.943944
       4.1      0.1        4.1 640.0 15:09:48.003093
       4.1      0.1        4.2 650.0 15:09:48.060575
       4.2      0.1        4.3 660.0 15:09:48.118467
       4.3      0.1        4.3 670.0 15:09:48.175657
       4.3      0.1        4.4 680.0 15:09:48.231367
       4.4      0.1        4.4 690.0 15:09:48.285279
       4.4      0.1        4.5 700.0 15:09:48.346926
       4.5      0.1        4.6 710.0 15:09:48.415318
       4.6      0.1        4.6 720.0 15:09:48.483124
       4.6      0.1        4.7 730.0 15:09:48.557740
       4.7      0.1        4.8 740.0 15:09:48.624613
       4.8      0.1        4.8 750.0 15:09:48.690874
       4.8      0.1        4.9 760.0 15:09:48.759743
       4.9      0.1        5.0 770.0 15:09:48.827749
       5.0      0.1        5.0 780.0 15:09:48.892607
       5.0      0.1        5.1 790.0 15:09:48.963167
       5.1      0.1        5.2 800.0 15:09:49.033432
       5.2      0.1        5.2 810.0 15:09:49.104823
       5.2      0.1        5.3 820.0 15:09:49.174726
       5.3      0.1        5.4 830.0 15:09:49.235562
       5.4      0.1        5.4 840.0 15:09:49.291256
       5.4      0.1        5.5 850.0 15:09:49.345756
       5.5      0.1        5.5 860.0 15:09:49.401145
       5.5      0.1        5.6 870.0 15:09:49.457273
       5.6      0.1        5.7 880.0 15:09:49.513483
       5.7      0.1        5.7 890.0 15:09:49.566615
       5.7      0.1        5.8 900.0 15:09:49.636524
       5.8      0.1        5.8 910.0 15:09:49.702463
       5.8      0.1        5.9 920.0 15:09:49.773838
       5.9      0.1        6.0 930.0 15:09:49.840708
       6.0      0.1        6.1 940.0 15:09:49.912425
       6.1      0.1        6.1 950.0 15:09:49.984262
       6.1      0.1        6.2 960.0 15:09:50.054092
       6.2      0.1        6.3 970.0 15:09:50.124162
       6.3      0.1        6.3 980.0 15:09:50.193802
       6.3      0.1        6.4 990.0 15:09:50.259927
