       0.0      1.3        1.3  0.0 21:10:32.412173
       1.3      0.0        1.3 10.0 21:10:32.426359
       1.3      0.0        1.4 20.0 21:10:32.434415
       1.4      0.0        1.4 30.0 21:10:32.440869
       1.4      0.1        1.4 40.0 21:10:32.463751
       1.4      0.0        1.5 50.0 21:10:32.479391
       1.5      0.2        1.6 60.0 21:10:32.540001
       1.6      0.2        1.8 70.0 21:10:32.624461
       1.8      0.2        2.0 80.0 21:10:32.708039
       2.0      0.1        2.1 90.0 21:10:32.732892
       2.1      0.0        2.1 100.0 21:10:32.743583
       2.1      0.0        2.2 110.0 21:10:32.757387
       2.2      0.0        2.2 120.0 21:10:32.768934
       2.2      0.0        2.3 130.0 21:10:32.777352
       2.3      0.0        2.3 140.0 21:10:32.787449
       2.3      0.0        2.3 150.0 21:10:32.793869
       2.3      0.0        2.4 160.0 21:10:32.802696
       2.4      0.0        2.4 170.0 21:10:32.810396
       2.4      0.1        2.5 180.0 21:10:32.839116
       2.5      0.0        2.5 190.0 21:10:32.846217
       2.5      0.1        2.5 200.0 21:10:32.862918
       2.5      0.1        2.6 210.0 21:10:32.881453
       2.6      0.1        2.7 220.0 21:10:32.904246
       2.7      0.1        2.8 230.0 21:10:32.944750
       2.8      0.1        2.8 240.0 21:10:32.960055
       2.8      0.1        2.9 250.0 21:10:32.978906
       2.9      0.0        2.9 260.0 21:10:32.991409
       2.9      0.1        3.1 270.0 21:10:33.036796
       3.1      0.2        3.3 280.0 21:10:33.147228
       3.3      0.1        3.4 290.0 21:10:33.196945
       3.4      0.1        3.5 300.0 21:10:33.211858
       3.5      0.1        3.5 310.0 21:10:33.231761
       3.5      0.1        3.6 320.0 21:10:33.259402
       3.6      0.1        3.7 330.0 21:10:33.287924
       3.7      0.1        3.8 340.0 21:10:33.305273
       3.8      0.1        3.9 350.0 21:10:33.339631
       3.9      0.1        3.9 360.0 21:10:33.357420
       3.9      0.1        4.0 370.0 21:10:33.377154
       4.0      0.0        4.0 380.0 21:10:33.389566
       4.0      0.0        4.1 390.0 21:10:33.402465
       4.1      0.1        4.1 400.0 21:10:33.421104
       4.1      0.0        4.2 410.0 21:10:33.432843
       4.2      0.1        4.2 420.0 21:10:33.446746
       4.2      0.1        4.3 430.0 21:10:33.460824
       4.3      0.1        4.4 440.0 21:10:33.487213
       4.4      0.1        4.5 450.0 21:10:33.518954
       4.5      0.1        4.5 460.0 21:10:33.545508
       4.5      0.1        4.6 470.0 21:10:33.577842
       4.6      0.1        4.7 480.0 21:10:33.592279
       4.7      0.0        4.7 490.0 21:10:33.605558
       4.7      0.1        4.8 500.0 21:10:33.620870
       4.8      0.0        4.8 510.0 21:10:33.628713
       4.8      0.0        4.8 520.0 21:10:33.636798
       4.8      0.0        4.9 530.0 21:10:33.643458
       4.9      0.0        4.9 540.0 21:10:33.650647
       4.9      0.1        5.0 550.0 21:10:33.675780
       5.0      0.0        5.0 560.0 21:10:33.683241
       5.0      0.0        5.0 570.0 21:10:33.691983
       5.0      0.0        5.1 580.0 21:10:33.707187
       5.1      0.0        5.1 590.0 21:10:33.713908
       5.1      0.0        5.1 600.0 21:10:33.726454
       5.1      0.0        5.2 610.0 21:10:33.740679
       5.2      0.0        5.2 620.0 21:10:33.754548
       5.2      0.1        5.3 630.0 21:10:33.770397
       5.3      0.0        5.3 640.0 21:10:33.779208
       5.3      0.0        5.3 650.0 21:10:33.787431
       5.3      0.0        5.4 660.0 21:10:33.795874
       5.4      0.0        5.4 670.0 21:10:33.802909
       5.4      0.0        5.4 680.0 21:10:33.810486
       5.4      0.0        5.5 690.0 21:10:33.824467
       5.5      0.0        5.5 700.0 21:10:33.831747
       5.5      0.0        5.5 710.0 21:10:33.840105
       5.5      0.0        5.6 720.0 21:10:33.849408
       5.6      0.0        5.6 730.0 21:10:33.857797
       5.6      0.0        5.6 740.0 21:10:33.868771
       5.6      0.1        5.7 750.0 21:10:33.899001
       5.7      0.0        5.7 760.0 21:10:33.911083
       5.7      0.0        5.8 770.0 21:10:33.926874
       5.8      0.0        5.8 780.0 21:10:33.934413
       5.8      0.0        5.9 790.0 21:10:33.945721
       5.9      0.0        5.9 800.0 21:10:33.954615
       5.9      0.1        6.0 810.0 21:10:33.974744
       6.0      0.0        6.0 820.0 21:10:33.986840
       6.0      0.0        6.0 830.0 21:10:33.997877
       6.0      0.1        6.2 840.0 21:10:34.047964
       6.2      0.2        6.4 850.0 21:10:34.131232
       6.4      0.1        6.5 860.0 21:10:34.186730
       6.5      0.1        6.6 870.0 21:10:34.217984
       6.6      0.2        6.7 880.0 21:10:34.281105
       6.7      0.0        6.7 890.0 21:10:34.290170
       6.7      0.0        6.8 900.0 21:10:34.298549
       6.8      0.0        6.8 910.0 21:10:34.305629
       6.8      0.0        6.8 920.0 21:10:34.314097
       6.8      0.1        6.9 930.0 21:10:34.345548
       6.9      0.0        7.0 940.0 21:10:34.362166
       7.0      0.1        7.0 950.0 21:10:34.397848
       7.0      0.1        7.1 960.0 21:10:34.431808
       7.1      0.0        7.2 970.0 21:10:34.444315
       7.2      0.0        7.2 980.0 21:10:34.451969
       7.2      0.0        7.2 990.0 21:10:34.462966
