       0.0    159.0      159.0  0.0 18:15:18.863515
     159.0     16.4      175.4 10.0 18:15:30.099763
     175.4     19.4      194.8 20.0 18:15:43.574646
     194.8     21.3      216.1 30.0 18:15:58.844489
     216.1     20.1      236.2 40.0 18:16:13.190949
     236.2     20.1      256.3 50.0 18:16:27.645931
     256.3     20.2      276.5 60.0 18:16:42.056103
     276.5     41.6      318.1 70.0 18:17:11.466406
     318.1     28.1      346.2 80.0 18:17:31.247248
     346.2     20.1      366.3 90.0 18:17:45.162726
     366.3     21.7      388.0 100.0 18:18:00.875649
     388.0     24.0      412.1 110.0 18:18:18.381234
     412.1     42.8      454.9 120.0 18:18:48.011027
     454.9     20.0      474.9 130.0 18:19:01.618535
     474.9     21.5      496.4 140.0 18:19:17.085049
     496.4     22.1      518.5 150.0 18:19:32.819678
     518.5     39.4      557.9 160.0 18:20:01.232363
     557.9     27.5      585.4 170.0 18:20:20.545715
     585.4     20.7      606.1 180.0 18:20:35.012306
     606.1     23.3      629.4 190.0 18:20:51.419658
     629.4     33.3      662.6 200.0 18:21:15.560459
     662.6     24.6      687.3 210.0 18:21:33.310954
     687.3     23.3      710.6 220.0 18:21:49.800558
     710.6     32.9      743.5 230.0 18:22:13.237524
     743.5     22.4      765.9 240.0 18:22:28.755693
     765.9     24.9      790.8 250.0 18:22:46.474161
     790.8     32.2      823.0 260.0 18:23:09.482501
     823.0     23.3      846.3 270.0 18:23:25.790349
     846.3     25.0      871.3 280.0 18:23:43.223655
     871.3     29.3      900.6 290.0 18:24:03.819035
     900.6     22.0      922.6 300.0 18:24:18.978805
     922.6     28.4      951.0 310.0 18:24:39.230050
     951.0     27.6      978.5 320.0 18:24:58.469306
     978.5     23.0     1001.6 330.0 18:25:14.573905
    1001.6     28.9     1030.5 340.0 18:25:34.822127
    1030.5     26.4     1056.8 350.0 18:25:53.284456
    1056.8     23.8     1080.6 360.0 18:26:10.119821
    1080.6     32.9     1113.5 370.0 18:26:33.981775
    1113.5     25.2     1138.7 380.0 18:26:51.729816
    1138.7     24.5     1163.1 390.0 18:27:08.996913
    1163.1     33.2     1196.3 400.0 18:27:32.961020
    1196.3     32.9     1229.2 410.0 18:27:56.235780
    1229.2     38.5     1267.7 420.0 18:28:24.286075
    1267.7     41.6     1309.3 430.0 18:28:53.287815
    1309.3     34.5     1343.8 440.0 18:29:17.498733
    1343.8     40.4     1384.2 450.0 18:29:46.765646
    1384.2     42.9     1427.2 460.0 18:30:16.974672
    1427.2     38.2     1465.3 470.0 18:30:44.113494
    1465.3     41.1     1506.4 480.0 18:31:13.030945
    1506.4     42.7     1549.1 490.0 18:31:43.193343
    1549.1     35.2     1584.3 500.0 18:32:07.756956
    1584.3     47.5     1631.8 510.0 18:32:42.517244
    1631.8     39.3     1671.1 520.0 18:33:09.756017
    1671.1     37.9     1709.0 530.0 18:33:36.508504
    1709.0     47.8     1756.8 540.0 18:34:10.973940
    1756.8     42.2     1799.0 550.0 18:34:41.435294
    1799.0     40.7     1839.7 560.0 18:35:10.895425
    1839.7     44.1     1883.9 570.0 18:35:41.226140
    1883.9     37.1     1921.0 580.0 18:36:06.989112
    1921.0     41.8     1962.8 590.0 18:36:37.172133
    1962.8     48.1     2010.9 600.0 18:37:11.284753
    2010.9     36.1     2047.0 610.0 18:37:37.007517
    2047.0     39.1     2086.2 620.0 18:38:05.678869
    2086.2     43.1     2129.3 630.0 18:38:35.559574
    2129.3     37.4     2166.7 640.0 18:39:01.818884
    2166.7     47.5     2214.2 650.0 18:39:36.488822
    2214.2     42.7     2256.9 660.0 18:40:06.278351
    2256.9     36.0     2292.9 670.0 18:40:31.511661
    2292.9     44.7     2337.6 680.0 18:41:03.539217
    2337.6     42.9     2380.5 690.0 18:41:33.790510
    2380.5     37.9     2418.4 700.0 18:42:00.794341
    2418.4     48.3     2466.7 710.0 18:42:35.664975
    2466.7     39.9     2506.6 720.0 18:43:03.399684
    2506.6     40.4     2546.9 730.0 18:43:32.117741
    2546.9     48.3     2595.2 740.0 18:44:06.321883
    2595.2     36.4     2631.6 750.0 18:44:31.136228
    2631.6     43.6     2675.2 760.0 18:45:02.976484
    2675.2     47.9     2723.1 770.0 18:45:36.700939
    2723.1     39.3     2762.4 780.0 18:46:04.332028
    2762.4     40.2     2802.6 790.0 18:46:32.535395
    2802.6     47.8     2850.4 800.0 18:47:06.023570
    2850.4     41.3     2891.7 810.0 18:47:35.602542
    2891.7     46.4     2938.1 820.0 18:48:09.122162
    2938.1     45.4     2983.6 830.0 18:48:40.787437
    2983.6     39.0     3022.5 840.0 18:49:08.144576
    3022.5     46.5     3069.0 850.0 18:49:40.817703
    3069.0     45.6     3114.6 860.0 18:50:12.893754
    3114.6     42.3     3156.9 870.0 18:50:43.255963
    3156.9     51.5     3208.4 880.0 18:51:20.263775
    3208.4     39.8     3248.2 890.0 18:51:47.087737
    3248.2     42.6     3290.8 900.0 18:52:17.365983
    3290.8     53.1     3343.8 910.0 18:52:55.623455
    3343.8     44.0     3387.8 920.0 18:53:26.646023
    3387.8     47.7     3435.5 930.0 18:54:01.823474
    3435.5     49.8     3485.3 940.0 18:54:36.388928
    3485.3     45.3     3530.6 950.0 18:55:08.867858
    3530.6     45.5     3576.1 960.0 18:55:41.104436
    3576.1     54.9     3631.0 970.0 18:56:20.713686
    3631.0     41.8     3672.8 980.0 18:56:49.535048
    3672.8     48.1     3720.8 990.0 18:57:23.578017
