       0.0    377.0      377.0  0.0 20:37:59.782143
     377.0    366.9      743.9 10.0 20:38:45.656197
     743.9    414.2     1158.1 20.0 20:39:37.442812
    1158.1    594.6     1752.6 30.0 20:40:51.784673
    1752.6    588.2     2340.8 40.0 20:42:05.324719
    2340.8    588.9     2929.7 50.0 20:43:19.127809
    2929.7    587.1     3516.8 60.0 20:44:32.562994
    3516.8    578.0     4094.8 70.0 20:45:44.864502
    4094.8    575.9     4670.7 80.0 20:46:56.899530
    4670.7    577.4     5248.1 90.0 20:48:09.132871
    5248.1    587.8     5835.9 100.0 20:49:22.673504
    5835.9    579.1     6415.0 110.0 20:50:35.113941
    6415.0    579.3     6994.3 120.0 20:51:47.573553
    6994.3    585.4     7579.7 130.0 20:53:00.815030
    7579.7    581.5     8161.2 140.0 20:54:13.560785
    8161.2    578.3     8739.5 150.0 20:55:25.898234
    8739.5    580.0     9319.5 160.0 20:56:38.452452
    9319.5    586.4     9905.9 170.0 20:57:51.813726
    9905.9    577.0    10482.9 180.0 20:59:03.993888
   10482.9    578.8    11061.8 190.0 21:00:16.404198
   11061.8    579.6    11641.4 200.0 21:01:28.903159
   11641.4    491.8    12133.2 210.0 21:02:30.430322
   12133.2    386.9    12520.0 220.0 21:03:18.817278
   12520.0    386.9    12906.9 230.0 21:04:07.211800
   12906.9    386.4    13293.3 240.0 21:04:55.548820
   13293.3    386.4    13679.7 250.0 21:05:43.883570
   13679.7    386.4    14066.1 260.0 21:06:32.211204
   14066.1    386.3    14452.4 270.0 21:07:20.537084
   14452.4    386.3    14838.7 280.0 21:08:08.861457
   14838.7    386.2    15224.9 290.0 21:08:57.166829
   15224.9    386.4    15611.3 300.0 21:09:45.502520
   15611.3    386.1    15997.4 310.0 21:10:33.794005
   15997.4    386.3    16383.7 320.0 21:11:22.118435
   16383.7    386.7    16770.4 330.0 21:12:10.492260
   16770.4    390.9    17161.3 340.0 21:12:59.386639
   17161.3    414.7    17576.0 350.0 21:13:51.254687
   17576.0    521.6    18097.6 360.0 21:14:56.498280
   18097.6    583.5    18681.1 370.0 21:16:09.494950
   18681.1    584.3    19265.4 380.0 21:17:22.589852
   19265.4    586.4    19851.8 390.0 21:18:35.931164
   19851.8    587.1    20438.9 400.0 21:19:49.381318
   20438.9    582.9    21021.8 410.0 21:21:02.292822
   21021.8    586.8    21608.6 420.0 21:22:15.698351
   21608.6    589.5    22198.2 430.0 21:23:29.436044
   22198.2    585.7    22783.9 440.0 21:24:42.700601
   22783.9    587.5    23371.4 450.0 21:25:56.183628
   23371.4    589.5    23960.9 460.0 21:27:09.917149
   23960.9    586.7    24547.6 470.0 21:28:23.305188
   24547.6    588.7    25136.4 480.0 21:29:36.943112
   25136.4    587.2    25723.5 490.0 21:30:50.382664
   25723.5    586.3    26309.8 500.0 21:32:03.716654
   26309.8    590.7    26900.5 510.0 21:33:17.602390
   26900.5    587.2    27487.7 520.0 21:34:31.043291
   27487.7    585.0    28072.7 530.0 21:35:44.214602
   28072.7    591.6    28664.3 540.0 21:36:58.207507
   28664.3    587.9    29252.2 550.0 21:38:11.737150
   29252.2    584.8    29836.9 560.0 21:39:24.885556
   29836.9    590.6    30427.5 570.0 21:40:38.751604
   30427.5    587.9    31015.4 580.0 21:41:52.292674
   31015.4    586.0    31601.4 590.0 21:43:05.593247
   31601.4    590.8    32192.2 600.0 21:44:19.492677
   32192.2    586.4    32778.6 610.0 21:45:32.853708
   32778.6    588.4    33367.0 620.0 21:46:46.448882
   33367.0    590.7    33957.6 630.0 21:48:00.329272
   33957.6    586.2    34543.9 640.0 21:49:13.659991
   34543.9    589.0    35132.8 650.0 21:50:27.327633
   35132.8    589.5    35722.4 660.0 21:51:41.065162
   35722.4    585.9    36308.3 670.0 21:52:54.353892
   36308.3    589.1    36897.4 680.0 21:54:08.037940
   36897.4    589.3    37486.6 690.0 21:55:21.743972
   37486.6    585.3    38071.9 700.0 21:56:34.948958
   38071.9    590.2    38662.1 710.0 21:57:48.765682
   38662.1    588.5    39250.6 720.0 21:59:02.379438
   39250.6    585.3    39835.9 730.0 22:00:15.589235
   39835.9    590.5    40426.4 740.0 22:01:29.451496
   40426.4    588.1    41014.5 750.0 22:02:43.013779
   41014.5    585.7    41600.2 760.0 22:03:56.272729
   41600.2    589.5    42189.7 770.0 22:05:10.015525
   42189.7    587.4    42777.1 780.0 22:06:23.485809
   42777.1    586.6    43363.7 790.0 22:07:36.861523
   43363.7    591.2    43954.9 800.0 22:08:50.823044
   43954.9    585.4    44540.3 810.0 22:10:04.041949
   44540.3    586.2    45126.5 820.0 22:11:17.366036
   45126.5    592.3    45718.8 830.0 22:12:31.453515
   45718.8    586.8    46305.6 840.0 22:13:44.855425
   46305.6    586.2    46891.8 850.0 22:14:58.183487
   46891.8    591.4    47483.2 860.0 22:16:12.156273
   47483.2    586.8    48070.0 870.0 22:17:25.552676
   48070.0    588.4    48658.4 880.0 22:18:39.150503
   48658.4    588.5    49247.0 890.0 22:19:52.764709
   49247.0    586.3    49833.3 900.0 22:21:06.104380
   49833.3    590.2    50423.5 910.0 22:22:19.936043
   50423.5    587.8    51011.3 920.0 22:23:33.459743
   51011.3    584.3    51595.6 930.0 22:24:46.554337
   51595.6    590.6    52186.2 940.0 22:26:00.427505
   52186.2    588.1    52774.2 950.0 22:27:13.991177
   52774.2    583.9    53358.2 960.0 22:28:27.030203
   53358.2    589.2    53947.4 970.0 22:29:40.729174
   53947.4    587.7    54535.1 980.0 22:30:54.237209
   54535.1    585.1    55120.2 990.0 22:32:07.424083
