Name: Prefrontal cortex [Glu1], Title: Raster plot from device '20335', Hist: False
213.5 :    1 : [953]
213.6 :    1 : [888]
213.7 :    1 : [911]
213.8 :    1 : [894]
213.9 :    1 : [886]
214.3 :    1 : [967]
214.4 :    5 : [928, 941, 943, 944, 961]
214.5 :    1 : [905]
214.6 :    2 : [952, 971]
214.7 :    2 : [957, 969]
214.8 :    4 : [887, 912, 936, 963]
214.9 :   12 : [889, 892, 893, 913, 915, 926, 929, 933, 948, 950, 955, 970]
215.0 :    2 : [910, 932]
215.1 :    2 : [898, 923]
215.2 :    2 : [890, 973]
215.3 :    7 : [884, 903, 904, 937, 940, 974, 977]
215.4 :    2 : [902, 920]
215.5 :    4 : [882, 899, 947, 954]
215.6 :    3 : [921, 939, 942]
215.7 :    2 : [934, 938]
215.8 :    2 : [895, 975]
215.9 :    1 : [922]
216.0 :    6 : [896, 900, 909, 930, 945, 964]
216.1 :    2 : [907, 927]
216.3 :    1 : [966]
216.6 :    1 : [888]
216.9 :    4 : [891, 894, 931, 951]
217.0 :    5 : [897, 917, 935, 958, 972]
217.1 :    1 : [953]
217.4 :    3 : [911, 943, 965]
217.5 :    3 : [916, 956, 961]
217.6 :   14 : [901, 903, 908, 918, 924, 929, 933, 948, 949, 957, 959, 963, 971, 976]
217.7 :   15 : [883, 887, 889, 906, 910, 914, 926, 932, 936, 941, 946, 950, 955, 969, 970]
217.8 :    6 : [886, 905, 913, 919, 920, 962]
217.9 :   10 : [882, 884, 893, 899, 912, 940, 944, 954, 967, 977]
218.0 :    9 : [885, 892, 902, 925, 928, 939, 952, 968, 973]
218.1 :    5 : [898, 923, 938, 942, 974]
218.2 :    5 : [904, 921, 937, 947, 960]
218.3 :    3 : [890, 895, 934]
218.4 :    2 : [915, 945]
218.5 :    1 : [922]
218.6 :    1 : [975]
218.7 :    1 : [964]
218.8 :    1 : [909]
218.9 :    2 : [900, 930]
219.1 :    1 : [927]
219.3 :    1 : [966]
219.4 :    3 : [888, 896, 907]
219.7 :    1 : [894]
219.9 :    4 : [903, 931, 943, 953]
220.0 :    6 : [889, 891, 917, 935, 948, 951]
220.1 :   18 : [887, 897, 901, 908, 910, 911, 920, 924, 929, 932, 933, 941, 955, 961, 963, 965, 970, 976]
220.2 :   10 : [899, 913, 916, 926, 949, 950, 956, 957, 959, 969]
220.3 :    7 : [882, 906, 914, 936, 954, 958, 962]
220.4 :    8 : [884, 893, 912, 939, 940, 946, 972, 977]
220.5 :    7 : [892, 905, 918, 919, 938, 967, 971]
220.6 :    4 : [886, 902, 944, 952]
220.7 :    5 : [885, 925, 928, 942, 968]
220.8 :    2 : [883, 974]
220.9 :    6 : [895, 898, 921, 945, 947, 973]
221.0 :    1 : [937]
221.1 :    1 : [934]
221.3 :    1 : [923]
221.4 :    1 : [904]
221.5 :    1 : [922]
222.0 :    1 : [964]
222.1 :    1 : [915]
222.2 :    2 : [890, 960]
222.3 :    2 : [903, 909]
222.4 :    8 : [889, 894, 900, 901, 930, 943, 953, 975]
222.5 :    6 : [910, 924, 948, 955, 966, 970]
222.6 :   15 : [887, 891, 899, 908, 911, 913, 917, 920, 933, 935, 941, 959, 963, 965, 976]
222.7 :    4 : [882, 931, 932, 951]
222.8 :    6 : [888, 929, 950, 961, 962, 969]
222.9 :   10 : [884, 897, 912, 916, 936, 939, 949, 954, 956, 957]
223.0 :    2 : [906, 926]
223.1 :    3 : [896, 940, 967]
223.2 :    2 : [914, 977]
223.4 :    6 : [902, 907, 927, 938, 945, 971]
223.6 :    2 : [905, 946]
223.7 :    4 : [892, 925, 952, 958]
223.8 :    4 : [893, 921, 928, 942]
224.0 :    4 : [918, 919, 944, 974]
224.1 :    2 : [886, 895]
224.2 :    3 : [947, 972, 973]
224.4 :    3 : [883, 937, 968]
224.5 :    1 : [934]
224.6 :    1 : [898]
224.7 :    1 : [885]
224.8 :    4 : [889, 903, 922, 953]
224.9 :    3 : [901, 924, 943]
225.0 :    6 : [910, 948, 955, 964, 965, 970]
225.1 :    9 : [887, 894, 899, 904, 908, 913, 917, 920, 963]
225.2 :    6 : [882, 891, 911, 941, 959, 976]
225.3 :    2 : [923, 933]
225.4 :    3 : [935, 951, 962]
225.5 :    4 : [900, 909, 932, 960]
225.6 :    3 : [950, 954, 969]
225.7 :    4 : [884, 912, 930, 966]
225.8 :    3 : [906, 939, 949]
225.9 :    2 : [916, 961]
226.0 :    1 : [945]
226.1 :    2 : [936, 956]
226.2 :    2 : [940, 975]
226.3 :    1 : [931]
226.4 :    1 : [929]
226.5 :    3 : [897, 957, 967]
226.7 :    1 : [914]
226.9 :    1 : [888]
227.0 :    2 : [902, 926]
227.2 :    1 : [977]
227.7 :    1 : [942]
228.1 :    1 : [971]
228.2 :    4 : [890, 910, 921, 938]
228.3 :    2 : [903, 943]
228.4 :    4 : [894, 905, 963, 973]
228.5 :    2 : [915, 925]
228.6 :    5 : [896, 922, 927, 948, 970]
228.7 :    4 : [895, 933, 952, 955]
228.8 :    1 : [944]
228.9 :    1 : [887]
229.0 :    3 : [892, 913, 928]
229.1 :    2 : [941, 961]
229.2 :    2 : [953, 969]
229.3 :    2 : [911, 937]
229.4 :    3 : [882, 932, 964]
229.5 :    2 : [886, 923]
229.6 :    6 : [889, 898, 899, 945, 972, 974]
229.7 :    1 : [893]
229.8 :    2 : [907, 939]
229.9 :    2 : [929, 957]
230.0 :    1 : [904]
230.1 :    2 : [901, 936]
230.2 :    1 : [935]
230.3 :    2 : [950, 951]
230.4 :    2 : [930, 966]
230.5 :    1 : [909]
230.6 :    3 : [884, 902, 931]
230.7 :    4 : [940, 946, 959, 976]
230.8 :    1 : [891]
230.9 :    1 : [975]
231.0 :    1 : [912]
231.1 :    1 : [916]
231.2 :    1 : [965]
231.3 :    1 : [920]
231.4 :    1 : [942]
231.6 :    1 : [885]
231.7 :    1 : [903]
231.8 :    4 : [888, 908, 926, 943]
231.9 :    1 : [934]
232.0 :    1 : [919]
232.1 :    1 : [894]
232.2 :    1 : [970]
232.4 :    5 : [905, 910, 927, 961, 963]
232.5 :    2 : [933, 971]
232.6 :    3 : [955, 958, 967]
232.7 :    3 : [948, 956, 973]
232.8 :    4 : [883, 922, 969, 977]
232.9 :    7 : [911, 913, 917, 923, 929, 944, 957]
233.0 :    2 : [887, 941]
233.1 :    8 : [890, 921, 924, 936, 947, 952, 953, 954]
233.2 :    8 : [886, 897, 899, 900, 915, 928, 932, 945]
233.3 :    4 : [882, 889, 898, 949]
233.4 :    2 : [937, 939]
233.6 :    1 : [974]
233.7 :    2 : [892, 904]
233.8 :    1 : [893]
233.9 :    1 : [964]
234.2 :    1 : [884]
234.9 :    1 : [912]
235.7 :    1 : [950]
235.9 :    1 : [894]
236.0 :    1 : [918]
236.1 :    1 : [940]
236.3 :    2 : [911, 967]
236.5 :    3 : [902, 946, 971]
236.6 :    2 : [891, 943]
236.7 :    3 : [910, 936, 941]
236.8 :    5 : [889, 926, 928, 929, 972]
236.9 :    2 : [896, 960]
237.2 :    3 : [888, 951, 952]
237.3 :    5 : [887, 948, 957, 958, 974]
237.4 :    5 : [903, 917, 931, 935, 963]
237.5 :    4 : [897, 930, 933, 942]
237.6 :    2 : [899, 965]
237.7 :    3 : [920, 970, 975]
237.8 :    4 : [890, 932, 973, 977]
237.9 :    1 : [921]
238.0 :    1 : [939]
238.1 :    1 : [909]
238.5 :    4 : [913, 944, 953, 955]
238.6 :    5 : [884, 937, 938, 947, 949]
238.7 :    6 : [886, 894, 904, 922, 961, 969]
238.8 :    4 : [882, 883, 915, 945]
238.9 :    5 : [892, 893, 895, 898, 966]
239.0 :    1 : [905]
239.1 :    2 : [911, 912]
239.3 :    2 : [900, 967]
239.4 :    1 : [923]
239.5 :    2 : [901, 971]
239.6 :    1 : [943]
239.8 :    2 : [941, 950]
239.9 :    4 : [907, 910, 929, 936]
240.0 :    2 : [927, 964]
240.1 :    5 : [889, 902, 940, 959, 976]
240.2 :    1 : [928]
240.3 :    1 : [916]
240.4 :    3 : [906, 925, 957]
240.5 :    3 : [899, 924, 926]
240.6 :    5 : [903, 933, 948, 956, 963]
240.7 :    5 : [887, 888, 931, 942, 970]
240.8 :    2 : [946, 974]
240.9 :    1 : [952]
241.1 :    3 : [891, 908, 930]
241.2 :    2 : [939, 973]
241.3 :    1 : [972]
241.4 :    2 : [894, 932]
241.6 :    1 : [977]
241.8 :    1 : [954]
241.9 :    1 : [935]
242.0 :    1 : [890]
242.1 :    3 : [921, 955, 975]
242.2 :    3 : [896, 934, 961]
242.3 :    3 : [913, 951, 969]
242.4 :    3 : [909, 943, 945]
242.5 :    2 : [905, 922]
242.6 :    2 : [958, 971]
242.7 :    1 : [911]
242.8 :    4 : [882, 923, 929, 944]
242.9 :    2 : [884, 910]
243.0 :    2 : [904, 917]
243.3 :    2 : [898, 953]
243.4 :    1 : [937]
243.6 :    3 : [886, 897, 936]
243.7 :    2 : [965, 967]
243.8 :    4 : [912, 920, 941, 950]
244.0 :    1 : [915]
244.2 :    3 : [892, 893, 928]
244.4 :    1 : [889]
244.6 :    1 : [957]
244.8 :    4 : [888, 894, 902, 966]
245.0 :    1 : [952]
245.1 :    4 : [885, 899, 947, 949]
245.2 :    2 : [887, 970]
245.3 :    1 : [927]
245.4 :    2 : [942, 974]
245.6 :    2 : [940, 946]
245.7 :    1 : [948]
245.8 :    1 : [903]
245.9 :    1 : [933]
246.0 :    3 : [916, 931, 963]
246.2 :    4 : [884, 926, 939, 943]
246.3 :    2 : [911, 955]
246.4 :    2 : [929, 932]
246.5 :    7 : [910, 930, 961, 962, 964, 973, 977]
246.6 :    2 : [891, 969]
246.7 :    2 : [913, 950]
246.8 :    4 : [907, 918, 919, 938]
246.9 :    1 : [954]
247.0 :    1 : [904]
247.1 :    2 : [914, 971]
247.2 :    1 : [906]
247.3 :    1 : [934]
247.4 :    1 : [936]
247.6 :    1 : [912]
247.8 :    1 : [893]
247.9 :    1 : [944]
248.3 :    2 : [920, 956]
248.4 :    1 : [945]
248.6 :    1 : [922]
248.8 :    3 : [923, 959, 976]
249.2 :    1 : [899]
249.5 :    6 : [889, 894, 898, 924, 925, 942]
249.6 :    3 : [885, 916, 970]
249.7 :    2 : [903, 943]
249.8 :    1 : [884]
250.0 :    5 : [882, 902, 921, 937, 950]
250.1 :    1 : [957]
250.2 :    1 : [939]
250.3 :    1 : [954]
250.4 :    2 : [961, 974]
250.5 :    5 : [911, 929, 947, 955, 967]
250.6 :    8 : [887, 910, 915, 931, 932, 941, 946, 977]
250.7 :   12 : [883, 895, 900, 905, 909, 913, 933, 934, 935, 963, 969, 972]
250.8 :    8 : [893, 896, 904, 912, 930, 940, 953, 973]
250.9 :    6 : [886, 926, 936, 948, 965, 971]
251.0 :    6 : [888, 892, 928, 938, 944, 975]
251.1 :    1 : [927]
251.2 :    2 : [907, 952]
251.3 :    2 : [890, 958]
251.5 :    3 : [891, 917, 966]
251.6 :    1 : [897]
253.0 :    2 : [951, 964]
253.1 :    2 : [894, 923]
253.2 :    1 : [943]
253.3 :    2 : [922, 945]
253.4 :    7 : [899, 903, 906, 920, 929, 949, 970]
253.5 :    4 : [910, 939, 957, 963]
253.6 :    4 : [884, 889, 933, 942]
253.7 :    3 : [908, 971, 973]
253.8 :    6 : [902, 911, 936, 948, 955, 961]
253.9 :    5 : [887, 931, 932, 941, 950]
254.0 :   10 : [898, 901, 913, 916, 921, 926, 930, 959, 969, 976]
254.1 :    4 : [882, 888, 956, 977]
254.2 :    1 : [919]
254.3 :    4 : [904, 905, 927, 940]
254.4 :    3 : [909, 935, 972]
254.6 :    2 : [944, 967]
254.7 :    1 : [975]
254.8 :    1 : [937]
254.9 :    1 : [966]
255.2 :    1 : [952]
255.5 :    1 : [953]
255.6 :    4 : [886, 912, 915, 974]
255.7 :    2 : [918, 928]
256.0 :    2 : [890, 965]
256.1 :    2 : [893, 960]
256.2 :    1 : [892]
256.3 :    3 : [894, 946, 947]
256.6 :    1 : [896]
256.7 :    4 : [910, 911, 929, 958]
256.8 :    1 : [971]
256.9 :    4 : [883, 917, 936, 943]
257.0 :    1 : [897]
257.1 :    2 : [884, 889]
257.2 :    2 : [895, 957]
257.3 :    1 : [933]
257.4 :    1 : [961]
257.5 :    1 : [941]
257.6 :    3 : [891, 902, 963]
257.7 :    3 : [888, 923, 948]
257.8 :    7 : [899, 900, 905, 926, 934, 950, 955]
257.9 :    6 : [887, 907, 913, 954, 969, 970]
258.0 :    1 : [898]
258.1 :    3 : [914, 932, 973]
258.2 :    1 : [904]
258.3 :    2 : [882, 944]
258.4 :    2 : [938, 942]
258.6 :    2 : [924, 962]
258.7 :    1 : [920]
258.8 :    2 : [922, 977]
258.9 :    1 : [939]
259.0 :    3 : [903, 921, 940]
259.1 :    2 : [894, 930]
259.2 :    2 : [945, 964]
259.3 :    1 : [937]
259.4 :    3 : [931, 951, 967]
259.5 :    1 : [953]
259.6 :    5 : [886, 893, 909, 929, 952]
259.7 :    6 : [911, 912, 916, 943, 971, 975]
259.8 :    4 : [910, 928, 949, 974]
259.9 :    1 : [936]
260.0 :    3 : [890, 915, 956]
260.1 :    5 : [906, 927, 935, 957, 972]
260.2 :    1 : [889]
260.3 :    4 : [892, 933, 947, 966]
260.4 :    5 : [884, 941, 958, 961, 965]
260.5 :    1 : [888]
260.6 :    1 : [917]
260.7 :    1 : [963]
260.8 :    2 : [897, 905]
261.1 :    1 : [969]
261.2 :    1 : [896]
261.3 :    3 : [923, 948, 950]
261.4 :    1 : [955]
261.5 :    2 : [913, 970]
261.6 :    1 : [926]
261.9 :    1 : [895]
262.1 :    1 : [887]
262.7 :    1 : [918]
262.8 :    1 : [898]
262.9 :    1 : [944]
263.1 :    2 : [894, 946]
263.3 :    2 : [911, 967]
263.5 :    4 : [883, 902, 932, 953]
263.6 :    5 : [899, 904, 912, 928, 971]
263.7 :    4 : [886, 941, 943, 952]
263.8 :    4 : [888, 936, 960, 973]
263.9 :    6 : [889, 893, 910, 929, 957, 961]
264.1 :    6 : [882, 900, 915, 933, 937, 974]
264.2 :    3 : [884, 892, 905]
264.4 :    1 : [891]
264.5 :    1 : [963]
264.6 :    2 : [923, 940]
264.7 :    1 : [922]
265.0 :    1 : [969]
265.3 :    3 : [948, 950, 975]
265.4 :    2 : [955, 958]
265.5 :    2 : [890, 917]
265.7 :    2 : [897, 913]
266.1 :    1 : [949]
266.2 :    1 : [947]
266.3 :    1 : [926]
266.4 :    5 : [894, 911, 942, 967, 977]
266.5 :    2 : [887, 970]
266.9 :    1 : [903]
267.0 :    2 : [939, 945]
267.1 :    7 : [908, 920, 921, 927, 941, 959, 976]
267.2 :    4 : [943, 952, 953, 971]
267.3 :    3 : [888, 944, 966]
267.4 :    3 : [928, 931, 934]
267.5 :    3 : [930, 957, 965]
267.6 :    2 : [895, 964]
267.7 :    2 : [886, 963]
267.8 :    3 : [907, 909, 932]
267.9 :    3 : [935, 961, 972]
268.0 :    1 : [905]
268.1 :    1 : [896]
268.2 :    1 : [898]
268.9 :    1 : [969]
269.0 :    1 : [893]
269.1 :    3 : [889, 892, 915]
269.3 :    1 : [912]
269.4 :    3 : [929, 933, 936]
269.5 :    1 : [973]
269.6 :    5 : [894, 910, 911, 923, 967]
269.7 :    1 : [904]
269.8 :    5 : [937, 938, 940, 948, 955]
269.9 :    7 : [882, 884, 899, 900, 950, 974, 975]
270.0 :    4 : [902, 913, 943, 971]
270.1 :    1 : [922]
270.2 :    7 : [887, 888, 890, 918, 926, 946, 953]
270.3 :    1 : [941]
270.5 :    1 : [944]
270.6 :    1 : [957]
270.8 :    1 : [970]
271.1 :    1 : [928]
271.2 :    5 : [883, 917, 951, 958, 961]
271.3 :    4 : [897, 901, 952, 963]
271.4 :    1 : [924]
271.7 :    2 : [891, 903]
271.9 :    2 : [945, 977]
272.0 :    2 : [921, 939]
272.3 :    1 : [932]
272.6 :    1 : [886]
272.7 :    1 : [894]
272.8 :    2 : [947, 949]
273.1 :    1 : [960]
273.2 :    3 : [911, 942, 967]
273.3 :    1 : [889]
273.6 :    1 : [920]
274.0 :    1 : [941]
274.3 :    2 : [912, 936]
274.4 :    2 : [929, 971]
274.6 :    1 : [910]
274.9 :    3 : [931, 948, 954]
275.0 :    4 : [884, 887, 943, 974]
275.2 :    1 : [933]
275.4 :    1 : [926]
275.9 :    3 : [905, 953, 957]
276.0 :    2 : [898, 973]
276.1 :    2 : [888, 944]
276.2 :    7 : [902, 904, 927, 930, 937, 961, 969]
276.3 :    1 : [955]
276.4 :    2 : [895, 913]
276.5 :    4 : [892, 893, 915, 963]
276.6 :    1 : [966]
276.7 :    1 : [950]
276.8 :    2 : [923, 928]
277.4 :    2 : [882, 922]
277.5 :    4 : [890, 899, 935, 972]
277.6 :    2 : [896, 940]
277.8 :    1 : [894]
277.9 :    1 : [934]
278.1 :    2 : [921, 939]
278.2 :    6 : [910, 911, 929, 956, 970, 971]
278.4 :    6 : [903, 909, 932, 945, 964, 975]
278.5 :    2 : [933, 943]
278.6 :    1 : [936]
278.7 :    1 : [948]
278.8 :    2 : [952, 965]
278.9 :    1 : [967]
279.0 :    3 : [926, 941, 977]
279.1 :    1 : [951]
280.3 :    3 : [917, 957, 958]
280.4 :    3 : [887, 897, 973]
280.7 :    1 : [963]
280.8 :    2 : [883, 907]
280.9 :    1 : [931]
281.1 :    2 : [902, 912]
281.3 :    4 : [884, 910, 929, 974]
281.4 :    1 : [891]
281.6 :    2 : [889, 971]
281.8 :    1 : [911]
282.0 :    2 : [894, 942]
282.1 :    4 : [886, 904, 928, 937]
282.2 :    2 : [954, 967]
282.3 :    3 : [936, 943, 961]
282.4 :    5 : [899, 913, 916, 920, 950]
282.5 :    6 : [893, 900, 938, 944, 953, 955]
282.6 :    3 : [888, 947, 969]
282.7 :    4 : [898, 905, 932, 941]
282.8 :    2 : [882, 934]
282.9 :    2 : [892, 915]
283.0 :    3 : [923, 933, 940]
283.1 :    2 : [914, 952]
283.2 :    4 : [906, 926, 930, 946]
283.3 :    2 : [918, 970]
283.6 :    1 : [895]
284.0 :    3 : [948, 957, 977]
284.1 :    5 : [890, 921, 922, 939, 962]
284.3 :    1 : [896]
284.7 :    1 : [963]
284.8 :    4 : [887, 910, 929, 973]
284.9 :    7 : [884, 902, 903, 911, 912, 927, 975]
285.0 :    3 : [919, 949, 971]
285.1 :    7 : [889, 894, 924, 945, 959, 974, 976]
285.2 :    3 : [931, 942, 943]
285.3 :    8 : [899, 935, 950, 956, 964, 966, 967, 972]
285.4 :    8 : [893, 904, 936, 944, 955, 961, 965, 969]
285.5 :    9 : [886, 888, 907, 908, 913, 916, 928, 941, 953]
285.6 :    6 : [885, 909, 920, 932, 937, 947]
285.7 :    7 : [891, 897, 898, 901, 917, 954, 958]
285.8 :    3 : [905, 915, 951]
285.9 :    3 : [923, 938, 970]
286.0 :    2 : [892, 952]
286.1 :    4 : [926, 933, 934, 940]
286.3 :    2 : [900, 925]
286.4 :    1 : [930]
286.6 :    1 : [882]
288.1 :    1 : [957]
288.3 :    1 : [895]
288.5 :    4 : [894, 943, 961, 968]
288.6 :    5 : [906, 948, 950, 963, 977]
288.7 :    4 : [893, 905, 946, 969]
288.8 :    2 : [914, 939]
288.9 :    7 : [888, 902, 911, 913, 918, 923, 973]
289.0 :    5 : [921, 929, 953, 954, 971]
289.1 :    7 : [886, 887, 922, 933, 934, 944, 955]
289.2 :    4 : [883, 898, 910, 932]
289.3 :    3 : [896, 904, 907]
289.4 :    3 : [890, 926, 937]
289.5 :    1 : [927]
289.8 :    2 : [884, 942]
289.9 :    1 : [970]
290.0 :    1 : [912]
290.2 :    2 : [899, 920]
291.0 :    3 : [931, 936, 974]
291.1 :    2 : [903, 916]
291.2 :    1 : [882]
291.3 :    1 : [940]
291.5 :    1 : [967]
292.0 :    3 : [889, 930, 945]
292.2 :    2 : [929, 941]
292.3 :    1 : [943]
292.4 :    1 : [902]
292.5 :    5 : [891, 915, 935, 956, 972]
292.6 :    2 : [910, 964]
292.7 :    1 : [939]
292.8 :    1 : [966]
292.9 :    2 : [957, 961]
293.1 :    3 : [933, 950, 963]
293.2 :    3 : [885, 894, 975]
293.3 :    4 : [884, 911, 948, 973]
293.4 :    2 : [955, 970]
293.5 :    3 : [892, 923, 969]
293.6 :    8 : [905, 913, 922, 927, 928, 959, 971, 976]
293.7 :    4 : [888, 904, 942, 944]
293.8 :    2 : [898, 899]
293.9 :    3 : [887, 909, 952]
294.0 :    6 : [912, 926, 932, 937, 947, 953]
294.1 :    1 : [886]
294.2 :    6 : [897, 917, 919, 936, 958, 967]
294.3 :    1 : [977]
294.4 :    1 : [893]
294.5 :    1 : [974]
294.6 :    3 : [921, 946, 951]
294.7 :    2 : [890, 931]
294.9 :    4 : [900, 903, 938, 965]
295.1 :    1 : [949]
295.2 :    2 : [882, 940]
295.3 :    2 : [929, 941]
295.4 :    1 : [943]
295.5 :    1 : [924]
295.6 :    1 : [889]
295.8 :    1 : [896]
296.0 :    2 : [883, 920]
296.4 :    2 : [894, 960]
296.5 :    2 : [901, 910]
296.6 :    2 : [911, 945]
296.7 :    1 : [957]
296.8 :    2 : [967, 971]
296.9 :    1 : [939]
297.0 :    5 : [902, 912, 928, 936, 963]
297.1 :    3 : [884, 933, 948]
297.3 :    1 : [954]
297.5 :    3 : [887, 891, 952]
297.6 :    8 : [888, 895, 915, 926, 934, 944, 953, 961]
297.7 :    2 : [907, 973]
297.8 :    3 : [904, 937, 955]
297.9 :    6 : [886, 908, 913, 930, 950, 970]
298.0 :    4 : [892, 899, 905, 969]
298.1 :    5 : [897, 898, 917, 932, 958]
298.2 :    5 : [922, 935, 943, 972, 975]
298.3 :    2 : [923, 964]
298.4 :    5 : [903, 942, 966, 974, 977]
298.5 :    3 : [890, 916, 941]
298.6 :    2 : [927, 929]
298.7 :    3 : [893, 925, 947]
298.8 :    1 : [956]
298.9 :    2 : [909, 931]
299.1 :    3 : [894, 959, 976]
299.2 :    3 : [889, 921, 940]
299.4 :    2 : [918, 965]
299.5 :    1 : [946]
299.6 :    1 : [906]
299.7 :    3 : [882, 911, 949]
299.8 :    2 : [910, 967]
299.9 :    4 : [920, 936, 957, 971]
300.0 :    2 : [884, 912]
300.1 :    1 : [951]
300.2 :    1 : [928]
300.4 :    1 : [948]
300.5 :    3 : [933, 945, 963]
300.6 :    1 : [939]
300.8 :    1 : [902]
301.4 :    1 : [887]
301.5 :    2 : [900, 952]
301.6 :    4 : [888, 944, 953, 961]
301.9 :    2 : [926, 943]
302.1 :    1 : [905]
302.2 :    3 : [886, 896, 955]
302.3 :    4 : [904, 915, 950, 969]
302.4 :    3 : [913, 937, 973]
302.5 :    3 : [883, 923, 929]
302.6 :    6 : [894, 898, 899, 941, 962, 970]
302.7 :    2 : [892, 911]
302.8 :    2 : [971, 974]
302.9 :    4 : [910, 922, 932, 967]
303.0 :    3 : [893, 912, 936]
303.1 :    4 : [891, 897, 917, 958]
303.2 :    2 : [889, 957]
303.3 :    2 : [884, 928]
303.5 :    4 : [890, 924, 960, 975]
303.9 :    1 : [931]
304.6 :    1 : [940]
304.7 :    3 : [934, 938, 942]
304.8 :    2 : [954, 977]
304.9 :    4 : [895, 907, 914, 947]
305.0 :    2 : [882, 930]
305.1 :    2 : [927, 943]
305.2 :    2 : [950, 961]
305.3 :    4 : [933, 948, 953, 963]
305.4 :    2 : [920, 969]
305.5 :   10 : [886, 888, 894, 902, 905, 913, 918, 921, 944, 946]
305.6 :    2 : [887, 911]
305.7 :    5 : [893, 915, 916, 926, 955]
305.8 :    9 : [904, 919, 923, 935, 937, 952, 967, 971, 972]
305.9 :    5 : [892, 898, 912, 941, 966]
306.0 :    5 : [906, 910, 929, 936, 974]
306.1 :    2 : [939, 957]
306.2 :    4 : [889, 932, 949, 973]
306.3 :    2 : [928, 970]
306.4 :    2 : [884, 899]
308.7 :    1 : [900]
309.0 :    1 : [922]
309.1 :    1 : [961]
309.2 :    4 : [888, 896, 943, 953]
309.3 :    5 : [897, 905, 917, 958, 975]
309.4 :    2 : [886, 894]
309.5 :    1 : [911]
309.6 :    1 : [969]
309.7 :    2 : [890, 944]
309.8 :    4 : [893, 915, 941, 967]
309.9 :    6 : [892, 928, 945, 950, 957, 971]
310.0 :    5 : [912, 913, 923, 933, 952]
310.1 :    2 : [898, 955]
310.2 :    4 : [887, 891, 936, 963]
310.3 :    4 : [910, 929, 931, 948]
310.4 :    4 : [889, 904, 926, 937]
310.5 :    2 : [902, 974]
310.6 :    1 : [884]
310.9 :    1 : [940]
311.0 :    2 : [895, 927]
311.1 :    2 : [882, 970]
311.3 :    1 : [932]
311.4 :    1 : [973]
311.7 :    1 : [964]
312.0 :    1 : [966]
312.4 :    1 : [961]
714.8 :    1 : [901]
715.4 :    1 : [955]
715.8 :    1 : [953]
716.0 :    1 : [920]
716.9 :    9 : [889, 891, 903, 906, 908, 913, 945, 959, 976]
717.0 :    3 : [887, 910, 924]
717.2 :    2 : [884, 899]
717.4 :    1 : [925]
717.6 :    1 : [970]
718.0 :    1 : [914]
718.1 :    6 : [894, 919, 922, 936, 941, 964]
718.2 :    1 : [939]
718.4 :    3 : [892, 895, 911]
718.5 :    3 : [940, 955, 967]
718.6 :    3 : [901, 917, 944]
718.7 :    1 : [912]
718.8 :    9 : [905, 929, 938, 943, 950, 953, 957, 961, 975]
718.9 :    7 : [888, 893, 918, 920, 923, 946, 966]
719.0 :    1 : [886]
719.1 :    4 : [927, 928, 931, 947]
719.2 :    2 : [960, 969]
719.3 :    2 : [882, 932]
719.4 :    3 : [898, 937, 952]
719.5 :    1 : [915]
719.9 :    2 : [942, 974]
720.0 :    4 : [916, 933, 948, 963]
720.2 :    2 : [935, 971]
720.3 :    2 : [907, 934]
720.4 :    5 : [904, 913, 926, 954, 962]
720.5 :    2 : [909, 910]
720.6 :    4 : [887, 889, 897, 977]
720.7 :    8 : [883, 894, 899, 902, 903, 930, 951, 973]
720.8 :    4 : [890, 949, 965, 972]
720.9 :    5 : [884, 941, 945, 958, 970]
721.0 :    3 : [900, 911, 936]
721.1 :    2 : [891, 967]
721.3 :    3 : [908, 943, 955]
721.4 :    6 : [892, 944, 953, 959, 961, 976]
721.5 :   12 : [888, 893, 895, 905, 906, 920, 922, 939, 940, 950, 957, 964]
721.6 :    2 : [921, 924]
721.7 :    4 : [896, 901, 914, 956]
721.8 :    4 : [912, 923, 968, 975]
721.9 :    5 : [886, 917, 929, 938, 969]
722.0 :    3 : [918, 919, 947]
722.1 :    4 : [885, 928, 932, 966]
722.2 :    1 : [882]
722.3 :    1 : [931]
722.5 :    3 : [927, 937, 946]
722.6 :    2 : [898, 925]
722.7 :    1 : [942]
722.8 :    1 : [952]
722.9 :    3 : [915, 933, 974]
723.0 :    1 : [963]
723.1 :    4 : [894, 916, 948, 971]
723.2 :    1 : [913]
723.3 :    2 : [887, 889]
723.4 :    3 : [910, 926, 970]
723.5 :    4 : [899, 903, 911, 941]
723.6 :    2 : [904, 960]
723.7 :    2 : [973, 977]
723.8 :    4 : [890, 909, 935, 943]
723.9 :    1 : [954]
724.0 :    5 : [884, 930, 934, 945, 967]
724.1 :    7 : [897, 902, 907, 936, 955, 961, 965]
724.2 :    2 : [893, 950]
724.3 :    4 : [920, 951, 953, 957]
724.4 :    2 : [891, 944]
724.5 :    3 : [900, 939, 958]
724.6 :    3 : [888, 905, 929]
724.7 :    3 : [883, 940, 972]
724.8 :    3 : [912, 921, 949]
724.9 :    4 : [892, 922, 964, 969]
725.0 :    4 : [895, 906, 923, 932]
725.1 :    3 : [901, 908, 914]
725.2 :    5 : [882, 938, 947, 959, 976]
725.3 :    6 : [886, 924, 928, 931, 962, 975]
725.4 :    5 : [894, 896, 942, 956, 966]
725.5 :    3 : [917, 918, 919]
725.6 :    5 : [898, 927, 937, 952, 963]
725.7 :    3 : [915, 946, 971]
725.8 :    3 : [913, 933, 948]
725.9 :    4 : [885, 887, 889, 970]
726.0 :    3 : [911, 925, 974]
726.1 :    2 : [903, 941]
726.2 :    3 : [899, 943, 968]
726.3 :    2 : [916, 926]
726.4 :    1 : [910]
726.5 :    2 : [954, 977]
726.6 :    1 : [973]
726.7 :    2 : [904, 961]
726.8 :    1 : [950]
726.9 :    2 : [884, 955]
727.0 :    5 : [893, 902, 934, 936, 967]
727.1 :    1 : [957]
727.3 :    1 : [920]
727.4 :    1 : [909]
727.7 :    1 : [930]
727.8 :    2 : [890, 929]
727.9 :    1 : [907]
728.0 :    1 : [945]
728.1 :    4 : [935, 939, 944, 953]
728.2 :    3 : [888, 894, 905]
728.3 :    2 : [951, 969]
728.4 :    3 : [932, 963, 965]
728.5 :    3 : [891, 940, 970]
728.6 :    3 : [921, 923, 964]
728.7 :    3 : [895, 913, 943]
728.8 :    1 : [886]
728.9 :    4 : [882, 887, 900, 938]
729.0 :    3 : [892, 903, 971]
729.1 :    4 : [922, 933, 942, 948]
729.2 :    5 : [896, 898, 911, 912, 947]
729.3 :    6 : [897, 927, 952, 966, 972, 975]
729.4 :    8 : [889, 899, 915, 926, 931, 937, 954, 961]
729.5 :    3 : [916, 941, 950]
729.6 :    7 : [910, 928, 956, 959, 973, 976, 977]
729.7 :    2 : [884, 906]
729.8 :    2 : [902, 974]
729.9 :    1 : [955]
730.0 :    3 : [904, 936, 957]
730.1 :    1 : [885]
730.3 :    1 : [908]
730.4 :    2 : [924, 958]
730.5 :    1 : [946]
730.6 :    1 : [967]
730.7 :    2 : [883, 893]
730.8 :    3 : [914, 917, 949]
731.0 :    1 : [894]
731.1 :    2 : [920, 929]
731.4 :    1 : [925]
731.5 :    2 : [888, 970]
731.6 :    5 : [901, 919, 943, 953, 963]
731.7 :    5 : [890, 909, 918, 944, 969]
731.8 :    1 : [932]
731.9 :    3 : [930, 934, 945]
732.0 :    2 : [887, 903]
732.1 :    1 : [939]
732.2 :    3 : [905, 913, 971]
732.3 :    2 : [886, 964]
732.4 :    3 : [911, 940, 961]
732.5 :    2 : [895, 923]
732.6 :    2 : [892, 960]
732.7 :    1 : [941]
732.8 :    4 : [882, 891, 955, 975]
733.0 :    2 : [935, 966]
733.1 :    3 : [899, 948, 952]
733.3 :    1 : [889]
733.7 :    1 : [950]
734.0 :    4 : [928, 933, 951, 957]
734.1 :    3 : [922, 926, 965]
734.2 :    4 : [910, 915, 936, 937]
734.3 :    5 : [894, 898, 912, 947, 967]
734.4 :    1 : [921]
734.5 :    2 : [929, 931]
734.7 :    2 : [884, 897]
734.8 :    2 : [973, 974]
734.9 :    1 : [907]
735.2 :    3 : [902, 942, 953]
735.3 :    3 : [904, 917, 943]
735.6 :    1 : [971]
735.7 :    1 : [911]
735.8 :    6 : [908, 938, 944, 959, 962, 976]
735.9 :    7 : [887, 893, 901, 906, 920, 958, 977]
736.0 :    1 : [914]
736.1 :    4 : [883, 900, 903, 932]
736.2 :    5 : [941, 954, 955, 963, 970]
736.3 :    1 : [913]
736.4 :    1 : [939]
736.5 :    3 : [890, 899, 940]
736.7 :    2 : [924, 945]
736.8 :    1 : [964]
736.9 :    2 : [882, 889]
737.0 :    1 : [891]
737.3 :    2 : [888, 894]
737.4 :    4 : [892, 918, 949, 952]
737.6 :    1 : [948]
737.7 :    6 : [909, 928, 946, 957, 967, 972]
737.8 :    4 : [925, 936, 969, 975]
737.9 :    5 : [884, 910, 927, 953, 960]
738.0 :    2 : [886, 912]
738.1 :    3 : [919, 929, 961]
738.2 :    5 : [916, 947, 950, 956, 965]
738.3 :    2 : [922, 966]
738.5 :    3 : [930, 942, 974]
738.6 :    1 : [917]
738.7 :    2 : [905, 926]
739.0 :    1 : [934]
739.1 :    2 : [887, 943]
739.2 :    3 : [897, 911, 951]
739.3 :    1 : [903]
739.4 :    3 : [935, 959, 976]
739.5 :    2 : [933, 970]
739.8 :    3 : [920, 923, 941]
739.9 :    3 : [895, 901, 955]
740.0 :    5 : [894, 908, 938, 968, 977]
740.1 :    5 : [899, 906, 913, 945, 963]
740.2 :    1 : [939]
740.3 :    1 : [889]
740.4 :    3 : [932, 964, 971]
740.5 :    1 : [973]
740.6 :    1 : [914]
740.7 :    1 : [944]
740.8 :    3 : [891, 924, 937]
740.9 :    1 : [954]
741.0 :    1 : [940]
741.1 :    1 : [953]
741.2 :    1 : [962]
741.4 :    1 : [910]
741.5 :    1 : [898]
741.6 :    1 : [967]
741.8 :    2 : [893, 936]
741.9 :    1 : [925]
742.4 :    1 : [884]
742.5 :    1 : [957]
742.7 :    1 : [931]
742.8 :    4 : [885, 903, 922, 929]
742.9 :    2 : [887, 948]
743.0 :    4 : [894, 909, 970, 975]
743.1 :    1 : [921]
743.2 :    3 : [888, 952, 965]
743.3 :    4 : [882, 945, 959, 976]
743.4 :    2 : [916, 943]
743.5 :    7 : [890, 899, 900, 917, 939, 942, 963]
743.6 :    4 : [889, 912, 955, 972]
743.7 :    4 : [892, 919, 941, 964]
743.8 :    5 : [926, 934, 946, 956, 966]
743.9 :    2 : [913, 977]
744.0 :    1 : [927]
744.1 :    6 : [886, 905, 920, 924, 951, 969]
744.2 :    3 : [901, 915, 953]
744.3 :    3 : [891, 911, 947]
744.4 :    6 : [906, 910, 928, 938, 949, 974]
744.5 :    4 : [897, 932, 960, 967]
744.6 :    2 : [883, 958]
744.8 :    1 : [908]
744.9 :    1 : [971]
745.1 :    1 : [944]
745.2 :    1 : [936]
747.1 :    2 : [950, 961]
747.2 :    5 : [884, 893, 894, 907, 933]
747.3 :   12 : [887, 889, 898, 904, 911, 914, 918, 923, 937, 940, 953, 954]
747.4 :   10 : [888, 910, 912, 913, 929, 941, 955, 957, 967, 973]
747.5 :    9 : [886, 892, 901, 905, 917, 930, 943, 962, 970]
747.6 :   11 : [891, 895, 896, 899, 903, 922, 928, 945, 948, 952, 975]
747.7 :    7 : [925, 935, 936, 944, 959, 971, 976]
747.8 :    7 : [902, 906, 920, 924, 926, 963, 974]
747.9 :    3 : [882, 908, 934]
748.1 :    1 : [915]
748.2 :    6 : [897, 932, 938, 939, 960, 969]
748.3 :    3 : [919, 927, 931]
750.3 :    1 : [946]
750.4 :    1 : [947]
750.5 :    3 : [883, 958, 964]
750.6 :    2 : [900, 977]
750.7 :    3 : [890, 911, 953]
750.8 :    5 : [889, 894, 941, 955, 967]
750.9 :    1 : [901]
751.0 :    2 : [920, 951]
751.2 :    5 : [892, 899, 914, 928, 966]
751.3 :    5 : [887, 893, 895, 913, 949]
751.4 :    2 : [888, 944]
751.5 :    4 : [886, 940, 943, 961]
751.6 :    2 : [905, 918]
751.7 :    4 : [908, 950, 952, 957]
751.8 :    1 : [970]
751.9 :    4 : [912, 923, 936, 975]
752.0 :    8 : [891, 910, 915, 917, 929, 937, 971, 972]
752.1 :    1 : [882]
752.2 :    4 : [884, 898, 933, 969]
752.3 :    1 : [909]
752.4 :    1 : [932]
752.5 :    4 : [904, 922, 948, 974]
752.6 :    1 : [926]
752.7 :    1 : [963]
752.8 :    1 : [931]
752.9 :    1 : [902]
753.1 :    1 : [942]
754.0 :    5 : [903, 906, 945, 959, 976]
754.1 :    1 : [907]
754.2 :    1 : [919]
754.3 :    1 : [939]
754.4 :    2 : [901, 935]
754.5 :    4 : [894, 921, 955, 973]
754.6 :    1 : [920]
754.8 :    1 : [911]
754.9 :    3 : [899, 941, 960]
755.0 :    2 : [954, 965]
755.1 :    1 : [964]
755.2 :    1 : [908]
755.3 :    1 : [924]
755.4 :    1 : [970]
755.6 :    2 : [889, 938]
755.8 :    1 : [943]
756.0 :    1 : [913]
756.8 :    2 : [887, 957]
756.9 :    5 : [897, 929, 951, 953, 967]
757.0 :    3 : [891, 925, 940]
757.1 :    2 : [910, 963]
757.2 :    6 : [903, 914, 936, 956, 962, 977]
757.3 :    2 : [909, 917]
757.4 :    3 : [890, 932, 948]
757.5 :    5 : [894, 926, 934, 945, 971]
757.6 :    1 : [922]
757.8 :    1 : [952]
757.9 :    2 : [968, 975]
758.2 :    2 : [882, 901]
758.3 :    3 : [895, 959, 976]
758.4 :    5 : [883, 892, 920, 939, 955]
758.5 :    3 : [905, 928, 941]
758.7 :    2 : [884, 933]
758.8 :    2 : [899, 961]
758.9 :    5 : [896, 906, 930, 947, 966]
759.0 :    4 : [908, 911, 937, 954]
759.1 :    4 : [888, 923, 944, 972]
759.2 :    7 : [889, 913, 918, 943, 964, 970, 973]
759.3 :    3 : [912, 921, 927]
759.4 :    1 : [893]
759.5 :    2 : [886, 950]
759.6 :    2 : [919, 969]
759.7 :    2 : [931, 935]
759.8 :    6 : [900, 902, 907, 916, 924, 957]
759.9 :    1 : [898]
760.1 :    3 : [929, 942, 953]
760.3 :    1 : [974]
760.4 :    6 : [887, 894, 903, 904, 910, 963]
760.5 :    3 : [940, 958, 965]
760.6 :    3 : [936, 945, 967]
760.7 :    2 : [948, 949]
760.8 :    6 : [891, 915, 932, 946, 952, 971]
761.0 :    1 : [977]
761.1 :    2 : [926, 938]
761.2 :    1 : [909]
761.3 :    2 : [890, 941]
761.4 :    2 : [917, 922]
761.5 :    2 : [897, 925]
761.6 :    4 : [939, 951, 955, 975]
761.7 :    3 : [884, 928, 960]
761.9 :    2 : [933, 956]
762.0 :    1 : [911]
762.1 :    6 : [899, 901, 912, 934, 959, 976]
762.2 :    3 : [882, 889, 920]
762.3 :    5 : [892, 905, 913, 943, 961]
762.4 :    2 : [914, 962]
762.5 :    1 : [937]
762.6 :    4 : [906, 944, 954, 970]
762.7 :    6 : [883, 888, 895, 908, 923, 953]
762.8 :    2 : [886, 957]
762.9 :    1 : [973]
763.0 :    1 : [893]
763.1 :    1 : [964]
763.2 :    3 : [927, 950, 966]
763.3 :    3 : [894, 919, 972]
763.4 :    2 : [924, 929]
763.7 :    2 : [931, 969]
763.8 :    1 : [887]
764.1 :    2 : [898, 910]
764.2 :    1 : [918]
764.3 :    2 : [903, 963]
764.4 :    3 : [945, 947, 967]
764.5 :    3 : [930, 936, 940]
764.6 :    5 : [921, 935, 941, 952, 971]
764.7 :    1 : [948]
764.8 :    2 : [911, 932]
764.9 :    1 : [900]
765.0 :    1 : [928]
765.1 :    1 : [926]
765.2 :    1 : [891]
765.3 :    2 : [889, 955]
765.5 :    2 : [917, 920]
765.6 :    2 : [907, 915]
765.7 :    1 : [890]
765.8 :    4 : [899, 901, 943, 965]
765.9 :    1 : [975]
766.0 :    2 : [913, 977]
766.1 :    2 : [909, 958]
766.2 :    5 : [892, 894, 938, 953, 970]
766.5 :    1 : [914]
766.6 :    1 : [908]
766.8 :    1 : [939]
767.0 :    4 : [882, 895, 959, 976]
767.2 :    2 : [888, 957]
767.3 :    4 : [896, 905, 922, 961]
767.4 :    1 : [944]
767.5 :    1 : [964]
767.6 :    1 : [951]
767.7 :    1 : [923]
767.8 :    3 : [886, 893, 933]
767.9 :    2 : [897, 966]
768.0 :    1 : [963]
768.1 :    4 : [887, 903, 949, 969]
768.3 :    2 : [929, 973]
768.4 :    4 : [902, 904, 941, 950]
768.5 :    4 : [912, 942, 971, 974]
768.6 :    3 : [937, 945, 948]
768.7 :    6 : [883, 910, 911, 926, 932, 955]
768.8 :    2 : [940, 943]
768.9 :    4 : [919, 920, 936, 954]
769.0 :   11 : [884, 894, 899, 901, 906, 925, 928, 931, 952, 960, 967]
769.1 :    3 : [889, 921, 935]
769.2 :    2 : [891, 913]
769.3 :    2 : [918, 924]
769.4 :    2 : [917, 953]
769.5 :    2 : [890, 898]
769.6 :    1 : [947]
769.7 :    2 : [892, 970]
769.9 :    1 : [914]
770.4 :    2 : [908, 946]
770.7 :    1 : [958]
771.1 :    1 : [975]
771.2 :    1 : [977]
771.3 :    3 : [930, 939, 972]
771.4 :    4 : [909, 927, 957, 965]
771.5 :    2 : [894, 903]
771.6 :    1 : [956]
771.7 :    6 : [900, 915, 916, 959, 964, 976]
771.8 :    4 : [887, 888, 938, 945]
771.9 :    4 : [884, 922, 941, 963]
772.0 :    3 : [899, 929, 943]
772.1 :    6 : [889, 910, 925, 942, 955, 962]
772.2 :    3 : [934, 944, 948]
772.3 :    1 : [936]
772.4 :    1 : [924]
772.5 :    1 : [885]
772.6 :    7 : [882, 891, 901, 913, 920, 951, 953]
772.7 :    4 : [932, 966, 967, 970]
772.8 :    5 : [906, 911, 933, 961, 968]
772.9 :    2 : [895, 912]
773.0 :    5 : [905, 907, 940, 952, 969]
773.1 :    5 : [923, 926, 950, 954, 973]
773.2 :    3 : [886, 917, 919]
773.3 :    1 : [893]
773.4 :    2 : [892, 908]
773.5 :    1 : [931]
773.6 :    1 : [935]
773.8 :    2 : [914, 971]
774.4 :    1 : [898]
774.9 :    1 : [928]
775.0 :    1 : [894]
775.1 :    1 : [937]
775.2 :    2 : [890, 897]
775.3 :    5 : [903, 918, 947, 949, 975]
775.4 :    2 : [941, 957]
775.5 :    2 : [887, 888]
775.6 :    1 : [911]
775.7 :    4 : [883, 943, 967, 974]
775.8 :    3 : [889, 960, 970]
775.9 :    1 : [963]
776.0 :    2 : [952, 953]
776.1 :    2 : [945, 955]
776.2 :    3 : [921, 936, 977]
776.3 :    6 : [884, 910, 912, 929, 948, 965]
776.4 :    2 : [913, 924]
776.5 :    3 : [938, 959, 976]
776.6 :    2 : [891, 939]
776.7 :    2 : [917, 920]
776.8 :    1 : [944]
776.9 :    1 : [946]
777.0 :    1 : [922]
777.1 :    2 : [901, 926]
777.2 :    2 : [886, 932]
777.4 :    6 : [899, 904, 933, 934, 951, 958]
777.7 :    1 : [902]
777.8 :    3 : [954, 971, 972]
777.9 :    1 : [900]
778.1 :    1 : [906]
778.2 :    1 : [915]
778.3 :    1 : [893]
778.4 :    2 : [892, 894]
778.5 :    4 : [911, 942, 961, 967]
778.6 :    2 : [928, 940]
778.8 :    4 : [896, 905, 941, 973]
779.0 :    3 : [882, 927, 969]
779.1 :    8 : [887, 888, 889, 898, 923, 937, 950, 953]
779.2 :    2 : [943, 957]
779.7 :    1 : [964]
779.8 :    3 : [895, 909, 955]
780.0 :    6 : [908, 913, 914, 952, 970, 975]
780.2 :    2 : [962, 966]
780.3 :    3 : [907, 925, 931]
780.4 :    1 : [901]
780.6 :    6 : [903, 918, 919, 920, 936, 944]
780.7 :    9 : [897, 899, 910, 930, 945, 959, 963, 974, 976]
780.8 :    3 : [884, 891, 912]
780.9 :    3 : [916, 929, 935]
781.0 :    4 : [924, 947, 956, 960]
781.1 :    1 : [922]
781.2 :    2 : [886, 948]
781.4 :    2 : [917, 939]
781.5 :    1 : [906]
782.2 :    3 : [934, 938, 946]
782.5 :    1 : [894]
783.7 :    1 : [953]
783.8 :    1 : [889]
783.9 :    2 : [932, 941]
784.0 :    4 : [887, 911, 954, 955]
784.1 :    4 : [901, 961, 967, 977]
784.2 :    4 : [892, 903, 920, 940]
784.3 :    2 : [951, 965]
784.4 :    4 : [908, 933, 964, 970]
784.5 :    2 : [942, 943]
784.6 :    3 : [890, 899, 957]
784.9 :    2 : [883, 913]
785.0 :    1 : [926]
785.5 :    2 : [914, 945]
785.6 :    2 : [891, 949]
785.7 :    1 : [894]
785.8 :    2 : [928, 929]
785.9 :    2 : [893, 952]
786.0 :    2 : [936, 971]
786.2 :    1 : [888]
786.3 :    2 : [917, 947]
786.5 :    3 : [910, 959, 976]
786.6 :    2 : [924, 975]
786.7 :    2 : [906, 912]
786.8 :    5 : [884, 939, 948, 953, 963]
786.9 :    7 : [882, 897, 900, 905, 909, 925, 944]
787.0 :    2 : [922, 938]
787.1 :    4 : [887, 889, 960, 972]
787.2 :    4 : [903, 941, 958, 967]
787.3 :    2 : [969, 973]
787.4 :    1 : [886]
787.6 :    1 : [970]
787.7 :    1 : [921]
788.3 :    1 : [977]
788.7 :    1 : [965]
788.8 :    2 : [901, 911]
788.9 :    2 : [920, 955]
789.0 :    4 : [895, 937, 951, 957]
789.1 :    5 : [894, 918, 919, 932, 954]
789.2 :    6 : [892, 908, 913, 946, 968, 974]
789.3 :    1 : [899]
789.4 :    4 : [915, 943, 950, 962]
789.5 :    2 : [940, 964]
789.6 :    1 : [953]
789.7 :    4 : [891, 914, 928, 966]
789.8 :    2 : [890, 952]
789.9 :    3 : [926, 935, 936]
790.0 :    3 : [917, 929, 945]
790.1 :    2 : [889, 941]
790.2 :    4 : [903, 947, 967, 971]
790.3 :    1 : [887]
790.4 :    1 : [883]
790.8 :    1 : [970]
791.2 :    1 : [910]
791.3 :    1 : [949]
792.2 :    7 : [888, 893, 924, 959, 963, 975, 976]
792.3 :    4 : [906, 923, 944, 948]
792.4 :    2 : [882, 909]
792.5 :    3 : [898, 939, 961]
792.6 :    2 : [894, 955]
792.7 :    4 : [895, 901, 905, 933]
792.8 :    2 : [920, 969]
792.9 :    5 : [907, 911, 922, 943, 953]
793.0 :    5 : [912, 913, 927, 931, 957]
793.1 :    5 : [886, 899, 904, 908, 973]
793.2 :    1 : [892]
793.3 :    1 : [930]
793.4 :    4 : [897, 929, 940, 941]
793.5 :    2 : [896, 950]
793.6 :    2 : [934, 937]
793.7 :    2 : [902, 936]
793.8 :    4 : [884, 938, 942, 971]
793.9 :    5 : [889, 928, 932, 958, 967]
794.0 :    2 : [918, 960]
794.1 :    3 : [887, 891, 914]
794.2 :    1 : [926]
794.4 :    3 : [915, 956, 964]
794.5 :    6 : [903, 917, 945, 952, 966, 974]
794.6 :    1 : [910]
794.7 :    3 : [919, 935, 970]
794.8 :    4 : [900, 921, 925, 977]
794.9 :    3 : [890, 947, 972]
795.1 :    1 : [894]
795.2 :    1 : [916]
795.3 :    3 : [946, 951, 965]
795.5 :    1 : [963]
795.6 :    2 : [883, 949]
795.8 :    2 : [939, 948]
795.9 :    3 : [955, 959, 976]
796.0 :    1 : [920]
796.1 :    6 : [888, 899, 901, 911, 943, 954]
796.3 :    3 : [909, 944, 957]
796.4 :    3 : [882, 929, 975]
796.5 :    3 : [913, 933, 941]
796.6 :    1 : [922]
796.7 :    3 : [908, 936, 961]
796.8 :    1 : [924]
796.9 :    2 : [931, 940]
797.0 :    2 : [906, 973]
797.2 :    1 : [971]
797.5 :    1 : [889]
797.6 :    1 : [962]
797.7 :    4 : [885, 912, 923, 967]
797.8 :    2 : [884, 902]
797.9 :    1 : [950]
798.0 :    1 : [903]
798.1 :    2 : [942, 969]
798.2 :    3 : [891, 910, 953]
798.3 :    4 : [887, 930, 937, 945]
798.4 :    1 : [904]
798.5 :    3 : [898, 932, 970]
798.6 :    2 : [894, 964]
798.7 :    2 : [905, 925]
798.8 :    2 : [916, 926]
798.9 :    2 : [939, 963]
799.0 :    4 : [927, 959, 976, 977]
799.1 :    1 : [917]
799.2 :    5 : [892, 895, 938, 955, 966]
799.3 :    5 : [899, 901, 914, 934, 948]
799.4 :    4 : [920, 928, 956, 965]
799.5 :   10 : [893, 897, 919, 929, 941, 943, 951, 952, 957, 974]
799.6 :    2 : [911, 913]
799.7 :    7 : [907, 935, 936, 946, 947, 954, 972]
799.9 :    5 : [888, 908, 921, 922, 958]
800.0 :    4 : [882, 886, 944, 960]
800.1 :    8 : [889, 890, 918, 924, 933, 940, 971, 975]
800.3 :    3 : [883, 949, 967]
800.4 :    1 : [906]
800.5 :    1 : [909]
800.6 :    1 : [961]
800.7 :    1 : [912]
801.1 :    1 : [931]
801.2 :    1 : [884]
801.9 :    1 : [910]
802.7 :    2 : [915, 953]
802.8 :    1 : [894]
803.0 :    1 : [887]
803.1 :    2 : [903, 911]
803.2 :    1 : [973]
803.3 :    4 : [889, 891, 941, 950]
803.4 :    5 : [899, 942, 955, 967, 970]
803.6 :    3 : [920, 928, 952]
803.7 :    1 : [936]
803.8 :    5 : [892, 901, 943, 945, 946]
803.9 :    4 : [932, 944, 947, 964]
804.0 :    3 : [913, 959, 976]
804.1 :    2 : [914, 940]
804.2 :    3 : [906, 917, 929]
804.3 :    2 : [908, 939]
804.4 :    1 : [969]
804.5 :    1 : [957]
804.6 :    1 : [900]
804.7 :    3 : [925, 937, 974]
804.8 :    3 : [888, 924, 949]
804.9 :    4 : [948, 966, 975, 977]
805.0 :    1 : [971]
805.1 :    1 : [963]
805.2 :    1 : [965]
805.4 :    1 : [909]
805.6 :    1 : [926]
805.9 :    1 : [894]
806.0 :    1 : [912]
806.1 :    5 : [884, 893, 897, 958, 960]
806.2 :    1 : [938]
806.5 :    3 : [883, 890, 918]
806.6 :    1 : [911]
806.8 :    1 : [967]
806.9 :    1 : [941]
807.1 :    1 : [889]
807.2 :    1 : [886]
807.4 :    2 : [952, 953]
808.0 :    2 : [887, 928]
808.1 :    4 : [903, 904, 930, 970]
808.2 :    4 : [885, 910, 916, 951]
808.3 :    2 : [899, 922]
808.4 :    5 : [894, 920, 935, 942, 943]
808.5 :    4 : [898, 936, 947, 955]
808.6 :    5 : [882, 919, 931, 932, 964]
808.7 :    5 : [891, 895, 929, 945, 946]
808.8 :    3 : [913, 923, 939]
808.9 :    5 : [901, 940, 957, 959, 976]
809.0 :    1 : [908]
809.1 :    3 : [944, 950, 963]
809.3 :    6 : [892, 909, 921, 925, 966, 973]
809.4 :    1 : [969]
809.7 :    2 : [906, 914]
809.9 :    1 : [917]
810.1 :    6 : [927, 933, 948, 961, 972, 975]
810.2 :    4 : [888, 915, 924, 977]
810.3 :    3 : [911, 965, 971]
810.4 :    2 : [941, 949]
810.5 :    2 : [884, 905]
810.6 :    1 : [953]
810.7 :    3 : [889, 893, 967]
810.8 :    1 : [926]
810.9 :    2 : [886, 952]
811.0 :    1 : [896]
811.1 :    2 : [912, 954]
811.2 :    4 : [887, 918, 928, 974]
811.3 :    1 : [956]
811.4 :    5 : [894, 900, 937, 938, 970]
811.5 :    1 : [897]
811.6 :    3 : [890, 903, 960]
811.7 :    2 : [910, 943]
811.8 :    2 : [945, 962]
811.9 :    2 : [936, 955]
812.0 :    2 : [913, 958]
812.2 :    2 : [957, 963]
812.3 :    1 : [922]
812.4 :    1 : [934]
812.5 :    1 : [891]
812.6 :    1 : [929]
812.7 :    2 : [959, 976]
