Name: Prefrontal cortex [Glu0], Title: Raster plot from device '20334', Hist: False
213.5 :    1 : [793]
213.7 :    1 : [877]
213.8 :    1 : [823]
213.9 :    1 : [828]
214.3 :    2 : [788, 854]
214.4 :    3 : [796, 816, 881]
214.5 :    3 : [801, 821, 876]
214.6 :    3 : [792, 798, 832]
214.7 :    2 : [806, 848]
214.8 :    6 : [794, 814, 820, 840, 842, 879]
214.9 :    5 : [817, 826, 833, 861, 873]
215.0 :    7 : [791, 797, 803, 807, 818, 824, 856]
215.1 :    2 : [790, 864]
215.2 :    2 : [815, 860]
215.3 :    8 : [799, 800, 802, 836, 853, 858, 867, 874]
215.4 :    5 : [810, 819, 837, 852, 878]
215.5 :    2 : [825, 850]
215.8 :    2 : [846, 855]
215.9 :    3 : [829, 835, 847]
216.0 :    5 : [822, 838, 843, 866, 872]
216.1 :    1 : [834]
216.3 :    1 : [831]
216.8 :    1 : [869]
216.9 :    5 : [793, 828, 859, 863, 871]
217.1 :    2 : [849, 870]
217.2 :    1 : [854]
217.4 :    2 : [801, 805]
217.5 :    7 : [787, 798, 811, 823, 827, 848, 880]
217.6 :    7 : [786, 806, 820, 840, 877, 879, 881]
217.7 :   11 : [788, 797, 802, 808, 814, 842, 845, 865, 873, 874, 876]
217.8 :   18 : [789, 791, 795, 803, 807, 809, 815, 819, 821, 824, 826, 830, 833, 844, 856, 861, 862, 864]
217.9 :   16 : [790, 792, 794, 796, 799, 800, 810, 812, 813, 816, 832, 839, 841, 858, 860, 868]
218.0 :    6 : [825, 837, 852, 853, 867, 875]
218.1 :    5 : [817, 818, 836, 851, 878]
218.2 :    3 : [846, 850, 857]
218.4 :    1 : [872]
218.5 :    1 : [855]
218.7 :    3 : [822, 835, 847]
218.9 :    3 : [829, 838, 866]
219.1 :    2 : [831, 843]
219.7 :    2 : [793, 854]
219.8 :    1 : [801]
219.9 :    5 : [828, 859, 863, 869, 871]
220.0 :    6 : [806, 811, 823, 848, 879, 881]
220.1 :   12 : [797, 798, 802, 814, 820, 834, 840, 870, 873, 874, 877, 880]
220.2 :    6 : [805, 815, 819, 833, 842, 876]
220.3 :   12 : [786, 791, 803, 807, 824, 826, 827, 856, 860, 861, 864, 865]
220.4 :   12 : [788, 789, 790, 792, 795, 799, 800, 810, 816, 832, 852, 858]
220.5 :    5 : [787, 796, 821, 841, 853]
220.6 :    7 : [794, 825, 837, 839, 846, 849, 867]
220.7 :    3 : [830, 844, 878]
220.8 :    3 : [808, 836, 868]
220.9 :    3 : [845, 851, 872]
221.0 :    1 : [818]
221.1 :    2 : [817, 850]
221.2 :    1 : [809]
221.3 :    2 : [812, 862]
221.7 :    2 : [855, 857]
222.0 :    1 : [822]
222.1 :    1 : [835]
222.2 :    1 : [875]
222.3 :    3 : [801, 823, 831]
222.4 :    8 : [793, 811, 813, 838, 847, 854, 866, 871]
222.5 :   13 : [797, 806, 814, 829, 840, 848, 859, 863, 873, 877, 879, 880, 881]
222.6 :    6 : [802, 820, 833, 843, 869, 874]
222.7 :    2 : [798, 819]
222.8 :    6 : [791, 805, 807, 860, 870, 876]
222.9 :    5 : [786, 799, 815, 816, 842]
223.0 :    7 : [795, 803, 826, 846, 858, 864, 865]
223.1 :    6 : [789, 790, 810, 824, 828, 852]
223.2 :    4 : [792, 800, 856, 861]
223.3 :    2 : [788, 832]
223.5 :    3 : [796, 827, 867]
223.6 :    2 : [837, 872]
223.7 :    4 : [794, 839, 841, 853]
223.8 :    1 : [821]
224.0 :    3 : [825, 830, 878]
224.1 :    2 : [787, 836]
224.3 :    1 : [868]
224.4 :    1 : [817]
224.5 :    1 : [850]
224.6 :    1 : [818]
224.7 :    4 : [823, 834, 844, 851]
224.8 :    3 : [801, 811, 849]
224.9 :    4 : [797, 854, 855, 871]
225.0 :    9 : [793, 806, 808, 822, 833, 840, 848, 877, 880]
225.1 :    3 : [863, 873, 879]
225.2 :    6 : [814, 820, 831, 845, 862, 869]
225.3 :    2 : [857, 874]
225.4 :    3 : [819, 835, 860]
225.5 :    8 : [798, 802, 807, 816, 838, 846, 876, 881]
225.6 :    5 : [799, 809, 812, 842, 859]
225.7 :    3 : [805, 847, 866]
225.8 :    4 : [786, 791, 795, 815]
225.9 :    2 : [858, 870]
226.0 :    3 : [789, 803, 829]
226.1 :    2 : [792, 865]
226.3 :    2 : [826, 843]
226.4 :    1 : [872]
226.6 :    3 : [790, 813, 852]
226.9 :    2 : [810, 861]
227.0 :    1 : [856]
227.1 :    1 : [800]
227.2 :    2 : [788, 864]
227.3 :    1 : [824]
227.5 :    3 : [801, 841, 875]
227.6 :    1 : [794]
227.7 :    1 : [867]
227.9 :    1 : [854]
228.3 :    3 : [796, 828, 832]
228.4 :    3 : [836, 840, 848]
228.5 :    5 : [806, 820, 821, 823, 873]
228.6 :    3 : [797, 833, 879]
228.7 :    5 : [798, 814, 827, 837, 850]
228.9 :    1 : [793]
229.0 :    1 : [842]
229.2 :    1 : [881]
229.3 :    3 : [825, 846, 877]
229.4 :    1 : [880]
229.6 :    4 : [822, 866, 874, 876]
229.7 :    2 : [803, 807]
229.8 :    5 : [791, 802, 817, 826, 830]
230.0 :    3 : [819, 860, 869]
230.1 :    2 : [835, 871]
230.3 :    2 : [838, 878]
230.4 :    3 : [801, 815, 831]
230.5 :    1 : [859]
230.7 :    1 : [863]
230.8 :    1 : [811]
230.9 :    2 : [799, 872]
231.0 :    2 : [790, 854]
231.1 :    2 : [805, 816]
231.2 :    1 : [829]
231.8 :    2 : [786, 864]
231.9 :    2 : [848, 870]
232.0 :    2 : [818, 847]
232.2 :    3 : [808, 828, 861]
232.3 :    2 : [814, 852]
232.4 :    5 : [809, 821, 849, 855, 879]
232.5 :    5 : [788, 798, 810, 833, 858]
232.6 :    5 : [787, 794, 840, 845, 881]
232.7 :    7 : [793, 797, 806, 823, 824, 867, 873]
232.8 :    6 : [800, 820, 836, 856, 862, 875]
232.9 :    1 : [842]
233.0 :    7 : [791, 801, 812, 843, 850, 853, 876]
233.1 :    5 : [792, 807, 826, 846, 877]
233.2 :    2 : [832, 874]
233.3 :    2 : [796, 802]
233.4 :    4 : [803, 817, 865, 866]
233.5 :    1 : [822]
233.6 :    1 : [835]
233.7 :    1 : [837]
233.8 :    2 : [839, 860]
234.0 :    2 : [825, 854]
234.1 :    1 : [795]
234.2 :    1 : [815]
234.5 :    1 : [819]
235.7 :    2 : [789, 816]
235.8 :    2 : [799, 859]
235.9 :    1 : [871]
236.0 :    1 : [813]
236.1 :    1 : [790]
236.2 :    1 : [878]
236.3 :    1 : [793]
236.4 :    2 : [863, 868]
236.5 :    7 : [788, 792, 794, 801, 869, 877, 880]
236.8 :    4 : [791, 796, 829, 838]
236.9 :    2 : [823, 879]
237.1 :    2 : [854, 861]
237.2 :    5 : [806, 820, 824, 840, 881]
237.3 :    3 : [856, 858, 864]
237.4 :    2 : [798, 848]
237.5 :    3 : [814, 817, 826]
237.6 :    2 : [807, 828]
237.7 :    1 : [874]
237.8 :    3 : [800, 842, 873]
237.9 :    2 : [802, 810]
238.1 :    1 : [872]
238.2 :    1 : [830]
238.5 :    2 : [832, 855]
238.6 :    2 : [797, 867]
238.7 :    4 : [811, 821, 835, 876]
238.8 :    5 : [818, 833, 837, 850, 860]
238.9 :    2 : [853, 866]
239.0 :    4 : [793, 815, 831, 870]
239.1 :    1 : [852]
239.2 :    1 : [849]
239.3 :    6 : [795, 803, 836, 843, 846, 877]
239.4 :    1 : [816]
239.5 :    2 : [788, 801]
239.8 :    9 : [792, 794, 799, 805, 819, 822, 825, 854, 875]
239.9 :    3 : [790, 827, 865]
240.0 :    5 : [791, 812, 823, 859, 879]
240.1 :    1 : [881]
240.3 :    1 : [848]
240.4 :    3 : [787, 796, 806]
240.5 :    3 : [786, 814, 840]
240.6 :    2 : [798, 820]
240.7 :    6 : [802, 824, 841, 861, 871, 874]
240.8 :    1 : [864]
240.9 :    6 : [826, 828, 838, 847, 856, 863]
241.1 :    2 : [807, 880]
241.2 :    2 : [808, 858]
241.3 :    1 : [809]
241.4 :    1 : [810]
241.6 :    1 : [800]
241.7 :    1 : [873]
241.8 :    1 : [829]
241.9 :    1 : [842]
242.0 :    2 : [869, 872]
242.1 :    4 : [797, 817, 844, 878]
242.3 :    3 : [833, 845, 854]
242.4 :    1 : [801]
242.5 :    3 : [793, 813, 821]
242.7 :    3 : [835, 850, 876]
242.9 :    2 : [836, 866]
243.0 :    1 : [867]
243.1 :    1 : [846]
243.2 :    2 : [791, 879]
243.4 :    1 : [803]
243.6 :    3 : [788, 832, 860]
243.8 :    2 : [789, 877]
243.9 :    3 : [794, 816, 881]
244.0 :    2 : [823, 855]
244.1 :    2 : [818, 848]
244.2 :    2 : [799, 815]
244.5 :    2 : [792, 796]
244.8 :    2 : [790, 806]
244.9 :    2 : [814, 870]
245.0 :    3 : [802, 822, 859]
245.2 :    2 : [819, 840]
245.3 :    1 : [861]
245.4 :    1 : [825]
245.5 :    2 : [824, 875]
245.8 :    1 : [801]
245.9 :    2 : [856, 874]
246.0 :    4 : [793, 798, 811, 830]
246.1 :    4 : [805, 807, 820, 858]
246.2 :    3 : [828, 854, 872]
246.3 :    2 : [826, 843]
246.4 :    3 : [835, 853, 865]
246.5 :    5 : [800, 837, 838, 868, 871]
246.6 :    3 : [842, 849, 863]
246.7 :    2 : [841, 879]
246.8 :    1 : [834]
246.9 :    6 : [791, 797, 803, 810, 848, 878]
247.0 :    1 : [876]
248.0 :    1 : [860]
248.3 :    1 : [794]
248.5 :    3 : [812, 833, 881]
248.6 :    2 : [787, 802]
248.8 :    2 : [850, 867]
248.9 :    2 : [815, 859]
249.4 :    2 : [801, 822]
249.5 :    3 : [799, 819, 823]
249.6 :    1 : [818]
249.7 :    2 : [788, 851]
249.8 :    1 : [857]
249.9 :    7 : [792, 806, 814, 825, 861, 872, 874]
250.0 :    3 : [793, 836, 869]
250.1 :    3 : [786, 817, 854]
250.2 :    1 : [848]
250.3 :    2 : [803, 842]
250.4 :    4 : [821, 832, 856, 864]
250.5 :    2 : [829, 877]
250.6 :    7 : [790, 800, 807, 816, 876, 878, 879]
250.7 :    7 : [796, 805, 831, 835, 844, 852, 873]
250.8 :    7 : [791, 797, 838, 840, 846, 858, 880]
250.9 :    6 : [798, 820, 826, 828, 866, 875]
251.0 :    2 : [811, 853]
251.1 :    2 : [827, 834]
251.2 :    2 : [794, 855]
251.3 :    3 : [810, 824, 870]
251.4 :    2 : [843, 871]
251.5 :    3 : [860, 863, 881]
251.6 :    1 : [847]
251.8 :    1 : [813]
251.9 :    1 : [833]
253.1 :    1 : [801]
253.2 :    2 : [802, 837]
253.3 :    1 : [854]
253.4 :    8 : [806, 815, 823, 841, 848, 859, 865, 867]
253.5 :   10 : [793, 795, 814, 819, 820, 840, 849, 850, 874, 879]
253.6 :    4 : [791, 822, 830, 864]
253.7 :    2 : [808, 809]
253.8 :    3 : [826, 828, 873]
253.9 :   11 : [790, 797, 798, 799, 807, 835, 842, 856, 861, 862, 872]
254.0 :    3 : [788, 845, 866]
254.1 :    5 : [800, 821, 825, 846, 877]
254.2 :    3 : [836, 880, 881]
254.3 :    3 : [803, 812, 838]
254.4 :    3 : [787, 818, 876]
254.5 :    1 : [852]
254.6 :    1 : [831]
254.8 :    1 : [817]
255.2 :    2 : [824, 832]
255.5 :    1 : [833]
255.6 :    2 : [810, 816]
255.7 :    3 : [792, 829, 858]
255.8 :    1 : [794]
255.9 :    2 : [789, 796]
256.1 :    1 : [875]
256.2 :    1 : [860]
256.3 :    3 : [793, 868, 869]
256.4 :    5 : [786, 801, 805, 855, 870]
256.6 :    1 : [854]
256.7 :    1 : [878]
256.8 :    1 : [791]
256.9 :    1 : [879]
257.0 :    1 : [871]
257.1 :    1 : [823]
257.2 :    2 : [806, 811]
257.3 :    4 : [788, 798, 840, 843]
257.4 :    3 : [820, 827, 848]
257.5 :    1 : [814]
257.6 :    2 : [853, 863]
257.7 :    2 : [821, 828]
257.8 :    9 : [799, 807, 835, 842, 847, 861, 873, 874, 876]
257.9 :    2 : [836, 881]
258.0 :    3 : [797, 802, 803]
258.1 :    3 : [819, 867, 877]
258.2 :    2 : [818, 856]
258.3 :    2 : [815, 826]
258.4 :    1 : [834]
258.5 :    1 : [790]
258.6 :    1 : [832]
258.7 :    1 : [838]
258.8 :    2 : [800, 864]
258.9 :    5 : [822, 825, 837, 850, 859]
259.0 :    2 : [846, 852]
259.1 :    1 : [833]
259.2 :    2 : [810, 817]
259.4 :    2 : [866, 872]
259.5 :    5 : [792, 801, 839, 849, 854]
259.6 :    2 : [793, 824]
259.7 :    1 : [794]
259.8 :    3 : [791, 796, 858]
259.9 :    2 : [795, 860]
260.0 :    2 : [816, 879]
260.1 :    5 : [788, 806, 813, 823, 844]
260.2 :    5 : [820, 829, 840, 878, 880]
260.3 :    3 : [798, 831, 848]
260.4 :    1 : [787]
260.5 :    1 : [828]
260.6 :    3 : [855, 865, 869]
260.7 :    1 : [814]
260.8 :    1 : [876]
260.9 :    3 : [821, 842, 845]
261.0 :    1 : [862]
261.1 :    1 : [881]
261.3 :    1 : [873]
261.5 :    1 : [861]
262.1 :    1 : [877]
262.7 :    2 : [789, 807]
262.8 :    2 : [853, 870]
262.9 :    1 : [843]
263.0 :    1 : [799]
263.1 :    1 : [868]
263.2 :    1 : [793]
263.4 :    3 : [792, 835, 871]
263.5 :    7 : [797, 801, 803, 818, 832, 836, 856]
263.6 :    5 : [788, 794, 796, 826, 854]
263.7 :    3 : [816, 823, 867]
263.8 :    2 : [817, 874]
263.9 :    4 : [790, 791, 798, 879]
264.0 :    2 : [828, 833]
264.1 :    5 : [805, 806, 811, 847, 848]
264.2 :    3 : [820, 821, 876]
264.3 :    2 : [829, 840]
264.4 :    5 : [855, 863, 864, 875, 881]
264.5 :    2 : [786, 814]
264.6 :    3 : [827, 846, 873]
264.7 :    2 : [838, 842]
265.3 :    1 : [824]
265.4 :    5 : [802, 815, 849, 858, 860]
265.7 :    1 : [861]
265.8 :    1 : [877]
266.1 :    1 : [793]
266.2 :    1 : [795]
266.4 :    2 : [800, 837]
266.5 :    1 : [825]
266.6 :    1 : [812]
266.7 :    3 : [792, 859, 872]
266.8 :    1 : [852]
266.9 :    1 : [850]
267.0 :    1 : [866]
267.1 :    5 : [808, 809, 823, 828, 878]
267.2 :    1 : [820]
267.3 :    3 : [806, 826, 831]
267.4 :    4 : [810, 822, 832, 854]
267.5 :    3 : [801, 840, 848]
267.7 :    1 : [797]
267.8 :    2 : [798, 856]
267.9 :    4 : [807, 813, 818, 833]
268.0 :    3 : [787, 814, 864]
268.2 :    1 : [790]
268.4 :    2 : [862, 881]
268.5 :    1 : [842]
268.6 :    1 : [873]
268.7 :    2 : [821, 876]
268.9 :    3 : [788, 796, 817]
269.0 :    3 : [789, 816, 853]
269.3 :    1 : [794]
269.4 :    2 : [799, 879]
269.5 :    4 : [793, 819, 867, 877]
269.6 :    3 : [791, 803, 835]
269.7 :    6 : [836, 843, 846, 847, 855, 870]
269.8 :    1 : [829]
269.9 :    2 : [824, 854]
270.0 :    4 : [792, 861, 865, 869]
270.1 :    1 : [845]
270.2 :    2 : [828, 868]
270.3 :    2 : [801, 823]
270.4 :    2 : [848, 860]
270.5 :    1 : [874]
270.6 :    3 : [820, 827, 838]
270.8 :    1 : [871]
271.0 :    2 : [798, 849]
271.2 :    3 : [806, 840, 858]
271.3 :    4 : [815, 826, 830, 880]
271.4 :    1 : [832]
271.6 :    2 : [802, 839]
271.7 :    4 : [797, 837, 852, 863]
271.8 :    2 : [850, 864]
271.9 :    2 : [800, 866]
272.0 :    1 : [814]
272.2 :    1 : [833]
272.3 :    1 : [810]
272.7 :    1 : [856]
272.8 :    2 : [795, 842]
272.9 :    3 : [790, 807, 825]
273.0 :    3 : [872, 877, 881]
273.1 :    1 : [793]
273.3 :    1 : [859]
273.5 :    1 : [792]
273.7 :    1 : [788]
273.8 :    1 : [818]
274.0 :    3 : [796, 817, 823]
274.1 :    1 : [816]
274.3 :    3 : [794, 824, 878]
274.4 :    2 : [801, 873]
274.6 :    3 : [791, 854, 879]
274.9 :    1 : [799]
275.3 :    1 : [820]
275.9 :    2 : [798, 861]
276.0 :    2 : [821, 876]
276.1 :    1 : [848]
276.2 :    5 : [822, 828, 829, 835, 855]
276.5 :    1 : [836]
276.6 :    2 : [831, 840]
277.0 :    1 : [833]
277.4 :    5 : [786, 803, 846, 867, 874]
277.5 :    1 : [864]
277.6 :    3 : [805, 814, 838]
277.7 :    1 : [806]
277.8 :    1 : [797]
277.9 :    3 : [819, 854, 860]
278.0 :    1 : [801]
278.1 :    5 : [807, 811, 826, 842, 869]
278.2 :    5 : [791, 793, 843, 870, 881]
278.3 :    2 : [873, 875]
278.4 :    4 : [820, 850, 866, 879]
278.6 :    1 : [790]
278.7 :    1 : [810]
278.9 :    1 : [802]
279.0 :    2 : [800, 852]
279.1 :    1 : [824]
279.2 :    1 : [880]
279.5 :    1 : [856]
279.7 :    1 : [823]
280.3 :    2 : [788, 858]
280.4 :    2 : [798, 848]
280.5 :    1 : [871]
280.9 :    1 : [840]
281.1 :    1 : [794]
281.2 :    2 : [801, 854]
281.3 :    2 : [791, 799]
281.4 :    1 : [863]
281.5 :    2 : [817, 849]
281.6 :    1 : [877]
281.7 :    2 : [796, 832]
281.8 :    1 : [816]
282.0 :    2 : [861, 874]
282.1 :    5 : [792, 793, 815, 859, 878]
282.2 :    5 : [789, 818, 837, 853, 865]
282.3 :    3 : [828, 829, 835]
282.4 :    4 : [806, 819, 842, 876]
282.5 :    4 : [803, 807, 820, 879]
282.6 :    2 : [825, 836]
282.7 :    5 : [821, 834, 847, 860, 881]
282.8 :    3 : [797, 833, 855]
282.9 :    3 : [823, 826, 872]
283.0 :    5 : [787, 814, 838, 856, 867]
283.2 :    5 : [822, 843, 845, 848, 868]
283.3 :    2 : [864, 873]
283.5 :    1 : [790]
283.7 :    1 : [802]
284.0 :    2 : [798, 800]
284.1 :    1 : [788]
284.2 :    2 : [805, 869]
284.3 :    2 : [846, 854]
284.5 :    1 : [801]
284.6 :    1 : [850]
284.7 :    3 : [810, 811, 870]
284.8 :    2 : [824, 830]
284.9 :    3 : [791, 794, 813]
285.0 :    3 : [812, 858, 875]
285.1 :    4 : [793, 799, 840, 874]
285.2 :    3 : [844, 859, 877]
285.3 :    7 : [792, 795, 796, 816, 827, 861, 881]
285.4 :    9 : [786, 806, 817, 819, 835, 852, 866, 871, 879]
285.5 :   11 : [808, 809, 815, 823, 825, 828, 831, 832, 842, 862, 876]
285.6 :    6 : [803, 807, 818, 848, 860, 878]
285.7 :    8 : [797, 814, 820, 821, 841, 853, 863, 872]
285.8 :    3 : [826, 833, 856]
286.0 :    1 : [837]
286.1 :    1 : [867]
286.2 :    3 : [822, 834, 836]
286.3 :    1 : [880]
286.4 :    1 : [847]
286.5 :    3 : [790, 864, 873]
286.6 :    1 : [802]
286.9 :    1 : [829]
287.1 :    1 : [787]
288.1 :    1 : [838]
288.2 :    1 : [854]
288.3 :    2 : [849, 855]
288.4 :    1 : [798]
288.5 :    2 : [801, 843]
288.6 :    4 : [800, 842, 848, 876]
288.7 :    4 : [788, 793, 803, 828]
288.8 :    1 : [861]
288.9 :    4 : [797, 818, 833, 874]
289.0 :    2 : [819, 846]
289.1 :    4 : [810, 820, 832, 850]
289.2 :    4 : [821, 836, 860, 879]
289.3 :    3 : [791, 807, 878]
289.4 :    1 : [840]
289.5 :    4 : [806, 823, 869, 881]
289.6 :    1 : [834]
289.8 :    1 : [815]
289.9 :    1 : [852]
290.0 :    2 : [794, 814]
290.1 :    2 : [805, 825]
290.3 :    1 : [826]
291.0 :    5 : [796, 799, 817, 835, 856]
291.2 :    1 : [873]
291.3 :    1 : [867]
291.5 :    2 : [822, 864]
291.6 :    1 : [854]
291.8 :    1 : [801]
292.0 :    3 : [802, 859, 865]
292.1 :    1 : [845]
292.2 :    2 : [858, 874]
292.3 :    1 : [790]
292.4 :    7 : [811, 816, 848, 866, 870, 871, 872]
292.5 :    1 : [863]
292.6 :    1 : [798]
292.7 :    1 : [879]
292.8 :    3 : [786, 819, 881]
292.9 :    1 : [875]
293.1 :    1 : [838]
293.2 :    4 : [793, 824, 829, 841]
293.3 :    1 : [877]
293.4 :    3 : [814, 827, 831]
293.5 :    1 : [833]
293.6 :    3 : [797, 821, 828]
293.7 :    9 : [788, 791, 792, 806, 807, 823, 840, 846, 876]
293.8 :    4 : [836, 842, 853, 861]
293.9 :    1 : [820]
294.0 :    3 : [794, 803, 860]
294.1 :    1 : [855]
294.2 :    2 : [830, 854]
294.3 :    5 : [796, 800, 815, 835, 847]
294.4 :    2 : [789, 850]
294.5 :    4 : [799, 801, 843, 849]
294.6 :    8 : [813, 817, 825, 826, 832, 837, 873, 880]
294.8 :    2 : [810, 856]
294.9 :    1 : [864]
295.0 :    1 : [818]
295.1 :    2 : [812, 869]
295.2 :    1 : [867]
295.3 :    1 : [868]
295.5 :    1 : [852]
295.7 :    2 : [802, 878]
296.0 :    1 : [848]
296.4 :    2 : [790, 805]
296.5 :    3 : [787, 795, 858]
296.6 :    7 : [793, 798, 816, 822, 859, 874, 879]
296.7 :    2 : [877, 881]
296.8 :    1 : [824]
296.9 :    2 : [788, 791]
297.0 :    2 : [794, 854]
297.1 :    1 : [792]
297.2 :    2 : [806, 840]
297.3 :    5 : [801, 820, 823, 866, 871]
297.5 :    2 : [796, 863]
297.6 :    4 : [807, 814, 829, 861]
297.7 :    1 : [828]
297.8 :    5 : [821, 842, 855, 862, 876]
297.9 :    3 : [808, 809, 870]
298.0 :    2 : [833, 835]
298.1 :    5 : [797, 819, 836, 839, 872]
298.2 :    1 : [873]
298.3 :    3 : [826, 846, 860]
298.4 :    7 : [799, 800, 815, 817, 832, 838, 864]
298.5 :    4 : [803, 844, 850, 865]
298.6 :    2 : [802, 856]
298.7 :    2 : [848, 875]
298.8 :    3 : [810, 825, 831]
299.0 :    1 : [837]
299.1 :    1 : [852]
299.2 :    3 : [811, 867, 880]
299.4 :    1 : [818]
299.5 :    1 : [853]
299.6 :    4 : [789, 793, 812, 881]
299.7 :    3 : [786, 859, 879]
299.8 :    4 : [801, 843, 849, 877]
299.9 :    3 : [790, 830, 854]
300.0 :    6 : [788, 791, 794, 816, 824, 874]
300.1 :    3 : [792, 798, 858]
300.2 :    1 : [806]
300.3 :    3 : [822, 823, 840]
300.4 :    1 : [869]
300.5 :    1 : [820]
300.8 :    1 : [813]
301.3 :    1 : [796]
301.6 :    3 : [814, 845, 847]
301.7 :    1 : [827]
301.8 :    2 : [807, 828]
301.9 :    1 : [861]
302.0 :    1 : [821]
302.1 :    1 : [876]
302.2 :    1 : [829]
302.3 :    4 : [833, 842, 848, 878]
302.4 :    3 : [805, 835, 873]
302.5 :    2 : [836, 855]
302.6 :    1 : [854]
302.7 :    2 : [793, 801]
302.8 :    4 : [799, 817, 832, 871]
302.9 :    7 : [788, 791, 795, 797, 866, 870, 879]
303.0 :    2 : [794, 881]
303.1 :    5 : [798, 826, 863, 864, 868]
303.2 :    4 : [787, 816, 860, 877]
303.3 :    2 : [838, 846]
303.4 :    1 : [856]
303.5 :    1 : [792]
303.7 :    1 : [823]
304.3 :    1 : [806]
304.5 :    3 : [803, 819, 874]
304.6 :    2 : [818, 867]
304.7 :    3 : [802, 853, 858]
304.8 :    1 : [800]
304.9 :    1 : [815]
305.0 :    2 : [825, 834]
305.1 :    4 : [790, 820, 843, 872]
305.2 :    3 : [840, 842, 876]
305.3 :    4 : [789, 848, 850, 861]
305.4 :    7 : [796, 824, 828, 837, 849, 852, 854]
305.5 :    4 : [793, 801, 811, 859]
305.6 :    1 : [878]
305.7 :    5 : [788, 807, 821, 832, 833]
305.8 :    3 : [810, 836, 865]
305.9 :    6 : [794, 798, 814, 869, 875, 877]
306.0 :    6 : [791, 799, 817, 822, 879, 881]
306.1 :    2 : [797, 816]
306.2 :    5 : [829, 831, 835, 855, 873]
306.4 :    1 : [862]
306.8 :    1 : [860]
307.0 :    1 : [792]
308.5 :    2 : [823, 826]
308.6 :    1 : [847]
308.8 :    2 : [786, 838]
308.9 :    1 : [870]
309.0 :    1 : [846]
309.2 :    2 : [828, 856]
309.3 :    2 : [793, 854]
309.4 :    2 : [813, 876]
309.6 :    3 : [821, 827, 877]
309.7 :    6 : [788, 796, 806, 848, 864, 868]
309.8 :    5 : [787, 798, 801, 832, 881]
309.9 :    2 : [816, 842]
310.0 :    5 : [794, 818, 833, 861, 871]
310.1 :    3 : [803, 805, 879]
310.2 :    4 : [792, 814, 820, 863]
310.3 :    5 : [791, 817, 836, 840, 855]
310.4 :    3 : [807, 853, 873]
310.5 :    4 : [795, 799, 829, 835]
310.8 :    2 : [845, 874]
310.9 :    1 : [867]
311.0 :    2 : [858, 866]
311.1 :    3 : [790, 797, 843]
311.3 :    1 : [849]
311.8 :    1 : [852]
312.0 :    1 : [831]
312.3 :    1 : [860]
312.4 :    1 : [862]
715.3 :    1 : [873]
715.6 :    1 : [871]
715.8 :    1 : [811]
716.9 :    5 : [801, 816, 833, 846, 848]
717.0 :    1 : [797]
717.1 :    1 : [881]
717.2 :    2 : [841, 872]
717.4 :    2 : [815, 859]
717.5 :    1 : [802]
717.6 :    1 : [814]
718.0 :    3 : [832, 839, 842]
718.1 :    9 : [799, 819, 831, 835, 851, 858, 860, 863, 877]
718.4 :    3 : [807, 823, 845]
718.5 :    4 : [791, 794, 820, 821]
718.6 :    6 : [788, 793, 795, 796, 806, 853]
718.7 :    4 : [792, 798, 827, 869]
718.8 :    2 : [790, 873]
718.9 :    2 : [871, 876]
719.0 :    2 : [811, 854]
719.1 :    6 : [786, 787, 836, 840, 856, 879]
719.2 :    1 : [789]
719.3 :    2 : [828, 861]
719.4 :    2 : [837, 849]
719.5 :    2 : [817, 847]
719.9 :    1 : [874]
720.0 :    4 : [805, 822, 829, 838]
720.1 :    5 : [801, 848, 865, 867, 870]
720.2 :    1 : [866]
720.3 :    4 : [803, 816, 833, 880]
720.4 :    2 : [825, 881]
720.5 :    4 : [810, 824, 826, 852]
720.6 :    2 : [800, 850]
720.7 :    4 : [846, 855, 868, 878]
720.8 :    1 : [864]
720.9 :    5 : [797, 814, 818, 875, 877]
721.0 :    3 : [823, 842, 862]
721.1 :    5 : [793, 802, 812, 815, 820]
721.2 :    2 : [832, 872]
721.3 :    8 : [788, 799, 806, 813, 843, 844, 858, 860]
721.4 :   10 : [792, 794, 796, 798, 808, 809, 819, 821, 835, 873]
721.5 :    4 : [791, 807, 854, 859]
721.6 :    4 : [853, 857, 863, 876]
721.7 :    2 : [790, 839]
721.8 :    3 : [831, 834, 871]
721.9 :    4 : [811, 836, 845, 856]
722.0 :    5 : [827, 828, 841, 861, 869]
722.1 :    2 : [830, 879]
722.2 :    1 : [840]
722.3 :    1 : [795]
722.4 :    1 : [874]
722.6 :    1 : [801]
722.7 :    2 : [817, 848]
722.8 :    1 : [786]
723.0 :    3 : [787, 822, 837]
723.1 :    3 : [816, 849, 881]
723.2 :    2 : [833, 847]
723.3 :    3 : [829, 838, 867]
723.4 :    5 : [789, 803, 824, 826, 877]
723.5 :    4 : [814, 823, 825, 866]
723.6 :    4 : [793, 805, 810, 842]
723.7 :    6 : [797, 800, 820, 852, 864, 870]
723.8 :    3 : [818, 846, 850]
723.9 :    2 : [802, 815]
724.0 :    3 : [806, 832, 878]
724.1 :    2 : [854, 855]
724.2 :    5 : [788, 819, 851, 860, 880]
724.3 :    4 : [792, 798, 865, 876]
724.4 :    3 : [794, 872, 873]
724.5 :    5 : [791, 796, 799, 807, 858]
724.7 :    1 : [821]
724.8 :    5 : [790, 835, 856, 859, 861]
724.9 :    1 : [868]
725.0 :    5 : [836, 853, 863, 871, 879]
725.1 :    6 : [801, 811, 828, 869, 874, 875]
725.2 :    2 : [843, 848]
725.3 :    3 : [812, 840, 841]
725.4 :    3 : [831, 834, 845]
725.5 :    4 : [827, 839, 862, 881]
725.6 :    2 : [816, 817]
725.8 :    6 : [808, 809, 813, 833, 844, 877]
725.9 :    3 : [795, 822, 837]
726.0 :    1 : [823]
726.1 :    4 : [793, 814, 826, 842]
726.2 :    3 : [803, 824, 847]
726.3 :    3 : [820, 857, 867]
726.4 :    4 : [786, 797, 810, 825]
726.5 :    5 : [787, 800, 802, 830, 854]
726.6 :    6 : [815, 818, 829, 838, 849, 866]
726.7 :    2 : [806, 864]
726.8 :    1 : [819]
726.9 :    4 : [832, 850, 852, 878]
727.0 :    2 : [788, 805]
727.1 :    1 : [860]
727.2 :    2 : [798, 846]
727.3 :    1 : [876]
727.6 :    1 : [791]
727.7 :    1 : [873]
727.9 :    1 : [794]
728.0 :    1 : [792]
728.1 :    1 : [807]
728.2 :    3 : [801, 828, 848]
728.3 :    1 : [861]
728.4 :    3 : [790, 856, 872]
728.5 :    5 : [796, 799, 821, 840, 858]
728.6 :    3 : [842, 874, 880]
728.7 :    3 : [833, 836, 879]
728.8 :    1 : [803]
728.9 :    3 : [823, 870, 877]
729.0 :    4 : [793, 826, 837, 881]
729.1 :    3 : [820, 853, 859]
729.2 :    9 : [797, 814, 817, 822, 834, 835, 854, 869, 871]
729.3 :    4 : [802, 810, 855, 863]
729.4 :    1 : [831]
729.5 :    2 : [819, 825]
729.6 :    5 : [800, 806, 815, 824, 867]
729.8 :    1 : [811]
729.9 :    3 : [818, 838, 841]
730.1 :    2 : [843, 864]
730.3 :    1 : [816]
730.4 :    2 : [847, 850]
730.5 :    4 : [788, 860, 865, 866]
730.6 :    1 : [875]
730.7 :    3 : [798, 805, 878]
730.8 :    1 : [812]
730.9 :    2 : [789, 832]
731.1 :    2 : [792, 801]
731.2 :    1 : [794]
731.3 :    5 : [791, 808, 809, 829, 876]
731.5 :    3 : [828, 848, 852]
731.6 :    7 : [787, 795, 827, 840, 846, 856, 861]
731.7 :    3 : [823, 873, 877]
731.8 :    3 : [790, 807, 842]
731.9 :    1 : [793]
732.0 :    3 : [820, 826, 868]
732.1 :    1 : [881]
732.2 :    5 : [813, 821, 833, 854, 872]
732.3 :    3 : [786, 796, 814]
732.4 :    5 : [839, 845, 849, 858, 862]
732.6 :    3 : [797, 837, 879]
732.8 :    2 : [799, 836]
732.9 :    2 : [803, 806]
733.0 :    2 : [815, 871]
733.2 :    1 : [817]
733.3 :    2 : [831, 835]
734.0 :    4 : [802, 810, 811, 874]
734.1 :    1 : [816]
734.2 :    4 : [788, 819, 853, 869]
734.3 :    1 : [824]
734.4 :    2 : [798, 801]
734.5 :    2 : [791, 855]
734.6 :    3 : [794, 830, 863]
734.7 :    4 : [792, 793, 860, 877]
735.1 :    1 : [859]
735.3 :    1 : [832]
735.4 :    3 : [854, 867, 870]
735.8 :    3 : [829, 856, 873]
735.9 :    7 : [800, 820, 823, 840, 848, 864, 881]
736.0 :    3 : [796, 842, 880]
736.1 :    4 : [790, 807, 861, 866]
736.3 :    2 : [826, 858]
736.4 :    3 : [795, 806, 846]
736.5 :    5 : [814, 822, 828, 839, 871]
736.6 :    1 : [865]
736.7 :    3 : [815, 821, 833]
736.8 :    1 : [872]
736.9 :    2 : [841, 845]
737.0 :    1 : [799]
737.3 :    3 : [825, 837, 850]
737.4 :    2 : [789, 818]
737.5 :    3 : [805, 868, 879]
737.6 :    5 : [802, 817, 835, 851, 877]
737.7 :    5 : [801, 810, 811, 816, 878]
737.8 :    6 : [792, 793, 797, 824, 847, 876]
737.9 :    7 : [788, 812, 838, 852, 857, 859, 875]
738.0 :    2 : [794, 844]
738.1 :    1 : [831]
738.2 :    4 : [787, 849, 853, 863]
738.3 :    1 : [819]
738.4 :    1 : [860]
738.5 :    2 : [832, 874]
738.7 :    1 : [791]
738.9 :    2 : [823, 881]
739.2 :    1 : [786]
739.4 :    3 : [803, 840, 848]
739.5 :    1 : [820]
739.6 :    2 : [867, 880]
739.7 :    4 : [808, 809, 869, 873]
739.8 :    5 : [798, 806, 827, 842, 856]
740.0 :    5 : [790, 800, 807, 814, 871]
740.1 :    2 : [815, 854]
740.2 :    2 : [836, 858]
740.3 :    1 : [826]
740.4 :    2 : [839, 846]
740.5 :    2 : [828, 872]
740.6 :    1 : [877]
740.7 :    1 : [833]
740.8 :    1 : [795]
740.9 :    2 : [830, 866]
741.0 :    1 : [811]
741.2 :    1 : [801]
741.3 :    4 : [797, 816, 837, 861]
741.4 :    1 : [841]
741.6 :    1 : [799]
742.5 :    1 : [802]
742.6 :    3 : [851, 859, 870]
742.7 :    3 : [831, 863, 864]
742.8 :    4 : [810, 832, 850, 881]
742.9 :    2 : [822, 823]
743.0 :    4 : [793, 824, 848, 879]
743.1 :    1 : [860]
743.2 :    3 : [814, 835, 840]
743.3 :    3 : [806, 819, 820]
743.4 :    1 : [880]
743.5 :    3 : [815, 876, 878]
743.6 :    3 : [825, 838, 872]
743.7 :    6 : [787, 807, 844, 847, 871, 873]
743.8 :    4 : [790, 826, 842, 853]
743.9 :    2 : [800, 828]
744.0 :    3 : [789, 805, 846]
744.1 :    6 : [791, 792, 794, 797, 801, 874]
744.2 :    5 : [796, 812, 856, 858, 877]
744.3 :    1 : [803]
744.4 :    4 : [821, 833, 857, 867]
744.5 :    2 : [795, 816]
744.6 :    1 : [817]
744.8 :    1 : [788]
745.0 :    1 : [811]
745.1 :    1 : [861]
747.1 :    4 : [799, 839, 849, 854]
747.2 :    6 : [793, 798, 823, 837, 852, 855]
747.3 :    9 : [801, 808, 809, 813, 832, 865, 868, 869, 881]
747.4 :   12 : [786, 788, 816, 818, 829, 842, 845, 848, 871, 873, 876, 877]
747.5 :   15 : [791, 794, 796, 807, 814, 820, 821, 833, 840, 843, 859, 860, 863, 875, 879]
747.6 :    9 : [792, 797, 806, 811, 835, 841, 846, 853, 858]
747.7 :    6 : [789, 815, 831, 836, 866, 872]
747.8 :    6 : [790, 795, 817, 827, 828, 870]
747.9 :    3 : [802, 803, 838]
748.0 :    4 : [830, 834, 878, 880]
748.1 :    3 : [787, 856, 861]
748.2 :    2 : [824, 867]
748.3 :    2 : [819, 847]
748.4 :    2 : [805, 874]
748.6 :    1 : [862]
748.9 :    1 : [851]
750.6 :    2 : [800, 877]
750.7 :    1 : [826]
750.8 :    2 : [788, 816]
750.9 :    1 : [796]
751.0 :    6 : [792, 793, 799, 832, 873, 881]
751.1 :    2 : [839, 871]
751.2 :    4 : [794, 801, 811, 858]
751.3 :    3 : [821, 823, 842]
751.4 :    3 : [798, 848, 854]
751.5 :    3 : [820, 833, 860]
751.6 :    6 : [806, 815, 835, 845, 853, 872]
751.7 :    2 : [817, 846]
751.8 :    5 : [814, 828, 836, 850, 876]
751.9 :    3 : [791, 827, 864]
752.0 :    1 : [829]
752.1 :    2 : [825, 849]
752.2 :    3 : [855, 856, 879]
752.3 :    2 : [790, 861]
752.4 :    2 : [807, 869]
752.5 :    1 : [840]
752.9 :    1 : [819]
753.1 :    1 : [874]
753.9 :    1 : [810]
754.1 :    1 : [863]
754.2 :    4 : [786, 831, 837, 852]
754.3 :    1 : [865]
754.4 :    6 : [795, 797, 802, 847, 866, 873]
754.5 :    2 : [822, 824]
754.6 :    2 : [868, 877]
754.7 :    2 : [805, 820]
754.8 :    1 : [803]
754.9 :    2 : [848, 871]
755.0 :    2 : [841, 842]
755.1 :    2 : [839, 867]
755.2 :    2 : [798, 818]
755.3 :    2 : [806, 815]
755.4 :    1 : [881]
756.1 :    1 : [826]
756.8 :    5 : [801, 811, 832, 833, 846]
756.9 :    7 : [791, 814, 828, 858, 860, 864, 880]
757.0 :    4 : [790, 840, 859, 872]
757.1 :    3 : [816, 823, 878]
757.2 :    2 : [800, 856]
757.3 :    4 : [797, 838, 850, 854]
757.4 :    1 : [807]
757.5 :    1 : [820]
757.6 :    3 : [789, 844, 869]
757.7 :    1 : [873]
758.2 :    4 : [799, 810, 848, 871]
758.3 :    1 : [845]
758.4 :    2 : [837, 842]
758.5 :    5 : [788, 831, 857, 863, 877]
758.6 :    4 : [793, 795, 817, 830]
758.7 :    7 : [796, 819, 821, 835, 836, 851, 879]
758.8 :    5 : [794, 798, 824, 853, 876]
758.9 :    3 : [792, 839, 874]
759.0 :    2 : [802, 866]
759.1 :    6 : [803, 808, 809, 815, 861, 870]
759.2 :    5 : [806, 827, 852, 862, 881]
759.3 :    2 : [847, 849]
759.4 :    1 : [829]
759.5 :    1 : [787]
759.6 :    1 : [805]
759.7 :    3 : [786, 801, 833]
759.9 :    5 : [814, 822, 828, 841, 846]
760.0 :    1 : [867]
760.1 :    1 : [854]
760.2 :    2 : [812, 825]
760.3 :    1 : [872]
760.4 :    7 : [791, 823, 826, 840, 843, 859, 860]
760.5 :    4 : [790, 816, 832, 875]
760.6 :    4 : [797, 811, 858, 864]
760.7 :    1 : [820]
760.8 :    2 : [818, 856]
760.9 :    1 : [807]
761.0 :    3 : [800, 850, 873]
761.1 :    2 : [865, 880]
761.2 :    2 : [848, 877]
761.4 :    3 : [793, 813, 855]
761.5 :    1 : [810]
761.6 :    4 : [799, 838, 842, 871]
761.7 :    2 : [788, 879]
761.8 :    2 : [789, 878]
761.9 :    3 : [794, 863, 869]
762.0 :    2 : [798, 824]
762.1 :    2 : [837, 876]
762.2 :    3 : [795, 874, 881]
762.3 :    6 : [796, 801, 802, 817, 819, 835]
762.4 :    1 : [831]
762.5 :    1 : [806]
762.6 :    7 : [803, 815, 821, 833, 836, 839, 853]
762.7 :    4 : [792, 844, 845, 861]
762.8 :    1 : [846]
762.9 :    2 : [854, 866]
763.0 :    2 : [814, 849]
763.1 :    2 : [829, 868]
763.2 :    2 : [828, 847]
763.3 :    2 : [827, 870]
763.5 :    3 : [832, 834, 852]
763.6 :    1 : [805]
763.7 :    1 : [786]
764.0 :    1 : [816]
764.2 :    6 : [787, 791, 797, 823, 860, 872]
764.3 :    3 : [820, 840, 873]
764.4 :    1 : [790]
764.5 :    1 : [877]
764.6 :    6 : [793, 826, 830, 848, 858, 867]
764.8 :    2 : [811, 864]
764.9 :    1 : [856]
765.0 :    2 : [824, 842]
765.1 :    1 : [807]
765.3 :    1 : [788]
765.6 :    2 : [871, 881]
765.7 :    5 : [794, 806, 810, 818, 837]
765.8 :    3 : [796, 799, 841]
765.9 :    3 : [801, 851, 862]
766.0 :    2 : [795, 800]
766.1 :    1 : [798]
766.2 :    4 : [802, 815, 817, 839]
766.3 :    1 : [792]
767.0 :    1 : [833]
767.1 :    1 : [821]
767.2 :    4 : [825, 835, 845, 846]
767.3 :    4 : [808, 809, 832, 854]
767.4 :    2 : [814, 828]
767.5 :    3 : [836, 850, 876]
767.6 :    2 : [831, 869]
767.7 :    5 : [822, 827, 863, 873, 879]
767.8 :    5 : [819, 848, 852, 859, 866]
767.9 :    2 : [820, 847]
768.0 :    1 : [880]
768.1 :    2 : [823, 877]
768.3 :    5 : [797, 803, 840, 842, 861]
768.4 :    3 : [826, 864, 874]
768.5 :    2 : [790, 855]
768.6 :    2 : [791, 793]
768.7 :    2 : [829, 860]
768.8 :    3 : [816, 853, 872]
768.9 :    4 : [798, 801, 806, 824]
769.0 :    7 : [788, 843, 849, 856, 858, 878, 881]
769.1 :    4 : [807, 810, 865, 871]
769.2 :    4 : [789, 796, 799, 811]
769.3 :    1 : [794]
769.5 :    4 : [792, 817, 837, 867]
769.6 :    3 : [815, 839, 868]
769.8 :    1 : [802]
769.9 :    2 : [786, 805]
770.1 :    1 : [812]
770.4 :    1 : [795]
771.2 :    1 : [800]
771.3 :    1 : [838]
771.4 :    4 : [814, 835, 854, 875]
771.5 :    2 : [841, 870]
771.6 :    2 : [820, 877]
771.7 :    9 : [823, 828, 832, 833, 848, 857, 859, 873, 881]
771.8 :    5 : [801, 806, 840, 846, 879]
771.9 :    4 : [797, 821, 830, 872]
772.0 :    2 : [793, 880]
772.1 :    6 : [787, 819, 822, 824, 826, 863]
772.2 :    5 : [790, 807, 842, 850, 871]
772.3 :    3 : [810, 825, 831]
772.6 :    2 : [851, 866]
772.7 :    6 : [816, 856, 858, 860, 869, 874]
772.8 :    3 : [811, 815, 876]
772.9 :    2 : [791, 861]
773.0 :    4 : [798, 818, 844, 845]
773.1 :    5 : [802, 803, 813, 852, 864]
773.2 :    3 : [827, 839, 847]
773.3 :    5 : [799, 808, 809, 836, 837]
773.4 :    1 : [853]
773.7 :    1 : [862]
774.5 :    1 : [788]
775.0 :    2 : [796, 867]
775.1 :    4 : [792, 794, 817, 878]
775.2 :    3 : [820, 828, 877]
775.3 :    4 : [795, 814, 823, 849]
775.4 :    4 : [789, 806, 848, 873]
775.5 :    4 : [793, 832, 854, 881]
775.6 :    2 : [824, 840]
775.8 :    2 : [801, 826]
775.9 :    1 : [842]
776.0 :    1 : [856]
776.1 :    2 : [797, 833]
776.2 :    4 : [790, 800, 816, 871]
776.3 :    3 : [807, 815, 880]
776.4 :    3 : [846, 858, 872]
776.5 :    2 : [859, 861]
776.6 :    1 : [863]
776.7 :    2 : [786, 876]
777.1 :    2 : [831, 879]
777.2 :    4 : [791, 810, 850, 860]
777.3 :    2 : [811, 829]
777.4 :    4 : [798, 805, 838, 855]
777.6 :    3 : [799, 835, 864]
777.7 :    1 : [803]
777.8 :    1 : [869]
777.9 :    1 : [853]
778.0 :    2 : [787, 870]
778.1 :    4 : [802, 821, 865, 874]
778.2 :    2 : [788, 868]
778.3 :    2 : [794, 837]
778.6 :    1 : [793]
778.7 :    2 : [796, 877]
778.8 :    3 : [792, 801, 843]
778.9 :    2 : [823, 854]
779.0 :    1 : [820]
779.1 :    1 : [881]
779.2 :    3 : [817, 818, 866]
779.3 :    3 : [828, 832, 848]
779.4 :    2 : [806, 825]
779.5 :    3 : [789, 814, 836]
779.7 :    2 : [839, 873]
779.8 :    6 : [816, 819, 833, 840, 842, 847]
780.0 :    1 : [852]
780.1 :    1 : [845]
780.2 :    2 : [849, 876]
780.3 :    1 : [846]
780.5 :    2 : [827, 871]
780.6 :    5 : [795, 815, 841, 867, 872]
780.7 :    4 : [797, 811, 822, 858]
780.8 :    6 : [790, 798, 807, 812, 844, 851]
780.9 :    3 : [831, 834, 860]
781.0 :    5 : [830, 856, 859, 875, 878]
781.1 :    1 : [835]
781.2 :    6 : [799, 802, 808, 809, 861, 863]
781.3 :    1 : [786]
781.4 :    1 : [879]
781.5 :    1 : [880]
781.6 :    3 : [791, 801, 857]
782.1 :    1 : [838]
783.6 :    1 : [881]
783.8 :    1 : [821]
783.9 :    6 : [824, 826, 848, 853, 869, 877]
784.0 :    4 : [793, 820, 823, 873]
784.1 :    3 : [800, 810, 874]
784.2 :    1 : [805]
784.3 :    2 : [814, 850]
784.4 :    5 : [806, 832, 837, 842, 871]
784.5 :    1 : [839]
784.6 :    2 : [815, 833]
785.1 :    1 : [840]
785.2 :    1 : [819]
785.3 :    1 : [846]
785.4 :    1 : [866]
785.5 :    5 : [788, 794, 811, 828, 872]
785.6 :    5 : [792, 802, 816, 856, 858]
785.7 :    3 : [790, 796, 860]
785.8 :    1 : [854]
786.1 :    2 : [791, 795]
786.2 :    3 : [799, 801, 817]
786.5 :    1 : [787]
786.6 :    1 : [789]
786.7 :    3 : [797, 803, 863]
786.8 :    4 : [798, 807, 864, 880]
786.9 :    2 : [859, 861]
787.0 :    2 : [831, 852]
787.1 :    2 : [823, 878]
787.2 :    2 : [820, 877]
787.3 :    1 : [876]
787.4 :    2 : [793, 847]
787.5 :    7 : [824, 842, 867, 871, 873, 879, 881]
787.6 :    1 : [848]
787.9 :    1 : [832]
788.0 :    2 : [806, 826]
788.3 :    1 : [800]
788.4 :    1 : [814]
788.7 :    1 : [837]
788.8 :    1 : [815]
788.9 :    2 : [810, 853]
789.0 :    3 : [839, 841, 868]
789.1 :    3 : [833, 835, 845]
789.2 :    3 : [840, 849, 870]
789.3 :    3 : [825, 829, 865]
789.4 :    1 : [816]
789.5 :    3 : [792, 851, 869]
789.6 :    4 : [788, 796, 811, 858]
789.7 :    1 : [794]
789.8 :    6 : [812, 818, 850, 855, 856, 872]
789.9 :    4 : [799, 801, 860, 877]
790.0 :    4 : [790, 795, 828, 846]
790.1 :    3 : [791, 802, 820]
790.2 :    1 : [817]
790.3 :    1 : [823]
790.4 :    1 : [821]
790.6 :    1 : [866]
790.7 :    1 : [824]
790.9 :    1 : [873]
791.2 :    1 : [819]
791.3 :    2 : [793, 842]
792.2 :    6 : [798, 827, 836, 848, 854, 881]
792.3 :    4 : [806, 852, 864, 871]
792.4 :    2 : [832, 863]
792.5 :    2 : [861, 862]
792.6 :    1 : [797]
792.7 :    3 : [808, 809, 831]
792.8 :    2 : [833, 874]
792.9 :    3 : [786, 814, 847]
793.0 :    2 : [807, 845]
793.1 :    5 : [820, 826, 846, 877, 879]
793.2 :    6 : [788, 791, 801, 828, 835, 876]
793.3 :    2 : [815, 822]
793.4 :    5 : [796, 803, 805, 816, 821]
793.5 :    2 : [811, 860]
793.6 :    2 : [838, 869]
793.7 :    2 : [799, 829]
793.8 :    1 : [839]
793.9 :    4 : [794, 840, 858, 873]
794.0 :    4 : [789, 813, 867, 872]
794.1 :    2 : [790, 817]
794.2 :    2 : [843, 849]
794.3 :    2 : [792, 823]
794.4 :    6 : [793, 830, 837, 853, 856, 859]
794.5 :    1 : [802]
794.6 :    2 : [855, 875]
794.8 :    5 : [800, 810, 824, 841, 880]
794.9 :    2 : [878, 881]
795.0 :    4 : [825, 865, 866, 870]
795.1 :    4 : [806, 819, 842, 850]
795.2 :    2 : [795, 818]
795.3 :    1 : [848]
795.4 :    1 : [787]
795.6 :    1 : [812]
795.7 :    1 : [854]
795.9 :    1 : [871]
796.0 :    2 : [814, 857]
796.1 :    3 : [820, 868, 877]
796.2 :    4 : [798, 801, 864, 874]
796.3 :    1 : [791]
796.4 :    3 : [832, 833, 863]
796.5 :    1 : [835]
796.6 :    6 : [788, 797, 836, 861, 873, 879]
796.7 :    3 : [811, 815, 846]
796.8 :    2 : [799, 869]
796.9 :    2 : [826, 845]
797.0 :    2 : [816, 860]
797.3 :    2 : [807, 821]
797.4 :    1 : [796]
797.7 :    1 : [805]
797.8 :    3 : [794, 827, 858]
797.9 :    3 : [802, 822, 840]
798.0 :    1 : [872]
798.2 :    3 : [831, 859, 881]
798.3 :    2 : [786, 851]
798.4 :    3 : [838, 839, 844]
798.5 :    4 : [790, 828, 841, 848]
798.6 :    4 : [793, 823, 852, 880]
798.7 :    1 : [806]
798.9 :    9 : [801, 808, 809, 810, 814, 819, 856, 867, 871]
799.0 :    5 : [800, 803, 824, 842, 876]
799.1 :    2 : [820, 850]
799.3 :    2 : [847, 866]
799.4 :    3 : [830, 837, 873]
799.5 :    4 : [792, 795, 829, 877]
799.6 :    4 : [797, 817, 832, 833]
799.7 :    7 : [791, 798, 815, 853, 854, 863, 878]
799.8 :    5 : [811, 816, 825, 849, 874]
799.9 :    9 : [788, 789, 799, 812, 835, 846, 864, 875, 879]
800.0 :    3 : [787, 860, 869]
800.1 :    3 : [861, 865, 870]
800.2 :    1 : [796]
800.4 :    1 : [826]
800.5 :    3 : [807, 836, 845]
800.8 :    2 : [794, 821]
801.4 :    1 : [858]
802.5 :    1 : [855]
802.7 :    2 : [840, 868]
802.8 :    2 : [793, 881]
803.0 :    2 : [801, 802]
803.1 :    2 : [823, 877]
803.2 :    4 : [792, 806, 859, 872]
803.4 :    1 : [816]
803.5 :    5 : [788, 814, 848, 856, 871]
803.6 :    3 : [796, 799, 805]
803.7 :    5 : [811, 815, 835, 839, 841]
803.8 :    2 : [790, 819]
803.9 :    2 : [832, 857]
804.0 :    4 : [820, 822, 824, 873]
804.1 :    2 : [794, 860]
804.3 :    1 : [842]
804.4 :    1 : [827]
804.5 :    2 : [791, 854]
804.6 :    4 : [795, 817, 821, 879]
804.7 :    6 : [810, 828, 833, 861, 863, 874]
804.8 :    1 : [846]
804.9 :    4 : [800, 812, 825, 826]
805.1 :    3 : [837, 858, 866]
806.1 :    3 : [789, 853, 867]
806.2 :    1 : [880]
806.3 :    2 : [813, 818]
806.4 :    1 : [877]
806.5 :    3 : [793, 865, 875]
806.6 :    1 : [807]
806.7 :    1 : [792]
806.8 :    1 : [823]
807.1 :    1 : [881]
807.2 :    1 : [806]
808.0 :    4 : [801, 802, 816, 840]
808.1 :    4 : [797, 850, 856, 864]
808.2 :    5 : [814, 824, 831, 852, 859]
808.3 :    3 : [815, 820, 872]
808.5 :    4 : [788, 796, 798, 869]
808.6 :    3 : [790, 848, 871]
808.7 :    4 : [794, 799, 828, 832]
808.8 :    5 : [810, 826, 835, 845, 873]
808.9 :    6 : [811, 819, 839, 841, 842, 860]
809.0 :    1 : [822]
809.1 :    1 : [858]
809.2 :    1 : [877]
809.3 :    3 : [786, 866, 874]
809.4 :    2 : [833, 846]
809.7 :    1 : [879]
809.8 :    1 : [854]
809.9 :    1 : [791]
810.1 :    4 : [821, 825, 836, 847]
810.2 :   10 : [800, 808, 809, 812, 817, 829, 837, 849, 863, 870]
810.3 :    5 : [787, 793, 827, 861, 878]
810.4 :    4 : [795, 823, 868, 881]
810.5 :    2 : [792, 876]
810.6 :    1 : [843]
810.7 :    2 : [806, 855]
810.8 :    1 : [862]
811.1 :    4 : [803, 816, 851, 853]
811.2 :    2 : [801, 867]
811.3 :    2 : [807, 830]
811.4 :    5 : [789, 797, 818, 838, 880]
811.5 :    2 : [814, 840]
811.6 :    2 : [820, 848]
811.7 :    4 : [815, 831, 832, 844]
811.8 :    4 : [824, 828, 842, 871]
811.9 :    2 : [856, 873]
812.0 :    2 : [859, 872]
812.1 :    2 : [790, 798]
812.2 :    2 : [802, 850]
812.3 :    2 : [852, 864]
812.4 :    1 : [826]
812.6 :    1 : [877]
