       0.0    377.4      377.4  0.0 12:13:35.657333
     377.4    366.3      743.7 10.0 12:14:21.459335
     743.7    366.0     1109.7 20.0 12:15:07.228763
    1109.7    366.1     1475.9 30.0 12:15:53.008596
    1475.9    366.4     1842.2 40.0 12:16:38.818113
    1842.2    366.4     2208.6 50.0 12:17:24.628528
    2208.6    367.0     2575.6 60.0 12:18:10.514973
    2575.6    365.4     2941.0 70.0 12:18:56.328591
    2941.0    366.9     3307.9 80.0 12:19:42.224815
    3307.9    367.1     3674.9 90.0 12:20:28.145813
    3674.9    366.6     4041.5 100.0 12:21:13.999734
    4041.5    365.4     4406.9 110.0 12:21:59.934236
    4406.9    364.7     4771.6 120.0 11:22:45.766754
    4771.6    366.5     5138.1 130.0 11:23:31.599826
    5138.1    366.3     5504.4 140.0 11:24:17.411883
    5504.4    366.1     5870.6 150.0 11:25:03.195685
    5870.6    365.8     6236.3 160.0 11:25:48.939607
    6236.3    366.0     6602.4 170.0 11:26:34.709537
    6602.4    365.9     6968.3 180.0 11:27:20.469257
    6968.3    365.5     7333.8 190.0 11:28:06.175917
    7333.8    365.4     7699.1 200.0 11:28:51.868924
    7699.1    364.1     8063.3 210.0 11:29:37.524793
    8063.3    365.0     8428.3 220.0 11:30:23.177323
    8428.3    364.7     8793.0 230.0 11:31:08.794769
    8793.0    364.6     9157.6 240.0 11:31:54.402300
    9157.6    364.7     9522.3 250.0 11:32:40.018910
    9522.3    364.9     9887.2 260.0 11:33:25.663604
    9887.2    365.2    10252.5 270.0 11:34:11.346004
   10252.5    365.8    10618.3 280.0 11:34:57.098808
   10618.3    365.6    10983.9 290.0 11:35:42.831151
   10983.9    366.2    11350.1 300.0 11:36:28.632286
   11350.1    365.8    11715.8 310.0 11:37:14.379438
   11715.8    366.0    12081.8 320.0 11:38:00.152315
   12081.8    365.9    12447.7 330.0 11:38:45.911981
   12447.7    365.4    12813.0 340.0 11:39:31.631679
   12813.0    365.1    13178.2 350.0 11:40:17.324396
   13178.2    365.7    13543.8 360.0 11:41:03.060255
   13543.8    365.5    13909.4 370.0 11:41:48.781164
   13909.4    365.9    14275.3 380.0 11:42:34.552617
   14275.3    366.0    14641.3 390.0 11:43:20.332283
   14641.3    366.0    15007.4 400.0 11:44:06.115697
   15007.4    366.3    15373.6 410.0 11:44:51.928921
   15373.6    366.1    15739.7 420.0 11:45:37.717407
   15739.7    366.1    16105.8 430.0 11:46:23.503144
   16105.8    366.4    16472.2 440.0 11:47:09.334185
   16472.2    366.1    16838.3 450.0 11:47:55.124288
   16838.3    366.0    17204.3 460.0 11:48:40.902487
   17204.3    365.9    17570.2 470.0 11:49:26.670436
   17570.2    365.6    17935.9 480.0 11:50:12.412818
   17935.9    365.7    18301.6 490.0 11:50:58.156796
   18301.6    364.4    18666.0 500.0 11:51:44.127879
   18666.0    366.0    19032.1 510.0 11:52:29.891904
   19032.1    366.3    19398.4 520.0 11:53:15.696587
   19398.4    366.3    19764.7 530.0 11:54:01.491496
   19764.7    365.9    20130.5 540.0 11:54:47.247892
   20130.5    366.1    20496.7 550.0 11:55:33.025427
   20496.7    366.0    20862.6 560.0 11:56:18.783174
   20862.6    364.7    21227.3 570.0 11:57:04.510800
   21227.3    365.9    21593.2 580.0 11:57:50.272510
   21593.2    365.8    21959.0 590.0 11:58:36.027496
   21959.0    365.8    22324.8 600.0 11:59:21.775582
   22324.8    365.8    22690.6 610.0 12:00:07.533833
   22690.6    365.7    23056.3 620.0 12:00:53.280161
   23056.3    365.7    23422.1 630.0 12:01:39.025386
   23422.1    365.8    23787.9 640.0 12:02:24.777254
   23787.9    366.2    24154.1 650.0 12:03:10.593004
   24154.1    365.7    24519.8 660.0 12:03:56.332914
   24519.8    366.1    24885.9 670.0 12:04:42.126948
   24885.9    364.0    25249.8 680.0 12:05:27.952816
   25249.8    366.2    25616.0 690.0 12:06:13.736446
   25616.0    366.3    25982.3 700.0 12:06:59.529886
   25982.3    366.2    26348.5 710.0 12:07:45.322069
   26348.5    366.4    26714.9 720.0 12:08:31.135756
   26714.9    366.2    27081.1 730.0 12:09:16.919614
   27081.1    365.7    27446.8 740.0 12:10:02.672421
   27446.8    363.8    27810.6 750.0 12:10:48.322771
   27810.6    365.7    28176.3 760.0 12:11:34.062543
   28176.3    366.0    28542.3 770.0 12:12:19.839308
   28542.3    366.0    28908.3 780.0 12:13:05.615022
   28908.3    366.1    29274.4 790.0 12:13:51.407460
   29274.4    366.0    29640.4 800.0 12:14:37.201856
   29640.4    365.1    30005.5 810.0 12:15:22.892609
   30005.5    366.0    30371.5 820.0 12:16:08.686299
   30371.5    365.9    30737.3 830.0 12:16:54.446808
   30737.3    365.7    31103.1 840.0 12:17:40.198393
   31103.1    365.8    31468.8 850.0 12:18:25.951060
   31468.8    365.7    31834.5 860.0 12:19:11.690983
   31834.5    365.7    32200.2 870.0 12:19:57.437039
   32200.2    364.2    32564.4 880.0 12:20:43.154913
   32564.4    366.0    32930.4 890.0 12:21:28.916474
   32930.4    365.8    33296.2 900.0 12:22:14.654730
   33296.2    366.2    33662.4 910.0 12:23:00.439566
   33662.4    366.6    34029.0 920.0 12:23:46.272502
   34029.0    366.3    34395.3 930.0 12:24:32.078086
   34395.3    366.1    34761.4 940.0 12:25:17.852170
   34761.4    365.1    35126.5 950.0 12:26:03.546608
   35126.5    366.4    35493.0 960.0 12:26:49.361895
   35493.0    366.8    35859.8 970.0 12:27:35.233006
   35859.8    366.6    36226.4 980.0 12:28:21.069106
   36226.4    366.7    36593.1 990.0 12:29:06.918743
