       0.0    374.8      374.8  0.0 05:34:59.537964
     374.8    366.9      741.8 10.0 05:35:45.435956
     741.8    414.4     1156.2 20.0 05:36:37.244801
    1156.2    594.6     1750.8 30.0 05:37:51.589928
    1750.8    587.5     2338.3 40.0 05:39:05.122836
    2338.3    589.5     2927.8 50.0 05:40:18.977508
    2927.8    587.2     3515.1 60.0 05:41:32.432676
    3515.1    578.2     4093.2 70.0 05:42:44.756278
    4093.2    576.4     4669.7 80.0 05:43:56.859988
    4669.7    577.5     5247.1 90.0 05:45:09.099448
    5247.1    586.0     5833.1 100.0 05:46:22.400375
    5833.1    578.7     6411.8 110.0 05:47:34.794681
    6411.8    578.3     6990.1 120.0 05:48:47.129544
    6990.1    585.1     7575.2 130.0 05:50:00.329791
    7575.2    581.4     8156.6 140.0 05:51:13.065013
    8156.6    578.3     8734.9 150.0 05:52:25.404735
    8734.9    580.2     9315.1 160.0 05:53:37.983528
    9315.1    586.7     9901.7 170.0 05:54:51.372231
    9901.7    577.2    10478.9 180.0 05:56:03.574523
   10478.9    579.0    11057.9 190.0 05:57:16.000030
   11057.9    579.7    11637.6 200.0 05:58:28.506793
   11637.6    491.4    12129.0 210.0 05:59:29.973173
   12129.0    386.0    12515.0 220.0 06:00:18.258843
   12515.0    385.2    12900.2 230.0 06:01:06.438538
   12900.2    385.6    13285.8 240.0 06:01:54.681396
   13285.8    385.9    13671.7 250.0 06:02:42.950645
   13671.7    385.9    14057.6 260.0 06:03:31.214601
   14057.6    386.0    14443.5 270.0 06:04:19.493526
   14443.5    386.2    14829.7 280.0 06:05:07.805860
   14829.7    386.0    15215.8 290.0 06:05:56.091345
   15215.8    386.2    15602.0 300.0 06:06:44.404469
   15602.0    386.7    15988.6 310.0 06:07:32.771947
   15988.6    387.0    16375.6 320.0 06:08:21.174616
   16375.6    387.4    16763.0 330.0 06:09:09.632992
   16763.0    391.5    17154.5 340.0 06:09:58.609450
   17154.5    415.6    17570.1 350.0 06:10:50.597155
   17570.1    522.4    18092.6 360.0 06:11:55.944084
   18092.6    584.7    18677.3 370.0 06:13:09.081596
   18677.3    585.7    19263.0 380.0 06:14:22.344472
   19263.0    588.0    19850.9 390.0 06:15:35.886325
   19850.9    588.7    20439.6 400.0 06:16:49.523207
   20439.6    584.6    21024.3 410.0 06:18:02.651981
   21024.3    588.3    21612.5 420.0 06:19:16.232238
   21612.5    591.2    22203.8 430.0 06:20:30.183032
   22203.8    587.6    22791.4 440.0 06:21:43.681587
   22791.4    589.0    23380.3 450.0 06:22:57.347144
   23380.3    590.5    23970.9 460.0 06:24:11.208964
   23970.9    587.8    24558.7 470.0 06:25:24.733390
   24558.7    589.7    25148.4 480.0 06:26:38.495612
   25148.4    588.0    25736.4 490.0 06:27:52.038447
   25736.4    587.3    26323.7 500.0 06:29:05.503948
   26323.7    591.1    26914.8 510.0 06:30:19.436571
   26914.8    587.5    27502.3 520.0 06:31:32.923558
   27502.3    585.3    28087.6 530.0 06:32:46.144009
   28087.6    591.6    28679.3 540.0 06:34:00.159615
   28679.3    576.4    29255.7 550.0 06:35:13.468227
   29255.7    584.6    29840.2 560.0 06:36:26.586508
   29840.2    586.9    30427.1 570.0 06:37:40.455660
   30427.1    587.7    31014.8 580.0 06:38:53.966127
   31014.8    586.1    31601.0 590.0 06:40:07.277336
   31601.0    590.8    32191.8 600.0 06:41:21.178658
   32191.8    586.3    32778.0 610.0 06:42:34.514543
   32778.0    588.3    33366.3 620.0 06:43:48.104536
   33366.3    590.7    33957.0 630.0 06:45:02.009310
   33957.0    586.2    34543.2 640.0 06:46:15.341536
   34543.2    588.5    35131.8 650.0 06:47:28.960119
   35131.8    589.5    35721.3 660.0 06:48:42.705526
   35721.3    586.1    36307.3 670.0 06:49:56.012433
   36307.3    589.2    36896.5 680.0 06:51:09.714309
   36896.5    589.1    37485.7 690.0 06:52:23.405918
   37485.7    585.3    38071.0 700.0 06:53:36.618653
   38071.0    590.1    38661.1 710.0 06:54:50.438904
   38661.1    588.5    39249.6 720.0 06:56:04.054921
   39249.6    585.5    39835.1 730.0 06:57:17.284984
   39835.1    591.0    40426.0 740.0 06:58:31.211454
   40426.0    588.3    41014.4 750.0 06:59:44.813956
   41014.4    585.8    41600.2 760.0 07:00:58.103359
   41600.2    589.9    42190.1 770.0 07:02:11.887315
   42190.1    587.7    42777.7 780.0 07:03:25.402372
   42777.7    586.1    43363.8 790.0 07:04:38.718470
   43363.8    591.1    43954.9 800.0 07:05:52.647340
   43954.9    585.3    44540.1 810.0 07:07:05.864921
   44540.1    586.1    45126.2 820.0 07:08:19.181139
   45126.2    592.3    45718.5 830.0 07:09:33.270402
   45718.5    587.3    46305.9 840.0 07:10:46.732711
   46305.9    586.4    46892.3 850.0 07:12:00.092945
   46892.3    591.2    47483.5 860.0 07:13:14.046890
   47483.5    587.1    48070.6 870.0 07:14:27.488344
   48070.6    588.3    48658.9 880.0 07:15:41.075907
   48658.9    588.7    49247.6 890.0 07:16:54.734023
   49247.6    586.9    49834.5 900.0 07:18:08.152102
   49834.5    591.0    50425.5 910.0 07:19:22.071412
   50425.5    588.3    51013.8 920.0 07:20:35.658194
   51013.8    585.0    51598.7 930.0 07:21:48.835661
   51598.7    591.1    52189.8 940.0 07:23:02.766246
   52189.8    588.3    52778.1 950.0 07:24:16.348522
   52778.1    584.0    53362.1 960.0 07:25:29.401772
   53362.1    589.8    53951.9 970.0 07:26:43.175297
   53951.9    588.4    54540.3 980.0 07:27:56.777365
   54540.3    585.4    55125.7 990.0 07:29:09.995117
