       0.0    373.3      373.3  0.0 10:19:56.181281
     373.3    366.9      740.1 10.0 10:20:42.050739
     740.1    414.6     1154.7 20.0 10:21:33.884347
    1154.7    594.2     1748.9 30.0 10:22:48.180120
    1748.9    588.0     2337.0 40.0 10:24:01.701095
    2337.0    589.6     2926.6 50.0 10:25:15.551938
    2926.6    588.1     3514.7 60.0 10:26:29.112567
    3514.7    578.8     4093.5 70.0 10:27:41.524074
    4093.5    576.8     4670.3 80.0 10:28:53.670126
    4670.3    578.7     5249.0 90.0 10:30:06.054090
    5249.0    586.4     5835.5 100.0 10:31:19.671442
    5835.5    580.4     6415.9 110.0 10:32:32.248445
    6415.9    579.9     6995.8 120.0 10:33:44.759227
    6995.8    586.8     7582.7 130.0 10:34:58.130896
    7582.7    583.1     8165.8 140.0 10:36:11.041847
    8165.8    578.4     8744.2 150.0 10:37:23.531392
    8744.2    581.9     9326.1 160.0 10:38:36.311894
    9326.1    588.1     9914.2 170.0 10:39:49.881903
    9914.2    578.8    10493.0 180.0 10:41:02.281650
   10493.0    580.5    11073.5 190.0 10:42:14.890558
   11073.5    581.0    11654.5 200.0 10:43:27.573900
   11654.5    492.6    12147.1 210.0 10:44:29.183816
   12147.1    387.2    12534.2 220.0 10:45:17.612734
   12534.2    386.3    12920.5 230.0 10:46:05.931163
   12920.5    386.5    13307.0 240.0 10:46:54.273759
   13307.0    386.8    13693.8 250.0 10:47:42.656437
   13693.8    386.8    14080.6 260.0 10:48:31.036474
   14080.6    386.8    14467.4 270.0 10:49:19.416344
   14467.4    386.7    14854.1 280.0 10:50:07.783482
   14854.1    387.1    15241.2 290.0 10:50:56.203358
   15241.2    386.9    15628.1 300.0 10:51:44.596975
   15628.1    387.0    16015.1 310.0 10:52:33.000016
   16015.1    387.0    16402.0 320.0 10:53:21.401569
   16402.0    387.7    16789.7 330.0 10:54:09.897398
   16789.7    391.7    17181.5 340.0 10:54:58.896436
   17181.5    415.8    17597.3 350.0 10:55:50.906438
   17597.3    523.6    18120.9 360.0 10:56:56.397110
   18120.9    585.6    18706.4 370.0 10:58:09.640220
   18706.4    586.4    19292.8 380.0 10:59:22.983365
   19292.8    588.6    19881.4 390.0 11:00:36.597715
   19881.4    589.7    20471.1 400.0 11:01:50.350347
   20471.1    586.2    21057.3 410.0 11:03:03.672329
   21057.3    590.6    21647.8 420.0 11:04:17.536888
   21647.8    592.8    22240.6 430.0 11:05:31.682097
   22240.6    589.0    22829.6 440.0 11:06:45.350986
   22829.6    590.5    23420.1 450.0 11:07:59.225867
   23420.1    591.8    24012.0 460.0 11:09:13.252639
   24012.0    589.3    24601.3 470.0 11:10:26.958671
   24601.3    591.0    25192.2 480.0 11:11:40.872709
   25192.2    589.0    25781.2 490.0 11:12:54.541338
   25781.2    588.3    26369.5 500.0 11:14:08.124751
   26369.5    592.5    26962.0 510.0 11:15:22.225298
   26962.0    588.6    27550.6 520.0 11:16:35.857006
   27550.6    586.1    28136.7 530.0 11:17:49.165199
   28136.7    592.5    28729.3 540.0 11:19:03.276715
   28729.3    589.0    29318.3 550.0 11:20:16.945039
   29318.3    585.8    29904.1 560.0 11:21:30.215784
   29904.1    591.8    30495.9 570.0 11:22:44.238190
   30495.9    588.7    31084.5 580.0 11:23:57.864663
   31084.5    586.9    31671.4 590.0 11:25:11.282996
   31671.4    591.6    32263.1 600.0 11:26:25.278947
   32263.1    587.5    32850.6 610.0 11:27:38.764147
   32850.6    587.6    33438.2 620.0 11:28:52.403283
   33438.2    591.7    34030.0 630.0 11:30:06.387862
   34030.0    587.2    34617.2 640.0 11:31:19.803639
   34617.2    589.4    35206.6 650.0 11:32:33.501736
   35206.6    589.6    35796.2 660.0 11:33:47.286094
   35796.2    586.6    36382.9 670.0 11:35:00.631461
   36382.9    590.0    36972.8 680.0 11:36:14.399816
   36972.8    589.7    37562.5 690.0 11:37:28.122219
   37562.5    585.3    38147.8 700.0 11:38:41.389547
   38147.8    591.2    38739.0 710.0 11:39:55.308215
   38739.0    589.4    39328.4 720.0 11:41:08.995195
   39328.4    586.1    39914.5 730.0 11:42:22.273848
   39914.5    590.9    40505.4 740.0 11:43:36.203937
   40505.4    588.2    41093.6 750.0 11:44:49.838995
   41093.6    586.6    41680.1 760.0 11:46:03.204896
   41680.1    590.2    42270.4 770.0 11:47:17.029109
   42270.4    587.9    42858.3 780.0 11:48:30.561744
   42858.3    586.6    43444.9 790.0 11:49:43.930525
   43444.9    591.7    44036.6 800.0 11:50:57.950498
   44036.6    586.0    44622.7 810.0 11:52:11.248418
   44622.7    587.0    45209.6 820.0 11:53:24.667788
   45209.6    593.3    45802.9 830.0 11:54:38.874381
   45802.9    588.1    46391.0 840.0 11:55:52.429498
   46391.0    587.8    46978.8 850.0 11:57:05.944817
   46978.8    592.6    47571.3 860.0 11:58:20.064294
   47571.3    588.3    48159.7 870.0 11:59:33.655163
   48159.7    589.8    48749.5 880.0 12:00:47.427442
   48749.5    590.4    49339.9 890.0 12:02:01.266690
   49339.9    588.4    49928.2 900.0 12:03:14.854030
   49928.2    592.2    50520.4 910.0 12:04:28.924858
   50520.4    589.7    51110.1 920.0 12:05:42.680765
   51110.1    585.6    51695.7 930.0 12:06:55.917919
   51695.7    592.2    52287.9 940.0 12:08:09.985897
   52287.9    589.7    52877.6 950.0 12:09:23.746743
   52877.6    585.4    53463.0 960.0 12:10:36.968457
   53463.0    590.9    54054.0 970.0 12:11:50.888504
   54054.0    589.6    54643.5 980.0 12:13:04.629006
   54643.5    586.4    55230.0 990.0 12:14:17.984842
