       0.0    133.0      133.0  0.0 20:08:51.546060
     133.0      2.8      135.9 10.0 20:08:52.345776
     135.9      2.8      138.7 20.0 20:08:53.146864
     138.7      2.8      141.5 30.0 20:08:53.942441
     141.5      2.8      144.3 40.0 20:08:54.736493
     144.3      2.8      147.1 50.0 20:08:55.539584
     147.1      2.8      149.9 60.0 20:08:56.335055
     149.9      2.8      152.7 70.0 20:08:57.133914
     152.7      2.8      155.5 80.0 20:08:57.924529
     155.5      2.8      158.3 90.0 20:08:58.722177
     158.3      2.8      161.1 100.0 20:08:59.527533
     161.1     12.6      173.8 110.0 20:09:03.339235
     173.8      8.6      182.4 120.0 20:09:05.897678
     182.4      2.8      185.2 130.0 20:09:06.701401
     185.2      2.8      188.0 140.0 20:09:07.494927
     188.0      2.8      190.8 150.0 20:09:08.290471
     190.8      2.8      193.6 160.0 20:09:09.084823
     193.6      2.8      196.3 170.0 20:09:09.874490
     196.3      2.8      199.2 180.0 20:09:10.674342
     199.2      2.8      201.9 190.0 20:09:11.467461
     201.9      2.8      204.8 200.0 20:09:12.275074
     204.8     11.0      215.7 210.0 20:09:15.519257
     215.7      7.3      223.0 220.0 20:09:17.701855
     223.0      2.8      225.8 230.0 20:09:18.485286
     225.8      2.8      228.5 240.0 20:09:19.272234
     228.5      2.8      231.3 250.0 20:09:20.054426
     231.3      2.8      234.1 260.0 20:09:20.839359
     234.1      2.8      236.8 270.0 20:09:21.623914
     236.8      2.8      239.6 280.0 20:09:22.409053
     239.6      2.8      242.3 290.0 20:09:23.191511
     242.3      2.8      245.1 300.0 20:09:23.982651
     245.1      9.7      254.8 310.0 20:09:26.896681
     254.8      6.6      261.4 320.0 20:09:28.841378
     261.4      3.2      264.6 330.0 20:09:29.651831
     264.6      3.3      267.9 340.0 20:09:30.466188
     267.9      3.2      271.1 350.0 20:09:31.276338
     271.1      3.2      274.3 360.0 20:09:32.086029
     274.3      3.3      277.6 370.0 20:09:32.898372
     277.6      3.2      280.8 380.0 20:09:33.709950
     280.8      3.2      284.1 390.0 20:09:34.517709
     284.1      3.3      287.3 400.0 20:09:35.335747
     287.3     10.4      297.8 410.0 20:09:37.998428
     297.8      7.5      305.2 420.0 20:09:39.900747
     305.2      3.2      308.5 430.0 20:09:40.708696
     308.5      3.2      311.7 440.0 20:09:41.517677
     311.7      3.2      314.9 450.0 20:09:42.322735
     314.9      3.2      318.2 460.0 20:09:43.127630
     318.2      3.2      321.4 470.0 20:09:43.935260
     321.4      3.2      324.6 480.0 20:09:44.743271
     324.6      3.2      327.9 490.0 20:09:45.552099
     327.9      3.2      331.1 500.0 20:09:46.363727
     331.1      9.7      340.8 510.0 20:09:48.862116
     340.8      7.1      347.9 520.0 20:09:50.668771
     347.9      3.2      351.1 530.0 20:09:51.471219
     351.1      3.2      354.3 540.0 20:09:52.277387
     354.3      3.2      357.5 550.0 20:09:53.082102
     357.5      3.2      360.7 560.0 20:09:53.884887
     360.7      3.2      364.0 570.0 20:09:54.690614
     364.0      3.2      367.2 580.0 20:09:55.492468
     367.2      3.2      370.4 590.0 20:09:56.297074
     370.4      3.2      373.6 600.0 20:09:57.101390
     373.6      3.2      376.8 610.0 20:09:57.902416
     376.8      3.2      380.0 620.0 20:09:58.704681
     380.0      3.2      383.2 630.0 20:09:59.503877
     383.2      3.2      386.4 640.0 20:10:00.310668
     386.4      3.2      389.7 650.0 20:10:01.112883
     389.7      3.2      392.9 660.0 20:10:01.914405
     392.9      3.2      396.1 670.0 20:10:02.716785
     396.1      3.2      399.3 680.0 20:10:03.518516
     399.3      3.2      402.5 690.0 20:10:04.322687
     402.5      3.2      405.7 700.0 20:10:05.124349
     405.7      3.2      408.9 710.0 20:10:05.927428
     408.9      3.2      412.1 720.0 20:10:06.731925
     412.1      3.2      415.4 730.0 20:10:07.535226
     415.4      3.2      418.6 740.0 20:10:08.338080
     418.6      2.8      421.3 750.0 20:10:09.112744
     421.3      2.7      424.1 760.0 20:10:09.884548
     424.1      2.7      426.8 770.0 20:10:10.653339
     426.8      2.7      429.5 780.0 20:10:11.428424
     429.5      2.7      432.2 790.0 20:10:12.203737
     432.2      2.7      434.9 800.0 20:10:12.976951
     434.9      2.7      437.7 810.0 20:10:13.750922
     437.7      2.8      440.5 820.0 20:10:14.542937
     440.5      2.7      443.2 830.0 20:10:15.313185
     443.2      2.7      445.9 840.0 20:10:16.084499
     445.9      2.7      448.6 850.0 20:10:16.857037
     448.6      2.7      451.3 860.0 20:10:17.630359
     451.3      2.7      454.1 870.0 20:10:18.407547
     454.1      2.7      456.8 880.0 20:10:19.178946
     456.8      2.7      459.5 890.0 20:10:19.950181
     459.5      2.7      462.2 900.0 20:10:20.726955
     462.2      2.7      464.9 910.0 20:10:21.497500
     464.9      2.7      467.7 920.0 20:10:22.269584
     467.7      2.7      470.4 930.0 20:10:23.044775
     470.4      2.7      473.1 940.0 20:10:23.815915
     473.1      2.7      475.8 950.0 20:10:24.588679
     475.8      2.7      478.6 960.0 20:10:25.359878
     478.6      2.7      481.3 970.0 20:10:26.131895
     481.3      2.7      484.0 980.0 20:10:26.906102
     484.0      2.7      486.7 990.0 20:10:27.683552
