       0.0      0.6        0.6  0.0 15:11:39.882918
       0.6      0.0        0.6 10.0 15:11:39.922161
       0.6      0.0        0.7 20.0 15:11:39.962792
       0.7      0.0        0.7 30.0 15:11:40.005041
       0.7      0.0        0.8 40.0 15:11:40.046435
       0.8      0.0        0.8 50.0 15:11:40.089480
       0.8      0.0        0.9 60.0 15:11:40.134804
       0.9      0.0        0.9 70.0 15:11:40.174823
       0.9      0.0        0.9 80.0 15:11:40.216325
       0.9      0.0        1.0 90.0 15:11:40.257440
       1.0      0.0        1.0 100.0 15:11:40.298846
       1.0      0.1        1.1 110.0 15:11:40.369707
       1.1      0.1        1.2 120.0 15:11:40.436447
       1.2      0.1        1.3 130.0 15:11:40.526416
       1.3      0.1        1.3 140.0 15:11:40.590878
       1.3      0.0        1.4 150.0 15:11:40.632617
       1.4      0.0        1.4 160.0 15:11:40.671818
       1.4      0.0        1.4 170.0 15:11:40.710515
       1.4      0.0        1.5 180.0 15:11:40.750273
       1.5      0.0        1.5 190.0 15:11:40.790868
       1.5      0.0        1.6 200.0 15:11:40.831100
       1.6      0.1        1.6 210.0 15:11:40.900040
       1.6      0.1        1.7 220.0 15:11:40.962441
       1.7      0.1        1.8 230.0 15:11:41.040341
       1.8      0.1        1.8 240.0 15:11:41.094416
       1.8      0.1        1.9 250.0 15:11:41.153960
       1.9      0.1        1.9 260.0 15:11:41.208747
       1.9      0.1        2.0 270.0 15:11:41.287748
       2.0      0.0        2.1 280.0 15:11:41.336811
       2.1      0.1        2.1 290.0 15:11:41.392089
       2.1      0.1        2.2 300.0 15:11:41.450913
       2.2      0.1        2.3 310.0 15:11:41.554514
       2.3      0.1        2.4 320.0 15:11:41.645279
       2.4      0.1        2.4 330.0 15:11:41.720625
       2.4      0.1        2.5 340.0 15:11:41.793059
       2.5      0.1        2.6 350.0 15:11:41.845171
       2.6      0.1        2.6 360.0 15:11:41.901164
       2.6      0.1        2.7 370.0 15:11:41.965920
       2.7      0.1        2.8 380.0 15:11:42.032233
       2.8      0.0        2.8 390.0 15:11:42.080894
       2.8      0.0        2.8 400.0 15:11:42.122474
       2.8      0.1        2.9 410.0 15:11:42.195898
       2.9      0.1        3.0 420.0 15:11:42.281120
       3.0      0.1        3.1 430.0 15:11:42.352354
       3.1      0.0        3.1 440.0 15:11:42.396921
       3.1      0.0        3.2 450.0 15:11:42.436562
       3.2      0.0        3.2 460.0 15:11:42.476404
       3.2      0.0        3.2 470.0 15:11:42.517357
       3.2      0.0        3.3 480.0 15:11:42.557313
       3.3      0.0        3.3 490.0 15:11:42.598084
       3.3      0.0        3.4 500.0 15:11:42.638146
       3.4      0.1        3.4 510.0 15:11:42.698326
       3.4      0.1        3.5 520.0 15:11:42.757728
       3.5      0.0        3.5 530.0 15:11:42.806376
       3.5      0.1        3.6 540.0 15:11:42.869805
       3.6      0.0        3.6 550.0 15:11:42.909375
       3.6      0.0        3.7 560.0 15:11:42.952952
       3.7      0.1        3.7 570.0 15:11:43.006330
       3.7      0.0        3.8 580.0 15:11:43.051187
       3.8      0.0        3.8 590.0 15:11:43.090466
       3.8      0.0        3.9 600.0 15:11:43.130481
       3.9      0.0        3.9 610.0 15:11:43.170684
       3.9      0.0        3.9 620.0 15:11:43.210525
       3.9      0.0        4.0 630.0 15:11:43.250993
       4.0      0.0        4.0 640.0 15:11:43.291523
       4.0      0.0        4.1 650.0 15:11:43.331575
       4.1      0.0        4.1 660.0 15:11:43.372079
       4.1      0.0        4.1 670.0 15:11:43.420571
       4.1      0.0        4.2 680.0 15:11:43.469485
       4.2      0.0        4.2 690.0 15:11:43.519298
       4.2      0.0        4.3 700.0 15:11:43.568941
       4.3      0.0        4.3 710.0 15:11:43.611052
       4.3      0.0        4.4 720.0 15:11:43.650490
       4.4      0.0        4.4 730.0 15:11:43.690619
       4.4      0.0        4.5 740.0 15:11:43.731483
       4.5      0.0        4.5 750.0 15:11:43.772431
       4.5      0.0        4.5 760.0 15:11:43.812762
       4.5      0.0        4.6 770.0 15:11:43.852784
       4.6      0.0        4.6 780.0 15:11:43.892527
       4.6      0.0        4.7 790.0 15:11:43.933257
       4.7      0.0        4.7 800.0 15:11:43.974168
       4.7      0.0        4.7 810.0 15:11:44.013713
       4.7      0.0        4.8 820.0 15:11:44.053603
       4.8      0.0        4.8 830.0 15:11:44.093955
       4.8      0.0        4.9 840.0 15:11:44.134562
       4.9      0.0        4.9 850.0 15:11:44.174386
       4.9      0.0        4.9 860.0 15:11:44.213847
       4.9      0.0        5.0 870.0 15:11:44.254230
       5.0      0.0        5.0 880.0 15:11:44.293568
       5.0      0.0        5.1 890.0 15:11:44.333667
       5.1      0.0        5.1 900.0 15:11:44.372843
       5.1      0.0        5.1 910.0 15:11:44.411913
       5.1      0.0        5.2 920.0 15:11:44.451235
       5.2      0.0        5.2 930.0 15:11:44.490187
       5.2      0.0        5.3 940.0 15:11:44.528999
       5.3      0.0        5.3 950.0 15:11:44.569337
       5.3      0.0        5.3 960.0 15:11:44.608367
       5.3      0.0        5.4 970.0 15:11:44.648533
       5.4      0.0        5.4 980.0 15:11:44.688292
       5.4      0.0        5.5 990.0 15:11:44.728166
