       0.0     10.1       10.1  0.0 15:20:22.954311
      10.1      7.6       17.8 10.0 15:20:23.914561
      17.8      7.6       25.4 20.0 15:20:24.871922
      25.4      7.6       33.0 30.0 15:20:25.827772
      33.0      7.6       40.7 40.0 15:20:26.782784
      40.7      7.6       48.3 50.0 15:20:27.740928
      48.3      7.6       55.9 60.0 15:20:28.694778
      55.9      7.6       63.6 70.0 15:20:29.648907
      63.6      7.6       71.2 80.0 15:20:30.604779
      71.2      7.6       78.8 90.0 15:20:31.561546
      78.8      7.7       86.5 100.0 15:20:32.523946
      86.5      7.6       94.2 110.0 15:20:33.479905
      94.2      7.6      101.8 120.0 15:20:34.436326
     101.8      7.6      109.4 130.0 15:20:35.393322
     109.4      7.6      117.1 140.0 15:20:36.350555
     117.1      7.6      124.7 150.0 15:20:37.306139
     124.7      7.6      132.3 160.0 15:20:38.261128
     132.3      7.6      140.0 170.0 15:20:39.216736
     140.0      7.6      147.6 180.0 15:20:40.170442
     147.6      7.6      155.2 190.0 15:20:41.125683
     155.2      7.7      162.9 200.0 15:20:42.090945
     162.9      7.6      170.6 210.0 15:20:43.045245
     170.6      7.6      178.2 220.0 15:20:44.000074
     178.2      7.6      185.8 230.0 15:20:44.955073
     185.8      7.6      193.5 240.0 15:20:45.911345
     193.5      7.6      201.1 250.0 15:20:46.866851
     201.1      7.6      208.7 260.0 15:20:47.822880
     208.7      7.6      216.4 270.0 15:20:48.777496
     216.4      7.6      224.0 280.0 15:20:49.733125
     224.0      7.6      231.6 290.0 15:20:50.688319
     231.6      7.6      239.2 300.0 15:20:51.643054
     239.2      7.6      246.9 310.0 15:20:52.597383
     246.9      7.6      254.5 320.0 15:20:53.552938
     254.5      7.6      262.1 330.0 15:20:54.509502
     262.1      7.6      269.8 340.0 15:20:55.465812
     269.8      7.6      277.4 350.0 15:20:56.422201
     277.4      7.6      285.1 360.0 15:20:57.379485
     285.1      7.6      292.7 370.0 15:20:58.335247
     292.7      7.6      300.3 380.0 15:20:59.292303
     300.3      7.6      308.0 390.0 15:21:00.249392
     308.0      7.6      315.6 400.0 15:21:01.205741
     315.6      7.8      323.4 410.0 15:21:02.182923
     323.4      7.6      331.0 420.0 15:21:03.139751
     331.0      7.6      338.7 430.0 15:21:04.096804
     338.7      7.6      346.3 440.0 15:21:05.053201
     346.3      7.7      354.0 450.0 15:21:06.012276
     354.0      7.7      361.7 460.0 15:21:06.971484
     361.7      7.7      369.3 470.0 15:21:07.931724
     369.3      7.7      377.0 480.0 15:21:08.890897
     377.0      7.7      384.7 490.0 15:21:09.849654
     384.7      7.7      392.3 500.0 15:21:10.808807
     392.3      7.6      400.0 510.0 15:21:11.765008
     400.0      7.6      407.6 520.0 15:21:12.721222
     407.6      7.6      415.2 530.0 15:21:13.676813
     415.2      7.6      422.8 540.0 15:21:14.632122
     422.8      7.6      430.5 550.0 15:21:15.588344
     430.5      7.6      438.1 560.0 15:21:16.544314
     438.1      7.6      445.8 570.0 15:21:17.501017
     445.8      7.6      453.4 580.0 15:21:18.456625
     453.4      7.6      461.0 590.0 15:21:19.412169
     461.0      7.6      468.7 600.0 15:21:20.368608
     468.7      7.6      476.3 610.0 15:21:21.324518
     476.3      7.6      483.9 620.0 15:21:22.279756
     483.9      7.6      491.6 630.0 15:21:23.235037
     491.6      7.6      499.2 640.0 15:21:24.189590
     499.2      7.6      506.8 650.0 15:21:25.144372
     506.8      7.6      514.4 660.0 15:21:26.098265
     514.4      7.6      522.0 670.0 15:21:27.051584
     522.0      7.6      529.7 680.0 15:21:28.005401
     529.7      7.6      537.3 690.0 15:21:28.959666
     537.3      7.6      544.9 700.0 15:21:29.914308
     544.9      7.6      552.5 710.0 15:21:30.870342
     552.5      7.7      560.2 720.0 15:21:31.828972
     560.2      7.7      567.8 730.0 15:21:32.786990
     567.8      7.6      575.5 740.0 15:21:33.744913
     575.5      7.6      583.1 750.0 15:21:34.702607
     583.1      7.6      590.8 760.0 15:21:35.660242
     590.8      7.6      598.4 770.0 15:21:36.617056
     598.4      7.6      606.1 780.0 15:21:37.573475
     606.1      7.7      613.7 790.0 15:21:38.533031
     613.7      7.6      621.4 800.0 15:21:39.489317
     621.4      7.6      629.0 810.0 15:21:40.445778
     629.0      7.9      636.9 820.0 15:21:41.438823
     636.9      7.6      644.5 830.0 15:21:42.392439
     644.5      7.6      652.1 840.0 15:21:43.346246
     652.1      7.6      659.8 850.0 15:21:44.299731
     659.8      7.6      667.4 860.0 15:21:45.252745
     667.4      7.6      675.0 870.0 15:21:46.205676
     675.0      7.6      682.6 880.0 15:21:47.158206
     682.6      7.6      690.2 890.0 15:21:48.110599
     690.2      7.6      697.8 900.0 15:21:49.061678
     697.8      7.6      705.4 910.0 15:21:50.012932
     705.4      7.6      713.0 920.0 15:21:50.965036
     713.0      7.6      720.6 930.0 15:21:51.917617
     720.6      7.6      728.3 940.0 15:21:52.870805
     728.3      7.6      735.9 950.0 15:21:53.824914
     735.9      7.6      743.5 960.0 15:21:54.780525
     743.5      7.6      751.1 970.0 15:21:55.734824
     751.1      7.6      758.8 980.0 15:21:56.689655
     758.8      7.6      766.4 990.0 15:21:57.644813
