       0.0      0.6        0.6  0.0 14:28:41.942430
       0.6      0.0        0.7 10.0 14:28:41.981429
       0.7      0.0        0.7 20.0 14:28:42.021301
       0.7      0.0        0.7 30.0 14:28:42.060780
       0.7      0.0        0.8 40.0 14:28:42.099986
       0.8      0.0        0.8 50.0 14:28:42.140367
       0.8      0.0        0.9 60.0 14:28:42.182875
       0.9      0.0        0.9 70.0 14:28:42.222132
       0.9      0.0        0.9 80.0 14:28:42.261032
       0.9      0.0        1.0 90.0 14:28:42.300321
       1.0      0.0        1.0 100.0 14:28:42.342857
       1.0      0.1        1.1 110.0 14:28:42.397069
       1.1      0.1        1.1 120.0 14:28:42.450305
       1.1      0.1        1.2 130.0 14:28:42.503239
       1.2      0.0        1.2 140.0 14:28:42.547884
       1.2      0.0        1.3 150.0 14:28:42.590761
       1.3      0.0        1.3 160.0 14:28:42.633381
       1.3      0.0        1.4 170.0 14:28:42.675192
       1.4      0.0        1.4 180.0 14:28:42.716989
       1.4      0.0        1.4 190.0 14:28:42.758835
       1.4      0.0        1.5 200.0 14:28:42.801987
       1.5      0.1        1.5 210.0 14:28:42.856715
       1.5      0.1        1.6 220.0 14:28:42.906973
       1.6      0.0        1.6 230.0 14:28:42.950860
       1.6      0.0        1.7 240.0 14:28:42.992364
       1.7      0.0        1.7 250.0 14:28:43.035033
       1.7      0.0        1.8 260.0 14:28:43.076701
       1.8      0.1        1.8 270.0 14:28:43.129704
       1.8      0.0        1.9 280.0 14:28:43.172234
       1.9      0.0        1.9 290.0 14:28:43.213928
       1.9      0.0        1.9 300.0 14:28:43.256379
       1.9      0.1        2.0 310.0 14:28:43.310344
       2.0      0.1        2.0 320.0 14:28:43.368075
       2.0      0.1        2.1 330.0 14:28:43.420842
       2.1      0.0        2.1 340.0 14:28:43.467653
       2.1      0.0        2.2 350.0 14:28:43.514240
       2.2      0.0        2.2 360.0 14:28:43.559816
       2.2      0.0        2.3 370.0 14:28:43.606432
       2.3      0.0        2.3 380.0 14:28:43.652706
       2.3      0.0        2.4 390.0 14:28:43.699261
       2.4      0.0        2.4 400.0 14:28:43.745008
       2.4      0.1        2.5 410.0 14:28:43.796669
       2.5      0.0        2.5 420.0 14:28:43.846309
       2.5      0.1        2.6 430.0 14:28:43.896386
       2.6      0.0        2.6 440.0 14:28:43.942448
       2.6      0.0        2.7 450.0 14:28:43.988623
       2.7      0.0        2.7 460.0 14:28:44.034732
       2.7      0.0        2.8 470.0 14:28:44.082287
       2.8      0.0        2.8 480.0 14:28:44.127889
       2.8      0.0        2.9 490.0 14:28:44.174490
       2.9      0.0        2.9 500.0 14:28:44.219493
       2.9      0.1        3.0 510.0 14:28:44.272988
       3.0      0.1        3.0 520.0 14:28:44.326111
       3.0      0.1        3.1 530.0 14:28:44.379729
       3.1      0.1        3.1 540.0 14:28:44.451672
       3.1      0.1        3.2 550.0 14:28:44.508517
       3.2      0.0        3.2 560.0 14:28:44.556067
       3.2      0.0        3.3 570.0 14:28:44.601861
       3.3      0.0        3.3 580.0 14:28:44.647053
       3.3      0.0        3.4 590.0 14:28:44.694601
       3.4      0.0        3.4 600.0 14:28:44.740387
       3.4      0.0        3.5 610.0 14:28:44.787418
       3.5      0.0        3.5 620.0 14:28:44.834498
       3.5      0.0        3.6 630.0 14:28:44.881467
       3.6      0.0        3.6 640.0 14:28:44.926845
       3.6      0.0        3.7 650.0 14:28:44.972893
       3.7      0.0        3.7 660.0 14:28:45.019319
       3.7      0.0        3.7 670.0 14:28:45.065171
       3.7      0.0        3.8 680.0 14:28:45.112096
       3.8      0.0        3.8 690.0 14:28:45.159611
       3.8      0.0        3.9 700.0 14:28:45.204792
       3.9      0.0        3.9 710.0 14:28:45.250521
       3.9      0.0        4.0 720.0 14:28:45.297452
       4.0      0.0        4.0 730.0 14:28:45.344879
       4.0      0.0        4.1 740.0 14:28:45.391630
       4.1      0.0        4.1 750.0 14:28:45.439265
       4.1      0.0        4.2 760.0 14:28:45.485110
       4.2      0.0        4.2 770.0 14:28:45.530688
       4.2      0.0        4.3 780.0 14:28:45.576525
       4.3      0.0        4.3 790.0 14:28:45.622742
       4.3      0.0        4.3 800.0 14:28:45.668967
       4.3      0.0        4.4 810.0 14:28:45.715147
       4.4      0.0        4.4 820.0 14:28:45.760807
       4.4      0.0        4.5 830.0 14:28:45.806754
       4.5      0.0        4.5 840.0 14:28:45.853858
       4.5      0.0        4.6 850.0 14:28:45.900836
       4.6      0.0        4.6 860.0 14:28:45.946460
       4.6      0.0        4.7 870.0 14:28:45.993051
       4.7      0.0        4.7 880.0 14:28:46.039858
       4.7      0.0        4.8 890.0 14:28:46.086400
       4.8      0.0        4.8 900.0 14:28:46.132928
       4.8      0.0        4.9 910.0 14:28:46.179069
       4.9      0.0        4.9 920.0 14:28:46.224596
       4.9      0.0        5.0 930.0 14:28:46.271640
       5.0      0.0        5.0 940.0 14:28:46.317959
       5.0      0.0        5.0 950.0 14:28:46.364429
       5.0      0.0        5.1 960.0 14:28:46.410791
       5.1      0.0        5.1 970.0 14:28:46.457469
       5.1      0.0        5.2 980.0 14:28:46.504255
       5.2      0.0        5.2 990.0 14:28:46.550995
